NR,t_Mach,t_HydrTa,t_TTlubr,t_TT_ab1,t_TT_ab2,t_HdStUp,t_HdStLw,t_Sfrnt1,t_Sfrnt2,t_Srear,t_Smotor,OpMode,S_Speed,S_Load,tCo_H_X1,tCo_H_Y1,tCo_H_Z1,tCo_H_X2,tCo_H_Y2,tCo_H_Z2,tCo_H_Y3,tCo_S2_Z,DataTime
1,+23.6,+20.4,+22.9,+22.7,+22.8,+23.2,+23.2,+23.2,+23,+22.9,+25,MANU,0,0,+0,+0,+0.0157,+0,+0.0374,+0,+0,+0,11:23:01 20.03.2020
2,+23.6,+20.4,+22.9,+22.7,+22.8,+23.2,+23.2,+23.3,+23,+22.9,+25,MANU,0,0,+0,+0,+0.0157,+0,+0.0374,+0,+0,+0,11:24:01 20.03.2020
3,+23.6,+20.4,+22.9,+22.7,+22.8,+23.2,+23.2,+23.3,+23,+22.9,+25,MANU,0,0,+0,+0,+0.0157,+0,+0.0374,+0,+0,+0,11:25:01 20.03.2020
4,+23.6,+20.4,+22.9,+22.7,+22.8,+23.2,+23.2,+23.3,+23,+22.9,+25,MANU,0,0,+0,+0,+0.0157,+0,+0.0374,+0,+0,+0,11:26:01 20.03.2020
5,+23.6,+20.4,+22.9,+22.7,+22.8,+23.2,+23.2,+23.3,+23,+22.9,+25,MANU,0,0,+0,+0,+0.0157,+0,+0.0374,+0,+0,+0,11:27:01 20.03.2020
6,+23.6,+20.5,+22.9,+22.7,+22.8,+23.2,+23.2,+23.3,+23,+22.9,+25,MANU,0,0,+0,+0,+0.0157,+0,+0.0374,+0,+0,+0,11:28:01 20.03.2020
7,+23.6,+20.5,+22.9,+22.7,+22.8,+23.2,+23.2,+23.3,+23,+22.9,+25,MANU,0,0,+0,+0,+0.0157,+0,+0.0374,+0,+0,+0,11:29:01 20.03.2020
8,+23.6,+20.5,+22.9,+22.7,+22.8,+23.2,+23.2,+23.3,+23,+22.9,+25,MANU,0,0,+0,+0,+0.0157,+0,+0.0374,+0,+0,+0,11:30:01 20.03.2020
9,+23.6,+20.5,+22.9,+22.7,+22.8,+23.2,+23.2,+23.2,+23,+22.9,+25,REFE,0,0,+0,+0,+0.0157,+0,+0.0374,+0,+0,+0,11:34:01 20.03.2020
10,+23.5,+20.5,+22.9,+22.7,+22.8,+23.2,+23.2,+23.2,+23,+22.9,+25,REFE,0,0,+0,+0,+0.0157,+0,+0.0374,+0,+0,+0,11:35:01 20.03.2020
11,+23.6,+20.5,+22.9,+22.7,+22.8,+23.2,+23.2,+23.2,+23,+22.9,+25,MANU,0,0,+0,+0,+0.0157,+0,+0.0374,+0,+0,+0,11:36:01 20.03.2020
12,+23.6,+20.5,+22.9,+22.7,+22.8,+23.2,+23.2,+23.2,+23,+22.9,+25,MANU,0,0,+0,+0,+0.0157,+0,+0.0374,+0,+0,+0,11:37:01 20.03.2020
13,+23.6,+20.5,+22.9,+22.7,+22.8,+23.2,+23.2,+23.2,+23,+22.9,+25,MANU,0,0,+0,+0,+0.0157,+0,+0.0374,+0,+0,+0,11:38:01 20.03.2020
14,+23.6,+20.5,+22.8,+22.7,+22.8,+23.3,+23.2,+23.2,+23,+22.9,+25,MANU,0,0,+0,+0,+0.0157,+0,+0.0376,+0,+0,+0,11:39:01 20.03.2020
15,+23.6,+20.5,+22.8,+22.7,+22.8,+23.3,+23.2,+23.2,+23,+22.9,+25,MANU,0,0,+0,+0,+0.0157,+0,+0.0376,+0,+0,+0,11:40:01 20.03.2020
16,+23.6,+20.5,+22.9,+22.7,+22.8,+23.3,+23.2,+23.2,+23,+22.9,+25,MANU,0,0,+0,+0,+0.0157,+0,+0.0376,+0,+0,+0,11:41:01 20.03.2020
17,+23.6,+20.5,+22.9,+22.7,+22.8,+23.3,+23.2,+23.3,+23,+23,+25,MANU,0,0,+0,+0,+0.0157,+0,+0.0377,+0,+0,+0,11:42:01 20.03.2020
18,+23.6,+20.5,+22.8,+22.7,+22.8,+23.3,+23.2,+23.3,+23.1,+23,+25,MANU,0,0,+0,+0,+0.0158,+0,+0.0377,+0,+0,+0,11:43:01 20.03.2020
19,+23.6,+20.5,+22.9,+22.7,+22.8,+23.3,+23.2,+23.3,+23.1,+23,+25,MANU,0,0,+0,+0,+0.0158,+0,+0.0377,+0,+0,+0,11:44:01 20.03.2020
20,+23.6,+20.5,+22.8,+22.7,+22.8,+23.3,+23.2,+23.3,+23.1,+23,+25,MANU,0,0,+0,+0,+0.0158,+0,+0.0377,+0,+0,+0,11:45:01 20.03.2020
21,+23.6,+20.5,+22.8,+22.7,+22.8,+23.3,+23.2,+23.3,+23.1,+23,+25,MANU,0,0,+0,+0,+0.0158,+0,+0.0377,+0,+0,+0,11:46:01 20.03.2020
22,+23.6,+20.5,+22.8,+22.7,+22.8,+23.3,+23.2,+23.3,+23.1,+23,+25,MANU,0,0,+0,+0,+0.0158,+0,+0.0377,+0,+0,+0,11:47:01 20.03.2020
23,+23.6,+20.6,+22.8,+22.7,+22.8,+23.3,+23.2,+23.3,+23.1,+23,+25,MANU,0,0,+0,+0,+0.0158,+0,+0.0377,+0,+0,+0,11:48:01 20.03.2020
24,+23.6,+20.5,+22.8,+22.7,+22.8,+23.4,+23.2,+23.3,+23.1,+23,+25,MANU,0,0,+0,+0,+0.0158,+0,+0.0377,+0,+0,+0,11:49:01 20.03.2020
25,+23.6,+20.5,+22.8,+22.7,+22.8,+23.4,+23.2,+23.3,+23.1,+23,+25,MANU,0,0,+0,+0,+0.0158,+0,+0.0378,+0,+0,+0,11:50:01 20.03.2020
26,+23.6,+20.6,+22.8,+22.7,+22.8,+23.4,+23.2,+23.3,+23.1,+23,+25,MANU,0,0,+0,+0,+0.0158,+0,+0.0379,+0,+0,+0,11:51:01 20.03.2020
27,+23.7,+20.6,+22.8,+22.7,+22.8,+23.4,+23.2,+23.4,+23.1,+23,+25,MANU,0,0,+0,+0,+0.0158,+0,+0.0379,+0,+0,+0,11:52:01 20.03.2020
28,+23.6,+20.6,+22.8,+22.7,+22.8,+23.4,+23.2,+23.4,+23.1,+23.1,+25,MANU,0,0,+0,+0,+0.0158,+0,+0.0379,+0,+0,+0,11:53:01 20.03.2020
29,+23.7,+20.6,+22.8,+22.7,+22.8,+23.4,+23.2,+23.4,+23.1,+23.1,+25,MANU,0,0,+0,+0,+0.0158,+0,+0.0379,+0,+0,+0,11:54:01 20.03.2020
30,+23.7,+20.6,+22.8,+22.7,+22.8,+23.4,+23.2,+23.4,+23.2,+23.1,+25,MANU,0,0,+0,+0,+0.0159,+0,+0.0379,+0,+0,+0,11:55:01 20.03.2020
31,+23.7,+20.6,+22.8,+22.7,+22.8,+23.4,+23.2,+23.4,+23.2,+23.1,+25,MANU,0,0,+0,+0,+0.0159,+0,+0.0379,+0,+0,+0,11:56:01 20.03.2020
32,+23.7,+20.6,+22.8,+22.7,+22.8,+23.4,+23.3,+23.4,+23.2,+23.1,+25,MANU,0,0,+0,+0,+0.0159,+0,+0.0379,+0,+0,+0,11:57:01 20.03.2020
33,+23.7,+20.6,+22.8,+22.7,+22.8,+23.4,+23.3,+23.4,+23.2,+23.1,+25,MANU,0,0,+0,+0,+0.0159,+0,+0.0379,+0,+0,+0,11:58:01 20.03.2020
34,+23.7,+20.6,+22.8,+22.7,+22.8,+23.4,+23.3,+23.4,+23.2,+23.1,+25,MANU,0,0,+0,+0,+0.0159,+0,+0.0379,+0,+0,+0,11:59:01 20.03.2020
35,+23.7,+20.6,+22.8,+22.7,+22.8,+23.4,+23.3,+23.4,+23.2,+23.1,+25,MANU,0,0,+0,+0,+0.0159,+0,+0.0379,+0,+0,+0,12:00:01 20.03.2020
36,+23.7,+20.6,+22.8,+22.7,+22.8,+23.4,+23.3,+23.4,+23.2,+23.1,+25,MANU,0,0,+0,+0,+0.0159,+0,+0.0379,+0,+0,+0,12:01:01 20.03.2020
37,+23.7,+20.6,+22.8,+22.7,+22.8,+23.4,+23.3,+23.4,+23.2,+23.1,+25,MANU,0,0,+0,+0,+0.0159,+0,+0.0379,+0,+0,+0,12:02:01 20.03.2020
38,+23.7,+20.6,+22.8,+22.7,+22.8,+23.4,+23.3,+23.4,+23.2,+23.1,+25,MANU,0,0,+0,+0,+0.0159,+0,+0.0379,+0,+0,+0,12:03:01 20.03.2020
39,+23.7,+20.6,+22.8,+22.7,+22.8,+23.5,+23.3,+23.4,+23.2,+23.1,+25,MANU,0,0,+0,+0,+0.0159,+0,+0.0379,+0,+0,+0,12:04:01 20.03.2020
40,+23.7,+20.6,+22.8,+22.7,+22.8,+23.5,+23.3,+23.4,+23.2,+23.2,+25,MANU,0,0,+0,+0,+0.0159,+0,+0.0379,+0,+0,+0,12:05:01 20.03.2020
41,+23.7,+20.6,+22.8,+22.7,+22.8,+23.5,+23.3,+23.4,+23.2,+23.2,+25,MANU,0,0,+0,+0,+0.0159,+0,+0.0379,+0,+0,+0,12:06:01 20.03.2020
42,+23.7,+20.6,+22.8,+22.7,+22.8,+23.5,+23.3,+23.4,+23.2,+23.2,+25,MANU,0,0,+0,+0,+0.0159,+0,+0.0379,+0,+0,+0,12:07:01 20.03.2020
43,+23.7,+20.6,+22.8,+22.7,+22.8,+23.5,+23.3,+23.4,+23.2,+23.2,+25,MANU,0,0,+0,+0,+0.0159,+0,+0.0379,+0,+0,+0,12:08:01 20.03.2020
44,+23.7,+20.6,+22.8,+22.6,+22.8,+23.5,+23.3,+23.4,+23.2,+23.2,+25,MANU,0,0,+0,+0,+0.0159,+0,+0.0379,+0,+0,+0,12:09:01 20.03.2020
45,+23.7,+20.6,+22.8,+22.7,+22.8,+23.5,+23.3,+23.4,+23.2,+23.2,+25,MANU,0,0,+0,+0,+0.0159,+0,+0.0379,+0,+0,+0,12:10:01 20.03.2020
46,+23.7,+20.6,+22.8,+22.7,+22.8,+23.5,+23.3,+23.4,+23.2,+23.2,+25,MANU,0,0,+0,+0,+0.0159,+0,+0.0381,+0,+0,+0,12:11:01 20.03.2020
47,+23.7,+20.6,+22.8,+22.7,+22.8,+23.5,+23.3,+23.4,+23.2,+23.2,+25,MANU,0,0,+0,+0,+0.0159,+0,+0.0381,+0,+0,+0,12:12:01 20.03.2020
48,+23.7,+20.6,+22.8,+22.7,+22.8,+23.5,+23.3,+23.5,+23.3,+23.2,+25,MANU,0,0,+0,+0,+0.0159,+0,+0.0381,+0,+0,+0,12:13:01 20.03.2020
49,+23.7,+20.7,+22.8,+22.7,+22.8,+23.5,+23.3,+23.5,+23.3,+23.2,+25,MANU,0,0,+0,+0,+0.0159,+0,+0.0381,+0,+0,+0,12:14:01 20.03.2020
50,+23.7,+20.7,+22.8,+22.6,+22.8,+23.5,+23.3,+23.5,+23.3,+23.2,+25,MANU,0,0,+0,+0,+0.0159,+0,+0.0381,+0,+0,+0,12:15:01 20.03.2020
51,+23.7,+20.7,+22.8,+22.7,+22.8,+23.5,+23.3,+23.5,+23.3,+23.2,+25,MANU,0,0,+0,+0,+0.0159,+0,+0.0381,+0,+0,+0,12:16:01 20.03.2020
52,+23.7,+20.7,+22.8,+22.6,+22.8,+23.5,+23.3,+23.5,+23.3,+23.2,+25,MANU,0,0,+0,+0,+0.0159,+0,+0.0381,+0,+0,+0,12:17:01 20.03.2020
53,+23.7,+20.7,+22.8,+22.7,+22.8,+23.5,+23.3,+23.5,+23.3,+23.2,+25,MANU,0,0,+0,+0,+0.0159,+0,+0.0381,+0,+0,+0,12:18:01 20.03.2020
54,+23.7,+20.7,+22.8,+22.6,+22.8,+23.5,+23.3,+23.5,+23.3,+23.2,+25,MANU,0,0,+0,+0,+0.0159,+0,+0.0381,+0,+0,+0,12:19:01 20.03.2020
55,+23.7,+20.7,+22.8,+22.6,+22.8,+23.5,+23.3,+23.5,+23.3,+23.3,+25,MANU,0,0,+0,+0,+0.0159,+0,+0.0381,+0,+0,+0,12:20:01 20.03.2020
56,+23.8,+20.7,+22.8,+22.6,+22.8,+23.5,+23.3,+23.5,+23.3,+23.3,+25,MANU,0,0,+0,+0,+0.0159,+0,+0.0381,+0,+0,+0,12:21:01 20.03.2020
57,+23.8,+20.7,+22.8,+22.6,+22.8,+23.5,+23.3,+23.5,+23.3,+23.3,+25,MANU,0,0,+0,+0,+0.0159,+0,+0.0381,+0,+0,+0,12:22:01 20.03.2020
58,+23.8,+20.7,+22.8,+22.6,+22.8,+23.5,+23.3,+23.5,+23.3,+23.3,+25,MANU,0,0,+0,+0,+0.0159,+0,+0.0381,+0,+0,+0,12:23:01 20.03.2020
59,+23.8,+20.7,+22.8,+22.6,+22.8,+23.6,+23.3,+23.5,+23.3,+23.3,+25,MANU,0,0,+0,+0,+0.0159,+0,+0.0381,+0,+0,+0,12:24:01 20.03.2020
60,+23.8,+20.7,+22.8,+22.6,+22.8,+23.6,+23.3,+23.5,+23.3,+23.3,+25,MANU,0,0,+0,+0,+0.0159,+0,+0.0381,+0,+0,+0,12:25:01 20.03.2020
61,+23.8,+20.7,+22.8,+22.6,+22.8,+23.6,+23.3,+23.5,+23.3,+23.3,+25,MANU,0,0,+0,+0,+0.0159,+0,+0.0381,+0,+0,+0,12:26:01 20.03.2020
62,+23.8,+20.7,+22.8,+22.6,+22.8,+23.6,+23.3,+23.5,+23.3,+23.3,+25,MANU,0,0,+0,+0,+0.0159,+0,+0.0381,+0,+0,+0,12:27:01 20.03.2020
63,+23.8,+20.7,+22.8,+22.6,+22.8,+23.6,+23.3,+23.5,+23.3,+23.3,+25,MANU,0,0,+0,+0,+0.0159,+0,+0.0381,+0,+0,+0,12:28:01 20.03.2020
64,+23.8,+20.7,+22.8,+22.6,+22.8,+23.6,+23.3,+23.5,+23.3,+23.3,+25,MANU,0,0,+0,+0,+0.0159,+0,+0.0381,+0,+0,+0,12:29:01 20.03.2020
65,+23.8,+20.7,+22.8,+22.6,+22.8,+23.6,+23.3,+23.5,+23.3,+23.3,+25,MANU,0,0,+0,+0,+0.0159,+0,+0.0381,+0,+0,+0,12:30:01 20.03.2020
66,+23.8,+20.7,+22.8,+22.6,+22.8,+23.6,+23.3,+23.5,+23.3,+23.3,+25,MANU,0,0,+0,+0,+0.0159,+0,+0.0381,+0,+0,+0,12:31:01 20.03.2020
67,+23.8,+20.7,+22.8,+22.6,+22.8,+23.6,+23.3,+23.5,+23.3,+23.3,+25,MANU,0,0,+0,+0,+0.0159,+0,+0.0381,+0,+0,+0,12:32:01 20.03.2020
68,+23.8,+20.7,+22.8,+22.6,+22.8,+23.6,+23.3,+23.5,+23.3,+23.3,+25,MANU,0,0,+0,+0,+0.0159,+0,+0.0381,+0,+0,+0,12:33:01 20.03.2020
69,+23.8,+20.7,+22.8,+22.6,+22.8,+23.6,+23.3,+23.5,+23.3,+23.3,+25,MANU,0,0,+0,+0,+0.0159,+0,+0.0381,+0,+0,+0,12:34:01 20.03.2020
70,+23.8,+20.7,+22.8,+22.6,+22.8,+23.6,+23.4,+23.5,+23.3,+23.3,+25,MANU,0,0,+0,+0,+0.0159,+0,+0.0381,+0,+0,+0,12:35:01 20.03.2020
71,+23.8,+20.7,+22.8,+22.6,+22.8,+23.6,+23.3,+23.5,+23.3,+23.3,+25,MANU,0,0,+0,+0,+0.0159,+0,+0.0381,+0,+0,+0,12:36:01 20.03.2020
72,+23.8,+20.7,+22.8,+22.6,+22.8,+23.6,+23.3,+23.5,+23.3,+23.3,+25,MANU,0,0,+0,+0,+0.0159,+0,+0.0381,+0,+0,+0,12:37:01 20.03.2020
73,+23.8,+20.8,+22.8,+22.6,+22.8,+23.6,+23.4,+23.6,+23.3,+23.3,+25,MANU,0,0,+0,+0,+0.0159,+0,+0.0381,+0,+0,+0,12:38:01 20.03.2020
74,+23.8,+20.8,+22.8,+22.6,+22.8,+23.6,+23.4,+23.6,+23.3,+23.3,+25,MANU,0,0,+0,+0,+0.0159,+0,+0.0381,+0,+0,+0,12:39:01 20.03.2020
75,+23.8,+20.8,+22.8,+22.6,+22.7,+23.6,+23.4,+23.6,+23.3,+23.3,+25,MANU,0,0,+0,+0,+0.0159,+0,+0.0381,+0,+0,+0,12:40:01 20.03.2020
76,+23.8,+20.8,+22.8,+22.6,+22.8,+23.6,+23.4,+23.6,+23.3,+23.3,+25,MANU,0,0,+0,+0,+0.0159,+0,+0.0381,+0,+0,+0,12:41:01 20.03.2020
77,+23.8,+20.8,+22.8,+22.6,+22.8,+23.6,+23.4,+23.6,+23.4,+23.3,+25,MANU,0,0,+0,+0,+0.016,+0,+0.0382,+0,+0,+0,12:42:01 20.03.2020
78,+23.8,+20.8,+22.8,+22.6,+22.8,+23.6,+23.4,+23.6,+23.4,+23.4,+25,MANU,0,0,+0,+0,+0.016,+0,+0.0381,+0,+0,+0,12:43:01 20.03.2020
79,+23.8,+20.8,+22.8,+22.6,+22.8,+23.6,+23.4,+23.6,+23.4,+23.4,+25,MANU,0,0,+0,+0,+0.016,+0,+0.0382,+0,+0,+0,12:44:01 20.03.2020
80,+23.8,+20.8,+22.8,+22.6,+22.8,+23.6,+23.4,+23.6,+23.4,+23.4,+25,MANU,0,0,+0,+0,+0.016,+0,+0.0382,+0,+0,+0,12:45:01 20.03.2020
81,+23.8,+20.8,+22.8,+22.6,+22.8,+23.6,+23.4,+23.6,+23.4,+23.4,+25,MANU,0,0,+0,+0,+0.016,+0,+0.0382,+0,+0,+0,12:46:01 20.03.2020
82,+23.8,+20.8,+22.8,+22.6,+22.8,+23.6,+23.4,+23.6,+23.4,+23.4,+25,MANU,0,0,+0,+0,+0.016,+0,+0.0382,+0,+0,+0,12:47:01 20.03.2020
83,+23.8,+20.8,+22.8,+22.6,+22.8,+23.6,+23.4,+23.6,+23.4,+23.4,+25,MANU,0,0,+0,+0,+0.016,+0,+0.0382,+0,+0,+0,12:48:01 20.03.2020
84,+23.8,+20.8,+22.8,+22.6,+22.8,+23.6,+23.4,+23.6,+23.4,+23.4,+25,MANU,0,0,+0,+0,+0.016,+0,+0.0382,+0,+0,+0,12:49:01 20.03.2020
85,+23.8,+20.8,+22.8,+22.6,+22.7,+23.6,+23.4,+23.6,+23.4,+23.4,+25,MANU,0,0,+0,+0,+0.016,+0,+0.0382,+0,+0,+0,12:50:01 20.03.2020
86,+23.8,+20.8,+22.8,+22.6,+22.7,+23.7,+23.4,+23.6,+23.4,+23.4,+25,MANU,0,0,+0,+0,+0.016,+0,+0.0382,+0,+0,+0,12:51:01 20.03.2020
87,+23.8,+20.8,+22.8,+22.6,+22.7,+23.7,+23.4,+23.6,+23.4,+23.4,+25,MANU,0,0,+0,+0,+0.016,+0,+0.0382,+0,+0,+0,12:52:01 20.03.2020
88,+23.8,+20.8,+22.8,+22.6,+22.7,+23.7,+23.4,+23.6,+23.4,+23.4,+25,MANU,0,0,+0,+0,+0.016,+0,+0.0382,+0,+0,+0,12:53:01 20.03.2020
89,+23.8,+20.8,+22.8,+22.6,+22.7,+23.7,+23.4,+23.6,+23.4,+23.4,+25,MANU,0,0,+0,+0,+0.016,+0,+0.0382,+0,+0,+0,12:54:01 20.03.2020
90,+23.8,+20.8,+22.8,+22.6,+22.7,+23.7,+23.4,+23.6,+23.4,+23.4,+25,MANU,0,0,+0,+0,+0.016,+0,+0.0382,+0,+0,+0,12:55:01 20.03.2020
91,+23.8,+20.8,+22.8,+22.6,+22.7,+23.7,+23.4,+23.6,+23.4,+23.4,+25,MANU,0,0,+0,+0,+0.016,+0,+0.0382,+0,+0,+0,12:56:01 20.03.2020
92,+23.8,+20.8,+22.8,+22.6,+22.7,+23.7,+23.4,+23.6,+23.4,+23.4,+25,MANU,0,0,+0,+0,+0.016,+0,+0.0382,+0,+0,+0,12:57:01 20.03.2020
93,+23.8,+20.8,+22.8,+22.6,+22.7,+23.8,+23.4,+23.6,+23.4,+23.4,+25,MANU,0,0,+0,+0,+0.016,+0,+0.0382,+0,+0,+0,12:58:01 20.03.2020
94,+23.8,+20.8,+22.8,+22.6,+22.7,+23.8,+23.4,+23.6,+23.4,+23.4,+25,MANU,0,0,+0,+0,+0.016,+0,+0.0382,+0,+0,+0,12:59:01 20.03.2020
95,+23.8,+20.8,+22.8,+22.6,+22.7,+23.8,+23.4,+23.6,+23.4,+23.4,+25,MANU,0,0,+0,+0,+0.016,+0,+0.0382,+0,+0,+0,13:00:01 20.03.2020
96,+23.8,+20.8,+22.8,+22.6,+22.7,+23.8,+23.4,+23.6,+23.4,+23.4,+25,MANU,0,0,+0,+0,+0.016,+0,+0.0382,+0,+0,+0,13:01:01 20.03.2020
97,+23.8,+20.8,+22.8,+22.6,+22.7,+23.8,+23.4,+23.6,+23.4,+23.4,+25,MANU,0,0,+0,+0,+0.016,+0,+0.0382,+0,+0,+0,13:02:01 20.03.2020
98,+23.8,+20.8,+22.8,+22.6,+22.7,+23.8,+23.4,+23.6,+23.4,+23.4,+25,MANU,0,0,+0,+0,+0.016,+0,+0.0382,+0,+0,+0,13:03:01 20.03.2020
99,+23.8,+20.8,+22.8,+22.6,+22.7,+23.8,+23.4,+23.6,+23.4,+23.4,+25,MANU,0,0,+0,+0,+0.016,+0,+0.0382,+0,+0,+0,13:04:01 20.03.2020
100,+23.8,+20.8,+22.8,+22.6,+22.7,+23.8,+23.4,+23.6,+23.4,+23.5,+25,MANU,0,0,+0,+0,+0.016,+0,+0.0382,+0,+0,+0,13:05:01 20.03.2020
101,+23.8,+20.8,+22.8,+22.6,+22.7,+23.8,+23.4,+23.6,+23.5,+23.5,+25,MANU,0,0,+0,+0,+0.016,+0,+0.0382,+0,+0,+0,13:06:01 20.03.2020
102,+23.8,+20.8,+22.8,+22.6,+22.7,+23.8,+23.4,+23.6,+23.5,+23.5,+25,MANU,0,0,+0,+0,+0.016,+0,+0.0382,+0,+0,+0,13:07:01 20.03.2020
103,+23.8,+20.8,+22.8,+22.6,+22.7,+23.8,+23.4,+23.6,+23.5,+23.5,+25,MANU,0,0,+0,+0,+0.016,+0,+0.0382,+0,+0,+0,13:08:01 20.03.2020
104,+23.8,+20.8,+22.8,+22.6,+22.7,+23.8,+23.4,+23.6,+23.5,+23.5,+25,MANU,0,0,+0,+0,+0.016,+0,+0.0382,+0,+0,+0,13:09:01 20.03.2020
105,+23.8,+20.8,+22.8,+22.6,+22.7,+23.9,+23.4,+23.6,+23.5,+23.5,+25,MANU,0,0,+0,+0,+0.016,+0,+0.0382,+0,+0,+0,13:10:01 20.03.2020
106,+23.8,+20.8,+22.8,+22.6,+22.7,+23.9,+23.5,+23.6,+23.5,+23.5,+25,MANU,0,0,+0,+0,+0.016,+0,+0.0382,+0,+0,+0,13:11:01 20.03.2020
107,+23.8,+20.8,+22.8,+22.6,+22.7,+23.9,+23.5,+23.6,+23.5,+23.5,+25,MANU,0,0,+0,+0,+0.016,+0,+0.0382,+0,+0,+0,13:12:01 20.03.2020
108,+23.8,+20.9,+22.8,+22.6,+22.7,+23.9,+23.5,+23.6,+23.5,+23.5,+25,MANU,0,0,+0,+0,+0.016,+0,+0.0382,+0,+0,+0,13:13:01 20.03.2020
109,+23.8,+20.9,+22.8,+22.6,+22.7,+23.9,+23.5,+23.6,+23.5,+23.5,+25,MANU,0,0,+0,+0,+0.016,+0,+0.0384,+0,+0,+0,13:14:01 20.03.2020
110,+23.8,+20.9,+22.8,+22.6,+22.7,+23.9,+23.5,+23.6,+23.5,+23.5,+25,MANU,0,0,+0,+0,+0.016,+0,+0.0382,+0,+0,+0,13:15:01 20.03.2020
111,+23.7,+20.9,+22.8,+22.6,+22.7,+23.9,+23.5,+23.6,+23.5,+23.5,+25,MANU,0,0,+0,+0,+0.016,+0,+0.0383,+0,+0,+0,13:16:01 20.03.2020
112,+23.7,+20.9,+22.8,+22.6,+22.7,+23.9,+23.5,+23.6,+23.5,+23.5,+25,MANU,0,0,+0,+0,+0.016,+0,+0.0382,+0,+0,+0,13:17:01 20.03.2020
113,+23.7,+20.9,+22.8,+22.6,+22.7,+23.9,+23.5,+23.6,+23.5,+23.5,+25,MANU,0,0,+0,+0,+0.016,+0,+0.0384,+0,+0,+0,13:18:01 20.03.2020
114,+23.7,+20.9,+22.8,+22.6,+22.7,+23.9,+23.5,+23.6,+23.5,+23.5,+25,MANU,0,0,+0,+0,+0.016,+0,+0.0384,+0,+0,+0,13:19:01 20.03.2020
115,+23.7,+20.9,+22.8,+22.6,+22.7,+23.9,+23.5,+23.6,+23.5,+23.5,+25,MANU,0,0,+0,+0,+0.016,+0,+0.0384,+0,+0,+0,13:20:01 20.03.2020
116,+23.7,+20.9,+22.8,+22.6,+22.7,+23.9,+23.5,+23.6,+23.5,+23.5,+25,MANU,0,0,+0,+0,+0.016,+0,+0.0384,+0,+0,+0,13:21:01 20.03.2020
117,+23.7,+20.9,+22.8,+22.6,+22.7,+23.9,+23.5,+23.6,+23.5,+23.5,+25,MANU,0,0,+0,+0,+0.016,+0,+0.0384,+0,+0,+0,13:22:01 20.03.2020
118,+23.7,+20.9,+22.8,+22.6,+22.7,+23.9,+23.5,+23.7,+23.5,+23.5,+25,MANU,0,0,+0,+0,+0.0161,+0,+0.0384,+0,+0,+0,13:23:01 20.03.2020
119,+23.7,+20.9,+22.8,+22.6,+22.7,+23.9,+23.5,+23.7,+23.5,+23.5,+25,MANU,0,0,+0,+0,+0.0161,+0,+0.0384,+0,+0,+0,13:24:01 20.03.2020
120,+23.7,+20.9,+22.8,+22.6,+22.7,+23.9,+23.5,+23.7,+23.5,+23.5,+25,MANU,0,0,+0,+0,+0.0161,+0,+0.0384,+0,+0,+0,13:25:01 20.03.2020
121,+23.7,+20.9,+22.8,+22.6,+22.7,+24,+23.5,+23.7,+23.5,+23.5,+25,MANU,0,0,+0,+0,+0.0161,+0,+0.0384,+0,+0,+0,13:26:01 20.03.2020
122,+23.7,+20.9,+22.8,+22.6,+22.7,+24,+23.5,+23.7,+23.5,+23.5,+25,MANU,0,0,+0,+0,+0.0161,+0,+0.0384,+0,+0,+0,13:27:01 20.03.2020
123,+23.7,+20.9,+22.8,+22.6,+22.7,+24,+23.5,+23.7,+23.5,+23.5,+25,MANU,0,0,+0,+0,+0.0161,+0,+0.0384,+0,+0,+0,13:28:01 20.03.2020
124,+23.7,+20.9,+22.8,+22.6,+22.7,+24,+23.5,+23.7,+23.5,+23.5,+25,MANU,0,0,+0,+0,+0.0161,+0,+0.0384,+0,+0,+0,13:29:01 20.03.2020
125,+23.7,+20.9,+22.8,+22.6,+22.7,+24,+23.5,+23.7,+23.5,+23.5,+25,MANU,0,0,+0,+0,+0.0161,+0,+0.0384,+0,+0,+0,13:30:01 20.03.2020
126,+23.7,+20.9,+22.8,+22.6,+22.7,+24,+23.5,+23.7,+23.5,+23.5,+25,MANU,0,0,+0,+0,+0.0161,+0,+0.0384,+0,+0,+0,13:31:01 20.03.2020
127,+23.7,+20.9,+22.8,+22.6,+22.7,+24,+23.5,+23.7,+23.5,+23.5,+25,MANU,0,0,+0,+0,+0.0161,+0,+0.0384,+0,+0,+0,13:32:01 20.03.2020
128,+23.7,+20.9,+22.8,+22.6,+22.7,+24,+23.5,+23.7,+23.5,+23.5,+25,MANU,0,0,+0,+0,+0.0161,+0,+0.0384,+0,+0,+0,13:33:01 20.03.2020
129,+23.7,+20.9,+22.8,+22.6,+22.7,+24,+23.5,+23.7,+23.5,+23.5,+25,MANU,0,0,+0,+0,+0.0161,+0,+0.0384,+0,+0,+0,13:34:01 20.03.2020
130,+23.7,+20.9,+22.8,+22.6,+22.7,+24,+23.5,+23.7,+23.5,+23.5,+25,MANU,0,0,+0,+0,+0.0161,+0,+0.0384,+0,+0,+0,13:35:01 20.03.2020
131,+23.7,+20.9,+22.8,+22.6,+22.7,+24,+23.5,+23.7,+23.5,+23.5,+25,MANU,0,0,+0,+0,+0.0161,+0,+0.0384,+0,+0,+0,13:36:01 20.03.2020
132,+23.6,+20.9,+22.8,+22.6,+22.7,+24,+23.5,+23.7,+23.5,+23.5,+25,MANU,0,0,+0,+0,+0.0161,+0,+0.0384,+0,+0,+0,13:37:01 20.03.2020
133,+23.6,+20.9,+22.8,+22.6,+22.7,+24,+23.5,+23.7,+23.5,+23.5,+25,MANU,0,0,+0,+0,+0.0161,+0,+0.0384,+0,+0,+0,13:38:01 20.03.2020
134,+23.6,+20.9,+22.8,+22.6,+22.7,+24,+23.5,+23.7,+23.5,+23.5,+25,MANU,0,0,+0,+0,+0.0161,+0,+0.0384,+0,+0,+0,13:39:01 20.03.2020
135,+23.6,+20.9,+22.8,+22.6,+22.7,+24,+23.5,+23.7,+23.5,+23.5,+25,MANU,0,0,+0,+0,+0.0161,+0,+0.0384,+0,+0,+0,13:40:01 20.03.2020
136,+23.6,+20.9,+22.8,+22.6,+22.7,+24,+23.5,+23.7,+23.5,+23.6,+25,MANU,0,0,+0,+0,+0.0161,+0,+0.0384,+0,+0,+0,13:41:01 20.03.2020
137,+23.6,+20.9,+22.8,+22.6,+22.7,+24,+23.6,+23.7,+23.5,+23.6,+25,MANU,0,0,+0,+0,+0.0161,+0,+0.0384,+0,+0,+0,13:42:01 20.03.2020
138,+23.6,+20.9,+22.8,+22.6,+22.7,+24,+23.6,+23.7,+23.5,+23.6,+25,MANU,0,0,+0,+0,+0.0161,+0,+0.0384,+0,+0,+0,13:43:01 20.03.2020
139,+23.6,+20.9,+22.8,+22.6,+22.7,+24,+23.6,+23.7,+23.5,+23.6,+25,MANU,0,0,+0,+0,+0.0161,+0,+0.0384,+0,+0,+0,13:44:01 20.03.2020
140,+23.6,+20.9,+22.8,+22.6,+22.7,+24,+23.6,+23.7,+23.5,+23.6,+25,MANU,0,0,+0,+0,+0.0161,+0,+0.0384,+0,+0,+0,13:45:01 20.03.2020
141,+23.6,+20.9,+22.8,+22.6,+22.7,+24,+23.6,+23.7,+23.5,+23.6,+25,MANU,0,0,+0,+0,+0.0161,+0,+0.0384,+0,+0,+0,13:46:01 20.03.2020
142,+23.6,+20.9,+22.8,+22.6,+22.7,+24,+23.6,+23.7,+23.5,+23.6,+25,MANU,0,0,+0,+0,+0.0161,+0,+0.0384,+0,+0,+0,13:47:01 20.03.2020
143,+23.6,+20.9,+22.8,+22.6,+22.7,+24,+23.6,+23.7,+23.5,+23.6,+25,MANU,0,0,+0,+0,+0.0161,+0,+0.0384,+0,+0,+0,13:48:01 20.03.2020
144,+23.6,+20.9,+22.8,+22.6,+22.7,+24,+23.6,+23.7,+23.5,+23.6,+25,MANU,0,0,+0,+0,+0.0161,+0,+0.0384,+0,+0,+0,13:49:01 20.03.2020
145,+23.6,+20.9,+22.8,+22.6,+22.7,+24,+23.6,+23.7,+23.5,+23.6,+25,MANU,0,0,+0,+0,+0.0161,+0,+0.0384,+0,+0,+0,13:50:01 20.03.2020
146,+23.6,+20.9,+22.8,+22.6,+22.7,+24,+23.6,+23.7,+23.5,+23.6,+25,MANU,0,0,+0,+0,+0.0161,+0,+0.0384,+0,+0,+0,13:51:01 20.03.2020
147,+23.6,+20.9,+22.8,+22.6,+22.7,+24.1,+23.6,+23.7,+23.5,+23.6,+25,MDI_,0,0,+0,+0,+0.0161,+0,+0.0384,+0,+0,+0,13:52:01 20.03.2020
148,+23.6,+21.1,+22.8,+22.6,+22.7,+24.1,+23.6,+23.7,+23.5,+23.6,+25,MANU,0,0,+0,+0,+0.0161,+0,+0.0384,+0,+0,+0,13:53:01 20.03.2020
149,+23.6,+22,+22.8,+22.6,+22.7,+24.1,+23.6,+23.7,+23.5,+23.6,+25,MANU,0,0,+0,+0,+0.0161,+0,+0.0384,+0,+0,+0,13:54:01 20.03.2020
150,+23.6,+22.3,+22.8,+22.6,+22.7,+24.1,+23.6,+23.7,+23.5,+23.6,+25,MANU,0,0,+0,+0,+0.0161,+0,+0.0384,+0,+0,+0,13:55:01 20.03.2020
151,+23.6,+22.4,+22.8,+22.6,+22.7,+24.1,+23.6,+23.7,+23.6,+23.6,+25,MANU,0,0,+0,+0,+0.0161,+0,+0.0384,+0,+0,+0,13:56:01 20.03.2020
152,+23.6,+22.5,+22.8,+22.6,+22.7,+24.1,+23.6,+23.7,+23.6,+23.6,+25,MANU,0,0,+0,+0,+0.0161,+0,+0.0384,+0,+0,+0,13:57:01 20.03.2020
153,+23.6,+22.5,+22.8,+22.6,+22.7,+24.1,+23.6,+23.7,+23.6,+23.6,+25,MANU,0,0,+0,+0,+0.0161,+0,+0.0384,+0,+0,+0,13:58:01 20.03.2020
154,+23.5,+22.5,+22.8,+22.6,+22.7,+24.1,+23.6,+23.7,+23.6,+23.6,+25,MANU,0,0,+0,+0,+0.0161,+0,+0.0386,+0,+0,+0,13:59:01 20.03.2020
155,+23.5,+22.5,+22.8,+22.6,+22.7,+24,+23.6,+23.7,+23.6,+23.6,+25,MANU,0,0,+0,+0,+0.0161,+0,+0.0384,+0,+0,+0,14:00:01 20.03.2020
156,+23.5,+22.5,+22.8,+22.6,+22.7,+24,+23.6,+23.7,+23.6,+23.6,+25,MANU,0,0,+0,+0,+0.0161,+0,+0.0384,+0,+0,+0,14:01:01 20.03.2020
157,+23.5,+22.5,+22.8,+22.6,+22.7,+24,+23.6,+23.7,+23.5,+23.6,+25,FULL,0,0,+0,+0,+0.0161,+0,+0.0384,+0,+0,+0,14:02:01 20.03.2020
158,+23.5,+22.5,+22.8,+22.6,+22.7,+24,+23.6,+23.7,+23.5,+23.6,+25,MANU,0,0,+0,+0,+0.0161,+0,+0.0384,+0,+0,+0,14:03:01 20.03.2020
159,+23.5,+22.5,+22.8,+22.6,+22.7,+24,+23.6,+23.7,+23.5,+23.6,+25,FULL,0,0,+0,+0,+0.0161,+0,+0.0382,+0,+0,+0,14:04:01 20.03.2020
160,+23.5,+22.6,+22.8,+22.6,+22.7,+24,+23.6,+23.6,+23.5,+23.6,+25,MANU,0,0,+0,+0,+0.016,+0,+0.0382,+0,+0,+0,14:05:01 20.03.2020
161,+23.5,+22.6,+22.8,+22.6,+22.7,+24,+23.6,+23.6,+23.5,+23.6,+25,MANU,0,0,+0,+0,+0.016,+0,+0.0382,+0,+0,+0,14:06:01 20.03.2020
162,+23.5,+22.6,+22.8,+22.6,+22.7,+24,+23.6,+23.6,+23.5,+23.6,+25,MANU,0,0,+0,+0,+0.016,+0,+0.0382,+0,+0,+0,14:07:01 20.03.2020
163,+23.5,+22.6,+22.8,+22.6,+22.7,+24,+23.6,+23.6,+23.5,+23.6,+25,MANU,0,0,+0,+0,+0.016,+0,+0.0382,+0,+0,+0,14:08:01 20.03.2020
164,+23.5,+22.6,+22.8,+22.6,+22.7,+24,+23.6,+23.6,+23.5,+23.6,+25,MANU,0,0,+0,+0,+0.016,+0,+0.0382,+0,+0,+0,14:09:01 20.03.2020
165,+23.5,+22.6,+22.8,+22.6,+22.7,+24,+23.6,+23.6,+23.5,+23.6,+25,FULL,0,0,+0,+0,+0.016,+0,+0.0382,+0,+0,+0,14:10:01 20.03.2020
166,+23.5,+22.6,+22.8,+22.6,+22.7,+24,+23.6,+23.6,+23.5,+23.6,+25,FULL,0,0,+0,+0,+0.016,+0,+0.0382,+0,+0,+0,14:11:01 20.03.2020
167,+23.5,+22.6,+22.8,+22.6,+22.7,+24,+23.6,+23.6,+23.5,+23.6,+25,FULL,0,0,+0,+0,+0.016,+0,+0.0382,+0,+0,+0,14:12:01 20.03.2020
168,+23.5,+22.6,+22.8,+22.6,+22.7,+24,+23.6,+23.6,+23.5,+23.6,+25,FULL,0,0,+0,+0,+0.016,+0,+0.0382,+0,+0,+0,14:13:01 20.03.2020
169,+23.5,+22.5,+22.8,+22.6,+22.7,+24,+23.6,+23.6,+23.5,+23.5,+25,FULL,0,0,+0,+0,+0.016,+0,+0.0382,+0,+0,+0,14:14:01 20.03.2020
170,+23.5,+22.5,+22.8,+22.6,+22.7,+24,+23.6,+23.6,+23.5,+23.5,+25,MDI_,0,0,+0,+0,+0.016,+0,+0.0382,+0,+0,+0,14:15:01 20.03.2020
171,+23.5,+22.5,+22.8,+22.6,+22.7,+24,+23.6,+23.6,+23.5,+23.5,+25,MANU,0,0,+0,+0,+0.016,+0,+0.0382,+0,+0,+0,14:16:01 20.03.2020
172,+23.5,+22.5,+22.8,+22.6,+22.7,+24,+23.6,+23.6,+23.5,+23.5,+25,MANU,0,0,+0,+0,+0.016,+0,+0.0382,+0,+0,+0,14:17:01 20.03.2020
173,+23.4,+22.6,+22.8,+22.6,+22.7,+24,+23.6,+23.6,+23.5,+23.5,+25,MANU,0,0,+0,+0,+0.016,+0,+0.0382,+0,+0,+0,14:18:01 20.03.2020
174,+23.4,+22.5,+22.8,+22.6,+22.7,+24,+23.6,+23.6,+23.5,+23.5,+25,MANU,0,0,+0,+0,+0.016,+0,+0.0382,+0,+0,+0,14:19:01 20.03.2020
175,+23.4,+22.5,+22.8,+22.6,+22.7,+24,+23.6,+23.6,+23.5,+23.3,+25,MANU,0,0,+0,+0,+0.016,+0,+0.0382,+0,+0,+0,14:20:01 20.03.2020
176,+23.4,+22.5,+22.8,+22.6,+22.7,+24,+23.6,+23.6,+23.5,+23.4,+25,FULL,0,0,+0,+0,+0.016,+0,+0.0382,+0,+0,+0,14:21:01 20.03.2020
177,+23.4,+22.5,+22.8,+22.6,+22.7,+24,+23.6,+23.7,+23.6,+23.5,+25,FULL,0,0,+0,+0,+0.0161,+0,+0.0382,+0,+0,+0,14:22:01 20.03.2020
178,+23.4,+22.5,+22.8,+22.6,+22.7,+24,+23.6,+23.8,+23.7,+23.6,+25.3,FULL,0,0,+0,+0,+0.0161,+0,+0.0382,+0,+0,+0,14:23:01 20.03.2020
179,+23.4,+22.5,+22.8,+22.6,+22.7,+24,+23.6,+23.9,+23.8,+23.6,+25.8,FULL,0,0,+0,+0,+0.0162,+0,+0.0382,+0,+0,+0,14:24:01 20.03.2020
180,+23.4,+22.5,+22.8,+22.6,+22.7,+24,+23.6,+24,+23.9,+23.6,+25.2,FULL,0,0,+0,+0,+0.0163,+0,+0.0382,+0,+0,+0,14:25:01 20.03.2020
181,+23.4,+22.5,+22.8,+22.6,+22.7,+24,+23.6,+24,+23.9,+23.7,+25.8,MDI_,0,1,+0,+0,+0.0163,+0,+0.0382,+0,+0,+0,14:26:01 20.03.2020
182,+23.4,+22.5,+22.8,+22.6,+22.7,+24,+23.6,+24.1,+23.9,+23.7,+26,MDI_,0,1,+0,+0,+0.0163,+0,+0.0382,+0,+0,+0,14:27:01 20.03.2020
183,+23.4,+22.5,+22.8,+22.6,+22.7,+24,+23.6,+24.1,+24,+23.7,+26,MDI_,0,1,+0,+0,+0.0163,+0,+0.0382,+0,+0,+0,14:28:01 20.03.2020
184,+23.4,+22.5,+22.8,+22.6,+22.7,+24,+23.6,+24.1,+24,+23.7,+26,MDI_,0,1,+0,+0,+0.0163,+0,+0.0382,+0,+0,+0,14:29:01 20.03.2020
185,+23.4,+22.5,+22.8,+22.6,+22.7,+24,+23.6,+24.1,+24,+23.7,+26,MDI_,0,1,+0,+0,+0.0163,+0,+0.0382,+0,+0,+0,14:30:01 20.03.2020
186,+23.4,+22.5,+22.8,+22.6,+22.7,+24,+23.6,+24.1,+24,+23.7,+26,MDI_,0,1,+0,+0,+0.0163,+0,+0.0382,+0,+0,+0,14:31:01 20.03.2020
187,+23.4,+22.5,+22.8,+22.6,+22.7,+24,+23.6,+24.1,+24,+23.7,+25.6,MDI_,0,0,+0,+0,+0.0163,+0,+0.0382,+0,+0,+0,14:32:01 20.03.2020
188,+23.4,+22.5,+22.8,+22.6,+22.7,+23.9,+23.6,+24.1,+24,+23.7,+25,MDI_,0,0,+0,+0,+0.0163,+0,+0.0382,+0,+0,+0,14:33:01 20.03.2020
189,+23.4,+22.5,+22.8,+22.6,+22.7,+23.9,+23.6,+24,+23.9,+23.7,+25,MDI_,0,0,+0,+0,+0.0163,+0,+0.0382,+0,+0,+0,14:34:01 20.03.2020
190,+23.4,+22.5,+22.8,+22.6,+22.7,+23.9,+23.6,+24,+23.9,+23.6,+25.1,MDI_,0,0,+0,+0,+0.0163,+0,+0.0382,+0,+0,+0,14:35:01 20.03.2020
191,+23.3,+22.5,+22.8,+22.6,+22.7,+23.9,+23.6,+24,+23.9,+23.6,+25.1,MDI_,0,0,+0,+0,+0.0163,+0,+0.0382,+0,+0,+0,14:36:01 20.03.2020
192,+23.3,+22.5,+22.8,+22.6,+22.7,+23.9,+23.6,+24,+23.9,+23.6,+25,MDI_,0,0,+0,+0,+0.0163,+0,+0.0382,+0,+0,+0,14:37:01 20.03.2020
193,+23.3,+22.5,+22.8,+22.6,+22.7,+24,+23.6,+24,+23.9,+23.6,+25.1,MDI_,0,0,+0,+0,+0.0163,+0,+0.0382,+0,+0,+0,14:38:01 20.03.2020
194,+23.3,+22.5,+22.8,+22.6,+22.7,+24,+23.6,+24,+23.9,+23.6,+25,MDI_,0,0,+0,+0,+0.0163,+0,+0.0382,+0,+0,+0,14:39:01 20.03.2020
195,+23.3,+22.5,+22.8,+22.6,+22.7,+24,+23.6,+23.9,+23.8,+23.6,+25,MDI_,0,0,+0,+0,+0.0162,+0,+0.0382,+0,+0,+0,14:40:01 20.03.2020
196,+23.3,+22.5,+22.8,+22.6,+22.7,+24,+23.6,+23.9,+23.8,+23.6,+25,MDI_,0,0,+0,+0,+0.0162,+0,+0.0382,+0,+0,+0,14:41:01 20.03.2020
197,+23.3,+22.5,+22.8,+22.6,+22.7,+24,+23.6,+23.9,+23.8,+23.6,+25,MDI_,0,0,+0,+0,+0.0162,+0,+0.0382,+0,+0,+0,14:42:01 20.03.2020
198,+23.3,+22.5,+22.8,+22.6,+22.7,+24,+23.6,+23.9,+23.8,+23.6,+25,MDI_,0,0,+0,+0,+0.0162,+0,+0.0382,+0,+0,+0,14:43:01 20.03.2020
199,+23.3,+22.5,+22.8,+22.6,+22.7,+24,+23.6,+23.9,+23.8,+23.6,+25,MDI_,0,0,+0,+0,+0.0162,+0,+0.0382,+0,+0,+0,14:44:01 20.03.2020
200,+23.3,+22.5,+22.8,+22.6,+22.7,+24,+23.6,+23.9,+23.8,+23.6,+25,MDI_,0,0,+0,+0,+0.0162,+0,+0.0382,+0,+0,+0,14:45:01 20.03.2020
201,+23.3,+22.5,+22.8,+22.6,+22.7,+24,+23.6,+23.9,+23.8,+23.6,+25,MDI_,0,0,+0,+0,+0.0162,+0,+0.0382,+0,+0,+0,14:46:01 20.03.2020
202,+23.3,+22.5,+22.8,+22.6,+22.7,+24,+23.6,+23.9,+23.8,+23.6,+25,MDI_,0,0,+0,+0,+0.0162,+0,+0.0382,+0,+0,+0,14:47:01 20.03.2020
203,+23.3,+22.5,+22.8,+22.6,+22.7,+24,+23.6,+23.9,+23.8,+23.6,+25,MDI_,0,0,+0,+0,+0.0162,+0,+0.0382,+0,+0,+0,14:48:01 20.03.2020
204,+23.3,+22.5,+22.8,+22.6,+22.7,+24,+23.6,+23.9,+23.8,+23.6,+25,MDI_,0,0,+0,+0,+0.0162,+0,+0.0382,+0,+0,+0,14:49:01 20.03.2020
205,+23.3,+22.5,+22.8,+22.6,+22.7,+24,+23.6,+23.9,+23.8,+23.6,+25,MDI_,0,0,+0,+0,+0.0162,+0,+0.0382,+0,+0,+0,14:50:01 20.03.2020
206,+23.3,+22.5,+22.8,+22.6,+22.7,+24,+23.6,+23.9,+23.8,+23.6,+25,MDI_,0,0,+0,+0,+0.0162,+0,+0.0382,+0,+0,+0,14:51:01 20.03.2020
207,+23.3,+22.5,+22.8,+22.6,+22.7,+24,+23.6,+23.9,+23.8,+23.6,+25,MDI_,0,0,+0,+0,+0.0162,+0,+0.0382,+0,+0,+0,14:52:01 20.03.2020
208,+23.3,+22.5,+22.8,+22.6,+22.7,+24,+23.6,+23.9,+23.8,+23.6,+25,MDI_,0,0,+0,+0,+0.0162,+0,+0.0382,+0,+0,+0,14:53:01 20.03.2020
209,+23.3,+22.5,+22.8,+22.6,+22.7,+24,+23.6,+23.9,+23.8,+23.6,+25,MDI_,0,0,+0,+0,+0.0162,+0,+0.0382,+0,+0,+0,14:54:01 20.03.2020
210,+23.3,+22.5,+22.8,+22.6,+22.7,+24,+23.6,+23.8,+23.8,+23.6,+25,MANU,0,0,+0,+0,+0.0162,+0,+0.0382,+0,+0,+0,14:55:01 20.03.2020
211,+23.3,+22.5,+22.8,+22.6,+22.7,+24,+23.6,+23.8,+23.8,+23.6,+25,MANU,0,0,+0,+0,+0.0162,+0,+0.0382,+0,+0,+0,14:56:01 20.03.2020
212,+23.3,+22.5,+22.8,+22.6,+22.7,+24,+23.6,+23.8,+23.8,+23.6,+25,MANU,0,0,+0,+0,+0.0162,+0,+0.0382,+0,+0,+0,14:57:01 20.03.2020
213,+23.3,+22.5,+22.8,+22.6,+22.7,+24,+23.6,+23.8,+23.7,+23.6,+25,MANU,0,0,+0,+0,+0.0161,+0,+0.0382,+0,+0,+0,14:58:01 20.03.2020
214,+23.3,+22.5,+22.8,+22.6,+22.7,+24,+23.6,+23.8,+23.7,+23.6,+25.1,MANU,0,0,+0,+0,+0.0161,+0,+0.0382,+0,+0,+0,14:59:01 20.03.2020
215,+23.3,+22.5,+22.8,+22.6,+22.7,+24,+23.6,+23.8,+23.7,+23.6,+25,MDI_,0,0,+0,+0,+0.0161,+0,+0.0382,+0,+0,+0,15:00:01 20.03.2020
216,+23.3,+22.5,+22.8,+22.6,+22.7,+24,+23.6,+23.8,+23.7,+23.4,+25.1,MDI_,0,1,+0,+0,+0.0161,+0,+0.0382,+0,+0,+0,15:01:01 20.03.2020
217,+23.3,+22.4,+22.8,+22.6,+22.7,+24,+23.6,+23.9,+23.7,+23.5,+25.1,MDI_,0,1,+0,+0,+0.0162,+0,+0.0384,+0,+0,+0,15:02:01 20.03.2020
218,+23.3,+22.4,+22.8,+22.6,+22.7,+24,+23.6,+23.9,+23.8,+23.6,+25.5,MDI_,0,0,+0,+0,+0.0162,+0,+0.0384,+0,+0,+0,15:03:01 20.03.2020
219,+23.3,+22.3,+22.8,+22.6,+22.7,+24,+23.6,+24,+23.8,+23.6,+25,MANU,0,0,+0,+0,+0.0163,+0,+0.0384,+0,+0,+0,15:04:01 20.03.2020
220,+23.3,+22.3,+22.8,+22.6,+22.7,+24,+23.6,+24,+23.9,+23.6,+25,MANU,0,0,+0,+0,+0.0163,+0,+0.0384,+0,+0,+0,15:05:01 20.03.2020
221,+23.2,+22.3,+22.8,+22.6,+22.7,+24.1,+23.6,+24,+23.8,+23.6,+25,ESTP,0,0,+0,+0,+0.0163,+0,+0.0384,+0,+0,+0,15:06:01 20.03.2020
222,+23.2,+22.3,+22.8,+22.6,+22.7,+24.1,+23.6,+24,+23.9,+23.6,+25,ESTP,0,0,+0,+0,+0.0163,+0,+0.0384,+0,+0,+0,15:07:01 20.03.2020
223,+23.2,+22.3,+22.8,+22.6,+22.7,+24.1,+23.6,+24,+23.9,+23.6,+25,ESTP,0,0,+0,+0,+0.0163,+0,+0.0384,+0,+0,+0,15:08:01 20.03.2020
224,+23.2,+22.3,+22.8,+22.6,+22.7,+24.1,+23.6,+24,+23.9,+23.6,+25,ESTP,0,0,+0,+0,+0.0163,+0,+0.0386,+0,+0,+0,15:09:01 20.03.2020
225,+23.2,+22.3,+22.8,+22.6,+22.7,+24.1,+23.6,+24,+23.9,+23.6,+25,ESTP,0,0,+0,+0,+0.0163,+0,+0.0384,+0,+0,+0,15:10:01 20.03.2020
226,+23.2,+22.3,+22.8,+22.6,+22.7,+24.1,+23.6,+24,+23.9,+23.7,+25,ESTP,0,0,+0,+0,+0.0163,+0,+0.0384,+0,+0,+0,15:11:01 20.03.2020
227,+23.2,+22.3,+22.8,+22.6,+22.7,+24.1,+23.6,+24,+23.9,+23.7,+25,ESTP,0,0,+0,+0,+0.0163,+0,+0.0384,+0,+0,+0,15:12:01 20.03.2020
228,+23.2,+22.3,+22.8,+22.6,+22.7,+24.1,+23.6,+24,+23.9,+23.7,+25,ESTP,0,0,+0,+0,+0.0163,+0,+0.0384,+0,+0,+0,15:13:01 20.03.2020
229,+23.2,+22.3,+22.8,+22.6,+22.7,+24,+23.6,+24,+23.9,+23.7,+25,ESTP,0,0,+0,+0,+0.0163,+0,+0.0384,+0,+0,+0,15:14:01 20.03.2020
230,+23.2,+22.3,+22.8,+22.6,+22.7,+24.1,+23.6,+24,+23.8,+23.7,+25,MANU,0,0,+0,+0,+0.0163,+0,+0.0384,+0,+0,+0,15:15:01 20.03.2020
231,+23.2,+22.3,+22.8,+22.6,+22.7,+24.1,+23.6,+24,+23.8,+23.7,+25,MANU,0,0,+0,+0,+0.0163,+0,+0.0384,+0,+0,+0,15:16:01 20.03.2020
232,+23.3,+22.3,+22.8,+22.6,+22.7,+24.1,+23.6,+24,+23.8,+23.7,+25,MANU,0,0,+0,+0,+0.0163,+0,+0.0384,+0,+0,+0,15:17:01 20.03.2020
233,+23.3,+22.3,+22.8,+22.6,+22.7,+24.1,+23.6,+24,+23.8,+23.7,+25,MANU,0,0,+0,+0,+0.0163,+0,+0.0384,+0,+0,+0,15:18:01 20.03.2020
234,+23.3,+22.3,+22.8,+22.6,+22.7,+24.1,+23.6,+24,+23.8,+23.7,+25,MANU,0,0,+0,+0,+0.0163,+0,+0.0384,+0,+0,+0,15:19:01 20.03.2020
235,+23.3,+22.3,+22.8,+22.6,+22.7,+24.2,+23.6,+24,+23.8,+23.6,+25.3,FULL,0,1,+0,+0,+0.0163,+0,+0.0384,+0,+0,+0,15:20:01 20.03.2020
236,+23.3,+22.3,+22.8,+22.6,+22.7,+24.2,+23.6,+24,+23.8,+23.6,+25,FULL,0,0,+0,+0,+0.0163,+0,+0.0386,+0,+0,+0,15:21:01 20.03.2020
237,+23.3,+22.3,+22.8,+22.6,+22.7,+24.3,+23.6,+24,+23.9,+23.6,+25.1,FULL,0,0,+0,+0,+0.0163,+0,+0.0386,+0,+0,+0,15:22:01 20.03.2020
238,+23.3,+22.4,+22.8,+22.6,+22.7,+24.3,+23.6,+24,+23.8,+23.6,+25,FULL,0,0,+0,+0,+0.0163,+0,+0.0386,+0,+0,+0,15:23:01 20.03.2020
239,+23.4,+22.4,+22.8,+22.6,+22.7,+24.4,+23.6,+24,+23.8,+23.7,+25,FULL,0,0,+0,+0,+0.0163,+0,+0.0386,+0,+0,+0,15:24:01 20.03.2020
240,+23.3,+22.3,+22.8,+22.6,+22.7,+24.5,+23.6,+24,+23.8,+23.7,+25,FULL,0,0,+0,+0,+0.0163,+0,+0.0387,+0,+0,+0,15:25:01 20.03.2020
241,+23.3,+22.3,+22.8,+22.6,+22.7,+24.5,+23.6,+24,+23.8,+23.7,+25,FULL,0,0,+0,+0,+0.0163,+0,+0.0387,+0,+0,+0,15:26:01 20.03.2020
242,+23.3,+22.3,+22.8,+22.6,+22.7,+24.5,+23.6,+24,+23.8,+23.7,+25,FULL,0,0,+0,+0,+0.0163,+0,+0.0387,+0,+0,+0,15:27:01 20.03.2020
243,+23.3,+22.3,+22.8,+22.6,+22.7,+24.5,+23.6,+24,+23.8,+23.7,+25,FULL,0,0,+0,+0,+0.0163,+0,+0.0387,+0,+0,+0,15:28:01 20.03.2020
244,+23.3,+22.3,+22.8,+22.6,+22.7,+24.5,+23.6,+24,+23.8,+23.7,+25,FULL,0,0,+0,+0,+0.0163,+0,+0.0387,+0,+0,+0,15:29:01 20.03.2020
245,+23.3,+22.3,+22.8,+22.6,+22.7,+24.4,+23.6,+24,+23.8,+23.7,+25.1,FULL,0,0,+0,+0,+0.0163,+0,+0.0387,+0,+0,+0,15:30:01 20.03.2020
246,+23.3,+22.3,+22.8,+22.6,+22.7,+24.4,+23.6,+24,+23.9,+23.7,+25.5,FULL,500,1,+0,+0,+0.0163,+0,+0.0387,+0,+0,+0,15:31:01 20.03.2020
247,+23.3,+22.9,+22.8,+22.6,+22.7,+24.3,+23.6,+24.1,+24,+23.8,+26,FULL,500,1,+0,+0,+0.0163,+0,+0.0387,+0,+0,+0,15:32:01 20.03.2020
248,+23.3,+23.6,+22.8,+22.6,+22.7,+24.3,+23.6,+24.2,+24,+23.8,+26,FULL,499,1,+0,+0,+0.0164,+0,+0.0387,+0,+0,+0,15:33:01 20.03.2020
249,+23.3,+24.1,+22.8,+22.6,+22.7,+24.2,+23.6,+24.2,+24.1,+23.8,+26,FULL,499,1,+0,+0,+0.0164,+0,+0.0386,+0,+0,+0,15:34:01 20.03.2020
250,+23.2,+24.3,+22.8,+22.6,+22.8,+24.2,+23.6,+24.2,+24.1,+23.8,+26,FULL,499,0,+0,+0,+0.0164,+0,+0.0386,+0,+0,+0,15:35:01 20.03.2020
251,+23.2,+24.4,+22.8,+22.7,+22.8,+24.1,+23.6,+24.2,+24.1,+23.8,+26,FULL,500,0,+0,+0,+0.0164,+0,+0.0385,+0,+0,+0,15:36:01 20.03.2020
252,+23.2,+24.6,+22.8,+22.7,+22.8,+24.1,+23.6,+24.2,+24.1,+23.8,+26,FULL,500,1,+0,+0,+0.0164,+0,+0.0384,+0,+0,+0,15:37:01 20.03.2020
253,+23.2,+24.7,+22.9,+22.7,+22.8,+24.1,+23.6,+24.2,+24.1,+23.8,+26,FULL,0,0,+0,+0,+0.0164,+0,+0.0384,+0,+0,+0,15:38:01 20.03.2020
254,+23.2,+24.8,+22.9,+22.7,+22.8,+24.1,+23.6,+24.2,+24.1,+23.8,+26,FULL,0,0,+0,+0,+0.0164,+0,+0.0384,+0,+0,+0,15:39:01 20.03.2020
255,+23.2,+24.8,+22.9,+22.7,+22.8,+24,+23.6,+24.1,+24.1,+23.8,+26,FULL,500,1,+0,+0,+0.0164,+0,+0.0384,+0,+0,+0,15:40:01 20.03.2020
256,+23.2,+24.8,+22.9,+22.8,+22.8,+24,+23.6,+24.2,+24.1,+23.8,+26,FULL,500,1,+0,+0,+0.0164,+0,+0.0384,+0,+0,+0,15:41:01 20.03.2020
257,+23.2,+24.9,+22.9,+22.8,+22.9,+24,+23.6,+24.2,+24.1,+23.8,+26,FULL,0,0,+0,+0,+0.0164,+0,+0.0384,+0,+0,+0,15:42:01 20.03.2020
258,+23.2,+25,+23,+22.8,+22.9,+24,+23.6,+24.2,+24.1,+23.8,+26,FULL,0,0,+0,+0,+0.0164,+0,+0.0384,+0,+0,+0,15:43:01 20.03.2020
259,+23.2,+25,+23,+22.8,+22.9,+24,+23.6,+24.1,+24.1,+23.8,+26,FULL,500,1,+0,+0,+0.0164,+0,+0.0384,+0,+0,+0,15:44:01 20.03.2020
260,+23.2,+25,+23,+22.8,+22.9,+24,+23.6,+24.2,+24.1,+23.8,+26,FULL,499,1,+0,+0,+0.0164,+0,+0.0384,+0,+0,+0,15:45:01 20.03.2020
261,+23.2,+25.1,+23,+22.8,+22.9,+24,+23.6,+24.2,+24.1,+23.8,+26,FULL,499,1,+0,+0,+0.0164,+0,+0.0384,+0,+0,+0,15:46:01 20.03.2020
262,+23.2,+25.1,+23,+22.8,+22.9,+24,+23.6,+24.3,+24.1,+23.8,+26,FULL,499,0,+0,+0,+0.0165,+0,+0.0386,+0,+0,+0,15:47:01 20.03.2020
263,+23.2,+25.2,+23,+22.8,+23,+24,+23.6,+24.3,+24.2,+23.8,+26,FULL,499,0,+0,+0,+0.0165,+0,+0.0386,+0,+0,+0,15:48:01 20.03.2020
264,+23.2,+25.2,+23,+22.8,+23,+24.1,+23.6,+24.3,+24.2,+23.8,+26,FULL,500,1,+0,+0,+0.0165,+0,+0.0386,+0,+0,+0,15:49:01 20.03.2020
265,+23.2,+25.2,+23,+22.8,+23,+24.1,+23.6,+24.3,+24.2,+23.8,+26,FULL,500,1,+0,+0,+0.0165,+0,+0.0386,+0,+0,+0,15:50:01 20.03.2020
266,+23.1,+25.2,+23,+22.8,+23,+24,+23.6,+24.3,+24.2,+23.9,+26,FULL,500,1,+0,+0,+0.0165,+0,+0.0386,+0,+0,+0,15:51:01 20.03.2020
267,+23.1,+25.3,+23,+22.9,+23,+24,+23.6,+24.3,+24.2,+23.9,+26,FULL,500,1,+0,+0,+0.0165,+0,+0.0386,+0,+0,+0,15:52:01 20.03.2020
268,+23.1,+25.3,+23,+22.9,+23,+24,+23.6,+24.3,+24.2,+23.9,+26,FULL,499,1,+0,+0,+0.0165,+0,+0.0384,+0,+0,+0,15:53:01 20.03.2020
269,+23.1,+25.3,+23,+22.9,+23,+24,+23.6,+24.3,+24.2,+23.9,+26,FULL,499,0,+0,+0,+0.0165,+0,+0.0384,+0,+0,+0,15:54:01 20.03.2020
270,+23.1,+25.3,+23.1,+22.9,+23,+24,+23.6,+24.3,+24.2,+23.8,+26,FULL,499,0,+0,+0,+0.0165,+0,+0.0384,+0,+0,+0,15:55:01 20.03.2020
271,+23.1,+25.3,+23.1,+22.9,+23,+24,+23.6,+24.3,+24.2,+23.8,+26,FULL,500,1,+0,+0,+0.0165,+0,+0.0384,+0,+0,+0,15:56:01 20.03.2020
272,+23.1,+25.4,+23.1,+22.9,+23,+24,+23.6,+24.3,+24.2,+23.9,+26,FULL,500,1,+0,+0,+0.0165,+0,+0.0384,+0,+0,+0,15:57:01 20.03.2020
273,+23.1,+25.3,+23.1,+22.9,+23,+24,+23.6,+24.3,+24.2,+23.9,+26,FULL,500,1,+0,+0,+0.0165,+0,+0.0384,+0,+0,+0,15:58:01 20.03.2020
274,+23.1,+25.4,+23.1,+22.9,+23,+24,+23.6,+24.3,+24.2,+23.9,+26,FULL,499,1,+0,+0,+0.0165,+0,+0.0384,+0,+0,+0,15:59:01 20.03.2020
275,+23.1,+25.4,+23.1,+22.9,+23,+24,+23.6,+24.3,+24.2,+23.9,+26,MANU,0,0,+0,+0,+0.0165,+0,+0.0384,+0,+0,+0,16:00:01 20.03.2020
276,+23.1,+25.4,+23.1,+22.9,+23,+24,+23.6,+24.2,+24.1,+23.8,+26,MANU,0,0,+0,+0,+0.0164,+0,+0.0384,+0,+0,+0,16:01:01 20.03.2020
277,+23.1,+25.4,+23.1,+22.9,+23,+24,+23.6,+24.2,+24.1,+23.9,+26,MANU,0,0,+0,+0,+0.0164,+0,+0.0384,+0,+0,+0,16:02:01 20.03.2020
278,+23.1,+25.4,+23.1,+22.9,+23,+24,+23.6,+24.2,+24.1,+23.9,+26,MANU,0,0,+0,+0,+0.0164,+0,+0.0384,+0,+0,+0,16:03:01 20.03.2020
279,+23.1,+25.4,+23.1,+22.9,+23,+24,+23.6,+24.2,+24.1,+23.9,+26,MANU,0,0,+0,+0,+0.0164,+0,+0.0384,+0,+0,+0,16:04:01 20.03.2020
280,+23.1,+25.5,+23.1,+22.9,+23,+24,+23.6,+24.2,+24.1,+23.9,+26,MANU,0,0,+0,+0,+0.0164,+0,+0.0384,+0,+0,+0,16:05:01 20.03.2020
281,+23.1,+25.5,+23.1,+22.9,+23,+24,+23.6,+24.2,+24.1,+23.9,+26,MANU,0,0,+0,+0,+0.0164,+0,+0.0384,+0,+0,+0,16:06:01 20.03.2020
282,+23.1,+25.5,+23.1,+22.9,+23,+24,+23.6,+24.2,+24.1,+23.9,+26,MANU,0,0,+0,+0,+0.0164,+0,+0.0384,+0,+0,+0,16:07:01 20.03.2020
283,+23.1,+25.6,+23.1,+22.9,+23,+24,+23.6,+24.2,+24.1,+23.9,+26,MANU,0,0,+0,+0,+0.0164,+0,+0.0384,+0,+0,+0,16:08:01 20.03.2020
284,+23.1,+25.6,+23.1,+22.9,+23,+24,+23.6,+24.2,+24.1,+23.9,+26,MANU,0,0,+0,+0,+0.0164,+0,+0.0384,+0,+0,+0,16:09:01 20.03.2020
285,+23.1,+25.6,+23.1,+22.9,+23,+24,+23.6,+24.2,+24.1,+23.9,+26,MANU,0,0,+0,+0,+0.0164,+0,+0.0384,+0,+0,+0,16:10:01 20.03.2020
286,+23.1,+25.6,+23.1,+22.9,+23,+24,+23.6,+24.2,+24.1,+23.9,+26,MANU,0,0,+0,+0,+0.0164,+0,+0.0384,+0,+0,+0,16:11:01 20.03.2020
287,+23.1,+25.6,+23.1,+22.9,+23,+24,+23.6,+24.2,+24.1,+23.9,+25.8,MANU,0,0,+0,+0,+0.0164,+0,+0.0384,+0,+0,+0,16:12:01 20.03.2020
288,+23.1,+25.6,+23.1,+22.9,+23,+24,+23.6,+24.2,+24.1,+23.9,+26,MANU,0,0,+0,+0,+0.0164,+0,+0.0384,+0,+0,+0,16:13:01 20.03.2020
289,+23.1,+25.6,+23.1,+22.9,+23,+24,+23.6,+24.2,+24.1,+23.9,+26,MANU,0,0,+0,+0,+0.0164,+0,+0.0384,+0,+0,+0,16:14:01 20.03.2020
290,+23.1,+25.6,+23.1,+22.9,+23,+24,+23.6,+24.1,+24.1,+23.9,+26,MANU,0,0,+0,+0,+0.0164,+0,+0.0384,+0,+0,+0,16:15:01 20.03.2020
291,+23,+25.6,+23.1,+22.9,+23,+24,+23.6,+24.1,+24.1,+23.9,+25.8,MANU,0,0,+0,+0,+0.0164,+0,+0.0384,+0,+0,+0,16:16:01 20.03.2020
292,+23,+25.6,+23.1,+22.9,+23,+24,+23.6,+24.1,+24.1,+23.9,+25.7,MANU,0,0,+0,+0,+0.0164,+0,+0.0384,+0,+0,+0,16:17:01 20.03.2020
293,+23,+25.6,+23.1,+22.9,+23,+24,+23.6,+24.1,+24.1,+23.9,+26,MANU,0,0,+0,+0,+0.0164,+0,+0.0384,+0,+0,+0,16:18:01 20.03.2020
294,+23,+25.6,+23.1,+22.9,+23,+24,+23.6,+24.1,+24.1,+23.9,+25.8,MANU,0,0,+0,+0,+0.0164,+0,+0.0384,+0,+0,+0,16:19:01 20.03.2020
295,+23,+25.6,+23.1,+22.9,+23,+24,+23.6,+24.1,+24.1,+23.9,+26,MANU,0,0,+0,+0,+0.0164,+0,+0.0384,+0,+0,+0,16:20:01 20.03.2020
296,+23,+25.7,+23.1,+22.9,+23,+24,+23.6,+24.1,+24.1,+23.9,+26,MANU,0,0,+0,+0,+0.0164,+0,+0.0384,+0,+0,+0,16:21:01 20.03.2020
297,+23,+25.7,+23.1,+22.9,+23,+24,+23.6,+24.1,+24,+23.9,+25.7,MANU,0,0,+0,+0,+0.0163,+0,+0.0382,+0,+0,+0,16:22:01 20.03.2020
298,+23,+25.7,+23.1,+22.9,+23,+24,+23.6,+24.1,+24,+23.9,+25.6,MANU,0,0,+0,+0,+0.0163,+0,+0.0382,+0,+0,+0,16:23:01 20.03.2020
299,+23,+25.7,+23.1,+22.9,+23,+24,+23.6,+24.1,+24,+23.9,+25.8,MANU,0,0,+0,+0,+0.0163,+0,+0.0382,+0,+0,+0,16:24:01 20.03.2020
300,+23,+25.7,+23.1,+22.9,+23,+24,+23.6,+24.1,+24,+23.9,+25.5,MANU,0,0,+0,+0,+0.0163,+0,+0.0382,+0,+0,+0,16:25:01 20.03.2020
301,+23,+25.7,+23.1,+22.9,+23,+24,+23.6,+24.1,+24,+23.9,+25.8,MANU,0,0,+0,+0,+0.0163,+0,+0.0382,+0,+0,+0,16:26:01 20.03.2020
302,+23,+25.7,+23.1,+22.9,+23,+24,+23.6,+24.1,+24,+23.9,+25.2,MANU,0,0,+0,+0,+0.0163,+0,+0.0382,+0,+0,+0,16:27:01 20.03.2020
303,+23,+25.7,+23.1,+22.9,+23,+24,+23.6,+24.1,+24,+23.9,+25.8,MANU,0,0,+0,+0,+0.0163,+0,+0.0382,+0,+0,+0,16:28:01 20.03.2020
304,+23,+25.7,+23.1,+22.9,+23,+24,+23.6,+24.1,+24,+23.9,+25.5,MANU,0,0,+0,+0,+0.0163,+0,+0.0382,+0,+0,+0,16:29:01 20.03.2020
305,+23,+25.7,+23.1,+22.9,+23,+24,+23.6,+24.1,+24,+23.9,+25.5,MANU,0,0,+0,+0,+0.0163,+0,+0.0382,+0,+0,+0,16:30:01 20.03.2020
306,+23,+25.7,+23.1,+22.9,+23,+24,+23.6,+24,+24,+23.9,+25.5,MANU,0,0,+0,+0,+0.0163,+0,+0.0382,+0,+0,+0,16:31:01 20.03.2020
307,+23,+25.7,+23.1,+22.9,+23,+24,+23.6,+24,+24,+23.9,+25.2,MANU,0,0,+0,+0,+0.0163,+0,+0.0382,+0,+0,+0,16:32:01 20.03.2020
308,+23,+25.7,+23.1,+22.9,+23,+24,+23.6,+24,+24,+23.9,+25.7,FULL,500,1,+0,+0,+0.0163,+0,+0.0382,+0,+0,+0,16:33:01 20.03.2020
309,+23,+25.4,+23.1,+22.9,+23,+23.9,+23.6,+24,+23.9,+23.6,+26,FULL,499,0,+0,+0,+0.0163,+0,+0.0384,+0,+0,+0,16:34:01 20.03.2020
310,+23,+25,+23.1,+22.9,+23,+24,+23.6,+24.1,+23.9,+23.7,+26,FULL,500,1,+0,+0,+0.0163,+0,+0.0384,+0,+0,+0,16:35:01 20.03.2020
311,+23,+24.9,+23.1,+22.9,+23,+23.9,+23.6,+24.1,+24,+23.8,+26,FULL,500,1,+0,+0,+0.0163,+0,+0.0384,+0,+0,+0,16:36:01 20.03.2020
312,+23,+25,+23.1,+22.9,+23,+24,+23.6,+24.2,+24.1,+23.8,+26,FULL,499,1,+0,+0,+0.0164,+0,+0.0384,+0,+0,+0,16:37:01 20.03.2020
313,+23,+25,+23.1,+22.9,+23,+24,+23.6,+24.2,+24.1,+23.8,+26,FULL,499,0,+0,+0,+0.0164,+0,+0.0384,+0,+0,+0,16:38:01 20.03.2020
314,+23,+24.9,+23.1,+22.9,+23,+24,+23.6,+24.2,+24.1,+23.8,+26,FULL,499,0,+0,+0,+0.0164,+0,+0.0384,+0,+0,+0,16:39:01 20.03.2020
315,+23,+25,+23.1,+22.9,+23,+24,+23.6,+24.3,+24.1,+23.8,+26,FULL,500,0,+0,+0,+0.0165,+0,+0.0384,+0,+0,+0,16:40:01 20.03.2020
316,+23,+25.1,+23.1,+22.9,+23,+24,+23.6,+24.3,+24.1,+23.9,+26,FULL,500,1,+0,+0,+0.0165,+0,+0.0384,+0,+0,+0,16:41:01 20.03.2020
317,+23,+25.1,+23.1,+22.9,+23,+24,+23.6,+24.3,+24.2,+23.9,+26,FULL,500,1,+0,+0,+0.0165,+0,+0.0384,+0,+0,+0,16:42:01 20.03.2020
318,+23,+25.1,+23.1,+22.9,+23,+24,+23.6,+24.3,+24.2,+23.9,+26,FULL,500,1,+0,+0,+0.0165,+0,+0.0384,+0,+0,+0,16:43:01 20.03.2020
319,+23,+25.1,+23.1,+22.9,+23,+24,+23.6,+24.3,+24.2,+23.9,+26,FULL,499,1,+0,+0,+0.0165,+0,+0.0384,+0,+0,+0,16:44:01 20.03.2020
320,+23,+25.2,+23.1,+23,+23.1,+24,+23.6,+24.3,+24.2,+23.9,+26,FULL,499,1,+0,+0,+0.0165,+0,+0.0384,+0,+0,+0,16:45:01 20.03.2020
321,+23,+25.2,+23.1,+23,+23.1,+24,+23.6,+24.3,+24.2,+23.9,+26,FULL,499,0,+0,+0,+0.0165,+0,+0.0384,+0,+0,+0,16:46:01 20.03.2020
322,+23,+25.3,+23.1,+23,+23.1,+24,+23.6,+24.3,+24.2,+23.9,+26,FULL,500,0,+0,+0,+0.0165,+0,+0.0384,+0,+0,+0,16:47:01 20.03.2020
323,+23,+25.3,+23.2,+23,+23.1,+24,+23.6,+24.3,+24.2,+23.9,+26,FULL,500,1,+0,+0,+0.0165,+0,+0.0384,+0,+0,+0,16:48:01 20.03.2020
324,+23,+25.3,+23.2,+23,+23.1,+24,+23.6,+24.3,+24.2,+23.9,+26,FULL,500,1,+0,+0,+0.0165,+0,+0.0384,+0,+0,+0,16:49:01 20.03.2020
325,+23,+25.3,+23.2,+23,+23.1,+24,+23.6,+24.3,+24.2,+23.9,+26,FULL,500,1,+0,+0,+0.0165,+0,+0.0384,+0,+0,+0,16:50:01 20.03.2020
326,+23,+25.4,+23.2,+23,+23.1,+24,+23.6,+24.3,+24.2,+23.9,+26,FULL,499,1,+0,+0,+0.0165,+0,+0.0384,+0,+0,+0,16:51:01 20.03.2020
327,+23,+25.4,+23.2,+23,+23.1,+24,+23.6,+24.3,+24.2,+23.9,+26,FULL,499,0,+0,+0,+0.0165,+0,+0.0384,+0,+0,+0,16:52:01 20.03.2020
328,+23,+25.3,+23.2,+23,+23.1,+24,+23.6,+24.3,+24.2,+23.9,+26,FULL,499,0,+0,+0,+0.0165,+0,+0.0384,+0,+0,+0,16:53:01 20.03.2020
329,+23,+25.4,+23.2,+23,+23.1,+24,+23.6,+24.3,+24.2,+23.9,+26,FULL,499,0,+0,+0,+0.0165,+0,+0.0384,+0,+0,+0,16:54:01 20.03.2020
330,+23,+25.4,+23.2,+23,+23.2,+24,+23.6,+24.3,+24.2,+23.9,+26,FULL,500,1,+0,+0,+0.0165,+0,+0.0384,+0,+0,+0,16:55:01 20.03.2020
331,+23,+25.4,+23.2,+23,+23.2,+24,+23.6,+24.3,+24.2,+23.9,+26,FULL,500,1,+0,+0,+0.0165,+0,+0.0384,+0,+0,+0,16:56:01 20.03.2020
332,+23.1,+25.4,+23.2,+23,+23.2,+24,+23.6,+24.3,+24.2,+23.9,+26,FULL,500,1,+0,+0,+0.0165,+0,+0.0384,+0,+0,+0,16:57:01 20.03.2020
333,+23.1,+25.4,+23.2,+23,+23.2,+24,+23.6,+24.3,+24.2,+23.9,+26,FULL,499,1,+0,+0,+0.0165,+0,+0.0384,+0,+0,+0,16:58:01 20.03.2020
334,+23.1,+25.5,+23.2,+23,+23.2,+24,+23.6,+24.3,+24.2,+23.9,+26,FULL,499,0,+0,+0,+0.0165,+0,+0.0384,+0,+0,+0,16:59:01 20.03.2020
335,+23.1,+25.5,+23.2,+23,+23.2,+24,+23.6,+24.3,+24.2,+23.9,+26,FULL,499,0,+0,+0,+0.0165,+0,+0.0384,+0,+0,+0,17:00:01 20.03.2020
336,+23.1,+25.5,+23.2,+23,+23.2,+24,+23.6,+24.3,+24.2,+23.9,+26,FULL,500,0,+0,+0,+0.0165,+0,+0.0384,+0,+0,+0,17:01:01 20.03.2020
337,+23.1,+25.4,+23.3,+23.1,+23.2,+24,+23.6,+24.3,+24.2,+23.9,+26,FULL,500,1,+0,+0,+0.0165,+0,+0.0384,+0,+0,+0,17:02:01 20.03.2020
338,+23.1,+25.5,+23.3,+23.1,+23.2,+23.9,+23.6,+24.3,+24.2,+23.9,+26,FULL,500,1,+0,+0,+0.0165,+0,+0.0382,+0,+0,+0,17:03:01 20.03.2020
339,+23.1,+25.5,+23.3,+23.1,+23.2,+23.9,+23.6,+24.3,+24.2,+23.9,+26,FULL,500,1,+0,+0,+0.0165,+0,+0.0382,+0,+0,+0,17:04:01 20.03.2020
340,+23.1,+25.6,+23.3,+23.1,+23.2,+23.9,+23.6,+24.3,+24.2,+23.9,+26,FULL,499,1,+0,+0,+0.0165,+0,+0.0382,+0,+0,+0,17:05:01 20.03.2020
341,+23,+25.6,+23.3,+23.1,+23.2,+23.9,+23.6,+24.3,+24.2,+23.9,+26,FULL,499,0,+0,+0,+0.0165,+0,+0.0382,+0,+0,+0,17:06:01 20.03.2020
342,+23.1,+25.7,+23.3,+23.1,+23.2,+23.9,+23.6,+24.3,+24.2,+23.9,+26,FULL,499,0,+0,+0,+0.0165,+0,+0.0382,+0,+0,+0,17:07:01 20.03.2020
343,+23.1,+25.7,+23.3,+23.1,+23.3,+23.9,+23.6,+24.3,+24.2,+23.9,+26,FULL,500,0,+0,+0,+0.0165,+0,+0.0382,+0,+0,+0,17:08:01 20.03.2020
344,+23.1,+25.7,+23.3,+23.1,+23.3,+23.9,+23.6,+24.3,+24.2,+23.9,+26,FULL,500,1,+0,+0,+0.0165,+0,+0.0382,+0,+0,+0,17:09:01 20.03.2020
345,+23.1,+25.7,+23.3,+23.1,+23.3,+23.9,+23.6,+24.3,+24.2,+23.9,+26,FULL,500,1,+0,+0,+0.0165,+0,+0.0382,+0,+0,+0,17:10:01 20.03.2020
346,+23.1,+25.8,+23.3,+23.1,+23.3,+23.9,+23.6,+24.3,+24.2,+23.9,+26.1,FULL,500,1,+0,+0,+0.0165,+0,+0.0382,+0,+0,+0,17:11:01 20.03.2020
347,+23.1,+25.8,+23.3,+23.1,+23.3,+23.9,+23.6,+24.3,+24.2,+23.9,+26,FULL,499,1,+0,+0,+0.0165,+0,+0.0382,+0,+0,+0,17:12:01 20.03.2020
348,+23.1,+25.8,+23.3,+23.1,+23.3,+23.9,+23.6,+24.3,+24.2,+23.9,+26,FULL,499,0,+0,+0,+0.0165,+0,+0.0382,+0,+0,+0,17:13:01 20.03.2020
349,+23.1,+25.8,+23.3,+23.2,+23.3,+23.9,+23.6,+24.3,+24.2,+23.9,+26,FULL,499,0,+0,+0,+0.0165,+0,+0.0382,+0,+0,+0,17:14:01 20.03.2020
350,+23.1,+25.8,+23.3,+23.2,+23.3,+23.8,+23.6,+24.3,+24.2,+23.9,+26,FULL,500,1,+0,+0,+0.0165,+0,+0.0382,+0,+0,+0,17:15:01 20.03.2020
351,+23.1,+25.9,+23.3,+23.2,+23.3,+23.9,+23.6,+24.3,+24.2,+23.9,+26,FULL,500,1,+0,+0,+0.0165,+0,+0.0382,+0,+0,+0,17:16:01 20.03.2020
352,+23.1,+25.9,+23.3,+23.2,+23.3,+23.9,+23.6,+24.3,+24.2,+23.9,+26,FULL,500,1,+0,+0,+0.0165,+0,+0.0382,+0,+0,+0,17:17:01 20.03.2020
353,+23.1,+25.9,+23.3,+23.2,+23.3,+23.9,+23.6,+24.3,+24.2,+23.9,+26,FULL,500,1,+0,+0,+0.0165,+0,+0.0382,+0,+0,+0,17:18:01 20.03.2020
354,+23.1,+25.9,+23.4,+23.2,+23.3,+23.9,+23.6,+24.3,+24.2,+23.9,+26,FULL,499,1,+0,+0,+0.0165,+0,+0.0382,+0,+0,+0,17:19:01 20.03.2020
355,+23.1,+25.9,+23.4,+23.2,+23.3,+23.9,+23.6,+24.3,+24.2,+23.9,+26.1,FULL,499,0,+0,+0,+0.0165,+0,+0.0382,+0,+0,+0,17:20:01 20.03.2020
356,+23.1,+25.9,+23.4,+23.2,+23.4,+23.9,+23.6,+24.3,+24.2,+23.9,+26,FULL,499,0,+0,+0,+0.0165,+0,+0.0382,+0,+0,+0,17:21:01 20.03.2020
357,+23.1,+25.9,+23.4,+23.2,+23.4,+23.9,+23.6,+24.3,+24.2,+23.9,+26.1,FULL,500,1,+0,+0,+0.0165,+0,+0.0382,+0,+0,+0,17:22:01 20.03.2020
358,+23.1,+25.9,+23.4,+23.2,+23.4,+23.9,+23.6,+24.3,+24.2,+23.9,+26.1,FULL,500,1,+0,+0,+0.0165,+0,+0.0382,+0,+0,+0,17:23:01 20.03.2020
359,+23.1,+26,+23.4,+23.2,+23.4,+23.9,+23.6,+24.3,+24.3,+23.9,+26,FULL,500,1,+0,+0,+0.0165,+0,+0.0382,+0,+0,+0,17:24:01 20.03.2020
360,+23.1,+26,+23.4,+23.2,+23.4,+23.9,+23.6,+24.3,+24.2,+23.9,+26,FULL,500,1,+0,+0,+0.0165,+0,+0.0382,+0,+0,+0,17:25:01 20.03.2020
361,+23.2,+26,+23.4,+23.3,+23.4,+23.9,+23.6,+24.4,+24.3,+23.9,+26,FULL,499,1,+0,+0,+0.0165,+0,+0.0382,+0,+0,+0,17:26:01 20.03.2020
362,+23.2,+26,+23.4,+23.3,+23.4,+23.9,+23.6,+24.3,+24.3,+23.9,+26,FULL,499,0,+0,+0,+0.0165,+0,+0.0382,+0,+0,+0,17:27:01 20.03.2020
363,+23.2,+26,+23.4,+23.3,+23.4,+23.9,+23.6,+24.3,+24.2,+23.9,+26,FULL,499,0,+0,+0,+0.0165,+0,+0.0382,+0,+0,+0,17:28:01 20.03.2020
364,+23.2,+26,+23.4,+23.3,+23.4,+23.8,+23.6,+24.3,+24.3,+23.9,+26,FULL,500,0,+0,+0,+0.0165,+0,+0.0382,+0,+0,+0,17:29:01 20.03.2020
365,+23.2,+26,+23.4,+23.3,+23.4,+23.8,+23.6,+24.3,+24.3,+23.9,+26,FULL,500,1,+0,+0,+0.0165,+0,+0.0382,+0,+0,+0,17:30:01 20.03.2020
366,+23.2,+26.1,+23.4,+23.3,+23.4,+23.9,+23.6,+24.3,+24.3,+23.9,+26,FULL,500,1,+0,+0,+0.0165,+0,+0.0382,+0,+0,+0,17:31:01 20.03.2020
367,+23.2,+26,+23.4,+23.3,+23.4,+23.9,+23.6,+24.4,+24.3,+23.9,+26,FULL,500,1,+0,+0,+0.0165,+0,+0.0382,+0,+0,+0,17:32:01 20.03.2020
368,+23.2,+25.9,+23.4,+23.3,+23.4,+23.9,+23.6,+24.4,+24.3,+23.9,+26,FULL,499,0,+0,+0,+0.0165,+0,+0.0382,+0,+0,+0,17:33:01 20.03.2020
369,+23.2,+25.9,+23.4,+23.3,+23.4,+23.9,+23.6,+24.3,+24.3,+23.9,+26,FULL,499,0,+0,+0,+0.0165,+0,+0.0382,+0,+0,+0,17:34:01 20.03.2020
370,+23.2,+26,+23.4,+23.3,+23.4,+23.9,+23.6,+24.3,+24.3,+23.9,+26,FULL,499,0,+0,+0,+0.0165,+0,+0.0382,+0,+0,+0,17:35:01 20.03.2020
371,+23.2,+25.9,+23.4,+23.3,+23.4,+23.9,+23.6,+24.4,+24.3,+23.9,+26,FULL,500,0,+0,+0,+0.0165,+0,+0.0382,+0,+0,+0,17:36:01 20.03.2020
372,+23.2,+25.9,+23.5,+23.3,+23.4,+23.9,+23.6,+24.4,+24.3,+23.9,+26,FULL,500,1,+0,+0,+0.0165,+0,+0.0382,+0,+0,+0,17:37:01 20.03.2020
373,+23.2,+25.9,+23.5,+23.3,+23.4,+23.9,+23.6,+24.4,+24.3,+23.9,+26,FULL,500,1,+0,+0,+0.0165,+0,+0.0382,+0,+0,+0,17:38:01 20.03.2020
374,+23.2,+25.9,+23.5,+23.3,+23.4,+23.9,+23.6,+24.3,+24.3,+23.9,+26.1,FULL,500,1,+0,+0,+0.0165,+0,+0.0382,+0,+0,+0,17:39:01 20.03.2020
375,+23.2,+26,+23.5,+23.3,+23.4,+23.9,+23.6,+24.4,+24.3,+23.9,+26,FULL,499,1,+0,+0,+0.0165,+0,+0.0384,+0,+0,+0,17:40:01 20.03.2020
376,+23.2,+25.9,+23.5,+23.3,+23.5,+23.9,+23.6,+24.4,+24.3,+23.9,+26,FULL,499,0,+0,+0,+0.0165,+0,+0.0382,+0,+0,+0,17:41:01 20.03.2020
377,+23.2,+25.9,+23.5,+23.3,+23.5,+23.9,+23.6,+24.3,+24.3,+23.9,+26,FULL,499,0,+0,+0,+0.0165,+0,+0.0382,+0,+0,+0,17:42:01 20.03.2020
378,+23.3,+25.9,+23.5,+23.3,+23.5,+23.9,+23.6,+24.4,+24.3,+24,+26.2,FULL,500,1,+0,+0,+0.0165,+0,+0.0382,+0,+0,+0,17:43:01 20.03.2020
379,+23.2,+26,+23.5,+23.3,+23.5,+23.9,+23.6,+24.3,+24.3,+23.9,+26,FULL,500,1,+0,+0,+0.0165,+0,+0.0384,+0,+0,+0,17:44:01 20.03.2020
380,+23.3,+25.9,+23.5,+23.3,+23.5,+23.9,+23.6,+24.3,+24.3,+23.9,+26,FULL,500,1,+0,+0,+0.0165,+0,+0.0382,+0,+0,+0,17:45:01 20.03.2020
381,+23.3,+25.9,+23.5,+23.3,+23.5,+23.9,+23.6,+24.3,+24.3,+23.9,+26.1,FULL,499,1,+0,+0,+0.0165,+0,+0.0382,+0,+0,+0,17:46:01 20.03.2020
382,+23.3,+25.9,+23.5,+23.3,+23.5,+23.9,+23.6,+24.3,+24.3,+23.9,+26,FULL,499,0,+0,+0,+0.0165,+0,+0.0384,+0,+0,+0,17:47:01 20.03.2020
383,+23.3,+25.9,+23.5,+23.3,+23.5,+23.9,+23.6,+24.3,+24.3,+23.9,+26.1,FULL,499,0,+0,+0,+0.0165,+0,+0.0384,+0,+0,+0,17:48:01 20.03.2020
384,+23.3,+25.9,+23.5,+23.3,+23.5,+23.9,+23.6,+24.3,+24.3,+23.9,+26,FULL,499,0,+0,+0,+0.0165,+0,+0.0384,+0,+0,+0,17:49:01 20.03.2020
385,+23.3,+25.9,+23.5,+23.3,+23.5,+23.9,+23.6,+24.4,+24.3,+23.9,+26,FULL,500,0,+0,+0,+0.0165,+0,+0.0384,+0,+0,+0,17:50:01 20.03.2020
386,+23.3,+25.9,+23.5,+23.3,+23.5,+23.9,+23.6,+24.4,+24.3,+24,+26.1,FULL,500,1,+0,+0,+0.0165,+0,+0.0384,+0,+0,+0,17:51:01 20.03.2020
387,+23.3,+25.9,+23.5,+23.3,+23.5,+23.9,+23.6,+24.4,+24.3,+24,+26,FULL,500,1,+0,+0,+0.0165,+0,+0.0384,+0,+0,+0,17:52:01 20.03.2020
388,+23.3,+25.9,+23.5,+23.3,+23.5,+23.9,+23.6,+24.4,+24.3,+23.9,+26,FULL,499,1,+0,+0,+0.0165,+0,+0.0384,+0,+0,+0,17:53:01 20.03.2020
389,+23.3,+25.9,+23.5,+23.3,+23.5,+23.9,+23.6,+24.4,+24.3,+24,+26,FULL,499,0,+0,+0,+0.0165,+0,+0.0384,+0,+0,+0,17:54:01 20.03.2020
390,+23.3,+25.9,+23.5,+23.3,+23.5,+23.9,+23.6,+24.4,+24.3,+24,+26,FULL,499,0,+0,+0,+0.0165,+0,+0.0384,+0,+0,+0,17:55:01 20.03.2020
391,+23.3,+25.9,+23.5,+23.3,+23.5,+23.9,+23.6,+24.4,+24.3,+24,+26,FULL,500,0,+0,+0,+0.0165,+0,+0.0384,+0,+0,+0,17:56:01 20.03.2020
392,+23.3,+25.9,+23.5,+23.3,+23.5,+23.9,+23.6,+24.4,+24.3,+24,+26,FULL,500,1,+0,+0,+0.0165,+0,+0.0384,+0,+0,+0,17:57:01 20.03.2020
393,+23.3,+25.9,+23.5,+23.4,+23.5,+23.9,+23.6,+24.4,+24.3,+24,+26,FULL,500,1,+0,+0,+0.0165,+0,+0.0384,+0,+0,+0,17:58:01 20.03.2020
394,+23.3,+26,+23.5,+23.4,+23.5,+23.9,+23.6,+24.4,+24.3,+24,+26,FULL,500,1,+0,+0,+0.0165,+0,+0.0383,+0,+0,+0,17:59:01 20.03.2020
395,+23.3,+26,+23.5,+23.4,+23.5,+23.9,+23.6,+24.4,+24.3,+23.9,+26,FULL,500,1,+0,+0,+0.0165,+0,+0.0382,+0,+0,+0,18:00:01 20.03.2020
396,+23.3,+26,+23.5,+23.4,+23.5,+23.9,+23.6,+24.4,+24.3,+23.9,+26,FULL,499,0,+0,+0,+0.0165,+0,+0.0384,+0,+0,+0,18:01:01 20.03.2020
397,+23.3,+26,+23.5,+23.4,+23.6,+23.9,+23.6,+24.4,+24.3,+24,+26,FULL,499,0,+0,+0,+0.0165,+0,+0.0384,+0,+0,+0,18:02:01 20.03.2020
398,+23.3,+26,+23.5,+23.4,+23.6,+23.9,+23.6,+24.4,+24.3,+23.9,+26,FULL,500,0,+0,+0,+0.0165,+0,+0.0384,+0,+0,+0,18:03:01 20.03.2020
399,+23.3,+26,+23.5,+23.4,+23.6,+23.9,+23.6,+24.4,+24.3,+23.9,+26.2,FULL,500,1,+0,+0,+0.0165,+0,+0.0382,+0,+0,+0,18:04:01 20.03.2020
400,+23.4,+26,+23.5,+23.4,+23.6,+23.9,+23.6,+24.4,+24.3,+24,+26,FULL,500,1,+0,+0,+0.0165,+0,+0.0382,+0,+0,+0,18:05:01 20.03.2020
401,+23.4,+26.1,+23.6,+23.4,+23.6,+23.9,+23.6,+24.4,+24.3,+24,+26,FULL,500,1,+0,+0,+0.0165,+0,+0.0384,+0,+0,+0,18:06:01 20.03.2020
402,+23.4,+26.1,+23.6,+23.4,+23.6,+23.9,+23.6,+24.4,+24.3,+23.9,+26,FULL,499,1,+0,+0,+0.0165,+0,+0.0384,+0,+0,+0,18:07:01 20.03.2020
403,+23.4,+26.1,+23.6,+23.4,+23.6,+23.9,+23.6,+24.4,+24.3,+24,+26,FULL,499,0,+0,+0,+0.0165,+0,+0.0384,+0,+0,+0,18:08:01 20.03.2020
404,+23.4,+26.1,+23.6,+23.4,+23.6,+23.9,+23.6,+24.4,+24.3,+23.9,+26,FULL,499,0,+0,+0,+0.0165,+0,+0.0383,+0,+0,+0,18:09:01 20.03.2020
405,+23.4,+26.1,+23.6,+23.4,+23.6,+23.9,+23.6,+24.4,+24.3,+24,+26,FULL,500,0,+0,+0,+0.0165,+0,+0.0384,+0,+0,+0,18:10:01 20.03.2020
406,+23.4,+26.1,+23.6,+23.4,+23.6,+23.9,+23.6,+24.4,+24.3,+24,+26,FULL,500,0,+0,+0,+0.0165,+0,+0.0384,+0,+0,+0,18:11:01 20.03.2020
407,+23.4,+26.1,+23.6,+23.4,+23.6,+23.9,+23.6,+24.4,+24.3,+24,+26,FULL,500,1,+0,+0,+0.0165,+0,+0.0384,+0,+0,+0,18:12:01 20.03.2020
408,+23.4,+26.1,+23.6,+23.4,+23.6,+23.9,+23.6,+24.4,+24.3,+23.9,+26,FULL,500,1,+0,+0,+0.0165,+0,+0.0384,+0,+0,+0,18:13:01 20.03.2020
409,+23.4,+26.1,+23.6,+23.4,+23.6,+23.9,+23.6,+24.4,+24.3,+23.9,+26,FULL,499,1,+0,+0,+0.0165,+0,+0.0384,+0,+0,+0,18:14:01 20.03.2020
410,+23.4,+26.1,+23.6,+23.5,+23.6,+23.8,+23.6,+24.4,+24.3,+24,+26,FULL,499,0,+0,+0,+0.0165,+0,+0.0382,+0,+0,+0,18:15:01 20.03.2020
411,+23.4,+26.1,+23.6,+23.5,+23.6,+23.8,+23.6,+24.4,+24.3,+24,+26.1,FULL,499,0,+0,+0,+0.0165,+0,+0.0382,+0,+0,+0,18:16:01 20.03.2020
412,+23.4,+26.1,+23.6,+23.5,+23.6,+23.8,+23.6,+24.4,+24.3,+23.9,+26,FULL,500,0,+0,+0,+0.0165,+0,+0.0382,+0,+0,+0,18:17:01 20.03.2020
413,+23.4,+26.1,+23.6,+23.5,+23.6,+23.8,+23.6,+24.3,+24.3,+23.9,+26,FULL,500,1,+0,+0,+0.0165,+0,+0.0382,+0,+0,+0,18:18:01 20.03.2020
414,+23.4,+26.1,+23.6,+23.5,+23.6,+23.8,+23.6,+24.3,+24.3,+23.9,+26,FULL,500,1,+0,+0,+0.0165,+0,+0.0382,+0,+0,+0,18:19:01 20.03.2020
415,+23.4,+26.2,+23.6,+23.5,+23.6,+23.8,+23.6,+24.4,+24.3,+24,+26,FULL,500,1,+0,+0,+0.0165,+0,+0.0382,+0,+0,+0,18:20:01 20.03.2020
416,+23.4,+26.2,+23.6,+23.5,+23.6,+23.8,+23.6,+24.3,+24.3,+23.9,+26,FULL,499,1,+0,+0,+0.0165,+0,+0.0382,+0,+0,+0,18:21:01 20.03.2020
417,+23.4,+26.1,+23.6,+23.5,+23.6,+23.8,+23.6,+24.3,+24.3,+23.9,+26,FULL,499,0,+0,+0,+0.0165,+0,+0.0382,+0,+0,+0,18:22:01 20.03.2020
418,+23.4,+26.2,+23.6,+23.5,+23.6,+23.8,+23.6,+24.3,+24.3,+23.9,+26,FULL,499,0,+0,+0,+0.0165,+0,+0.0382,+0,+0,+0,18:23:01 20.03.2020
419,+23.4,+26.2,+23.6,+23.5,+23.6,+23.8,+23.6,+24.4,+24.3,+24,+26,FULL,500,0,+0,+0,+0.0165,+0,+0.0382,+0,+0,+0,18:24:01 20.03.2020
420,+23.4,+26.1,+23.6,+23.5,+23.6,+23.8,+23.6,+24.4,+24.3,+24,+26,FULL,500,1,+0,+0,+0.0165,+0,+0.0382,+0,+0,+0,18:25:01 20.03.2020
421,+23.4,+26.1,+23.6,+23.5,+23.6,+23.8,+23.6,+24.4,+24.3,+24,+26,FULL,500,1,+0,+0,+0.0165,+0,+0.0382,+0,+0,+0,18:26:01 20.03.2020
422,+23.4,+26.1,+23.6,+23.5,+23.6,+23.8,+23.6,+24.4,+24.3,+23.9,+26,FULL,499,1,+0,+0,+0.0165,+0,+0.0382,+0,+0,+0,18:27:01 20.03.2020
423,+23.4,+26.2,+23.6,+23.5,+23.6,+23.8,+23.6,+24.4,+24.3,+24,+26,FULL,499,1,+0,+0,+0.0165,+0,+0.0384,+0,+0,+0,18:28:01 20.03.2020
424,+23.4,+26.1,+23.6,+23.5,+23.7,+23.8,+23.6,+24.4,+24.3,+24,+26,FULL,499,0,+0,+0,+0.0165,+0,+0.0384,+0,+0,+0,18:29:01 20.03.2020
425,+23.5,+26.1,+23.6,+23.5,+23.7,+23.8,+23.6,+24.4,+24.3,+24,+26,FULL,499,0,+0,+0,+0.0165,+0,+0.0384,+0,+0,+0,18:30:01 20.03.2020
426,+23.5,+26.1,+23.6,+23.5,+23.7,+23.8,+23.6,+24.4,+24.3,+24,+26,FULL,500,0,+0,+0,+0.0165,+0,+0.0384,+0,+0,+0,18:31:01 20.03.2020
427,+23.5,+26.1,+23.6,+23.5,+23.7,+23.8,+23.6,+24.4,+24.3,+24,+26,FULL,500,0,+0,+0,+0.0165,+0,+0.0384,+0,+0,+0,18:32:01 20.03.2020
428,+23.5,+26.1,+23.6,+23.5,+23.7,+23.8,+23.6,+24.4,+24.3,+24,+26,FULL,500,1,+0,+0,+0.0165,+0,+0.0384,+0,+0,+0,18:33:01 20.03.2020
429,+23.5,+26.1,+23.6,+23.5,+23.7,+23.8,+23.6,+24.4,+24.3,+24,+26,FULL,499,1,+0,+0,+0.0165,+0,+0.0384,+0,+0,+0,18:34:01 20.03.2020
430,+23.5,+26,+23.6,+23.5,+23.7,+23.8,+23.6,+24.4,+24.3,+23.9,+26,FULL,499,0,+0,+0,+0.0165,+0,+0.0384,+0,+0,+0,18:35:01 20.03.2020
431,+23.5,+26.1,+23.6,+23.5,+23.7,+23.8,+23.6,+24.4,+24.3,+24,+26,FULL,499,0,+0,+0,+0.0165,+0,+0.0384,+0,+0,+0,18:36:01 20.03.2020
432,+23.5,+26.1,+23.6,+23.5,+23.7,+23.8,+23.6,+24.4,+24.3,+24,+26,FULL,499,0,+0,+0,+0.0165,+0,+0.0384,+0,+0,+0,18:37:01 20.03.2020
433,+23.5,+26,+23.6,+23.5,+23.7,+23.8,+23.6,+24.4,+24.3,+23.9,+26.1,FULL,500,1,+0,+0,+0.0165,+0,+0.0384,+0,+0,+0,18:38:01 20.03.2020
434,+23.5,+26,+23.6,+23.5,+23.7,+23.8,+23.6,+24.4,+24.3,+23.9,+26,FULL,500,1,+0,+0,+0.0165,+0,+0.0384,+0,+0,+0,18:39:01 20.03.2020
435,+23.5,+26.1,+23.6,+23.5,+23.7,+23.8,+23.6,+24.4,+24.3,+24,+26.1,FULL,500,1,+0,+0,+0.0165,+0,+0.0384,+0,+0,+0,18:40:01 20.03.2020
436,+23.5,+26.1,+23.6,+23.5,+23.7,+23.8,+23.6,+24.3,+24.3,+23.9,+26,FULL,500,1,+0,+0,+0.0165,+0,+0.0384,+0,+0,+0,18:41:01 20.03.2020
437,+23.5,+26,+23.6,+23.5,+23.7,+23.8,+23.6,+24.4,+24.3,+24,+26,FULL,499,0,+0,+0,+0.0165,+0,+0.0384,+0,+0,+0,18:42:01 20.03.2020
438,+23.5,+26,+23.6,+23.5,+23.7,+23.8,+23.6,+24.4,+24.3,+24,+26,FULL,499,0,+0,+0,+0.0165,+0,+0.0384,+0,+0,+0,18:43:01 20.03.2020
439,+23.5,+26,+23.6,+23.5,+23.7,+23.8,+23.6,+24.4,+24.3,+24,+26,FULL,499,0,+0,+0,+0.0165,+0,+0.0384,+0,+0,+0,18:44:01 20.03.2020
440,+23.5,+26.1,+23.6,+23.5,+23.7,+23.8,+23.6,+24.4,+24.3,+24,+26,FULL,500,1,+0,+0,+0.0165,+0,+0.0384,+0,+0,+0,18:45:01 20.03.2020
441,+23.5,+26,+23.6,+23.5,+23.7,+23.8,+23.6,+24.4,+24.3,+24,+26,FULL,500,1,+0,+0,+0.0165,+0,+0.0384,+0,+0,+0,18:46:01 20.03.2020
442,+23.5,+26,+23.6,+23.5,+23.7,+23.8,+23.6,+24.4,+24.3,+24,+26.2,FULL,500,1,+0,+0,+0.0165,+0,+0.0384,+0,+0,+0,18:47:01 20.03.2020
443,+23.6,+26,+23.6,+23.5,+23.7,+23.8,+23.6,+24.4,+24.3,+24,+26,FULL,499,1,+0,+0,+0.0165,+0,+0.0384,+0,+0,+0,18:48:01 20.03.2020
444,+23.6,+26,+23.6,+23.5,+23.7,+23.8,+23.6,+24.4,+24.3,+24,+26,FULL,499,1,+0,+0,+0.0165,+0,+0.0384,+0,+0,+0,18:49:01 20.03.2020
445,+23.6,+26.1,+23.6,+23.6,+23.7,+23.8,+23.6,+24.4,+24.3,+24,+26,FULL,499,0,+0,+0,+0.0165,+0,+0.0384,+0,+0,+0,18:50:01 20.03.2020
446,+23.6,+26.1,+23.6,+23.6,+23.7,+23.8,+23.6,+24.4,+24.3,+24,+26,FULL,499,0,+0,+0,+0.0165,+0,+0.0384,+0,+0,+0,18:51:01 20.03.2020
447,+23.6,+26.1,+23.6,+23.6,+23.7,+23.8,+23.6,+24.4,+24.3,+24,+26.1,FULL,500,1,+0,+0,+0.0165,+0,+0.0382,+0,+0,+0,18:52:01 20.03.2020
448,+23.6,+26.1,+23.6,+23.6,+23.7,+23.8,+23.6,+24.4,+24.3,+24,+26,FULL,500,1,+0,+0,+0.0165,+0,+0.0382,+0,+0,+0,18:53:01 20.03.2020
449,+23.6,+26.1,+23.6,+23.6,+23.7,+23.8,+23.6,+24.4,+24.3,+24,+26.2,FULL,500,1,+0,+0,+0.0165,+0,+0.0382,+0,+0,+0,18:54:01 20.03.2020
450,+23.6,+26.2,+23.7,+23.6,+23.7,+23.8,+23.6,+24.4,+24.3,+24,+26.1,FULL,500,1,+0,+0,+0.0165,+0,+0.0382,+0,+0,+0,18:55:01 20.03.2020
451,+23.6,+26.2,+23.6,+23.6,+23.7,+23.8,+23.6,+24.4,+24.3,+23.9,+26.2,FULL,499,0,+0,+0,+0.0165,+0,+0.0382,+0,+0,+0,18:56:01 20.03.2020
452,+23.6,+26.2,+23.6,+23.6,+23.7,+23.8,+23.6,+24.4,+24.3,+24,+26,FULL,499,0,+0,+0,+0.0165,+0,+0.0382,+0,+0,+0,18:57:01 20.03.2020
453,+23.6,+26.1,+23.6,+23.6,+23.7,+23.8,+23.6,+24.4,+24.3,+23.9,+26,FULL,499,0,+0,+0,+0.0165,+0,+0.0382,+0,+0,+0,18:58:01 20.03.2020
454,+23.6,+26.2,+23.7,+23.6,+23.7,+23.8,+23.6,+24.4,+24.3,+24,+26,FULL,500,1,+0,+0,+0.0165,+0,+0.0382,+0,+0,+0,18:59:01 20.03.2020
455,+23.6,+26.2,+23.7,+23.6,+23.7,+23.8,+23.6,+24.4,+24.3,+24,+26,FULL,500,1,+0,+0,+0.0165,+0,+0.0382,+0,+0,+0,19:00:01 20.03.2020
456,+23.6,+26.2,+23.7,+23.6,+23.8,+23.8,+23.6,+24.4,+24.3,+23.9,+26.1,FULL,500,1,+0,+0,+0.0165,+0,+0.0382,+0,+0,+0,19:01:01 20.03.2020
457,+23.6,+26.2,+23.7,+23.6,+23.8,+23.8,+23.6,+24.4,+24.3,+23.9,+26,FULL,499,1,+0,+0,+0.0165,+0,+0.0382,+0,+0,+0,19:02:01 20.03.2020
458,+23.6,+26.2,+23.7,+23.6,+23.8,+23.8,+23.6,+24.4,+24.3,+24,+26,FULL,499,0,+0,+0,+0.0165,+0,+0.0382,+0,+0,+0,19:03:01 20.03.2020
459,+23.6,+26.2,+23.7,+23.6,+23.8,+23.8,+23.6,+24.4,+24.3,+24,+26,FULL,499,0,+0,+0,+0.0165,+0,+0.0382,+0,+0,+0,19:04:01 20.03.2020
460,+23.6,+26.2,+23.7,+23.6,+23.8,+23.8,+23.6,+24.4,+24.3,+23.9,+26,FULL,499,0,+0,+0,+0.0165,+0,+0.0382,+0,+0,+0,19:05:01 20.03.2020
461,+23.6,+26.2,+23.7,+23.6,+23.8,+23.8,+23.6,+24.4,+24.3,+24,+26,FULL,500,1,+0,+0,+0.0165,+0,+0.0382,+0,+0,+0,19:06:01 20.03.2020
462,+23.6,+26.2,+23.7,+23.6,+23.8,+23.8,+23.6,+24.4,+24.3,+24,+26,FULL,500,1,+0,+0,+0.0165,+0,+0.0383,+0,+0,+0,19:07:01 20.03.2020
463,+23.6,+26.2,+23.7,+23.6,+23.8,+23.8,+23.6,+24.4,+24.3,+23.9,+26,FULL,500,1,+0,+0,+0.0165,+0,+0.0382,+0,+0,+0,19:08:01 20.03.2020
464,+23.6,+26.2,+23.7,+23.6,+23.8,+23.8,+23.6,+24.4,+24.3,+23.9,+26,FULL,499,1,+0,+0,+0.0165,+0,+0.0382,+0,+0,+0,19:09:01 20.03.2020
465,+23.6,+26.2,+23.7,+23.6,+23.8,+23.8,+23.6,+24.4,+24.3,+24,+26.1,FULL,499,0,+0,+0,+0.0165,+0,+0.0382,+0,+0,+0,19:10:01 20.03.2020
466,+23.6,+26.2,+23.7,+23.6,+23.8,+23.8,+23.6,+24.4,+24.3,+24,+26.2,FULL,499,0,+0,+0,+0.0165,+0,+0.0384,+0,+0,+0,19:11:01 20.03.2020
467,+23.6,+26.3,+23.7,+23.6,+23.8,+23.8,+23.6,+24.4,+24.3,+24,+26,FULL,500,0,+0,+0,+0.0165,+0,+0.0384,+0,+0,+0,19:12:01 20.03.2020
468,+23.6,+26.3,+23.7,+23.6,+23.8,+23.8,+23.6,+24.4,+24.3,+24,+26,FULL,500,1,+0,+0,+0.0165,+0,+0.0384,+0,+0,+0,19:13:01 20.03.2020
469,+23.6,+26.3,+23.7,+23.6,+23.8,+23.8,+23.6,+24.4,+24.3,+24,+26,FULL,500,1,+0,+0,+0.0165,+0,+0.0384,+0,+0,+0,19:14:01 20.03.2020
470,+23.6,+26.3,+23.7,+23.6,+23.8,+23.8,+23.6,+24.4,+24.3,+24,+26.1,FULL,500,1,+0,+0,+0.0165,+0,+0.0384,+0,+0,+0,19:15:01 20.03.2020
471,+23.6,+26.3,+23.7,+23.6,+23.8,+23.8,+23.6,+24.4,+24.3,+24,+26,FULL,499,1,+0,+0,+0.0165,+0,+0.0384,+0,+0,+0,19:16:01 20.03.2020
472,+23.6,+26.2,+23.7,+23.6,+23.8,+23.8,+23.6,+24.4,+24.3,+24,+26,FULL,499,0,+0,+0,+0.0165,+0,+0.0384,+0,+0,+0,19:17:01 20.03.2020
473,+23.7,+26.2,+23.7,+23.6,+23.8,+23.8,+23.6,+24.4,+24.3,+24,+26,FULL,499,0,+0,+0,+0.0165,+0,+0.0384,+0,+0,+0,19:18:01 20.03.2020
474,+23.7,+26.2,+23.7,+23.6,+23.8,+23.8,+23.6,+24.4,+24.3,+23.9,+26,FULL,500,0,+0,+0,+0.0165,+0,+0.0384,+0,+0,+0,19:19:01 20.03.2020
475,+23.7,+26.2,+23.7,+23.6,+23.8,+23.8,+23.6,+24.4,+24.3,+24,+26.1,FULL,500,1,+0,+0,+0.0165,+0,+0.0384,+0,+0,+0,19:20:01 20.03.2020
476,+23.7,+26.2,+23.7,+23.6,+23.8,+23.8,+23.6,+24.4,+24.3,+24,+26,FULL,500,1,+0,+0,+0.0165,+0,+0.0384,+0,+0,+0,19:21:01 20.03.2020
477,+23.7,+26.1,+23.7,+23.6,+23.8,+23.8,+23.6,+24.4,+24.3,+23.9,+26.1,FULL,500,1,+0,+0,+0.0165,+0,+0.0384,+0,+0,+0,19:22:01 20.03.2020
478,+23.7,+26.1,+23.7,+23.6,+23.8,+23.8,+23.6,+24.4,+24.3,+24,+26,FULL,499,1,+0,+0,+0.0165,+0,+0.0384,+0,+0,+0,19:23:01 20.03.2020
479,+23.7,+26.2,+23.7,+23.6,+23.8,+23.8,+23.6,+24.4,+24.3,+23.9,+26.1,FULL,499,0,+0,+0,+0.0165,+0,+0.0384,+0,+0,+0,19:24:01 20.03.2020
480,+23.6,+26.2,+23.7,+23.6,+23.8,+23.8,+23.6,+24.4,+24.3,+24,+26,FULL,499,0,+0,+0,+0.0165,+0,+0.0384,+0,+0,+0,19:25:01 20.03.2020
481,+23.6,+26.1,+23.7,+23.6,+23.8,+23.8,+23.6,+24.4,+24.3,+24,+26,FULL,499,0,+0,+0,+0.0165,+0,+0.0384,+0,+0,+0,19:26:01 20.03.2020
482,+23.6,+26.1,+23.7,+23.6,+23.8,+23.8,+23.6,+24.4,+24.3,+24,+26,FULL,500,1,+0,+0,+0.0165,+0,+0.0384,+0,+0,+0,19:27:01 20.03.2020
483,+23.6,+26.1,+23.7,+23.6,+23.8,+23.8,+23.6,+24.3,+24.3,+24,+26,FULL,500,1,+0,+0,+0.0165,+0,+0.0382,+0,+0,+0,19:28:01 20.03.2020
484,+23.6,+26.2,+23.7,+23.6,+23.8,+23.8,+23.6,+24.4,+24.3,+23.9,+26,FULL,499,1,+0,+0,+0.0165,+0,+0.0382,+0,+0,+0,19:29:01 20.03.2020
485,+23.6,+26.1,+23.7,+23.6,+23.8,+23.8,+23.6,+24.4,+24.3,+23.9,+26.1,FULL,499,1,+0,+0,+0.0165,+0,+0.0382,+0,+0,+0,19:30:01 20.03.2020
486,+23.7,+26.1,+23.7,+23.6,+23.8,+23.8,+23.6,+24.4,+24.3,+24,+26,FULL,499,0,+0,+0,+0.0165,+0,+0.0382,+0,+0,+0,19:31:01 20.03.2020
487,+23.7,+26.1,+23.7,+23.6,+23.8,+23.8,+23.6,+24.4,+24.3,+24,+26,FULL,499,0,+0,+0,+0.0165,+0,+0.0382,+0,+0,+0,19:32:01 20.03.2020
488,+23.7,+26.1,+23.7,+23.6,+23.8,+23.8,+23.6,+24.3,+24.3,+24,+26,FULL,500,0,+0,+0,+0.0165,+0,+0.0382,+0,+0,+0,19:33:01 20.03.2020
489,+23.7,+26.1,+23.7,+23.6,+23.8,+23.8,+23.6,+24.4,+24.3,+24,+26,FULL,500,1,+0,+0,+0.0165,+0,+0.0382,+0,+0,+0,19:34:01 20.03.2020
490,+23.7,+26.1,+23.7,+23.6,+23.8,+23.8,+23.6,+24.4,+24.3,+24,+26,FULL,500,1,+0,+0,+0.0165,+0,+0.0382,+0,+0,+0,19:35:01 20.03.2020
491,+23.7,+26.1,+23.7,+23.6,+23.8,+23.8,+23.6,+24.4,+24.3,+24,+26.2,FULL,500,1,+0,+0,+0.0165,+0,+0.0382,+0,+0,+0,19:36:01 20.03.2020
492,+23.7,+26.1,+23.7,+23.6,+23.8,+23.8,+23.6,+24.4,+24.3,+23.9,+26,FULL,499,1,+0,+0,+0.0165,+0,+0.0382,+0,+0,+0,19:37:01 20.03.2020
493,+23.7,+26.1,+23.7,+23.6,+23.8,+23.8,+23.6,+24.4,+24.3,+23.9,+26,FULL,499,0,+0,+0,+0.0165,+0,+0.0384,+0,+0,+0,19:38:01 20.03.2020
494,+23.7,+26.1,+23.7,+23.6,+23.8,+23.8,+23.6,+24.4,+24.3,+24,+26,FULL,499,0,+0,+0,+0.0165,+0,+0.0382,+0,+0,+0,19:39:01 20.03.2020
495,+23.7,+26.1,+23.7,+23.6,+23.8,+23.8,+23.6,+24.4,+24.3,+24,+26,FULL,500,0,+0,+0,+0.0165,+0,+0.0382,+0,+0,+0,19:40:01 20.03.2020
496,+23.7,+26.1,+23.7,+23.6,+23.8,+23.8,+23.6,+24.4,+24.3,+24,+26.1,FULL,500,1,+0,+0,+0.0165,+0,+0.0382,+0,+0,+0,19:41:01 20.03.2020
497,+23.7,+26.1,+23.7,+23.6,+23.8,+23.8,+23.6,+24.4,+24.3,+24,+26,FULL,500,1,+0,+0,+0.0165,+0,+0.0382,+0,+0,+0,19:42:01 20.03.2020
498,+23.7,+26.1,+23.7,+23.6,+23.8,+23.8,+23.6,+24.4,+24.3,+24,+26,FULL,500,1,+0,+0,+0.0165,+0,+0.0382,+0,+0,+0,19:43:01 20.03.2020
499,+23.7,+26.2,+23.7,+23.6,+23.8,+23.8,+23.6,+24.4,+24.3,+24,+26,FULL,499,0,+0,+0,+0.0165,+0,+0.0382,+0,+0,+0,19:44:01 20.03.2020
500,+23.7,+26.2,+23.7,+23.6,+23.8,+23.8,+23.6,+24.4,+24.3,+23.9,+26,FULL,499,0,+0,+0,+0.0165,+0,+0.0382,+0,+0,+0,19:45:01 20.03.2020
501,+23.7,+26.2,+23.7,+23.7,+23.8,+23.8,+23.6,+24.4,+24.3,+24,+26,FULL,499,0,+0,+0,+0.0165,+0,+0.0382,+0,+0,+0,19:46:01 20.03.2020
502,+23.7,+26.2,+23.7,+23.7,+23.8,+23.8,+23.6,+24.4,+24.3,+23.9,+26.1,FULL,499,0,+0,+0,+0.0165,+0,+0.0382,+0,+0,+0,19:47:01 20.03.2020
503,+23.7,+26.2,+23.7,+23.7,+23.8,+23.8,+23.6,+24.4,+24.3,+23.9,+26,FULL,500,1,+0,+0,+0.0165,+0,+0.0382,+0,+0,+0,19:48:01 20.03.2020
504,+23.7,+26.2,+23.7,+23.7,+23.8,+23.8,+23.6,+24.4,+24.3,+24,+26,FULL,500,1,+0,+0,+0.0165,+0,+0.0382,+0,+0,+0,19:49:01 20.03.2020
505,+23.7,+26.2,+23.7,+23.7,+23.8,+23.8,+23.6,+24.4,+24.3,+23.9,+26.1,FULL,499,1,+0,+0,+0.0165,+0,+0.0382,+0,+0,+0,19:50:01 20.03.2020
506,+23.7,+26.2,+23.7,+23.7,+23.8,+23.8,+23.6,+24.4,+24.3,+24,+26.1,FULL,499,0,+0,+0,+0.0165,+0,+0.0382,+0,+0,+0,19:51:01 20.03.2020
507,+23.7,+26.2,+23.7,+23.7,+23.8,+23.8,+23.6,+24.4,+24.3,+24,+26,FULL,499,0,+0,+0,+0.0165,+0,+0.0382,+0,+0,+0,19:52:01 20.03.2020
508,+23.7,+26.2,+23.8,+23.7,+23.8,+23.8,+23.6,+24.4,+24.3,+23.9,+26,FULL,499,0,+0,+0,+0.0165,+0,+0.0382,+0,+0,+0,19:53:01 20.03.2020
509,+23.7,+26.2,+23.8,+23.7,+23.8,+23.8,+23.6,+24.4,+24.3,+23.9,+26,FULL,500,0,+0,+0,+0.0165,+0,+0.0382,+0,+0,+0,19:54:01 20.03.2020
510,+23.7,+26.2,+23.8,+23.7,+23.9,+23.8,+23.6,+24.4,+24.3,+23.9,+26.1,FULL,500,1,+0,+0,+0.0165,+0,+0.0382,+0,+0,+0,19:55:01 20.03.2020
511,+23.8,+26.2,+23.8,+23.7,+23.8,+23.8,+23.6,+24.4,+24.3,+24,+26,FULL,500,1,+0,+0,+0.0165,+0,+0.0382,+0,+0,+0,19:56:01 20.03.2020
512,+23.8,+26.3,+23.8,+23.7,+23.9,+23.8,+23.6,+24.4,+24.3,+24,+26,FULL,499,1,+0,+0,+0.0165,+0,+0.0382,+0,+0,+0,19:57:01 20.03.2020
513,+23.8,+26.2,+23.8,+23.7,+23.9,+23.8,+23.6,+24.4,+24.3,+23.9,+26.1,FULL,499,1,+0,+0,+0.0165,+0,+0.0382,+0,+0,+0,19:58:01 20.03.2020
514,+23.8,+26.3,+23.8,+23.7,+23.9,+23.8,+23.6,+24.4,+24.3,+23.9,+26,FULL,499,0,+0,+0,+0.0165,+0,+0.0382,+0,+0,+0,19:59:01 20.03.2020
515,+23.8,+26.2,+23.8,+23.7,+23.9,+23.8,+23.6,+24.4,+24.3,+24,+26.1,FULL,499,0,+0,+0,+0.0165,+0,+0.0384,+0,+0,+0,20:00:01 20.03.2020
516,+23.8,+26.3,+23.8,+23.7,+23.9,+23.8,+23.6,+24.4,+24.3,+24,+26.1,FULL,500,0,+0,+0,+0.0165,+0,+0.0384,+0,+0,+0,20:01:01 20.03.2020
517,+23.8,+26.3,+23.8,+23.7,+23.9,+23.8,+23.6,+24.4,+24.3,+24,+26,FULL,500,1,+0,+0,+0.0165,+0,+0.0382,+0,+0,+0,20:02:01 20.03.2020
518,+23.8,+26.3,+23.8,+23.7,+23.9,+23.8,+23.6,+24.4,+24.3,+24,+26.1,FULL,500,1,+0,+0,+0.0165,+0,+0.0384,+0,+0,+0,20:03:01 20.03.2020
519,+23.8,+26.3,+23.8,+23.7,+23.9,+23.8,+23.6,+24.4,+24.3,+24,+26,FULL,499,1,+0,+0,+0.0165,+0,+0.0384,+0,+0,+0,20:04:01 20.03.2020
520,+23.8,+26.3,+23.8,+23.7,+23.9,+23.8,+23.6,+24.4,+24.3,+23.9,+26,FULL,499,0,+0,+0,+0.0165,+0,+0.0384,+0,+0,+0,20:05:01 20.03.2020
521,+23.8,+26.3,+23.8,+23.7,+23.9,+23.8,+23.6,+24.4,+24.3,+23.9,+26.1,FULL,499,0,+0,+0,+0.0165,+0,+0.0384,+0,+0,+0,20:06:01 20.03.2020
522,+23.8,+26.3,+23.8,+23.7,+23.9,+23.8,+23.6,+24.4,+24.3,+23.9,+26,FULL,500,0,+0,+0,+0.0165,+0,+0.0384,+0,+0,+0,20:07:01 20.03.2020
523,+23.8,+26.3,+23.8,+23.7,+23.9,+23.8,+23.6,+24.4,+24.3,+24,+26,FULL,500,0,+0,+0,+0.0165,+0,+0.0384,+0,+0,+0,20:08:01 20.03.2020
524,+23.8,+26.3,+23.8,+23.7,+23.9,+23.8,+23.6,+24.4,+24.3,+23.9,+26,FULL,500,1,+0,+0,+0.0165,+0,+0.0384,+0,+0,+0,20:09:01 20.03.2020
525,+23.8,+26.2,+23.8,+23.7,+23.9,+23.8,+23.6,+24.4,+24.3,+24,+26,FULL,500,1,+0,+0,+0.0165,+0,+0.0384,+0,+0,+0,20:10:01 20.03.2020
526,+23.8,+26.2,+23.8,+23.7,+23.9,+23.8,+23.6,+24.4,+24.3,+23.9,+26.1,FULL,499,1,+0,+0,+0.0165,+0,+0.0384,+0,+0,+0,20:11:01 20.03.2020
527,+23.8,+26.2,+23.8,+23.7,+23.9,+23.8,+23.6,+24.4,+24.3,+24,+26,FULL,499,0,+0,+0,+0.0165,+0,+0.0384,+0,+0,+0,20:12:01 20.03.2020
528,+23.8,+26.2,+23.8,+23.7,+23.9,+23.8,+23.6,+24.4,+24.3,+24,+26,FULL,499,0,+0,+0,+0.0165,+0,+0.0384,+0,+0,+0,20:13:01 20.03.2020
529,+23.8,+26.1,+23.8,+23.7,+23.9,+23.8,+23.6,+24.4,+24.3,+23.9,+26,FULL,499,0,+0,+0,+0.0165,+0,+0.0384,+0,+0,+0,20:14:01 20.03.2020
530,+23.8,+26.2,+23.8,+23.7,+23.9,+23.8,+23.6,+24.4,+24.3,+24,+26,FULL,500,1,+0,+0,+0.0165,+0,+0.0384,+0,+0,+0,20:15:01 20.03.2020
531,+23.8,+26.2,+23.8,+23.7,+23.9,+23.8,+23.6,+24.4,+24.3,+23.9,+26,FULL,500,1,+0,+0,+0.0165,+0,+0.0384,+0,+0,+0,20:16:01 20.03.2020
532,+23.8,+26.2,+23.8,+23.7,+23.9,+23.8,+23.6,+24.4,+24.3,+24,+26,FULL,500,1,+0,+0,+0.0165,+0,+0.0384,+0,+0,+0,20:17:01 20.03.2020
533,+23.8,+26.1,+23.8,+23.7,+23.9,+23.8,+23.6,+24.4,+24.3,+24,+26,FULL,499,1,+0,+0,+0.0165,+0,+0.0384,+0,+0,+0,20:18:01 20.03.2020
534,+23.8,+26.1,+23.8,+23.7,+23.9,+23.8,+23.6,+24.4,+24.3,+24,+26,FULL,499,0,+0,+0,+0.0165,+0,+0.0383,+0,+0,+0,20:19:01 20.03.2020
535,+23.8,+26.1,+23.8,+23.7,+23.9,+23.8,+23.6,+24.4,+24.3,+24,+26,FULL,499,0,+0,+0,+0.0165,+0,+0.0384,+0,+0,+0,20:20:01 20.03.2020
536,+23.8,+26.2,+23.8,+23.7,+23.9,+23.8,+23.6,+24.4,+24.3,+24,+26,FULL,499,0,+0,+0,+0.0165,+0,+0.0383,+0,+0,+0,20:21:01 20.03.2020
537,+23.8,+26.1,+23.8,+23.7,+23.9,+23.8,+23.6,+24.4,+24.3,+23.9,+26,FULL,500,1,+0,+0,+0.0165,+0,+0.0384,+0,+0,+0,20:22:01 20.03.2020
538,+23.8,+26.1,+23.8,+23.7,+23.9,+23.8,+23.6,+24.4,+24.3,+24,+26,FULL,500,1,+0,+0,+0.0165,+0,+0.0384,+0,+0,+0,20:23:01 20.03.2020
539,+23.8,+26.1,+23.8,+23.7,+23.9,+23.8,+23.6,+24.4,+24.3,+23.9,+26,FULL,500,1,+0,+0,+0.0165,+0,+0.0383,+0,+0,+0,20:24:01 20.03.2020
540,+23.8,+26.1,+23.8,+23.7,+23.9,+23.8,+23.6,+24.4,+24.3,+24,+26,FULL,499,1,+0,+0,+0.0165,+0,+0.0383,+0,+0,+0,20:25:01 20.03.2020
541,+23.8,+26.2,+23.8,+23.7,+23.9,+23.8,+23.6,+24.4,+24.3,+24,+26.1,FULL,499,0,+0,+0,+0.0165,+0,+0.0384,+0,+0,+0,20:26:01 20.03.2020
542,+23.8,+26.1,+23.8,+23.7,+23.9,+23.8,+23.6,+24.4,+24.3,+24,+26.1,FULL,499,0,+0,+0,+0.0165,+0,+0.0384,+0,+0,+0,20:27:01 20.03.2020
543,+23.8,+26.1,+23.8,+23.7,+23.9,+23.8,+23.6,+24.4,+24.3,+23.9,+26,FULL,499,0,+0,+0,+0.0165,+0,+0.0384,+0,+0,+0,20:28:01 20.03.2020
544,+23.8,+26.1,+23.8,+23.7,+23.9,+23.8,+23.6,+24.4,+24.3,+23.9,+26.1,FULL,500,1,+0,+0,+0.0165,+0,+0.0384,+0,+0,+0,20:29:01 20.03.2020
545,+23.8,+26.2,+23.8,+23.7,+23.9,+23.8,+23.6,+24.4,+24.3,+24,+26,FULL,500,1,+0,+0,+0.0165,+0,+0.0384,+0,+0,+0,20:30:01 20.03.2020
546,+23.8,+26.1,+23.8,+23.7,+23.9,+23.8,+23.6,+24.4,+24.3,+24,+26,FULL,500,1,+0,+0,+0.0165,+0,+0.0384,+0,+0,+0,20:31:01 20.03.2020
547,+23.8,+26.1,+23.8,+23.7,+23.9,+23.8,+23.6,+24.4,+24.3,+23.9,+26.1,FULL,499,1,+0,+0,+0.0165,+0,+0.0384,+0,+0,+0,20:32:01 20.03.2020
548,+23.9,+26.1,+23.8,+23.7,+23.9,+23.8,+23.6,+24.4,+24.3,+24,+26,FULL,499,0,+0,+0,+0.0165,+0,+0.0384,+0,+0,+0,20:33:01 20.03.2020
549,+23.8,+26.1,+23.8,+23.7,+23.9,+23.8,+23.6,+24.4,+24.3,+24,+26.1,FULL,499,0,+0,+0,+0.0165,+0,+0.0384,+0,+0,+0,20:34:01 20.03.2020
550,+23.9,+26.1,+23.8,+23.7,+23.9,+23.8,+23.6,+24.4,+24.3,+24,+26,FULL,500,0,+0,+0,+0.0165,+0,+0.0384,+0,+0,+0,20:35:01 20.03.2020
551,+23.9,+26.1,+23.8,+23.7,+23.9,+23.8,+23.6,+24.4,+24.3,+24,+26.1,FULL,500,1,+0,+0,+0.0165,+0,+0.0384,+0,+0,+0,20:36:01 20.03.2020
552,+23.9,+26.2,+23.8,+23.7,+23.9,+23.8,+23.6,+24.4,+24.3,+24,+26,FULL,500,1,+0,+0,+0.0165,+0,+0.0384,+0,+0,+0,20:37:01 20.03.2020
553,+23.9,+26.2,+23.8,+23.7,+23.9,+23.8,+23.6,+24.4,+24.3,+24,+26,FULL,500,1,+0,+0,+0.0165,+0,+0.0384,+0,+0,+0,20:38:01 20.03.2020
554,+23.9,+26.2,+23.8,+23.7,+23.9,+23.8,+23.6,+24.4,+24.3,+24,+26,FULL,499,1,+0,+0,+0.0165,+0,+0.0384,+0,+0,+0,20:39:01 20.03.2020
555,+23.9,+26.2,+23.8,+23.7,+23.9,+23.8,+23.6,+24.4,+24.3,+24,+26,FULL,499,0,+0,+0,+0.0165,+0,+0.0384,+0,+0,+0,20:40:01 20.03.2020
556,+23.9,+26.2,+23.8,+23.7,+23.9,+23.8,+23.6,+24.4,+24.3,+24,+26,FULL,499,0,+0,+0,+0.0165,+0,+0.0382,+0,+0,+0,20:41:01 20.03.2020
557,+23.9,+26.2,+23.8,+23.7,+23.9,+23.8,+23.6,+24.4,+24.3,+24,+26,FULL,500,0,+0,+0,+0.0165,+0,+0.0384,+0,+0,+0,20:42:01 20.03.2020
558,+23.9,+26.2,+23.8,+23.7,+23.9,+23.8,+23.6,+24.4,+24.3,+23.9,+26.1,FULL,500,1,+0,+0,+0.0165,+0,+0.0384,+0,+0,+0,20:43:01 20.03.2020
559,+23.9,+26.2,+23.8,+23.7,+23.9,+23.8,+23.6,+24.4,+24.3,+24,+26,FULL,500,1,+0,+0,+0.0165,+0,+0.0384,+0,+0,+0,20:44:01 20.03.2020
560,+23.9,+26.2,+23.8,+23.7,+23.9,+23.8,+23.6,+24.4,+24.3,+23.9,+26.1,FULL,500,1,+0,+0,+0.0165,+0,+0.0384,+0,+0,+0,20:45:01 20.03.2020
561,+23.9,+26.2,+23.8,+23.7,+23.9,+23.8,+23.6,+24.4,+24.3,+23.9,+26,FULL,499,1,+0,+0,+0.0165,+0,+0.0384,+0,+0,+0,20:46:01 20.03.2020
562,+23.9,+26.2,+23.8,+23.8,+23.9,+23.8,+23.6,+24.4,+24.3,+23.9,+26,FULL,499,0,+0,+0,+0.0165,+0,+0.0384,+0,+0,+0,20:47:01 20.03.2020
563,+23.9,+26.2,+23.8,+23.8,+23.9,+23.8,+23.6,+24.4,+24.3,+24,+26,FULL,499,0,+0,+0,+0.0165,+0,+0.0384,+0,+0,+0,20:48:01 20.03.2020
564,+23.8,+26.2,+23.8,+23.8,+23.9,+23.8,+23.6,+24.4,+24.3,+24,+26,FULL,500,0,+0,+0,+0.0165,+0,+0.0384,+0,+0,+0,20:49:01 20.03.2020
565,+23.8,+26.3,+23.8,+23.8,+23.9,+23.8,+23.7,+24.4,+24.3,+24,+26,FULL,500,1,+0,+0,+0.0165,+0,+0.0384,+0,+0,+0,20:50:01 20.03.2020
566,+23.8,+26.3,+23.8,+23.8,+23.9,+23.9,+23.7,+24.4,+24.3,+24,+26.2,FULL,500,1,+0,+0,+0.0165,+0,+0.0384,+0,+0,+0,20:51:01 20.03.2020
567,+23.8,+26.3,+23.8,+23.8,+23.9,+23.9,+23.7,+24.4,+24.3,+24,+26.1,FULL,500,1,+0,+0,+0.0165,+0,+0.0384,+0,+0,+0,20:52:01 20.03.2020
568,+23.8,+26.3,+23.8,+23.8,+24,+23.9,+23.7,+24.4,+24.3,+23.9,+26,FULL,499,1,+0,+0,+0.0165,+0,+0.0384,+0,+0,+0,20:53:01 20.03.2020
569,+23.8,+26.3,+23.8,+23.8,+24,+23.9,+23.7,+24.4,+24.3,+23.9,+26,FULL,499,0,+0,+0,+0.0165,+0,+0.0384,+0,+0,+0,20:54:01 20.03.2020
570,+23.8,+26.3,+23.8,+23.8,+24,+23.9,+23.7,+24.4,+24.3,+24,+26,FULL,499,0,+0,+0,+0.0165,+0,+0.0386,+0,+0,+0,20:55:01 20.03.2020
571,+23.8,+26.3,+23.8,+23.8,+24,+23.9,+23.7,+24.4,+24.3,+24,+26,FULL,500,0,+0,+0,+0.0165,+0,+0.0386,+0,+0,+0,20:56:01 20.03.2020
572,+23.8,+26.3,+23.8,+23.8,+24,+23.9,+23.7,+24.4,+24.3,+24,+26,FULL,500,1,+0,+0,+0.0165,+0,+0.0386,+0,+0,+0,20:57:01 20.03.2020
573,+23.8,+26.3,+23.8,+23.8,+24,+23.8,+23.7,+24.4,+24.3,+24,+26,FULL,500,1,+0,+0,+0.0165,+0,+0.0384,+0,+0,+0,20:58:01 20.03.2020
574,+23.8,+26.3,+23.8,+23.8,+24,+23.8,+23.7,+24.4,+24.3,+24,+26.1,FULL,500,1,+0,+0,+0.0165,+0,+0.0384,+0,+0,+0,20:59:01 20.03.2020
575,+23.8,+26.3,+23.8,+23.8,+24,+23.8,+23.7,+24.4,+24.3,+23.9,+26,FULL,499,0,+0,+0,+0.0165,+0,+0.0384,+0,+0,+0,21:00:01 20.03.2020
576,+23.8,+26.4,+23.8,+23.8,+24,+23.8,+23.7,+24.4,+24.3,+23.9,+26.1,FULL,499,0,+0,+0,+0.0165,+0,+0.0384,+0,+0,+0,21:01:01 20.03.2020
577,+23.8,+26.2,+23.8,+23.8,+24,+23.8,+23.7,+24.4,+24.3,+24,+26,FULL,499,0,+0,+0,+0.0165,+0,+0.0384,+0,+0,+0,21:02:01 20.03.2020
578,+23.8,+26.2,+23.8,+23.8,+24,+23.8,+23.7,+24.4,+24.3,+24,+26,FULL,500,0,+0,+0,+0.0165,+0,+0.0384,+0,+0,+0,21:03:01 20.03.2020
579,+23.8,+26.2,+23.8,+23.8,+24,+23.8,+23.7,+24.4,+24.3,+24,+26,FULL,500,1,+0,+0,+0.0165,+0,+0.0384,+0,+0,+0,21:04:01 20.03.2020
580,+23.8,+26.3,+23.8,+23.8,+24,+23.8,+23.7,+24.4,+24.3,+23.9,+26,FULL,500,1,+0,+0,+0.0165,+0,+0.0386,+0,+0,+0,21:05:01 20.03.2020
581,+23.8,+26.2,+23.8,+23.8,+24,+23.8,+23.7,+24.4,+24.3,+24,+26,FULL,499,1,+0,+0,+0.0165,+0,+0.0384,+0,+0,+0,21:06:01 20.03.2020
582,+23.8,+26.2,+23.8,+23.8,+24,+23.8,+23.7,+24.4,+24.3,+24,+26,FULL,499,0,+0,+0,+0.0165,+0,+0.0384,+0,+0,+0,21:07:01 20.03.2020
583,+23.7,+26.1,+23.8,+23.8,+24,+23.8,+23.7,+24.4,+24.3,+23.9,+26.1,FULL,499,0,+0,+0,+0.0165,+0,+0.0386,+0,+0,+0,21:08:01 20.03.2020
584,+23.7,+26.2,+23.8,+23.8,+24,+23.8,+23.7,+24.4,+24.3,+23.9,+26.1,FULL,499,0,+0,+0,+0.0165,+0,+0.0386,+0,+0,+0,21:09:01 20.03.2020
585,+23.7,+26.2,+23.8,+23.8,+24,+23.9,+23.7,+24.4,+24.3,+23.9,+26.1,FULL,500,0,+0,+0,+0.0165,+0,+0.0386,+0,+0,+0,21:10:01 20.03.2020
586,+23.7,+26.1,+23.8,+23.8,+24,+23.8,+23.7,+24.4,+24.3,+23.9,+26,FULL,500,1,+0,+0,+0.0165,+0,+0.0385,+0,+0,+0,21:11:01 20.03.2020
587,+23.7,+26.1,+23.8,+23.8,+24,+23.8,+23.7,+24.3,+24.3,+23.9,+26.2,FULL,500,1,+0,+0,+0.0165,+0,+0.0386,+0,+0,+0,21:12:01 20.03.2020
588,+23.7,+26.1,+23.8,+23.8,+24,+23.9,+23.7,+24.4,+24.3,+23.9,+26.2,FULL,500,1,+0,+0,+0.0165,+0,+0.0386,+0,+0,+0,21:13:01 20.03.2020
589,+23.7,+26.2,+23.8,+23.8,+24,+23.9,+23.7,+24.3,+24.3,+23.9,+26,FULL,499,0,+0,+0,+0.0165,+0,+0.0386,+0,+0,+0,21:14:01 20.03.2020
590,+23.7,+26.1,+23.8,+23.8,+24,+23.9,+23.7,+24.3,+24.3,+24,+26,FULL,499,0,+0,+0,+0.0165,+0,+0.0386,+0,+0,+0,21:15:01 20.03.2020
591,+23.7,+26.1,+23.8,+23.8,+24,+23.9,+23.7,+24.4,+24.3,+24,+26,FULL,499,0,+0,+0,+0.0165,+0,+0.0386,+0,+0,+0,21:16:01 20.03.2020
592,+23.7,+26.1,+23.8,+23.8,+24,+23.9,+23.7,+24.3,+24.3,+24,+26,FULL,500,1,+0,+0,+0.0165,+0,+0.0386,+0,+0,+0,21:17:01 20.03.2020
593,+23.7,+26.2,+23.8,+23.8,+24,+23.9,+23.7,+24.3,+24.3,+24,+26,FULL,500,1,+0,+0,+0.0165,+0,+0.0386,+0,+0,+0,21:18:01 20.03.2020
594,+23.7,+26.1,+23.8,+23.8,+24,+23.9,+23.7,+24.4,+24.3,+24,+26,FULL,500,1,+0,+0,+0.0165,+0,+0.0386,+0,+0,+0,21:19:01 20.03.2020
595,+23.7,+26.1,+23.8,+23.8,+24,+23.9,+23.7,+24.4,+24.3,+24,+26,FULL,500,1,+0,+0,+0.0165,+0,+0.0386,+0,+0,+0,21:20:01 20.03.2020
596,+23.7,+26.1,+23.8,+23.8,+24,+23.9,+23.7,+24.4,+24.3,+24,+26,FULL,499,1,+0,+0,+0.0165,+0,+0.0386,+0,+0,+0,21:21:01 20.03.2020
597,+23.7,+26.1,+23.8,+23.8,+24,+23.9,+23.7,+24.4,+24.3,+24,+26,FULL,499,0,+0,+0,+0.0165,+0,+0.0387,+0,+0,+0,21:22:01 20.03.2020
598,+23.7,+26.1,+23.8,+23.8,+24,+23.9,+23.7,+24.4,+24.3,+24.1,+26.1,FULL,500,0,+0,+0,+0.0165,+0,+0.0386,+0,+0,+0,21:23:01 20.03.2020
599,+23.7,+26.1,+23.8,+23.8,+24,+23.9,+23.7,+24.4,+24.3,+24.1,+26,FULL,500,0,+0,+0,+0.0165,+0,+0.0386,+0,+0,+0,21:24:01 20.03.2020
600,+23.7,+26.1,+23.8,+23.8,+24,+23.9,+23.7,+24.4,+24.3,+24,+26,FULL,500,1,+0,+0,+0.0165,+0,+0.0386,+0,+0,+0,21:25:01 20.03.2020
601,+23.6,+26.1,+23.8,+23.8,+24,+23.9,+23.7,+24.4,+24.3,+24,+26.1,FULL,500,1,+0,+0,+0.0165,+0,+0.0386,+0,+0,+0,21:26:01 20.03.2020
602,+23.6,+26.1,+23.8,+23.8,+24,+23.9,+23.7,+24.3,+24.3,+24.1,+26,FULL,500,1,+0,+0,+0.0165,+0,+0.0386,+0,+0,+0,21:27:01 20.03.2020
603,+23.6,+26.2,+23.8,+23.8,+24,+23.9,+23.7,+24.4,+24.3,+24.1,+26.1,FULL,499,1,+0,+0,+0.0165,+0,+0.0386,+0,+0,+0,21:28:01 20.03.2020
604,+23.6,+26.2,+23.8,+23.8,+24,+23.9,+23.7,+24.4,+24.3,+24.1,+26,FULL,499,0,+0,+0,+0.0165,+0,+0.0386,+0,+0,+0,21:29:01 20.03.2020
605,+23.6,+26.2,+23.8,+23.8,+24,+23.9,+23.7,+24.4,+24.3,+24.1,+26,FULL,499,0,+0,+0,+0.0165,+0,+0.0386,+0,+0,+0,21:30:01 20.03.2020
606,+23.6,+26.2,+23.8,+23.8,+24,+23.9,+23.7,+24.4,+24.3,+24.1,+26,FULL,500,1,+0,+0,+0.0165,+0,+0.0386,+0,+0,+0,21:31:01 20.03.2020
607,+23.6,+26.2,+23.8,+23.8,+24,+23.9,+23.7,+24.4,+24.3,+24.1,+26.1,FULL,500,1,+0,+0,+0.0165,+0,+0.0386,+0,+0,+0,21:32:01 20.03.2020
608,+23.6,+26.2,+23.8,+23.8,+24,+23.9,+23.7,+24.4,+24.3,+24.1,+26,FULL,500,1,+0,+0,+0.0165,+0,+0.0386,+0,+0,+0,21:33:01 20.03.2020
609,+23.6,+26.2,+23.8,+23.8,+24,+23.9,+23.7,+24.4,+24.3,+24.1,+26.2,FULL,499,1,+0,+0,+0.0165,+0,+0.0386,+0,+0,+0,21:34:01 20.03.2020
610,+23.6,+26.2,+23.8,+23.8,+24,+23.9,+23.7,+24.4,+24.3,+24.1,+26.1,FULL,499,1,+0,+0,+0.0165,+0,+0.0386,+0,+0,+0,21:35:01 20.03.2020
611,+23.6,+26.2,+23.8,+23.8,+24,+23.9,+23.7,+24.4,+24.3,+24.1,+26,FULL,499,0,+0,+0,+0.0165,+0,+0.0386,+0,+0,+0,21:36:01 20.03.2020
612,+23.6,+26.2,+23.8,+23.8,+24,+23.9,+23.7,+24.4,+24.3,+24.1,+26.1,FULL,499,0,+0,+0,+0.0165,+0,+0.0386,+0,+0,+0,21:37:01 20.03.2020
613,+23.6,+26.2,+23.8,+23.8,+24,+23.9,+23.7,+24.4,+24.3,+24.1,+26.1,FULL,500,1,+0,+0,+0.0165,+0,+0.0386,+0,+0,+0,21:38:01 20.03.2020
614,+23.6,+26.2,+23.8,+23.8,+24,+23.9,+23.7,+24.4,+24.3,+24.1,+26,FULL,500,1,+0,+0,+0.0165,+0,+0.0386,+0,+0,+0,21:39:01 20.03.2020
615,+23.6,+26.2,+23.8,+23.8,+24,+23.9,+23.7,+24.4,+24.3,+24.1,+26,FULL,500,1,+0,+0,+0.0165,+0,+0.0386,+0,+0,+0,21:40:01 20.03.2020
616,+23.6,+26.2,+23.8,+23.8,+24,+23.9,+23.7,+24.4,+24.3,+24.1,+26,FULL,499,1,+0,+0,+0.0165,+0,+0.0386,+0,+0,+0,21:41:01 20.03.2020
617,+23.6,+26.3,+23.8,+23.8,+24,+23.9,+23.7,+24.4,+24.3,+24.1,+26,FULL,499,0,+0,+0,+0.0165,+0,+0.0386,+0,+0,+0,21:42:01 20.03.2020
618,+23.6,+26.3,+23.8,+23.8,+24,+23.9,+23.7,+24.3,+24.3,+24.1,+26.1,FULL,499,0,+0,+0,+0.0165,+0,+0.0386,+0,+0,+0,21:43:01 20.03.2020
619,+23.6,+26.3,+23.8,+23.8,+24,+23.9,+23.7,+24.4,+24.3,+24.1,+26,FULL,499,0,+0,+0,+0.0165,+0,+0.0386,+0,+0,+0,21:44:01 20.03.2020
620,+23.6,+26.3,+23.8,+23.8,+24,+23.9,+23.7,+24.4,+24.3,+24.1,+26,FULL,500,0,+0,+0,+0.0165,+0,+0.0386,+0,+0,+0,21:45:01 20.03.2020
621,+23.6,+26.3,+23.8,+23.8,+24,+23.9,+23.7,+24.4,+24.3,+24.1,+26.1,FULL,500,1,+0,+0,+0.0165,+0,+0.0386,+0,+0,+0,21:46:01 20.03.2020
622,+23.6,+26.3,+23.8,+23.8,+24,+23.9,+23.7,+24.4,+24.3,+24.1,+26.2,FULL,500,1,+0,+0,+0.0165,+0,+0.0386,+0,+0,+0,21:47:01 20.03.2020
623,+23.6,+26.3,+23.8,+23.8,+24,+23.9,+23.7,+24.4,+24.3,+24.1,+26,FULL,499,1,+0,+0,+0.0165,+0,+0.0386,+0,+0,+0,21:48:01 20.03.2020
624,+23.6,+26.3,+23.8,+23.8,+24,+23.9,+23.7,+24.4,+24.3,+24.1,+26,FULL,499,0,+0,+0,+0.0165,+0,+0.0386,+0,+0,+0,21:49:01 20.03.2020
625,+23.6,+26.3,+23.8,+23.8,+24,+23.9,+23.7,+24.4,+24.3,+24.1,+26,FULL,499,0,+0,+0,+0.0165,+0,+0.0386,+0,+0,+0,21:50:01 20.03.2020
626,+23.6,+26.3,+23.8,+23.8,+24,+23.9,+23.7,+24.4,+24.3,+24.1,+26.1,FULL,500,0,+0,+0,+0.0165,+0,+0.0386,+0,+0,+0,21:51:01 20.03.2020
627,+23.6,+26.3,+23.8,+23.8,+24,+23.9,+23.7,+24.4,+24.3,+24.1,+26,FULL,500,1,+0,+0,+0.0165,+0,+0.0387,+0,+0,+0,21:52:01 20.03.2020
628,+23.5,+26.3,+23.8,+23.8,+24,+23.9,+23.7,+24.4,+24.3,+24.1,+26,FULL,500,1,+0,+0,+0.0165,+0,+0.0387,+0,+0,+0,21:53:01 20.03.2020
629,+23.5,+26.2,+23.8,+23.8,+24,+23.9,+23.7,+24.4,+24.3,+24.1,+26.1,FULL,500,1,+0,+0,+0.0165,+0,+0.0386,+0,+0,+0,21:54:01 20.03.2020
630,+23.5,+26.2,+23.8,+23.8,+24,+23.9,+23.7,+24.4,+24.3,+24.1,+26,FULL,499,1,+0,+0,+0.0165,+0,+0.0386,+0,+0,+0,21:55:01 20.03.2020
631,+23.5,+26.2,+23.8,+23.8,+24,+23.9,+23.7,+24.4,+24.3,+24.1,+26.2,FULL,499,1,+0,+0,+0.0165,+0,+0.0387,+0,+0,+0,21:56:01 20.03.2020
632,+23.5,+26.2,+23.8,+23.8,+24,+23.9,+23.7,+24.4,+24.3,+24.1,+26.1,FULL,499,0,+0,+0,+0.0165,+0,+0.0387,+0,+0,+0,21:57:01 20.03.2020
633,+23.5,+26.2,+23.8,+23.8,+24,+23.9,+23.7,+24.4,+24.3,+24.1,+26.1,FULL,500,0,+0,+0,+0.0165,+0,+0.0387,+0,+0,+0,21:58:01 20.03.2020
634,+23.5,+26.1,+23.8,+23.8,+24,+23.9,+23.7,+24.4,+24.3,+24.1,+26.1,FULL,500,1,+0,+0,+0.0165,+0,+0.0386,+0,+0,+0,21:59:01 20.03.2020
635,+23.5,+26.1,+23.8,+23.8,+24,+23.9,+23.7,+24.4,+24.3,+24.1,+26.1,FULL,500,1,+0,+0,+0.0165,+0,+0.0387,+0,+0,+0,22:00:01 20.03.2020
636,+23.5,+26.2,+23.8,+23.8,+24,+23.9,+23.7,+24.4,+24.3,+24.1,+26.2,FULL,500,1,+0,+0,+0.0165,+0,+0.0387,+0,+0,+0,22:01:01 20.03.2020
637,+23.5,+26.2,+23.8,+23.8,+24,+23.9,+23.7,+24.4,+24.3,+24.1,+26,FULL,499,1,+0,+0,+0.0165,+0,+0.0387,+0,+0,+0,22:02:01 20.03.2020
638,+23.5,+26.1,+23.8,+23.8,+24,+23.9,+23.7,+24.4,+24.3,+24.1,+26.1,FULL,499,0,+0,+0,+0.0165,+0,+0.0387,+0,+0,+0,22:03:01 20.03.2020
639,+23.5,+26.1,+23.8,+23.8,+24,+23.9,+23.7,+24.3,+24.3,+24.1,+26,FULL,499,0,+0,+0,+0.0165,+0,+0.0387,+0,+0,+0,22:04:01 20.03.2020
640,+23.5,+26.1,+23.8,+23.8,+24,+23.9,+23.7,+24.4,+24.3,+24.1,+26,FULL,500,0,+0,+0,+0.0165,+0,+0.0387,+0,+0,+0,22:05:01 20.03.2020
641,+23.5,+26.2,+23.8,+23.8,+24,+23.9,+23.7,+24.3,+24.3,+24.1,+26,FULL,500,1,+0,+0,+0.0165,+0,+0.0387,+0,+0,+0,22:06:01 20.03.2020
642,+23.5,+26.1,+23.8,+23.8,+24,+23.9,+23.7,+24.4,+24.3,+24.1,+26,FULL,500,1,+0,+0,+0.0165,+0,+0.0387,+0,+0,+0,22:07:01 20.03.2020
643,+23.5,+26.1,+23.8,+23.8,+24,+23.9,+23.7,+24.4,+24.3,+24.1,+26,FULL,500,1,+0,+0,+0.0165,+0,+0.0387,+0,+0,+0,22:08:01 20.03.2020
644,+23.5,+26.1,+23.8,+23.8,+24,+23.9,+23.7,+24.4,+24.3,+24.1,+26.1,FULL,499,1,+0,+0,+0.0165,+0,+0.0387,+0,+0,+0,22:09:01 20.03.2020
645,+23.5,+26.1,+23.8,+23.8,+24,+23.9,+23.7,+24.4,+24.3,+24.1,+26,FULL,499,0,+0,+0,+0.0165,+0,+0.0387,+0,+0,+0,22:10:01 20.03.2020
646,+23.4,+26.1,+23.8,+23.8,+24,+23.9,+23.8,+24.4,+24.3,+24.1,+26,FULL,499,0,+0,+0,+0.0165,+0,+0.0387,+0,+0,+0,22:11:01 20.03.2020
647,+23.4,+26.1,+23.8,+23.8,+24,+23.9,+23.7,+24.4,+24.3,+24.1,+26,FULL,500,1,+0,+0,+0.0165,+0,+0.0387,+0,+0,+0,22:12:01 20.03.2020
648,+23.4,+26.1,+23.8,+23.8,+24,+23.9,+23.7,+24.4,+24.3,+24.1,+26,FULL,500,1,+0,+0,+0.0165,+0,+0.0387,+0,+0,+0,22:13:01 20.03.2020
649,+23.4,+26.1,+23.8,+23.8,+24,+23.9,+23.8,+24.3,+24.3,+24.1,+26,FULL,500,1,+0,+0,+0.0165,+0,+0.0387,+0,+0,+0,22:14:01 20.03.2020
650,+23.4,+26.2,+23.9,+23.8,+24,+23.9,+23.8,+24.4,+24.3,+24.1,+26,FULL,499,1,+0,+0,+0.0165,+0,+0.0387,+0,+0,+0,22:15:01 20.03.2020
651,+23.4,+26.1,+23.8,+23.8,+24,+23.9,+23.8,+24.4,+24.3,+24.1,+26,FULL,499,1,+0,+0,+0.0165,+0,+0.0387,+0,+0,+0,22:16:01 20.03.2020
652,+23.4,+26.1,+23.8,+23.8,+24,+23.9,+23.8,+24.4,+24.3,+24.1,+26.1,FULL,499,1,+0,+0,+0.0165,+0,+0.0387,+0,+0,+0,22:17:01 20.03.2020
653,+23.4,+26.1,+23.8,+23.8,+24,+23.9,+23.8,+24.4,+24.3,+24.1,+26,FULL,499,0,+0,+0,+0.0165,+0,+0.0386,+0,+0,+0,22:18:01 20.03.2020
654,+23.4,+26.1,+23.8,+23.8,+24,+23.9,+23.8,+24.4,+24.3,+24.1,+26,FULL,500,1,+0,+0,+0.0165,+0,+0.0386,+0,+0,+0,22:19:01 20.03.2020
655,+23.4,+26.1,+23.8,+23.8,+24,+23.9,+23.8,+24.4,+24.3,+24.1,+26.2,FULL,500,1,+0,+0,+0.0165,+0,+0.0386,+0,+0,+0,22:20:01 20.03.2020
656,+23.4,+26.2,+23.9,+23.8,+24,+23.9,+23.8,+24.4,+24.3,+24.1,+26,FULL,500,1,+0,+0,+0.0165,+0,+0.0386,+0,+0,+0,22:21:01 20.03.2020
657,+23.4,+26.2,+23.8,+23.8,+24,+23.9,+23.8,+24.4,+24.3,+24.1,+26,FULL,499,1,+0,+0,+0.0165,+0,+0.0386,+0,+0,+0,22:22:01 20.03.2020
658,+23.4,+26.2,+23.8,+23.8,+24,+23.9,+23.8,+24.4,+24.3,+24.1,+26,FULL,499,1,+0,+0,+0.0165,+0,+0.0386,+0,+0,+0,22:23:01 20.03.2020
659,+23.4,+26.2,+23.8,+23.8,+24,+23.9,+23.8,+24.4,+24.3,+24.1,+26,FULL,499,0,+0,+0,+0.0165,+0,+0.0386,+0,+0,+0,22:24:01 20.03.2020
660,+23.4,+26.2,+23.9,+23.8,+24,+23.9,+23.8,+24.4,+24.3,+24.1,+26.1,FULL,499,0,+0,+0,+0.0165,+0,+0.0386,+0,+0,+0,22:25:01 20.03.2020
661,+23.4,+26.2,+23.8,+23.8,+24,+23.9,+23.8,+24.4,+24.3,+24.1,+26,FULL,500,1,+0,+0,+0.0165,+0,+0.0386,+0,+0,+0,22:26:01 20.03.2020
662,+23.4,+26.2,+23.9,+23.8,+24,+23.9,+23.8,+24.4,+24.3,+24.1,+26,FULL,500,1,+0,+0,+0.0165,+0,+0.0386,+0,+0,+0,22:27:01 20.03.2020
663,+23.4,+26.2,+23.9,+23.8,+24,+23.9,+23.8,+24.4,+24.3,+24.1,+26.1,FULL,500,1,+0,+0,+0.0165,+0,+0.0386,+0,+0,+0,22:28:01 20.03.2020
664,+23.4,+26.3,+23.9,+23.8,+24,+23.9,+23.8,+24.4,+24.3,+24.1,+26,FULL,500,1,+0,+0,+0.0165,+0,+0.0386,+0,+0,+0,22:29:01 20.03.2020
665,+23.4,+26.3,+23.9,+23.8,+24,+23.9,+23.8,+24.4,+24.3,+24.1,+26,FULL,499,1,+0,+0,+0.0165,+0,+0.0386,+0,+0,+0,22:30:01 20.03.2020
666,+23.4,+26.3,+23.9,+23.8,+24,+23.9,+23.8,+24.4,+24.3,+24.1,+26,FULL,499,0,+0,+0,+0.0165,+0,+0.0386,+0,+0,+0,22:31:01 20.03.2020
667,+23.4,+26.3,+23.9,+23.8,+24,+23.9,+23.8,+24.4,+24.3,+24.1,+26,FULL,499,1,+0,+0,+0.0165,+0,+0.0386,+0,+0,+0,22:32:01 20.03.2020
668,+23.3,+26.3,+23.9,+23.8,+24,+23.9,+23.8,+24.4,+24.3,+24.1,+26,FULL,500,1,+0,+0,+0.0165,+0,+0.0386,+0,+0,+0,22:33:01 20.03.2020
669,+23.3,+26.3,+23.9,+23.8,+24,+23.9,+23.8,+24.4,+24.3,+24.1,+26.1,FULL,500,1,+0,+0,+0.0165,+0,+0.0386,+0,+0,+0,22:34:01 20.03.2020
670,+23.3,+26.3,+23.9,+23.8,+24.1,+23.9,+23.8,+24.4,+24.3,+24.1,+26,FULL,500,1,+0,+0,+0.0165,+0,+0.0386,+0,+0,+0,22:35:01 20.03.2020
671,+23.3,+26.3,+23.9,+23.8,+24.1,+23.9,+23.8,+24.4,+24.3,+24.1,+26.1,FULL,499,1,+0,+0,+0.0165,+0,+0.0386,+0,+0,+0,22:36:01 20.03.2020
672,+23.3,+26.3,+23.9,+23.8,+24.1,+23.9,+23.8,+24.4,+24.3,+24.1,+26,FULL,499,1,+0,+0,+0.0165,+0,+0.0386,+0,+0,+0,22:37:01 20.03.2020
673,+23.3,+26.3,+23.9,+23.8,+24.1,+23.9,+23.8,+24.4,+24.3,+24.1,+26,FULL,499,0,+0,+0,+0.0165,+0,+0.0386,+0,+0,+0,22:38:01 20.03.2020
674,+23.3,+26.3,+23.9,+23.8,+24.1,+23.9,+23.8,+24.4,+24.3,+24.1,+26,FULL,499,0,+0,+0,+0.0165,+0,+0.0386,+0,+0,+0,22:39:01 20.03.2020
675,+23.3,+26.3,+23.9,+23.8,+24.1,+23.9,+23.8,+24.4,+24.3,+24.1,+26,FULL,500,1,+0,+0,+0.0165,+0,+0.0386,+0,+0,+0,22:40:01 20.03.2020
676,+23.3,+26.3,+23.9,+23.8,+24.1,+23.9,+23.8,+24.4,+24.3,+24.1,+26,FULL,500,1,+0,+0,+0.0165,+0,+0.0387,+0,+0,+0,22:41:01 20.03.2020
677,+23.3,+26.3,+23.9,+23.8,+24.1,+23.9,+23.8,+24.4,+24.3,+24.1,+26,FULL,500,1,+0,+0,+0.0165,+0,+0.0386,+0,+0,+0,22:42:01 20.03.2020
678,+23.3,+26.3,+23.9,+23.8,+24.1,+23.9,+23.8,+24.4,+24.3,+24.1,+26,FULL,499,1,+0,+0,+0.0165,+0,+0.0386,+0,+0,+0,22:43:01 20.03.2020
679,+23.3,+26.3,+23.9,+23.8,+24.1,+23.9,+23.8,+24.4,+24.3,+24.1,+26.1,FULL,499,1,+0,+0,+0.0165,+0,+0.0387,+0,+0,+0,22:44:01 20.03.2020
680,+23.3,+26.3,+23.9,+23.8,+24.1,+23.9,+23.8,+24.4,+24.3,+24.1,+26,FULL,499,0,+0,+0,+0.0165,+0,+0.0387,+0,+0,+0,22:45:01 20.03.2020
681,+23.3,+26.3,+23.9,+23.8,+24.1,+23.9,+23.8,+24.4,+24.3,+24.1,+26.1,FULL,499,1,+0,+0,+0.0165,+0,+0.0387,+0,+0,+0,22:46:01 20.03.2020
682,+23.3,+26.2,+23.9,+23.8,+24.1,+23.9,+23.8,+24.4,+24.3,+24.1,+26,FULL,500,1,+0,+0,+0.0165,+0,+0.0386,+0,+0,+0,22:47:01 20.03.2020
683,+23.3,+26.2,+23.9,+23.8,+24.1,+23.9,+23.8,+24.4,+24.3,+24.1,+26.2,FULL,500,1,+0,+0,+0.0165,+0,+0.0387,+0,+0,+0,22:48:01 20.03.2020
684,+23.3,+26.2,+23.9,+23.8,+24.1,+23.9,+23.8,+24.4,+24.3,+24.1,+26,FULL,500,1,+0,+0,+0.0165,+0,+0.0387,+0,+0,+0,22:49:01 20.03.2020
685,+23.3,+26.3,+23.9,+23.8,+24.1,+24,+23.8,+24.4,+24.3,+24.1,+26,FULL,499,1,+0,+0,+0.0165,+0,+0.0387,+0,+0,+0,22:50:01 20.03.2020
686,+23.3,+26.2,+23.9,+23.8,+24.1,+24,+23.8,+24.4,+24.3,+24.1,+26,FULL,499,1,+0,+0,+0.0165,+0,+0.0387,+0,+0,+0,22:51:01 20.03.2020
687,+23.3,+26.2,+23.9,+23.8,+24.1,+23.9,+23.8,+24.4,+24.3,+24.1,+26.1,FULL,499,0,+0,+0,+0.0165,+0,+0.0387,+0,+0,+0,22:52:01 20.03.2020
688,+23.3,+26.2,+23.9,+23.8,+24.1,+23.9,+23.8,+24.4,+24.3,+24.1,+26.1,FULL,499,1,+0,+0,+0.0165,+0,+0.0387,+0,+0,+0,22:53:01 20.03.2020
689,+23.3,+26.2,+23.9,+23.8,+24.1,+24,+23.8,+24.4,+24.3,+24.1,+26,FULL,500,1,+0,+0,+0.0165,+0,+0.0387,+0,+0,+0,22:54:01 20.03.2020
690,+23.3,+26.2,+23.9,+23.8,+24.1,+24,+23.8,+24.4,+24.3,+24.1,+26,FULL,500,1,+0,+0,+0.0165,+0,+0.0387,+0,+0,+0,22:55:01 20.03.2020
691,+23.3,+26.1,+23.9,+23.8,+24.1,+23.9,+23.8,+24.4,+24.3,+24.1,+26.1,FULL,500,1,+0,+0,+0.0165,+0,+0.0387,+0,+0,+0,22:56:01 20.03.2020
692,+23.3,+26.1,+23.9,+23.8,+24.1,+23.9,+23.8,+24.4,+24.3,+24.1,+26.1,FULL,499,1,+0,+0,+0.0165,+0,+0.0387,+0,+0,+0,22:57:01 20.03.2020
693,+23.3,+26.2,+23.9,+23.8,+24.1,+24,+23.8,+24.4,+24.3,+24.1,+26,FULL,499,0,+0,+0,+0.0165,+0,+0.0387,+0,+0,+0,22:58:01 20.03.2020
694,+23.3,+26.2,+23.9,+23.8,+24.1,+24,+23.8,+24.4,+24.3,+24.1,+26,FULL,499,0,+0,+0,+0.0165,+0,+0.0387,+0,+0,+0,22:59:01 20.03.2020
695,+23.3,+26.1,+23.9,+23.8,+24.1,+24,+23.8,+24.4,+24.3,+24.1,+26,FULL,499,0,+0,+0,+0.0165,+0,+0.0387,+0,+0,+0,23:00:01 20.03.2020
696,+23.3,+26.1,+23.9,+23.8,+24.1,+23.9,+23.8,+24.4,+24.3,+24.1,+26,FULL,500,1,+0,+0,+0.0165,+0,+0.0387,+0,+0,+0,23:01:01 20.03.2020
697,+23.3,+26.1,+23.9,+23.8,+24.1,+24,+23.8,+24.4,+24.3,+24.1,+26,FULL,500,1,+0,+0,+0.0165,+0,+0.0387,+0,+0,+0,23:02:01 20.03.2020
698,+23.3,+26.2,+23.9,+23.8,+24.1,+24,+23.8,+24.4,+24.3,+24.1,+26.1,FULL,500,1,+0,+0,+0.0165,+0,+0.0387,+0,+0,+0,23:03:01 20.03.2020
699,+23.3,+26.1,+23.9,+23.8,+24.1,+24,+23.8,+24.4,+24.3,+24.1,+26,FULL,499,1,+0,+0,+0.0165,+0,+0.0387,+0,+0,+0,23:04:01 20.03.2020
700,+23.3,+26.1,+23.9,+23.8,+24.1,+23.9,+23.8,+24.4,+24.3,+24.1,+26,FULL,499,1,+0,+0,+0.0165,+0,+0.0387,+0,+0,+0,23:05:01 20.03.2020
701,+23.3,+26.1,+23.9,+23.8,+24.1,+24,+23.8,+24.4,+24.3,+24.1,+26,FULL,499,0,+0,+0,+0.0165,+0,+0.0387,+0,+0,+0,23:06:01 20.03.2020
702,+23.2,+26.1,+23.9,+23.8,+24.1,+24,+23.8,+24.4,+24.3,+24.1,+26,FULL,500,1,+0,+0,+0.0165,+0,+0.0387,+0,+0,+0,23:07:01 20.03.2020
703,+23.2,+26.1,+23.9,+23.8,+24.1,+24,+23.8,+24.4,+24.3,+24.1,+26.1,FULL,500,1,+0,+0,+0.0165,+0,+0.0387,+0,+0,+0,23:08:01 20.03.2020
704,+23.2,+26.1,+23.9,+23.8,+24.1,+24,+23.8,+24.4,+24.3,+24.1,+26,FULL,500,1,+0,+0,+0.0165,+0,+0.0387,+0,+0,+0,23:09:01 20.03.2020
705,+23.2,+26.1,+23.9,+23.8,+24.1,+24,+23.8,+24.4,+24.3,+24.1,+26,FULL,500,1,+0,+0,+0.0165,+0,+0.0387,+0,+0,+0,23:10:01 20.03.2020
706,+23.2,+26.1,+23.9,+23.8,+24.1,+24,+23.8,+24.4,+24.3,+24.1,+26,FULL,500,1,+0,+0,+0.0165,+0,+0.0387,+0,+0,+0,23:11:01 20.03.2020
707,+23.2,+26.1,+23.9,+23.8,+24.1,+23.9,+23.8,+24.4,+24.3,+24.1,+26,FULL,499,1,+0,+0,+0.0165,+0,+0.0386,+0,+0,+0,23:12:01 20.03.2020
708,+23.2,+26.2,+23.9,+23.8,+24.1,+24,+23.8,+24.4,+24.3,+24.1,+26,FULL,499,0,+0,+0,+0.0165,+0,+0.0387,+0,+0,+0,23:13:01 20.03.2020
709,+23.2,+26.2,+23.9,+23.8,+24.1,+24,+23.8,+24.4,+24.3,+24.1,+26.1,FULL,500,1,+0,+0,+0.0165,+0,+0.0386,+0,+0,+0,23:14:01 20.03.2020
710,+23.2,+26.2,+23.9,+23.8,+24.1,+23.9,+23.8,+24.4,+24.3,+24.1,+26,FULL,500,1,+0,+0,+0.0165,+0,+0.0386,+0,+0,+0,23:15:01 20.03.2020
711,+23.2,+26.2,+23.9,+23.8,+24.1,+23.9,+23.8,+24.4,+24.3,+24.1,+26,FULL,500,1,+0,+0,+0.0165,+0,+0.0386,+0,+0,+0,23:16:01 20.03.2020
712,+23.2,+26.2,+23.9,+23.8,+24.1,+23.9,+23.8,+24.4,+24.3,+24.1,+26,FULL,500,1,+0,+0,+0.0165,+0,+0.0386,+0,+0,+0,23:17:01 20.03.2020
713,+23.2,+26.2,+23.9,+23.8,+24.1,+23.9,+23.8,+24.4,+24.3,+24.1,+26.1,FULL,499,1,+0,+0,+0.0165,+0,+0.0386,+0,+0,+0,23:18:01 20.03.2020
714,+23.2,+26.2,+23.9,+23.8,+24.1,+23.9,+23.8,+24.4,+24.3,+24.1,+26,FULL,499,1,+0,+0,+0.0165,+0,+0.0386,+0,+0,+0,23:19:01 20.03.2020
715,+23.2,+26.2,+23.9,+23.8,+24.1,+23.9,+23.8,+24.4,+24.3,+24.1,+26,FULL,499,0,+0,+0,+0.0165,+0,+0.0386,+0,+0,+0,23:20:01 20.03.2020
716,+23.2,+26.2,+23.9,+23.8,+24.1,+23.9,+23.8,+24.4,+24.3,+24.1,+26,FULL,500,1,+0,+0,+0.0165,+0,+0.0386,+0,+0,+0,23:21:01 20.03.2020
717,+23.2,+26.2,+23.9,+23.8,+24.1,+23.9,+23.8,+24.4,+24.3,+24.1,+26,FULL,500,1,+0,+0,+0.0165,+0,+0.0386,+0,+0,+0,23:22:01 20.03.2020
718,+23.2,+26.2,+23.9,+23.8,+24.1,+23.9,+23.8,+24.4,+24.3,+24.1,+26,FULL,500,1,+0,+0,+0.0165,+0,+0.0386,+0,+0,+0,23:23:01 20.03.2020
719,+23.2,+26.2,+23.9,+23.8,+24.1,+23.9,+23.8,+24.4,+24.3,+24.1,+26,FULL,500,1,+0,+0,+0.0165,+0,+0.0386,+0,+0,+0,23:24:01 20.03.2020
720,+23.2,+26.3,+23.9,+23.8,+24.1,+23.9,+23.8,+24.4,+24.3,+24.1,+26,FULL,499,1,+0,+0,+0.0165,+0,+0.0386,+0,+0,+0,23:25:01 20.03.2020
721,+23.2,+26.3,+23.9,+23.8,+24.1,+23.9,+23.8,+24.4,+24.3,+24.1,+26,FULL,499,0,+0,+0,+0.0165,+0,+0.0386,+0,+0,+0,23:26:01 20.03.2020
722,+23.2,+26.3,+23.9,+23.8,+24.1,+23.9,+23.8,+24.4,+24.3,+24.1,+26.1,FULL,499,0,+0,+0,+0.0165,+0,+0.0386,+0,+0,+0,23:27:01 20.03.2020
723,+23.2,+26.3,+23.9,+23.8,+24.1,+23.9,+23.8,+24.4,+24.3,+24.1,+26,FULL,500,1,+0,+0,+0.0165,+0,+0.0386,+0,+0,+0,23:28:01 20.03.2020
724,+23.2,+26.3,+23.9,+23.9,+24.1,+23.9,+23.8,+24.4,+24.3,+24.1,+26,FULL,500,1,+0,+0,+0.0165,+0,+0.0386,+0,+0,+0,23:29:01 20.03.2020
725,+23.2,+26.3,+23.9,+23.9,+24.1,+23.9,+23.8,+24.4,+24.3,+24.1,+26.1,FULL,500,1,+0,+0,+0.0165,+0,+0.0386,+0,+0,+0,23:30:01 20.03.2020
726,+23.2,+26.3,+23.9,+23.8,+24.1,+23.9,+23.8,+24.4,+24.3,+24.1,+26.2,FULL,499,1,+0,+0,+0.0165,+0,+0.0386,+0,+0,+0,23:31:01 20.03.2020
727,+23.2,+26.3,+23.9,+23.9,+24.1,+23.9,+23.8,+24.4,+24.3,+24.1,+26,FULL,499,1,+0,+0,+0.0165,+0,+0.0386,+0,+0,+0,23:32:01 20.03.2020
728,+23.2,+26.3,+23.9,+23.8,+24.1,+23.9,+23.8,+24.4,+24.3,+24.1,+26,FULL,499,1,+0,+0,+0.0165,+0,+0.0386,+0,+0,+0,23:33:01 20.03.2020
729,+23.2,+26.3,+23.9,+23.9,+24.1,+23.9,+23.8,+24.4,+24.3,+24.1,+26,FULL,499,0,+0,+0,+0.0165,+0,+0.0386,+0,+0,+0,23:34:01 20.03.2020
730,+23.1,+26.3,+23.9,+23.9,+24.1,+23.9,+23.8,+24.4,+24.3,+24.1,+26,FULL,500,1,+0,+0,+0.0165,+0,+0.0386,+0,+0,+0,23:35:01 20.03.2020
731,+23.1,+26.3,+23.9,+23.9,+24.1,+23.9,+23.8,+24.4,+24.3,+24.1,+26,FULL,500,1,+0,+0,+0.0165,+0,+0.0386,+0,+0,+0,23:36:01 20.03.2020
732,+23.1,+26.3,+23.9,+23.9,+24.1,+23.9,+23.8,+24.4,+24.3,+24.1,+26,FULL,500,1,+0,+0,+0.0165,+0,+0.0387,+0,+0,+0,23:37:01 20.03.2020
733,+23.1,+26.4,+23.9,+23.9,+24.1,+24,+23.8,+24.4,+24.3,+24.1,+26.1,FULL,499,1,+0,+0,+0.0165,+0,+0.0387,+0,+0,+0,23:38:01 20.03.2020
734,+23.1,+26.2,+23.9,+23.9,+24.1,+23.9,+23.8,+24.4,+24.3,+24.1,+26,FULL,499,1,+0,+0,+0.0165,+0,+0.0386,+0,+0,+0,23:39:01 20.03.2020
735,+23.1,+26.2,+23.9,+23.9,+24.1,+23.9,+23.8,+24.4,+24.3,+24.1,+26,FULL,499,0,+0,+0,+0.0165,+0,+0.0387,+0,+0,+0,23:40:01 20.03.2020
736,+23.1,+26.2,+23.9,+23.9,+24.1,+23.9,+23.8,+24.4,+24.3,+24.1,+26,FULL,499,0,+0,+0,+0.0165,+0,+0.0387,+0,+0,+0,23:41:01 20.03.2020
737,+23.1,+26.2,+23.9,+23.9,+24.1,+24,+23.8,+24.4,+24.3,+24.1,+26,FULL,500,1,+0,+0,+0.0165,+0,+0.0387,+0,+0,+0,23:42:01 20.03.2020
738,+23.1,+26.2,+23.9,+23.9,+24.1,+24,+23.8,+24.4,+24.3,+24.1,+26,FULL,500,1,+0,+0,+0.0165,+0,+0.0387,+0,+0,+0,23:43:01 20.03.2020
739,+23.1,+26.2,+23.9,+23.9,+24.1,+23.9,+23.8,+24.4,+24.3,+24.1,+26,FULL,500,1,+0,+0,+0.0165,+0,+0.0387,+0,+0,+0,23:44:01 20.03.2020
740,+23.1,+26.2,+23.9,+23.9,+24.1,+23.9,+23.8,+24.4,+24.3,+24.1,+26.1,FULL,499,1,+0,+0,+0.0165,+0,+0.0387,+0,+0,+0,23:45:01 20.03.2020
741,+23.1,+26.2,+23.9,+23.9,+24.1,+24,+23.8,+24.4,+24.3,+24.1,+26,FULL,499,1,+0,+0,+0.0165,+0,+0.0387,+0,+0,+0,23:46:01 20.03.2020
742,+23.1,+26.2,+23.9,+23.8,+24.1,+24,+23.8,+24.4,+24.3,+24.1,+26.1,FULL,499,0,+0,+0,+0.0165,+0,+0.0387,+0,+0,+0,23:47:01 20.03.2020
743,+23.1,+26.1,+23.9,+23.9,+24.1,+23.9,+23.8,+24.4,+24.3,+24.1,+26.1,FULL,499,1,+0,+0,+0.0165,+0,+0.0387,+0,+0,+0,23:48:01 20.03.2020
744,+23.1,+26.1,+23.9,+23.9,+24.1,+23.9,+23.8,+24.4,+24.3,+24.1,+26,FULL,500,1,+0,+0,+0.0165,+0,+0.0387,+0,+0,+0,23:49:01 20.03.2020
745,+23.1,+26.1,+23.9,+23.8,+24.1,+24,+23.8,+24.4,+24.3,+24.1,+26,FULL,500,1,+0,+0,+0.0165,+0,+0.0387,+0,+0,+0,23:50:01 20.03.2020
746,+23.1,+26.2,+23.9,+23.9,+24.1,+24,+23.8,+24.4,+24.3,+24.1,+26,FULL,500,1,+0,+0,+0.0165,+0,+0.0387,+0,+0,+0,23:51:01 20.03.2020
747,+23.1,+26.1,+23.9,+23.9,+24.1,+24,+23.8,+24.4,+24.3,+24.1,+26,FULL,499,1,+0,+0,+0.0165,+0,+0.0387,+0,+0,+0,23:52:01 20.03.2020
748,+23.1,+26.1,+23.9,+23.8,+24.1,+23.9,+23.8,+24.4,+24.3,+24.1,+26,FULL,499,1,+0,+0,+0.0165,+0,+0.0387,+0,+0,+0,23:53:01 20.03.2020
749,+23.1,+26.1,+23.9,+23.9,+24.1,+23.9,+23.8,+24.4,+24.3,+24.1,+26.1,FULL,499,1,+0,+0,+0.0165,+0,+0.0387,+0,+0,+0,23:54:01 20.03.2020
750,+23.1,+26.2,+23.9,+23.8,+24.1,+24,+23.8,+24.4,+24.3,+24.1,+26.1,FULL,499,0,+0,+0,+0.0165,+0,+0.0387,+0,+0,+0,23:55:01 20.03.2020
751,+23.1,+26.1,+23.9,+23.8,+24.1,+24,+23.8,+24.4,+24.3,+24.1,+26.1,FULL,500,1,+0,+0,+0.0165,+0,+0.0387,+0,+0,+0,23:56:01 20.03.2020
752,+23.1,+26.1,+23.9,+23.9,+24.1,+23.9,+23.8,+24.4,+24.3,+24.1,+26,FULL,500,1,+0,+0,+0.0165,+0,+0.0387,+0,+0,+0,23:57:01 20.03.2020
753,+23.1,+26.1,+23.9,+23.8,+24.1,+23.9,+23.8,+24.4,+24.3,+24.1,+26.1,FULL,500,1,+0,+0,+0.0165,+0,+0.0387,+0,+0,+0,23:58:01 20.03.2020
754,+23.1,+26.1,+23.9,+23.8,+24.1,+24,+23.8,+24.4,+24.3,+24.1,+26.1,FULL,499,1,+0,+0,+0.0165,+0,+0.0387,+0,+0,+0,23:59:01 20.03.2020
755,+23.1,+26.1,+23.9,+23.8,+24.1,+24,+23.8,+24.4,+24.3,+24.1,+26.1,FULL,499,1,+0,+0,+0.0165,+0,+0.0387,+0,+0,+0,00:00:01 21.03.2020
756,+23.1,+26.1,+23.9,+23.8,+24.1,+24,+23.8,+24.4,+24.3,+24.1,+26,FULL,499,0,+0,+0,+0.0165,+0,+0.0387,+0,+0,+0,00:01:01 21.03.2020
757,+23.1,+26.1,+23.9,+23.8,+24.1,+24,+23.8,+24.4,+24.3,+24.1,+26,FULL,500,1,+0,+0,+0.0165,+0,+0.0387,+0,+0,+0,00:02:01 21.03.2020
758,+23,+26.1,+23.9,+23.8,+24.1,+24,+23.8,+24.4,+24.3,+24.1,+26,FULL,500,1,+0,+0,+0.0165,+0,+0.0387,+0,+0,+0,00:03:01 21.03.2020
759,+23,+26.1,+23.9,+23.8,+24.1,+23.9,+23.8,+24.4,+24.3,+24.1,+26,FULL,500,1,+0,+0,+0.0165,+0,+0.0386,+0,+0,+0,00:04:01 21.03.2020
760,+23,+26.1,+23.9,+23.8,+24.1,+23.9,+23.8,+24.4,+24.3,+24.1,+26,FULL,500,1,+0,+0,+0.0165,+0,+0.0386,+0,+0,+0,00:05:01 21.03.2020
761,+23,+26.2,+23.9,+23.8,+24.1,+23.9,+23.8,+24.4,+24.3,+24.1,+26.1,FULL,499,1,+0,+0,+0.0165,+0,+0.0386,+0,+0,+0,00:06:01 21.03.2020
762,+23,+26.2,+23.9,+23.8,+24.1,+23.9,+23.8,+24.4,+24.3,+24.1,+26.2,FULL,499,1,+0,+0,+0.0165,+0,+0.0386,+0,+0,+0,00:07:01 21.03.2020
763,+23,+26.2,+23.9,+23.9,+24.1,+23.9,+23.8,+24.4,+24.3,+24.1,+26,FULL,499,0,+0,+0,+0.0165,+0,+0.0386,+0,+0,+0,00:08:01 21.03.2020
764,+23,+26.2,+23.9,+23.9,+24.1,+23.9,+23.8,+24.4,+24.3,+24.1,+26.1,FULL,499,1,+0,+0,+0.0165,+0,+0.0386,+0,+0,+0,00:09:01 21.03.2020
765,+23,+26.2,+23.9,+23.9,+24.1,+23.9,+23.8,+24.4,+24.3,+24.1,+26,FULL,500,1,+0,+0,+0.0165,+0,+0.0386,+0,+0,+0,00:10:01 21.03.2020
766,+23,+26.2,+23.9,+23.9,+24.1,+23.9,+23.8,+24.4,+24.3,+24.1,+26,FULL,500,1,+0,+0,+0.0165,+0,+0.0386,+0,+0,+0,00:11:01 21.03.2020
767,+23,+26.2,+23.9,+23.9,+24.1,+23.9,+23.8,+24.4,+24.3,+24.1,+26,FULL,500,1,+0,+0,+0.0165,+0,+0.0386,+0,+0,+0,00:12:01 21.03.2020
768,+23,+26.2,+23.9,+23.9,+24.1,+23.9,+23.8,+24.4,+24.3,+24.1,+26,FULL,499,1,+0,+0,+0.0165,+0,+0.0386,+0,+0,+0,00:13:01 21.03.2020
769,+23,+26.3,+23.9,+23.9,+24.1,+23.9,+23.8,+24.4,+24.3,+24.1,+26.1,FULL,499,1,+0,+0,+0.0165,+0,+0.0386,+0,+0,+0,00:14:01 21.03.2020
770,+23,+26.2,+23.9,+23.9,+24.1,+23.9,+23.8,+24.4,+24.3,+24.1,+26,FULL,499,1,+0,+0,+0.0165,+0,+0.0386,+0,+0,+0,00:15:01 21.03.2020
771,+23,+26.3,+23.9,+23.9,+24.1,+23.9,+23.8,+24.4,+24.3,+24.1,+26,FULL,499,0,+0,+0,+0.0165,+0,+0.0386,+0,+0,+0,00:16:01 21.03.2020
772,+23,+26.3,+23.9,+23.9,+24.1,+23.9,+23.8,+24.4,+24.3,+24.1,+26,FULL,499,1,+0,+0,+0.0165,+0,+0.0386,+0,+0,+0,00:17:01 21.03.2020
773,+23,+26.3,+23.9,+23.9,+24.1,+23.9,+23.8,+24.4,+24.3,+24.1,+26,FULL,500,1,+0,+0,+0.0165,+0,+0.0386,+0,+0,+0,00:18:01 21.03.2020
774,+23,+26.3,+23.9,+23.9,+24.1,+23.9,+23.8,+24.4,+24.3,+24.1,+26.1,FULL,500,1,+0,+0,+0.0165,+0,+0.0386,+0,+0,+0,00:19:01 21.03.2020
775,+23,+26.3,+23.9,+23.9,+24.1,+23.9,+23.8,+24.4,+24.3,+24.1,+26,FULL,499,1,+0,+0,+0.0165,+0,+0.0386,+0,+0,+0,00:20:01 21.03.2020
776,+23,+26.3,+23.9,+23.9,+24.1,+23.9,+23.8,+24.4,+24.3,+24.1,+26,FULL,499,1,+0,+0,+0.0165,+0,+0.0386,+0,+0,+0,00:21:01 21.03.2020
777,+23,+26.3,+23.9,+23.9,+24.1,+23.9,+23.8,+24.4,+24.3,+24.1,+26,FULL,499,0,+0,+0,+0.0165,+0,+0.0386,+0,+0,+0,00:22:01 21.03.2020
778,+23,+26.3,+23.9,+23.9,+24.1,+23.9,+23.8,+24.4,+24.3,+24.1,+26.1,FULL,500,1,+0,+0,+0.0165,+0,+0.0386,+0,+0,+0,00:23:01 21.03.2020
779,+23,+26.3,+23.9,+23.9,+24.1,+23.9,+23.8,+24.4,+24.3,+24.1,+26.1,FULL,500,1,+0,+0,+0.0165,+0,+0.0386,+0,+0,+0,00:24:01 21.03.2020
780,+23,+26.3,+23.9,+23.9,+24.1,+23.9,+23.8,+24.4,+24.3,+24.1,+26,FULL,500,1,+0,+0,+0.0165,+0,+0.0386,+0,+0,+0,00:25:01 21.03.2020
781,+23,+26.3,+23.9,+23.9,+24.1,+23.9,+23.8,+24.4,+24.3,+24.1,+26,FULL,500,1,+0,+0,+0.0165,+0,+0.0386,+0,+0,+0,00:26:01 21.03.2020
782,+23,+26.3,+23.9,+23.9,+24.1,+23.9,+23.8,+24.4,+24.3,+24.1,+26,FULL,499,1,+0,+0,+0.0165,+0,+0.0386,+0,+0,+0,00:27:01 21.03.2020
783,+23,+26.3,+23.9,+23.9,+24.1,+23.9,+23.8,+24.4,+24.3,+24.1,+26,FULL,499,0,+0,+0,+0.0165,+0,+0.0386,+0,+0,+0,00:28:01 21.03.2020
784,+23,+26.3,+23.9,+23.9,+24.1,+23.9,+23.8,+24.4,+24.3,+24.1,+26,FULL,499,0,+0,+0,+0.0165,+0,+0.0387,+0,+0,+0,00:29:01 21.03.2020
785,+23,+26.3,+23.9,+23.9,+24.1,+23.9,+23.8,+24.4,+24.3,+24.1,+26,FULL,500,1,+0,+0,+0.0165,+0,+0.0387,+0,+0,+0,00:30:01 21.03.2020
786,+23,+26.3,+23.9,+23.9,+24.1,+23.9,+23.8,+24.4,+24.3,+24.1,+26.1,FULL,500,1,+0,+0,+0.0165,+0,+0.0386,+0,+0,+0,00:31:01 21.03.2020
787,+23,+26.2,+23.9,+23.9,+24.1,+23.9,+23.8,+24.4,+24.3,+24.1,+26.1,FULL,500,1,+0,+0,+0.0165,+0,+0.0386,+0,+0,+0,00:32:01 21.03.2020
788,+23,+26.2,+23.9,+23.9,+24.1,+23.9,+23.8,+24.4,+24.3,+24.1,+26,FULL,500,1,+0,+0,+0.0165,+0,+0.0387,+0,+0,+0,00:33:01 21.03.2020
789,+23,+26.2,+23.9,+23.9,+24.1,+23.9,+23.8,+24.4,+24.3,+24.1,+26,FULL,499,1,+0,+0,+0.0165,+0,+0.0387,+0,+0,+0,00:34:01 21.03.2020
790,+23,+26.3,+23.9,+23.9,+24.1,+23.9,+23.8,+24.4,+24.3,+24.1,+26,FULL,499,0,+0,+0,+0.0165,+0,+0.0387,+0,+0,+0,00:35:01 21.03.2020
791,+23,+26.2,+23.9,+23.9,+24.1,+23.9,+23.8,+24.4,+24.3,+24.1,+26,FULL,499,0,+0,+0,+0.0165,+0,+0.0386,+0,+0,+0,00:36:01 21.03.2020
792,+23,+26.2,+23.9,+23.9,+24.1,+23.9,+23.8,+24.4,+24.3,+24.1,+26.1,FULL,499,0,+0,+0,+0.0165,+0,+0.0387,+0,+0,+0,00:37:01 21.03.2020
793,+23,+26.2,+23.9,+23.9,+24.1,+23.9,+23.8,+24.4,+24.3,+24.1,+26,FULL,500,1,+0,+0,+0.0165,+0,+0.0387,+0,+0,+0,00:38:01 21.03.2020
794,+23,+26.2,+23.9,+23.9,+24.1,+23.9,+23.8,+24.4,+24.3,+24.1,+26,FULL,500,1,+0,+0,+0.0165,+0,+0.0387,+0,+0,+0,00:39:01 21.03.2020
795,+23,+26.1,+23.9,+23.9,+24.1,+23.9,+23.8,+24.4,+24.3,+24.1,+26,FULL,500,1,+0,+0,+0.0165,+0,+0.0386,+0,+0,+0,00:40:01 21.03.2020
796,+23,+26.1,+23.9,+23.9,+24.1,+23.9,+23.8,+24.4,+24.3,+24.1,+26,FULL,499,1,+0,+0,+0.0165,+0,+0.0386,+0,+0,+0,00:41:01 21.03.2020
797,+23,+26.1,+23.9,+23.9,+24.1,+23.9,+23.8,+24.4,+24.3,+24.1,+26,FULL,499,0,+0,+0,+0.0165,+0,+0.0387,+0,+0,+0,00:42:01 21.03.2020
798,+23,+26.2,+23.9,+23.9,+24.1,+23.9,+23.8,+24.4,+24.3,+24.1,+26.1,FULL,499,0,+0,+0,+0.0165,+0,+0.0387,+0,+0,+0,00:43:01 21.03.2020
799,+23,+26.2,+23.9,+23.9,+24.1,+23.9,+23.8,+24.4,+24.3,+24.1,+26.2,FULL,500,1,+0,+0,+0.0165,+0,+0.0387,+0,+0,+0,00:44:01 21.03.2020
800,+23,+26.1,+23.9,+23.9,+24.1,+23.9,+23.8,+24.4,+24.3,+24.1,+26,FULL,500,1,+0,+0,+0.0165,+0,+0.0386,+0,+0,+0,00:45:01 21.03.2020
801,+23,+26.1,+23.9,+23.9,+24.1,+23.9,+23.8,+24.4,+24.3,+24.1,+26,FULL,500,1,+0,+0,+0.0165,+0,+0.0387,+0,+0,+0,00:46:01 21.03.2020
802,+23,+26.1,+23.9,+23.9,+24.1,+23.9,+23.8,+24.4,+24.3,+24.1,+26,FULL,499,1,+0,+0,+0.0165,+0,+0.0387,+0,+0,+0,00:47:01 21.03.2020
803,+22.9,+26.2,+23.9,+23.9,+24.1,+23.9,+23.8,+24.4,+24.3,+24.1,+26.1,FULL,499,1,+0,+0,+0.0165,+0,+0.0387,+0,+0,+0,00:48:01 21.03.2020
804,+22.9,+26.1,+23.9,+23.9,+24.1,+23.9,+23.8,+24.4,+24.3,+24.1,+26,FULL,499,0,+0,+0,+0.0165,+0,+0.0386,+0,+0,+0,00:49:01 21.03.2020
805,+23,+26.1,+23.9,+23.9,+24.1,+23.9,+23.8,+24.4,+24.3,+24.1,+26,FULL,499,0,+0,+0,+0.0165,+0,+0.0387,+0,+0,+0,00:50:01 21.03.2020
806,+22.9,+26.1,+23.9,+23.9,+24.1,+23.9,+23.8,+24.4,+24.3,+24.1,+26.1,FULL,500,1,+0,+0,+0.0165,+0,+0.0387,+0,+0,+0,00:51:01 21.03.2020
807,+22.9,+26.1,+23.9,+23.9,+24.1,+23.9,+23.8,+24.4,+24.3,+24.1,+26,FULL,500,1,+0,+0,+0.0165,+0,+0.0387,+0,+0,+0,00:52:01 21.03.2020
808,+22.9,+26.1,+23.9,+23.9,+24.1,+23.9,+23.8,+24.4,+24.3,+24.1,+26.1,FULL,500,1,+0,+0,+0.0165,+0,+0.0386,+0,+0,+0,00:53:01 21.03.2020
809,+22.9,+26.1,+23.9,+23.9,+24.1,+23.9,+23.8,+24.4,+24.3,+24.1,+26.1,FULL,499,1,+0,+0,+0.0165,+0,+0.0386,+0,+0,+0,00:54:01 21.03.2020
810,+22.9,+26.1,+23.9,+23.9,+24.1,+23.9,+23.8,+24.4,+24.3,+24.1,+26,FULL,499,1,+0,+0,+0.0165,+0,+0.0386,+0,+0,+0,00:55:01 21.03.2020
811,+22.9,+26.1,+23.9,+23.9,+24.1,+23.9,+23.8,+24.4,+24.3,+24.1,+26,FULL,499,0,+0,+0,+0.0165,+0,+0.0386,+0,+0,+0,00:56:01 21.03.2020
812,+22.9,+26.1,+23.9,+23.9,+24.1,+23.9,+23.8,+24.4,+24.3,+24.1,+26,FULL,499,0,+0,+0,+0.0165,+0,+0.0386,+0,+0,+0,00:57:01 21.03.2020
813,+23,+26.2,+23.9,+23.9,+24.1,+23.9,+23.8,+24.4,+24.3,+24.1,+26,FULL,499,1,+0,+0,+0.0165,+0,+0.0386,+0,+0,+0,00:58:01 21.03.2020
814,+23,+26.2,+23.9,+23.9,+24.1,+23.9,+23.8,+24.4,+24.3,+24.1,+26,FULL,500,1,+0,+0,+0.0165,+0,+0.0386,+0,+0,+0,00:59:01 21.03.2020
815,+23,+26.2,+23.9,+23.9,+24.1,+23.9,+23.8,+24.4,+24.3,+24.1,+26,FULL,500,1,+0,+0,+0.0165,+0,+0.0386,+0,+0,+0,01:00:01 21.03.2020
816,+23,+26.2,+23.9,+23.9,+24.1,+23.9,+23.8,+24.4,+24.3,+24.1,+26,FULL,499,1,+0,+0,+0.0165,+0,+0.0386,+0,+0,+0,01:01:01 21.03.2020
817,+23,+26.2,+23.9,+23.9,+24.1,+23.9,+23.8,+24.4,+24.3,+24.1,+26.1,FULL,499,1,+0,+0,+0.0165,+0,+0.0384,+0,+0,+0,01:02:01 21.03.2020
818,+23,+26.2,+23.9,+23.9,+24.1,+23.9,+23.8,+24.4,+24.3,+24.1,+26.1,FULL,499,0,+0,+0,+0.0165,+0,+0.0384,+0,+0,+0,01:03:01 21.03.2020
819,+23,+26.2,+23.9,+23.9,+24.1,+23.9,+23.8,+24.4,+24.3,+24.1,+26.1,FULL,499,1,+0,+0,+0.0165,+0,+0.0384,+0,+0,+0,01:04:01 21.03.2020
820,+23,+26.2,+23.9,+23.9,+24.1,+23.9,+23.7,+24.4,+24.3,+24.1,+26,FULL,500,1,+0,+0,+0.0165,+0,+0.0384,+0,+0,+0,01:05:01 21.03.2020
821,+23,+26.2,+23.9,+23.9,+24.1,+23.9,+23.7,+24.4,+24.3,+24.1,+26.1,FULL,500,1,+0,+0,+0.0165,+0,+0.0384,+0,+0,+0,01:06:01 21.03.2020
822,+23,+26.2,+23.9,+23.9,+24.1,+23.9,+23.7,+24.4,+24.3,+24.1,+26.2,FULL,500,1,+0,+0,+0.0165,+0,+0.0384,+0,+0,+0,01:07:01 21.03.2020
823,+23,+26.2,+23.9,+23.9,+24.1,+23.9,+23.7,+24.4,+24.3,+24.1,+26,FULL,499,1,+0,+0,+0.0165,+0,+0.0384,+0,+0,+0,01:08:01 21.03.2020
824,+23,+26.2,+23.9,+23.9,+24.1,+23.9,+23.7,+24.4,+24.3,+24.1,+26.1,FULL,499,1,+0,+0,+0.0165,+0,+0.0384,+0,+0,+0,01:09:01 21.03.2020
825,+23,+26.3,+23.9,+23.9,+24.1,+23.9,+23.7,+24.4,+24.3,+24.1,+26.2,FULL,499,0,+0,+0,+0.0165,+0,+0.0384,+0,+0,+0,01:10:01 21.03.2020
826,+23,+26.3,+23.9,+23.9,+24.1,+23.9,+23.7,+24.4,+24.3,+24.1,+26.1,FULL,500,1,+0,+0,+0.0165,+0,+0.0384,+0,+0,+0,01:11:01 21.03.2020
827,+23,+26.3,+23.9,+23.9,+24.1,+23.9,+23.7,+24.4,+24.3,+24.1,+26.1,FULL,500,1,+0,+0,+0.0165,+0,+0.0384,+0,+0,+0,01:12:01 21.03.2020
828,+23,+26.3,+23.9,+23.9,+24.1,+23.9,+23.7,+24.4,+24.3,+24.1,+26,FULL,500,1,+0,+0,+0.0165,+0,+0.0384,+0,+0,+0,01:13:01 21.03.2020
829,+23,+26.3,+23.9,+23.9,+24.1,+23.9,+23.7,+24.4,+24.3,+24.1,+26.1,FULL,500,1,+0,+0,+0.0165,+0,+0.0384,+0,+0,+0,01:14:01 21.03.2020
830,+23,+26.3,+23.9,+23.9,+24.1,+23.9,+23.7,+24.4,+24.3,+24.1,+26.1,FULL,500,1,+0,+0,+0.0165,+0,+0.0384,+0,+0,+0,01:15:01 21.03.2020
831,+23,+26.3,+23.9,+23.9,+24.1,+23.9,+23.7,+24.4,+24.3,+24.1,+26,FULL,499,1,+0,+0,+0.0165,+0,+0.0384,+0,+0,+0,01:16:01 21.03.2020
832,+23,+26.3,+23.9,+23.9,+24.1,+23.9,+23.7,+24.4,+24.3,+24.1,+26,FULL,499,0,+0,+0,+0.0165,+0,+0.0384,+0,+0,+0,01:17:01 21.03.2020
833,+23,+26.3,+23.9,+23.9,+24.1,+23.8,+23.7,+24.4,+24.3,+24.1,+26,FULL,500,1,+0,+0,+0.0165,+0,+0.0384,+0,+0,+0,01:18:01 21.03.2020
834,+23,+26.3,+23.9,+23.9,+24.1,+23.9,+23.7,+24.4,+24.3,+24.1,+26,FULL,500,1,+0,+0,+0.0165,+0,+0.0384,+0,+0,+0,01:19:01 21.03.2020
835,+23,+26.3,+23.9,+23.9,+24.1,+23.8,+23.7,+24.4,+24.3,+24.1,+26.1,FULL,500,1,+0,+0,+0.0165,+0,+0.0384,+0,+0,+0,01:20:01 21.03.2020
836,+23.1,+26.3,+23.9,+23.9,+24.1,+23.8,+23.7,+24.4,+24.3,+24.1,+26.2,FULL,500,1,+0,+0,+0.0165,+0,+0.0384,+0,+0,+0,01:21:01 21.03.2020
837,+23.1,+26.3,+23.9,+23.9,+24.1,+23.8,+23.7,+24.4,+24.3,+24.1,+26.1,FULL,499,1,+0,+0,+0.0165,+0,+0.0384,+0,+0,+0,01:22:01 21.03.2020
838,+23.1,+26.4,+23.9,+23.9,+24.1,+23.8,+23.7,+24.4,+24.3,+24.1,+26.1,FULL,499,1,+0,+0,+0.0165,+0,+0.0384,+0,+0,+0,01:23:01 21.03.2020
839,+23.1,+26.2,+23.9,+23.9,+24.1,+23.8,+23.7,+24.4,+24.3,+24.1,+26,FULL,499,0,+0,+0,+0.0165,+0,+0.0384,+0,+0,+0,01:24:01 21.03.2020
840,+23.1,+26.2,+23.9,+23.9,+24.1,+23.8,+23.7,+24.4,+24.3,+24.1,+26,FULL,500,1,+0,+0,+0.0165,+0,+0.0384,+0,+0,+0,01:25:01 21.03.2020
841,+23.1,+26.2,+23.9,+23.9,+24.1,+23.8,+23.7,+24.4,+24.3,+24.1,+26,FULL,500,1,+0,+0,+0.0165,+0,+0.0384,+0,+0,+0,01:26:01 21.03.2020
842,+23.1,+26.2,+23.9,+23.9,+24.1,+23.8,+23.7,+24.4,+24.3,+24.1,+26,FULL,500,1,+0,+0,+0.0165,+0,+0.0384,+0,+0,+0,01:27:01 21.03.2020
843,+23.1,+26.2,+23.9,+23.9,+24.1,+23.8,+23.7,+24.4,+24.3,+24.1,+26.1,FULL,500,1,+0,+0,+0.0165,+0,+0.0384,+0,+0,+0,01:28:01 21.03.2020
844,+23.1,+26.1,+23.9,+23.9,+24.1,+23.8,+23.7,+24.4,+24.3,+24.1,+26.2,FULL,499,1,+0,+0,+0.0165,+0,+0.0384,+0,+0,+0,01:29:01 21.03.2020
845,+23.1,+26.1,+23.9,+23.9,+24.1,+23.8,+23.7,+24.4,+24.3,+24.1,+26.1,FULL,499,1,+0,+0,+0.0165,+0,+0.0384,+0,+0,+0,01:30:01 21.03.2020
846,+23.1,+26.2,+23.9,+23.9,+24.1,+23.8,+23.7,+24.4,+24.3,+24.1,+26,FULL,499,0,+0,+0,+0.0165,+0,+0.0384,+0,+0,+0,01:31:01 21.03.2020
847,+23.1,+26.2,+23.9,+23.9,+24.1,+23.9,+23.7,+24.4,+24.3,+24.1,+26,FULL,500,1,+0,+0,+0.0165,+0,+0.0384,+0,+0,+0,01:32:01 21.03.2020
848,+23.1,+26.1,+23.9,+23.9,+24.1,+23.8,+23.7,+24.4,+24.3,+24.1,+26,FULL,500,1,+0,+0,+0.0165,+0,+0.0384,+0,+0,+0,01:33:01 21.03.2020
849,+23.1,+26.1,+23.9,+23.9,+24.1,+23.8,+23.7,+24.4,+24.3,+24.1,+26,FULL,500,1,+0,+0,+0.0165,+0,+0.0384,+0,+0,+0,01:34:01 21.03.2020
850,+23.1,+26.1,+23.9,+23.9,+24.1,+23.8,+23.7,+24.4,+24.3,+24.1,+26,FULL,500,1,+0,+0,+0.0165,+0,+0.0384,+0,+0,+0,01:35:01 21.03.2020
851,+23.1,+26.2,+23.9,+23.9,+24.1,+23.8,+23.7,+24.4,+24.3,+24.1,+26,FULL,499,1,+0,+0,+0.0165,+0,+0.0384,+0,+0,+0,01:36:01 21.03.2020
852,+23.2,+26.1,+23.9,+23.9,+24.1,+23.8,+23.7,+24.4,+24.3,+24.1,+26,FULL,499,1,+0,+0,+0.0165,+0,+0.0384,+0,+0,+0,01:37:01 21.03.2020
853,+23.2,+26.1,+23.9,+23.9,+24.1,+23.8,+23.7,+24.4,+24.3,+24.1,+26,FULL,499,0,+0,+0,+0.0165,+0,+0.0384,+0,+0,+0,01:38:01 21.03.2020
854,+23.2,+26.1,+23.9,+23.9,+24.1,+23.8,+23.7,+24.4,+24.3,+24.1,+26,FULL,500,1,+0,+0,+0.0165,+0,+0.0384,+0,+0,+0,01:39:01 21.03.2020
855,+23.2,+26.2,+23.9,+23.9,+24.1,+23.8,+23.7,+24.4,+24.3,+24.1,+26,FULL,500,1,+0,+0,+0.0165,+0,+0.0384,+0,+0,+0,01:40:01 21.03.2020
856,+23.2,+26.1,+23.9,+23.9,+24.1,+23.8,+23.7,+24.4,+24.3,+24.1,+26,FULL,500,1,+0,+0,+0.0165,+0,+0.0384,+0,+0,+0,01:41:01 21.03.2020
857,+23.2,+26.1,+23.9,+23.9,+24.1,+23.8,+23.7,+24.4,+24.3,+24.1,+26.2,FULL,500,1,+0,+0,+0.0165,+0,+0.0384,+0,+0,+0,01:42:01 21.03.2020
858,+23.2,+26.1,+23.9,+23.9,+24.1,+23.8,+23.7,+24.4,+24.3,+24.1,+26.1,FULL,499,1,+0,+0,+0.0165,+0,+0.0384,+0,+0,+0,01:43:01 21.03.2020
859,+23.2,+26.1,+23.9,+23.9,+24.1,+23.8,+23.7,+24.4,+24.3,+24.1,+26,FULL,499,0,+0,+0,+0.0165,+0,+0.0384,+0,+0,+0,01:44:01 21.03.2020
860,+23.2,+26.1,+23.9,+23.9,+24.1,+23.8,+23.7,+24.4,+24.3,+24.1,+26.2,FULL,499,1,+0,+0,+0.0165,+0,+0.0384,+0,+0,+0,01:45:01 21.03.2020
861,+23.2,+26.1,+23.9,+23.9,+24.1,+23.8,+23.7,+24.5,+24.3,+24.1,+26,FULL,500,1,+0,+0,+0.0166,+0,+0.0384,+0,+0,+0,01:46:01 21.03.2020
862,+23.2,+26.1,+23.9,+23.9,+24.1,+23.8,+23.7,+24.4,+24.3,+24.1,+26,FULL,500,1,+0,+0,+0.0165,+0,+0.0384,+0,+0,+0,01:47:01 21.03.2020
863,+23.2,+26.1,+23.9,+23.9,+24.1,+23.8,+23.7,+24.4,+24.3,+24.1,+26.1,FULL,500,1,+0,+0,+0.0165,+0,+0.0384,+0,+0,+0,01:48:01 21.03.2020
864,+23.2,+26.1,+23.9,+23.9,+24.1,+23.8,+23.7,+24.4,+24.3,+24.1,+26,FULL,500,1,+0,+0,+0.0165,+0,+0.0384,+0,+0,+0,01:49:01 21.03.2020
865,+23.2,+26.2,+23.9,+23.9,+24.1,+23.8,+23.7,+24.4,+24.3,+24.1,+26,FULL,499,1,+0,+0,+0.0165,+0,+0.0384,+0,+0,+0,01:50:01 21.03.2020
866,+23.2,+26.2,+23.9,+23.9,+24.1,+23.8,+23.7,+24.4,+24.3,+24.1,+26.1,FULL,499,1,+0,+0,+0.0165,+0,+0.0384,+0,+0,+0,01:51:01 21.03.2020
867,+23.2,+26.2,+23.9,+23.9,+24.1,+23.8,+23.7,+24.4,+24.3,+24.1,+26,FULL,499,0,+0,+0,+0.0165,+0,+0.0382,+0,+0,+0,01:52:01 21.03.2020
868,+23.2,+26.2,+23.9,+23.9,+24.1,+23.8,+23.7,+24.4,+24.3,+24.1,+26,FULL,500,1,+0,+0,+0.0165,+0,+0.0384,+0,+0,+0,01:53:01 21.03.2020
869,+23.2,+26.2,+23.9,+23.9,+24.1,+23.8,+23.7,+24.4,+24.3,+24.1,+26.2,FULL,500,1,+0,+0,+0.0165,+0,+0.0384,+0,+0,+0,01:54:01 21.03.2020
870,+23.3,+26.2,+23.9,+23.9,+24.1,+23.8,+23.7,+24.4,+24.3,+24.1,+26,FULL,500,1,+0,+0,+0.0165,+0,+0.0382,+0,+0,+0,01:55:01 21.03.2020
871,+23.3,+26.2,+23.9,+23.9,+24.1,+23.8,+23.7,+24.4,+24.3,+24.1,+26.1,FULL,500,1,+0,+0,+0.0165,+0,+0.0382,+0,+0,+0,01:56:01 21.03.2020
872,+23.3,+26.2,+23.9,+23.9,+24.1,+23.8,+23.7,+24.4,+24.3,+24.1,+26,FULL,499,1,+0,+0,+0.0165,+0,+0.0382,+0,+0,+0,01:57:01 21.03.2020
873,+23.3,+26.2,+23.9,+23.9,+24.1,+23.8,+23.7,+24.4,+24.3,+24.1,+26,FULL,499,1,+0,+0,+0.0165,+0,+0.0382,+0,+0,+0,01:58:01 21.03.2020
874,+23.3,+26.3,+23.9,+23.9,+24.1,+23.8,+23.7,+24.4,+24.3,+24.1,+26,FULL,499,1,+0,+0,+0.0165,+0,+0.0382,+0,+0,+0,01:59:01 21.03.2020
875,+23.3,+26.2,+23.9,+23.9,+24.1,+23.8,+23.7,+24.4,+24.3,+24.1,+26.1,FULL,500,1,+0,+0,+0.0165,+0,+0.0382,+0,+0,+0,02:00:01 21.03.2020
876,+23.3,+26.2,+23.9,+23.9,+24.1,+23.8,+23.7,+24.4,+24.3,+24.1,+26,FULL,500,1,+0,+0,+0.0165,+0,+0.0382,+0,+0,+0,02:01:01 21.03.2020
877,+23.3,+26.3,+23.9,+23.9,+24.1,+23.8,+23.7,+24.4,+24.3,+24.1,+26.1,FULL,500,1,+0,+0,+0.0165,+0,+0.0382,+0,+0,+0,02:02:01 21.03.2020
878,+23.3,+26.3,+23.9,+23.9,+24.1,+23.8,+23.7,+24.5,+24.3,+24.1,+26.2,FULL,500,1,+0,+0,+0.0166,+0,+0.0382,+0,+0,+0,02:03:01 21.03.2020
879,+23.3,+26.3,+23.9,+23.9,+24.1,+23.8,+23.7,+24.4,+24.3,+24.1,+26.1,FULL,499,1,+0,+0,+0.0165,+0,+0.0382,+0,+0,+0,02:04:01 21.03.2020
880,+23.3,+26.3,+23.9,+23.9,+24.1,+23.8,+23.7,+24.4,+24.3,+24.1,+26,FULL,499,1,+0,+0,+0.0165,+0,+0.0382,+0,+0,+0,02:05:01 21.03.2020
881,+23.3,+26.3,+23.9,+23.9,+24.1,+23.8,+23.7,+24.4,+24.3,+24.1,+26.1,FULL,499,1,+0,+0,+0.0165,+0,+0.0382,+0,+0,+0,02:06:01 21.03.2020
882,+23.3,+26.3,+23.9,+23.9,+24.1,+23.8,+23.7,+24.5,+24.3,+24.1,+26,FULL,500,1,+0,+0,+0.0166,+0,+0.0382,+0,+0,+0,02:07:01 21.03.2020
883,+23.3,+26.3,+23.9,+23.9,+24.1,+23.8,+23.7,+24.4,+24.3,+24.1,+26.1,FULL,500,1,+0,+0,+0.0165,+0,+0.0382,+0,+0,+0,02:08:01 21.03.2020
884,+23.3,+26.3,+23.9,+23.9,+24.1,+23.8,+23.7,+24.4,+24.3,+24.1,+26,FULL,500,1,+0,+0,+0.0165,+0,+0.0382,+0,+0,+0,02:09:01 21.03.2020
885,+23.3,+26.3,+23.9,+23.9,+24.1,+23.8,+23.7,+24.4,+24.3,+24.1,+26,FULL,499,1,+0,+0,+0.0165,+0,+0.0382,+0,+0,+0,02:10:01 21.03.2020
886,+23.3,+26.3,+23.9,+23.9,+24.1,+23.8,+23.7,+24.4,+24.3,+24.1,+26.1,FULL,499,1,+0,+0,+0.0165,+0,+0.0384,+0,+0,+0,02:11:01 21.03.2020
887,+23.3,+26.3,+23.9,+23.9,+24.1,+23.8,+23.7,+24.4,+24.3,+24.1,+26,FULL,499,1,+0,+0,+0.0165,+0,+0.0383,+0,+0,+0,02:12:01 21.03.2020
888,+23.3,+26.3,+23.9,+23.9,+24.1,+23.8,+23.7,+24.4,+24.3,+24.1,+26,FULL,499,0,+0,+0,+0.0165,+0,+0.0384,+0,+0,+0,02:13:01 21.03.2020
889,+23.3,+26.3,+23.9,+23.9,+24.1,+23.8,+23.7,+24.4,+24.3,+24.1,+26.1,FULL,500,1,+0,+0,+0.0165,+0,+0.0384,+0,+0,+0,02:14:01 21.03.2020
890,+23.3,+26.3,+23.9,+23.9,+24.1,+23.8,+23.7,+24.4,+24.3,+24.1,+26,FULL,500,1,+0,+0,+0.0165,+0,+0.0384,+0,+0,+0,02:15:01 21.03.2020
891,+23.3,+26.3,+23.9,+23.9,+24.1,+23.8,+23.7,+24.4,+24.3,+24.1,+26,FULL,500,1,+0,+0,+0.0165,+0,+0.0384,+0,+0,+0,02:16:01 21.03.2020
892,+23.3,+26.2,+23.9,+23.9,+24.1,+23.8,+23.7,+24.4,+24.3,+24.1,+26,FULL,499,1,+0,+0,+0.0165,+0,+0.0384,+0,+0,+0,02:17:01 21.03.2020
893,+23.3,+26.2,+23.9,+23.9,+24.1,+23.8,+23.7,+24.4,+24.3,+24.1,+26,FULL,499,1,+0,+0,+0.0165,+0,+0.0384,+0,+0,+0,02:18:01 21.03.2020
894,+23.4,+26.2,+23.9,+23.9,+24.1,+23.8,+23.7,+24.4,+24.3,+24.1,+26.1,FULL,499,0,+0,+0,+0.0165,+0,+0.0384,+0,+0,+0,02:19:01 21.03.2020
895,+23.4,+26.2,+23.9,+23.9,+24.1,+23.8,+23.7,+24.4,+24.3,+24.1,+26.1,FULL,499,1,+0,+0,+0.0165,+0,+0.0384,+0,+0,+0,02:20:01 21.03.2020
896,+23.4,+26.1,+23.9,+23.9,+24.1,+23.8,+23.7,+24.4,+24.3,+24.1,+26,FULL,500,1,+0,+0,+0.0165,+0,+0.0384,+0,+0,+0,02:21:01 21.03.2020
897,+23.4,+26.2,+23.9,+23.9,+24.1,+23.8,+23.7,+24.4,+24.3,+24.1,+26,FULL,500,1,+0,+0,+0.0165,+0,+0.0384,+0,+0,+0,02:22:01 21.03.2020
898,+23.4,+26.2,+23.9,+23.9,+24.1,+23.8,+23.7,+24.4,+24.3,+24.1,+26,FULL,500,1,+0,+0,+0.0165,+0,+0.0384,+0,+0,+0,02:23:01 21.03.2020
899,+23.4,+26.2,+23.9,+23.9,+24.1,+23.8,+23.7,+24.4,+24.3,+24.1,+26,FULL,500,1,+0,+0,+0.0165,+0,+0.0384,+0,+0,+0,02:24:01 21.03.2020
900,+23.4,+26.1,+23.9,+23.9,+24.1,+23.8,+23.7,+24.4,+24.3,+24.1,+26,FULL,499,1,+0,+0,+0.0165,+0,+0.0384,+0,+0,+0,02:25:01 21.03.2020
901,+23.4,+26.1,+23.9,+23.9,+24.1,+23.8,+23.7,+24.4,+24.3,+24.1,+26,FULL,499,0,+0,+0,+0.0165,+0,+0.0382,+0,+0,+0,02:26:01 21.03.2020
902,+23.4,+26.1,+23.9,+23.9,+24.1,+23.8,+23.7,+24.4,+24.3,+24.1,+26,FULL,499,1,+0,+0,+0.0165,+0,+0.0384,+0,+0,+0,02:27:01 21.03.2020
903,+23.4,+26.2,+23.9,+23.9,+24.1,+23.8,+23.7,+24.4,+24.3,+24.1,+26,FULL,500,1,+0,+0,+0.0165,+0,+0.0384,+0,+0,+0,02:28:01 21.03.2020
904,+23.4,+26.1,+23.9,+23.9,+24.1,+23.8,+23.7,+24.4,+24.3,+24.1,+26,FULL,500,1,+0,+0,+0.0165,+0,+0.0384,+0,+0,+0,02:29:01 21.03.2020
905,+23.4,+26.1,+23.9,+23.9,+24.1,+23.8,+23.7,+24.4,+24.3,+24.1,+26.1,FULL,500,1,+0,+0,+0.0165,+0,+0.0384,+0,+0,+0,02:30:01 21.03.2020
906,+23.4,+26.1,+23.9,+23.9,+24.1,+23.8,+23.7,+24.4,+24.3,+24.1,+26.2,FULL,499,1,+0,+0,+0.0165,+0,+0.0384,+0,+0,+0,02:31:01 21.03.2020
907,+23.4,+26.1,+23.9,+23.9,+24.1,+23.8,+23.7,+24.4,+24.3,+24.1,+26.1,FULL,499,1,+0,+0,+0.0165,+0,+0.0382,+0,+0,+0,02:32:01 21.03.2020
908,+23.4,+26.2,+23.9,+23.9,+24.1,+23.8,+23.7,+24.4,+24.3,+24.1,+26,FULL,499,0,+0,+0,+0.0165,+0,+0.0384,+0,+0,+0,02:33:01 21.03.2020
909,+23.4,+26.1,+23.9,+23.9,+24.1,+23.8,+23.7,+24.4,+24.3,+24.1,+26,FULL,499,1,+0,+0,+0.0165,+0,+0.0382,+0,+0,+0,02:34:01 21.03.2020
910,+23.4,+26.1,+23.9,+23.9,+24.1,+23.8,+23.7,+24.4,+24.3,+24.1,+26,FULL,500,1,+0,+0,+0.0165,+0,+0.0382,+0,+0,+0,02:35:01 21.03.2020
911,+23.4,+26.1,+23.9,+23.9,+24.1,+23.8,+23.7,+24.4,+24.3,+24.1,+26.2,FULL,500,1,+0,+0,+0.0165,+0,+0.0382,+0,+0,+0,02:36:01 21.03.2020
912,+23.4,+26.2,+23.9,+23.9,+24.1,+23.8,+23.7,+24.4,+24.3,+24.1,+26,FULL,500,1,+0,+0,+0.0165,+0,+0.0384,+0,+0,+0,02:37:01 21.03.2020
913,+23.5,+26.1,+23.9,+23.9,+24.1,+23.8,+23.7,+24.5,+24.3,+24.1,+26,FULL,499,1,+0,+0,+0.0166,+0,+0.0384,+0,+0,+0,02:38:01 21.03.2020
914,+23.5,+26.1,+23.9,+23.9,+24.1,+23.8,+23.7,+24.5,+24.3,+24.1,+26,FULL,499,1,+0,+0,+0.0166,+0,+0.0382,+0,+0,+0,02:39:01 21.03.2020
915,+23.5,+26.1,+23.9,+23.9,+24.1,+23.8,+23.7,+24.4,+24.3,+24.1,+26.1,FULL,499,0,+0,+0,+0.0165,+0,+0.0382,+0,+0,+0,02:40:01 21.03.2020
916,+23.5,+26.1,+23.9,+23.9,+24.1,+23.8,+23.7,+24.4,+24.3,+24.1,+26,FULL,500,1,+0,+0,+0.0165,+0,+0.0382,+0,+0,+0,02:41:01 21.03.2020
917,+23.5,+26.2,+23.9,+23.9,+24.1,+23.8,+23.7,+24.4,+24.3,+24.1,+26,FULL,500,1,+0,+0,+0.0165,+0,+0.0382,+0,+0,+0,02:42:01 21.03.2020
918,+23.5,+26.2,+23.9,+23.9,+24.1,+23.8,+23.7,+24.4,+24.3,+24.1,+26,FULL,500,1,+0,+0,+0.0165,+0,+0.0382,+0,+0,+0,02:43:01 21.03.2020
919,+23.5,+26.2,+23.9,+23.9,+24.1,+23.8,+23.7,+24.4,+24.3,+24.1,+26,FULL,500,1,+0,+0,+0.0165,+0,+0.0382,+0,+0,+0,02:44:01 21.03.2020
920,+23.5,+26.2,+23.9,+23.9,+24.1,+23.8,+23.7,+24.4,+24.3,+24.2,+26.1,FULL,499,1,+0,+0,+0.0165,+0,+0.0382,+0,+0,+0,02:45:01 21.03.2020
921,+23.5,+26.2,+23.9,+23.9,+24.1,+23.8,+23.7,+24.5,+24.3,+24.1,+26,FULL,499,1,+0,+0,+0.0166,+0,+0.0382,+0,+0,+0,02:46:01 21.03.2020
922,+23.5,+26.2,+23.9,+23.9,+24.1,+23.8,+23.7,+24.5,+24.3,+24.1,+26,FULL,499,0,+0,+0,+0.0166,+0,+0.0382,+0,+0,+0,02:47:01 21.03.2020
923,+23.5,+26.2,+23.9,+23.9,+24.1,+23.8,+23.7,+24.4,+24.3,+24.1,+26.1,FULL,500,1,+0,+0,+0.0165,+0,+0.0382,+0,+0,+0,02:48:01 21.03.2020
924,+23.5,+26.2,+23.9,+23.9,+24.1,+23.8,+23.7,+24.4,+24.3,+24.1,+26.1,FULL,500,1,+0,+0,+0.0165,+0,+0.0382,+0,+0,+0,02:49:01 21.03.2020
925,+23.5,+26.3,+23.9,+23.9,+24.1,+23.8,+23.7,+24.4,+24.3,+24.1,+26,FULL,500,1,+0,+0,+0.0165,+0,+0.0382,+0,+0,+0,02:50:01 21.03.2020
926,+23.5,+26.3,+23.9,+23.9,+24.1,+23.8,+23.7,+24.5,+24.3,+24.1,+26.3,FULL,500,1,+0,+0,+0.0166,+0,+0.0382,+0,+0,+0,02:51:01 21.03.2020
927,+23.5,+26.3,+23.9,+23.9,+24.1,+23.8,+23.7,+24.4,+24.3,+24.1,+26,FULL,499,1,+0,+0,+0.0165,+0,+0.0382,+0,+0,+0,02:52:01 21.03.2020
928,+23.5,+26.3,+23.9,+23.9,+24.1,+23.8,+23.7,+24.4,+24.3,+24.1,+26.3,FULL,499,1,+0,+0,+0.0165,+0,+0.0382,+0,+0,+0,02:53:01 21.03.2020
929,+23.5,+26.3,+23.9,+23.9,+24.1,+23.8,+23.7,+24.4,+24.3,+24.1,+26,FULL,499,0,+0,+0,+0.0165,+0,+0.0382,+0,+0,+0,02:54:01 21.03.2020
930,+23.5,+26.3,+23.9,+23.9,+24.1,+23.8,+23.7,+24.5,+24.3,+24.1,+26.1,FULL,500,1,+0,+0,+0.0166,+0,+0.0382,+0,+0,+0,02:55:01 21.03.2020
931,+23.5,+26.3,+23.9,+23.9,+24.1,+23.8,+23.7,+24.5,+24.3,+24.1,+26.1,FULL,500,1,+0,+0,+0.0166,+0,+0.0382,+0,+0,+0,02:56:01 21.03.2020
932,+23.5,+26.3,+23.9,+23.9,+24.1,+23.8,+23.7,+24.4,+24.3,+24.1,+26,FULL,500,1,+0,+0,+0.0165,+0,+0.0382,+0,+0,+0,02:57:01 21.03.2020
933,+23.5,+26.3,+23.9,+23.9,+24.1,+23.8,+23.7,+24.4,+24.3,+24.1,+26.1,FULL,500,1,+0,+0,+0.0165,+0,+0.0382,+0,+0,+0,02:58:01 21.03.2020
934,+23.5,+26.3,+23.9,+23.9,+24.1,+23.8,+23.7,+24.4,+24.3,+24.1,+26,FULL,499,1,+0,+0,+0.0165,+0,+0.0382,+0,+0,+0,02:59:01 21.03.2020
935,+23.5,+26.3,+23.9,+23.9,+24.1,+23.8,+23.7,+24.4,+24.3,+24.1,+26,FULL,499,1,+0,+0,+0.0165,+0,+0.0382,+0,+0,+0,03:00:01 21.03.2020
936,+23.5,+26.3,+23.9,+23.9,+24.1,+23.8,+23.7,+24.4,+24.3,+24.1,+26,FULL,499,0,+0,+0,+0.0165,+0,+0.0382,+0,+0,+0,03:01:01 21.03.2020
937,+23.5,+26.3,+23.9,+23.9,+24.1,+23.8,+23.7,+24.4,+24.3,+24.1,+26.1,FULL,500,1,+0,+0,+0.0165,+0,+0.0382,+0,+0,+0,03:02:01 21.03.2020
938,+23.5,+26.3,+23.9,+23.9,+24.1,+23.8,+23.7,+24.4,+24.3,+24.1,+26,FULL,500,1,+0,+0,+0.0165,+0,+0.0382,+0,+0,+0,03:03:01 21.03.2020
939,+23.6,+26.3,+23.9,+23.9,+24.1,+23.8,+23.7,+24.4,+24.3,+24.1,+26,FULL,500,1,+0,+0,+0.0165,+0,+0.0382,+0,+0,+0,03:04:01 21.03.2020
940,+23.6,+26.3,+23.9,+23.9,+24.1,+23.8,+23.7,+24.4,+24.3,+24.1,+26.1,FULL,500,1,+0,+0,+0.0165,+0,+0.0382,+0,+0,+0,03:05:01 21.03.2020
941,+23.6,+26.3,+23.9,+23.9,+24.1,+23.8,+23.7,+24.4,+24.3,+24.1,+26,FULL,499,1,+0,+0,+0.0165,+0,+0.0382,+0,+0,+0,03:06:01 21.03.2020
942,+23.6,+26.3,+23.9,+23.9,+24.1,+23.8,+23.7,+24.4,+24.3,+24.1,+26,FULL,499,1,+0,+0,+0.0165,+0,+0.0382,+0,+0,+0,03:07:01 21.03.2020
943,+23.6,+26.3,+23.9,+23.9,+24.1,+23.8,+23.7,+24.4,+24.3,+24.1,+26,FULL,499,0,+0,+0,+0.0165,+0,+0.0384,+0,+0,+0,03:08:01 21.03.2020
944,+23.6,+26.2,+23.9,+23.9,+24.1,+23.8,+23.7,+24.4,+24.3,+24.1,+26.1,FULL,500,1,+0,+0,+0.0165,+0,+0.0382,+0,+0,+0,03:09:01 21.03.2020
945,+23.6,+26.2,+23.9,+23.9,+24.1,+23.8,+23.7,+24.4,+24.3,+24.1,+26.1,FULL,500,1,+0,+0,+0.0165,+0,+0.0382,+0,+0,+0,03:10:01 21.03.2020
946,+23.6,+26.2,+23.9,+23.9,+24.1,+23.8,+23.7,+24.4,+24.3,+24.1,+26.1,FULL,500,1,+0,+0,+0.0165,+0,+0.0382,+0,+0,+0,03:11:01 21.03.2020
947,+23.6,+26.3,+23.9,+23.9,+24.1,+23.8,+23.7,+24.4,+24.3,+24.1,+26,FULL,499,1,+0,+0,+0.0165,+0,+0.0384,+0,+0,+0,03:12:01 21.03.2020
948,+23.6,+26.2,+23.9,+23.9,+24.1,+23.8,+23.7,+24.4,+24.3,+24.1,+26,FULL,499,1,+0,+0,+0.0165,+0,+0.0382,+0,+0,+0,03:13:01 21.03.2020
949,+23.6,+26.2,+23.9,+23.9,+24.1,+23.8,+23.7,+24.4,+24.3,+24.1,+26,FULL,499,1,+0,+0,+0.0165,+0,+0.0382,+0,+0,+0,03:14:01 21.03.2020
950,+23.6,+26.2,+23.9,+23.9,+24.1,+23.8,+23.7,+24.4,+24.3,+24.1,+26.1,FULL,499,0,+0,+0,+0.0165,+0,+0.0382,+0,+0,+0,03:15:01 21.03.2020
951,+23.6,+26.2,+23.9,+23.9,+24.1,+23.8,+23.7,+24.4,+24.3,+24.1,+26,FULL,500,1,+0,+0,+0.0165,+0,+0.0382,+0,+0,+0,03:16:01 21.03.2020
952,+23.6,+26.2,+24,+23.9,+24.1,+23.8,+23.7,+24.4,+24.3,+24.1,+26.1,FULL,500,1,+0,+0,+0.0165,+0,+0.0382,+0,+0,+0,03:17:01 21.03.2020
953,+23.6,+26.1,+24,+23.9,+24.1,+23.8,+23.7,+24.4,+24.3,+24.1,+26.1,FULL,500,1,+0,+0,+0.0165,+0,+0.0382,+0,+0,+0,03:18:01 21.03.2020
954,+23.6,+26.1,+24,+23.9,+24.1,+23.8,+23.7,+24.4,+24.3,+24.1,+26,FULL,499,1,+0,+0,+0.0165,+0,+0.0382,+0,+0,+0,03:19:01 21.03.2020
955,+23.6,+26.1,+24,+23.9,+24.1,+23.8,+23.7,+24.4,+24.3,+24.1,+26,FULL,499,1,+0,+0,+0.0165,+0,+0.0382,+0,+0,+0,03:20:01 21.03.2020
956,+23.6,+26.2,+24,+23.9,+24.1,+23.8,+23.7,+24.4,+24.3,+24.1,+26.1,FULL,499,0,+0,+0,+0.0165,+0,+0.0384,+0,+0,+0,03:21:01 21.03.2020
957,+23.6,+26.1,+24,+23.9,+24.1,+23.8,+23.7,+24.4,+24.3,+24.1,+26,FULL,499,0,+0,+0,+0.0165,+0,+0.0382,+0,+0,+0,03:22:01 21.03.2020
958,+23.6,+26.1,+24,+23.9,+24.1,+23.8,+23.7,+24.4,+24.3,+24.1,+26,FULL,500,1,+0,+0,+0.0165,+0,+0.0382,+0,+0,+0,03:23:01 21.03.2020
959,+23.6,+26.1,+24,+23.9,+24.1,+23.8,+23.7,+24.4,+24.3,+24.1,+26,FULL,500,1,+0,+0,+0.0165,+0,+0.0382,+0,+0,+0,03:24:01 21.03.2020
960,+23.6,+26.2,+24,+23.9,+24.1,+23.8,+23.7,+24.4,+24.3,+24.1,+26,FULL,500,1,+0,+0,+0.0165,+0,+0.0382,+0,+0,+0,03:25:01 21.03.2020
961,+23.6,+26.1,+24,+23.9,+24.1,+23.8,+23.7,+24.4,+24.3,+24.1,+26,FULL,499,1,+0,+0,+0.0165,+0,+0.0382,+0,+0,+0,03:26:01 21.03.2020
962,+23.6,+26.1,+24,+23.9,+24.1,+23.8,+23.7,+24.4,+24.3,+24.1,+26,FULL,499,1,+0,+0,+0.0165,+0,+0.0382,+0,+0,+0,03:27:01 21.03.2020
963,+23.6,+26.1,+24,+23.9,+24.1,+23.8,+23.7,+24.4,+24.3,+24.1,+26,FULL,499,1,+0,+0,+0.0165,+0,+0.0382,+0,+0,+0,03:28:01 21.03.2020
964,+23.6,+26.1,+24,+23.9,+24.1,+23.8,+23.7,+24.4,+24.3,+24.1,+26,FULL,499,0,+0,+0,+0.0165,+0,+0.0382,+0,+0,+0,03:29:01 21.03.2020
965,+23.6,+26.1,+24,+23.9,+24.1,+23.8,+23.7,+24.4,+24.3,+24.1,+26,FULL,500,1,+0,+0,+0.0165,+0,+0.0382,+0,+0,+0,03:30:01 21.03.2020
966,+23.6,+26.1,+24,+23.9,+24.1,+23.8,+23.7,+24.5,+24.3,+24.1,+26.1,FULL,500,1,+0,+0,+0.0166,+0,+0.0382,+0,+0,+0,03:31:01 21.03.2020
967,+23.6,+26.1,+24,+23.9,+24.1,+23.8,+23.7,+24.5,+24.3,+24.1,+26.1,FULL,500,1,+0,+0,+0.0166,+0,+0.0382,+0,+0,+0,03:32:01 21.03.2020
968,+23.6,+26.1,+23.9,+23.9,+24.1,+23.8,+23.7,+24.4,+24.3,+24.1,+26,FULL,499,1,+0,+0,+0.0165,+0,+0.0382,+0,+0,+0,03:33:01 21.03.2020
969,+23.6,+26.1,+24,+23.9,+24.1,+23.8,+23.7,+24.4,+24.3,+24.1,+26,FULL,499,1,+0,+0,+0.0165,+0,+0.0382,+0,+0,+0,03:34:01 21.03.2020
970,+23.6,+26.2,+23.9,+23.9,+24.1,+23.8,+23.7,+24.4,+24.3,+24.1,+26,FULL,499,0,+0,+0,+0.0165,+0,+0.0382,+0,+0,+0,03:35:01 21.03.2020
971,+23.6,+26.2,+23.9,+23.9,+24.1,+23.8,+23.7,+24.4,+24.3,+24.1,+26,FULL,499,0,+0,+0,+0.0165,+0,+0.0382,+0,+0,+0,03:36:01 21.03.2020
972,+23.6,+26.2,+23.9,+23.9,+24.1,+23.8,+23.7,+24.4,+24.3,+24.1,+26.1,FULL,500,1,+0,+0,+0.0165,+0,+0.0382,+0,+0,+0,03:37:01 21.03.2020
973,+23.6,+26.2,+24,+23.9,+24.1,+23.8,+23.6,+24.4,+24.3,+24.1,+26,FULL,500,1,+0,+0,+0.0165,+0,+0.0382,+0,+0,+0,03:38:01 21.03.2020
974,+23.6,+26.2,+23.9,+23.9,+24.1,+23.8,+23.7,+24.5,+24.3,+24.1,+26.1,FULL,500,1,+0,+0,+0.0166,+0,+0.0382,+0,+0,+0,03:39:01 21.03.2020
975,+23.7,+26.2,+23.9,+23.9,+24.1,+23.8,+23.7,+24.4,+24.3,+24.1,+26,FULL,500,1,+0,+0,+0.0165,+0,+0.0382,+0,+0,+0,03:40:01 21.03.2020
976,+23.7,+26.2,+23.9,+23.9,+24.1,+23.8,+23.7,+24.5,+24.3,+24.1,+26.2,FULL,499,1,+0,+0,+0.0166,+0,+0.0382,+0,+0,+0,03:41:01 21.03.2020
977,+23.7,+26.2,+23.9,+23.9,+24.1,+23.8,+23.6,+24.4,+24.3,+24.2,+26,FULL,499,0,+0,+0,+0.0165,+0,+0.0382,+0,+0,+0,03:42:01 21.03.2020
978,+23.7,+26.2,+23.9,+23.9,+24.1,+23.8,+23.6,+24.4,+24.3,+24.1,+26.3,FULL,500,1,+0,+0,+0.0165,+0,+0.0382,+0,+0,+0,03:43:01 21.03.2020
979,+23.7,+26.3,+23.9,+23.9,+24.1,+23.8,+23.6,+24.5,+24.3,+24.1,+26.1,FULL,500,1,+0,+0,+0.0166,+0,+0.0382,+0,+0,+0,03:44:01 21.03.2020
980,+23.7,+26.3,+23.9,+23.9,+24.1,+23.8,+23.7,+24.5,+24.3,+24.1,+26,FULL,500,1,+0,+0,+0.0166,+0,+0.0382,+0,+0,+0,03:45:01 21.03.2020
981,+23.7,+26.3,+23.9,+23.9,+24.1,+23.8,+23.6,+24.4,+24.3,+24.1,+26.1,FULL,500,1,+0,+0,+0.0165,+0,+0.0382,+0,+0,+0,03:46:01 21.03.2020
982,+23.7,+26.3,+23.9,+23.9,+24.1,+23.8,+23.7,+24.4,+24.3,+24.1,+26.1,FULL,499,1,+0,+0,+0.0165,+0,+0.0382,+0,+0,+0,03:47:01 21.03.2020
983,+23.7,+26.3,+23.9,+23.9,+24.1,+23.8,+23.6,+24.4,+24.3,+24.1,+26.1,FULL,499,1,+0,+0,+0.0165,+0,+0.0382,+0,+0,+0,03:48:01 21.03.2020
984,+23.7,+26.3,+23.9,+23.9,+24.1,+23.8,+23.6,+24.4,+24.3,+24.1,+26,FULL,499,0,+0,+0,+0.0165,+0,+0.0382,+0,+0,+0,03:49:01 21.03.2020
985,+23.7,+26.3,+23.9,+23.9,+24.2,+23.8,+23.6,+24.4,+24.3,+24.1,+26.1,FULL,499,0,+0,+0,+0.0165,+0,+0.0382,+0,+0,+0,03:50:01 21.03.2020
986,+23.7,+26.3,+24,+23.9,+24.2,+23.8,+23.6,+24.4,+24.3,+24.1,+26.2,FULL,500,1,+0,+0,+0.0165,+0,+0.0382,+0,+0,+0,03:51:01 21.03.2020
987,+23.7,+26.3,+24,+23.9,+24.2,+23.8,+23.6,+24.5,+24.3,+24.2,+26,FULL,500,1,+0,+0,+0.0166,+0,+0.0382,+0,+0,+0,03:52:01 21.03.2020
988,+23.7,+26.3,+24,+23.9,+24.2,+23.8,+23.6,+24.4,+24.3,+24.1,+26.1,FULL,500,1,+0,+0,+0.0165,+0,+0.0382,+0,+0,+0,03:53:01 21.03.2020
989,+23.7,+26.3,+23.9,+23.9,+24.2,+23.8,+23.6,+24.4,+24.3,+24.1,+26,FULL,499,1,+0,+0,+0.0165,+0,+0.0382,+0,+0,+0,03:54:01 21.03.2020
990,+23.7,+26.3,+23.9,+23.9,+24.2,+23.8,+23.7,+24.4,+24.3,+24.1,+26.1,FULL,499,1,+0,+0,+0.0165,+0,+0.0382,+0,+0,+0,03:55:01 21.03.2020
991,+23.7,+26.3,+23.9,+23.9,+24.2,+23.8,+23.7,+24.4,+24.3,+24.1,+26,FULL,499,0,+0,+0,+0.0165,+0,+0.0382,+0,+0,+0,03:56:01 21.03.2020
992,+23.7,+26.3,+24,+23.9,+24.2,+23.8,+23.6,+24.4,+24.3,+24.1,+26,FULL,500,1,+0,+0,+0.0165,+0,+0.0382,+0,+0,+0,03:57:01 21.03.2020
993,+23.7,+26.3,+24,+23.9,+24.2,+23.8,+23.7,+24.4,+24.3,+24.1,+26,FULL,500,1,+0,+0,+0.0165,+0,+0.0382,+0,+0,+0,03:58:01 21.03.2020
994,+23.7,+26.3,+23.9,+23.9,+24.2,+23.8,+23.7,+24.4,+24.3,+24.1,+26.2,FULL,500,1,+0,+0,+0.0165,+0,+0.0382,+0,+0,+0,03:59:01 21.03.2020
995,+23.7,+26.3,+24,+23.9,+24.2,+23.8,+23.7,+24.4,+24.3,+24.1,+26.1,FULL,500,1,+0,+0,+0.0165,+0,+0.0382,+0,+0,+0,04:00:01 21.03.2020
996,+23.7,+26.3,+24,+23.9,+24.2,+23.8,+23.7,+24.4,+24.3,+24.1,+26,FULL,499,1,+0,+0,+0.0165,+0,+0.0382,+0,+0,+0,04:01:01 21.03.2020
997,+23.7,+26.2,+24,+23.9,+24.2,+23.8,+23.7,+24.4,+24.3,+24.1,+26,FULL,499,1,+0,+0,+0.0165,+0,+0.0382,+0,+0,+0,04:02:01 21.03.2020
998,+23.7,+26.2,+24,+23.9,+24.2,+23.8,+23.7,+24.4,+24.3,+24.1,+26.2,FULL,499,0,+0,+0,+0.0165,+0,+0.0382,+0,+0,+0,04:03:01 21.03.2020
999,+23.7,+26.2,+24,+23.9,+24.2,+23.8,+23.7,+24.4,+24.3,+24.1,+26.1,FULL,500,1,+0,+0,+0.0165,+0,+0.0382,+0,+0,+0,04:04:01 21.03.2020
1000,+23.7,+26.2,+24,+23.9,+24.1,+23.8,+23.7,+24.4,+24.3,+24.1,+26.1,FULL,500,1,+0,+0,+0.0165,+0,+0.0382,+0,+0,+0,04:05:01 21.03.2020
1001,+23.7,+26.2,+24,+23.9,+24.2,+23.8,+23.7,+24.4,+24.3,+24.1,+26,FULL,500,1,+0,+0,+0.0165,+0,+0.0382,+0,+0,+0,04:06:01 21.03.2020
1002,+23.7,+26.2,+24,+23.9,+24.2,+23.8,+23.7,+24.4,+24.3,+24.1,+26,FULL,500,1,+0,+0,+0.0165,+0,+0.0382,+0,+0,+0,04:07:01 21.03.2020
1003,+23.7,+26.2,+24,+23.9,+24.2,+23.8,+23.7,+24.4,+24.3,+24.1,+26.1,FULL,499,1,+0,+0,+0.0165,+0,+0.0382,+0,+0,+0,04:08:01 21.03.2020
1004,+23.7,+26.2,+24,+23.9,+24.2,+23.8,+23.7,+24.4,+24.3,+24.1,+26.2,FULL,499,0,+0,+0,+0.0165,+0,+0.0384,+0,+0,+0,04:09:01 21.03.2020
1005,+23.7,+26.1,+24,+23.9,+24.2,+23.8,+23.7,+24.4,+24.3,+24.1,+26.1,FULL,499,0,+0,+0,+0.0165,+0,+0.0382,+0,+0,+0,04:10:01 21.03.2020
1006,+23.7,+26.2,+24,+23.9,+24.2,+23.8,+23.7,+24.4,+24.3,+24.1,+26,FULL,499,0,+0,+0,+0.0165,+0,+0.0382,+0,+0,+0,04:11:01 21.03.2020
1007,+23.7,+26.1,+24,+23.9,+24.2,+23.8,+23.7,+24.4,+24.3,+24.1,+26.1,FULL,500,1,+0,+0,+0.0165,+0,+0.0382,+0,+0,+0,04:12:01 21.03.2020
1008,+23.8,+26.2,+24,+23.9,+24.1,+23.8,+23.6,+24.4,+24.3,+24.1,+26,FULL,500,1,+0,+0,+0.0165,+0,+0.0382,+0,+0,+0,04:13:01 21.03.2020
1009,+23.7,+26.1,+24,+23.9,+24.2,+23.8,+23.7,+24.4,+24.3,+24.1,+26,FULL,500,1,+0,+0,+0.0165,+0,+0.0382,+0,+0,+0,04:14:01 21.03.2020
1010,+23.8,+26.1,+24,+23.9,+24.2,+23.8,+23.7,+24.5,+24.3,+24.1,+26,FULL,499,1,+0,+0,+0.0166,+0,+0.0382,+0,+0,+0,04:15:01 21.03.2020
1011,+23.8,+26.1,+24,+23.9,+24.2,+23.8,+23.7,+24.4,+24.3,+24.1,+26.1,FULL,499,0,+0,+0,+0.0165,+0,+0.0382,+0,+0,+0,04:16:01 21.03.2020
1012,+23.8,+26.2,+24,+23.9,+24.2,+23.8,+23.7,+24.4,+24.3,+24.1,+26.2,FULL,499,0,+0,+0,+0.0165,+0,+0.0382,+0,+0,+0,04:17:01 21.03.2020
1013,+23.8,+26.2,+24,+23.9,+24.2,+23.8,+23.7,+24.4,+24.3,+24.1,+26,FULL,500,1,+0,+0,+0.0165,+0,+0.0382,+0,+0,+0,04:18:01 21.03.2020
1014,+23.8,+26.1,+24,+23.9,+24.1,+23.8,+23.7,+24.5,+24.3,+24.1,+26.1,FULL,500,1,+0,+0,+0.0166,+0,+0.0382,+0,+0,+0,04:19:01 21.03.2020
1015,+23.8,+26.1,+24,+23.9,+24.2,+23.8,+23.7,+24.4,+24.3,+24.1,+26,FULL,500,1,+0,+0,+0.0165,+0,+0.0382,+0,+0,+0,04:20:01 21.03.2020
1016,+23.8,+26.1,+24,+23.9,+24.1,+23.8,+23.7,+24.4,+24.3,+24.1,+26,FULL,500,1,+0,+0,+0.0165,+0,+0.0382,+0,+0,+0,04:21:01 21.03.2020
1017,+23.8,+26.2,+24,+23.9,+24.1,+23.8,+23.7,+24.4,+24.3,+24.1,+26.1,FULL,499,1,+0,+0,+0.0165,+0,+0.0382,+0,+0,+0,04:22:01 21.03.2020
1018,+23.8,+26.1,+24,+23.9,+24.1,+23.8,+23.7,+24.5,+24.3,+24.1,+26.2,FULL,499,1,+0,+0,+0.0166,+0,+0.0382,+0,+0,+0,04:23:01 21.03.2020
1019,+23.8,+26.1,+24,+23.9,+24.1,+23.8,+23.7,+24.5,+24.3,+24.1,+26,FULL,499,0,+0,+0,+0.0166,+0,+0.0382,+0,+0,+0,04:24:01 21.03.2020
1020,+23.8,+26.1,+24,+23.9,+24.1,+23.8,+23.7,+24.5,+24.3,+24.1,+26.1,FULL,500,1,+0,+0,+0.0166,+0,+0.0382,+0,+0,+0,04:25:01 21.03.2020
1021,+23.8,+26.1,+24,+23.9,+24.2,+23.8,+23.6,+24.4,+24.3,+24.1,+26.3,FULL,500,1,+0,+0,+0.0165,+0,+0.0382,+0,+0,+0,04:26:01 21.03.2020
1022,+23.8,+26.2,+24,+23.9,+24.2,+23.8,+23.7,+24.5,+24.3,+24.1,+26.1,FULL,500,1,+0,+0,+0.0166,+0,+0.0382,+0,+0,+0,04:27:01 21.03.2020
1023,+23.8,+26.2,+24,+23.9,+24.2,+23.8,+23.6,+24.5,+24.3,+24.2,+26,FULL,500,1,+0,+0,+0.0166,+0,+0.0382,+0,+0,+0,04:28:01 21.03.2020
1024,+23.8,+26.2,+24,+23.9,+24.2,+23.8,+23.6,+24.5,+24.3,+24.2,+26.1,FULL,499,1,+0,+0,+0.0166,+0,+0.0382,+0,+0,+0,04:29:01 21.03.2020
1025,+23.8,+26.2,+24,+23.9,+24.2,+23.8,+23.6,+24.4,+24.3,+24.1,+26.2,FULL,499,0,+0,+0,+0.0165,+0,+0.0382,+0,+0,+0,04:30:01 21.03.2020
1026,+23.8,+26.2,+24,+23.9,+24.2,+23.8,+23.6,+24.4,+24.3,+24.1,+26.1,FULL,499,0,+0,+0,+0.0165,+0,+0.0382,+0,+0,+0,04:31:01 21.03.2020
1027,+23.8,+26.2,+24,+23.9,+24.2,+23.8,+23.6,+24.4,+24.3,+24.1,+26,FULL,500,1,+0,+0,+0.0165,+0,+0.0382,+0,+0,+0,04:32:01 21.03.2020
1028,+23.8,+26.2,+24,+23.9,+24.2,+23.8,+23.6,+24.4,+24.3,+24.1,+26.1,FULL,500,1,+0,+0,+0.0165,+0,+0.0382,+0,+0,+0,04:33:01 21.03.2020
1029,+23.8,+26.2,+23.9,+23.9,+24.2,+23.8,+23.6,+24.4,+24.3,+24.1,+26,FULL,500,1,+0,+0,+0.0165,+0,+0.0382,+0,+0,+0,04:34:01 21.03.2020
1030,+23.8,+26.2,+24,+23.9,+24.2,+23.8,+23.6,+24.4,+24.3,+24.1,+26,FULL,499,1,+0,+0,+0.0165,+0,+0.0382,+0,+0,+0,04:35:01 21.03.2020
1031,+23.8,+26.3,+24,+23.9,+24.2,+23.8,+23.6,+24.5,+24.3,+24.2,+26,FULL,499,1,+0,+0,+0.0166,+0,+0.0382,+0,+0,+0,04:36:01 21.03.2020
1032,+23.8,+26.3,+24,+23.9,+24.2,+23.8,+23.6,+24.5,+24.3,+24.1,+26,FULL,499,0,+0,+0,+0.0166,+0,+0.0382,+0,+0,+0,04:37:01 21.03.2020
1033,+23.8,+26.3,+24,+23.9,+24.2,+23.8,+23.6,+24.4,+24.3,+24.1,+26,FULL,499,0,+0,+0,+0.0165,+0,+0.0382,+0,+0,+0,04:38:01 21.03.2020
1034,+23.8,+26.3,+24,+23.9,+24.2,+23.8,+23.6,+24.4,+24.3,+24.2,+26.1,FULL,500,1,+0,+0,+0.0165,+0,+0.0382,+0,+0,+0,04:39:01 21.03.2020
1035,+23.8,+26.3,+24,+23.9,+24.2,+23.8,+23.6,+24.4,+24.3,+24.1,+26.1,FULL,500,1,+0,+0,+0.0165,+0,+0.0382,+0,+0,+0,04:40:01 21.03.2020
1036,+23.8,+26.3,+24,+23.9,+24.2,+23.8,+23.6,+24.5,+24.3,+24.1,+26.1,FULL,500,1,+0,+0,+0.0166,+0,+0.0382,+0,+0,+0,04:41:01 21.03.2020
1037,+23.8,+26.3,+24,+23.9,+24.2,+23.8,+23.6,+24.4,+24.3,+24.1,+26,FULL,499,1,+0,+0,+0.0165,+0,+0.0382,+0,+0,+0,04:42:01 21.03.2020
1038,+23.8,+26.3,+24,+23.9,+24.2,+23.8,+23.6,+24.4,+24.3,+24.1,+26,FULL,499,1,+0,+0,+0.0165,+0,+0.0382,+0,+0,+0,04:43:01 21.03.2020
1039,+23.8,+26.3,+24,+23.9,+24.2,+23.8,+23.6,+24.4,+24.3,+24.1,+26.2,FULL,499,1,+0,+0,+0.0166,+0,+0.0382,+0,+0,+0,04:44:01 21.03.2020
1040,+23.8,+26.3,+24,+23.9,+24.2,+23.8,+23.6,+24.5,+24.3,+24.1,+26.1,FULL,499,0,+0,+0,+0.0166,+0,+0.0382,+0,+0,+0,04:45:01 21.03.2020
1041,+23.8,+26.3,+24,+23.9,+24.2,+23.8,+23.6,+24.4,+24.3,+24.1,+26,FULL,500,1,+0,+0,+0.0165,+0,+0.0382,+0,+0,+0,04:46:01 21.03.2020
1042,+23.8,+26.3,+24,+23.9,+24.2,+23.8,+23.6,+24.4,+24.3,+24.1,+26,FULL,500,1,+0,+0,+0.0165,+0,+0.0382,+0,+0,+0,04:47:01 21.03.2020
1043,+23.8,+26.3,+24,+23.9,+24.2,+23.8,+23.6,+24.4,+24.3,+24.1,+26,FULL,500,1,+0,+0,+0.0165,+0,+0.0382,+0,+0,+0,04:48:01 21.03.2020
1044,+23.8,+26.3,+24,+24,+24.2,+23.8,+23.6,+24.4,+24.3,+24.1,+26,FULL,499,1,+0,+0,+0.0165,+0,+0.0382,+0,+0,+0,04:49:01 21.03.2020
1045,+23.8,+26.3,+24,+23.9,+24.2,+23.8,+23.6,+24.4,+24.3,+24.1,+26,FULL,499,1,+0,+0,+0.0165,+0,+0.0382,+0,+0,+0,04:50:01 21.03.2020
1046,+23.8,+26.3,+24,+23.9,+24.2,+23.8,+23.6,+24.4,+24.3,+24.1,+26.1,FULL,499,0,+0,+0,+0.0165,+0,+0.0382,+0,+0,+0,04:51:01 21.03.2020
1047,+23.8,+26.3,+24,+24,+24.2,+23.8,+23.6,+24.4,+24.3,+24.1,+26.1,FULL,499,0,+0,+0,+0.0165,+0,+0.0382,+0,+0,+0,04:52:01 21.03.2020
1048,+23.8,+26.3,+24,+23.9,+24.2,+23.8,+23.7,+24.4,+24.3,+24.1,+26.1,FULL,500,1,+0,+0,+0.0165,+0,+0.0382,+0,+0,+0,04:53:01 21.03.2020
1049,+23.8,+26.2,+24,+23.9,+24.2,+23.8,+23.7,+24.4,+24.3,+24.1,+26.1,FULL,500,1,+0,+0,+0.0165,+0,+0.0382,+0,+0,+0,04:54:01 21.03.2020
1050,+23.8,+26.2,+24,+23.9,+24.2,+23.8,+23.6,+24.4,+24.3,+24.1,+26.1,FULL,500,1,+0,+0,+0.0165,+0,+0.0382,+0,+0,+0,04:55:01 21.03.2020
1051,+23.8,+26.2,+24,+23.9,+24.2,+23.8,+23.6,+24.4,+24.3,+24.1,+26.1,FULL,499,1,+0,+0,+0.0165,+0,+0.0382,+0,+0,+0,04:56:01 21.03.2020
1052,+23.8,+26.3,+24,+23.9,+24.2,+23.8,+23.7,+24.4,+24.3,+24.1,+26.1,FULL,499,1,+0,+0,+0.0165,+0,+0.0382,+0,+0,+0,04:57:01 21.03.2020
1053,+23.8,+26.1,+24,+23.9,+24.2,+23.8,+23.6,+24.4,+24.3,+24.1,+26,FULL,499,0,+0,+0,+0.0165,+0,+0.0382,+0,+0,+0,04:58:01 21.03.2020
1054,+23.8,+26.2,+24,+23.9,+24.2,+23.8,+23.6,+24.4,+24.3,+24.1,+26.1,FULL,500,1,+0,+0,+0.0165,+0,+0.0382,+0,+0,+0,04:59:01 21.03.2020
1055,+23.8,+26.1,+24,+24,+24.2,+23.8,+23.6,+24.4,+24.3,+24.1,+26,FULL,500,1,+0,+0,+0.0165,+0,+0.0382,+0,+0,+0,05:00:01 21.03.2020
1056,+23.8,+26.2,+24,+23.9,+24.2,+23.8,+23.6,+24.4,+24.3,+24.1,+26,FULL,500,1,+0,+0,+0.0165,+0,+0.0382,+0,+0,+0,05:01:01 21.03.2020
1057,+23.8,+26.2,+24,+24,+24.2,+23.8,+23.7,+24.4,+24.3,+24.1,+26.2,FULL,500,1,+0,+0,+0.0165,+0,+0.0382,+0,+0,+0,05:02:01 21.03.2020
1058,+23.8,+26.1,+24,+23.9,+24.2,+23.8,+23.7,+24.4,+24.3,+24.1,+26,FULL,499,1,+0,+0,+0.0165,+0,+0.0382,+0,+0,+0,05:03:01 21.03.2020
1059,+23.8,+26.1,+24,+24,+24.2,+23.8,+23.6,+24.4,+24.3,+24.1,+26,FULL,499,1,+0,+0,+0.0165,+0,+0.0382,+0,+0,+0,05:04:01 21.03.2020
1060,+23.8,+26.2,+24,+23.9,+24.2,+23.8,+23.6,+24.4,+24.3,+24.1,+26.1,FULL,499,0,+0,+0,+0.0165,+0,+0.0382,+0,+0,+0,05:05:01 21.03.2020
1061,+23.8,+26.2,+24,+23.9,+24.2,+23.8,+23.7,+24.4,+24.3,+24.1,+26.1,FULL,499,0,+0,+0,+0.0165,+0,+0.0382,+0,+0,+0,05:06:01 21.03.2020
1062,+23.8,+26.1,+24,+23.9,+24.2,+23.8,+23.6,+24.4,+24.3,+24.1,+26,FULL,500,1,+0,+0,+0.0165,+0,+0.0382,+0,+0,+0,05:07:01 21.03.2020
1063,+23.8,+26.1,+24,+23.9,+24.2,+23.8,+23.7,+24.4,+24.3,+24.1,+26.2,FULL,500,1,+0,+0,+0.0165,+0,+0.0382,+0,+0,+0,05:08:01 21.03.2020
1064,+23.8,+26.1,+24,+23.9,+24.2,+23.8,+23.6,+24.4,+24.3,+24.1,+26.1,FULL,500,1,+0,+0,+0.0165,+0,+0.0382,+0,+0,+0,05:09:01 21.03.2020
1065,+23.8,+26.2,+24,+23.9,+24.2,+23.8,+23.7,+24.4,+24.3,+24.1,+26,FULL,499,1,+0,+0,+0.0165,+0,+0.0382,+0,+0,+0,05:10:01 21.03.2020
1066,+23.8,+26.1,+24,+23.9,+24.2,+23.8,+23.7,+24.4,+24.3,+24.1,+26,FULL,499,1,+0,+0,+0.0165,+0,+0.0382,+0,+0,+0,05:11:01 21.03.2020
1067,+23.8,+26.1,+24,+23.9,+24.2,+23.8,+23.7,+24.4,+24.3,+24.1,+26,FULL,499,0,+0,+0,+0.0165,+0,+0.0382,+0,+0,+0,05:12:01 21.03.2020
1068,+23.8,+26.1,+24,+23.9,+24.2,+23.8,+23.6,+24.4,+24.3,+24.1,+26.1,FULL,500,1,+0,+0,+0.0165,+0,+0.0382,+0,+0,+0,05:13:01 21.03.2020
1069,+23.8,+26.1,+24,+23.9,+24.2,+23.8,+23.7,+24.4,+24.3,+24.1,+26.1,FULL,500,1,+0,+0,+0.0165,+0,+0.0382,+0,+0,+0,05:14:01 21.03.2020
1070,+23.8,+26.1,+24,+23.9,+24.2,+23.8,+23.7,+24.4,+24.3,+24.1,+26,FULL,500,1,+0,+0,+0.0165,+0,+0.0382,+0,+0,+0,05:15:01 21.03.2020
1071,+23.8,+26.1,+24,+23.9,+24.2,+23.8,+23.7,+24.5,+24.3,+24.1,+26,FULL,500,1,+0,+0,+0.0166,+0,+0.0382,+0,+0,+0,05:16:01 21.03.2020
1072,+23.8,+26.1,+24,+23.9,+24.2,+23.8,+23.6,+24.5,+24.3,+24.1,+26.1,FULL,499,1,+0,+0,+0.0166,+0,+0.0382,+0,+0,+0,05:17:01 21.03.2020
1073,+23.8,+26.1,+24,+23.9,+24.2,+23.8,+23.6,+24.4,+24.3,+24.1,+26,FULL,499,1,+0,+0,+0.0165,+0,+0.0382,+0,+0,+0,05:18:01 21.03.2020
1074,+23.8,+26.1,+24,+23.9,+24.2,+23.8,+23.7,+24.5,+24.3,+24.1,+26,FULL,499,0,+0,+0,+0.0166,+0,+0.0382,+0,+0,+0,05:19:01 21.03.2020
1075,+23.8,+26.2,+24,+23.9,+24.2,+23.8,+23.6,+24.5,+24.3,+24.1,+26.2,FULL,500,1,+0,+0,+0.0166,+0,+0.0382,+0,+0,+0,05:20:01 21.03.2020
1076,+23.8,+26.2,+24,+23.9,+24.2,+23.8,+23.6,+24.4,+24.3,+24.1,+26.2,FULL,500,1,+0,+0,+0.0165,+0,+0.0382,+0,+0,+0,05:21:01 21.03.2020
1077,+23.8,+26.2,+24,+23.9,+24.2,+23.8,+23.6,+24.4,+24.3,+24.1,+26,FULL,500,1,+0,+0,+0.0165,+0,+0.0382,+0,+0,+0,05:22:01 21.03.2020
1078,+23.8,+26.2,+24,+23.9,+24.2,+23.8,+23.6,+24.4,+24.3,+24.1,+26,FULL,500,1,+0,+0,+0.0165,+0,+0.0382,+0,+0,+0,05:23:01 21.03.2020
1079,+23.9,+26.2,+24,+23.9,+24.2,+23.8,+23.6,+24.4,+24.3,+24.1,+26,FULL,499,1,+0,+0,+0.0165,+0,+0.0382,+0,+0,+0,05:24:01 21.03.2020
1080,+23.9,+26.2,+24,+23.9,+24.2,+23.8,+23.6,+24.4,+24.3,+24.1,+26,FULL,499,1,+0,+0,+0.0165,+0,+0.0382,+0,+0,+0,05:25:01 21.03.2020
1081,+23.8,+26.2,+24,+23.9,+24.2,+23.8,+23.6,+24.4,+24.3,+24.1,+26.2,FULL,499,0,+0,+0,+0.0165,+0,+0.0382,+0,+0,+0,05:26:01 21.03.2020
1082,+23.9,+26.2,+24,+23.9,+24.2,+23.8,+23.6,+24.4,+24.3,+24.1,+26,FULL,499,1,+0,+0,+0.0165,+0,+0.0382,+0,+0,+0,05:27:01 21.03.2020
1083,+23.9,+26.2,+24,+23.9,+24.2,+23.8,+23.6,+24.4,+24.3,+24.1,+26.1,FULL,500,1,+0,+0,+0.0165,+0,+0.0382,+0,+0,+0,05:28:01 21.03.2020
1084,+23.9,+26.2,+24,+23.9,+24.2,+23.8,+23.6,+24.5,+24.3,+24.1,+26.1,FULL,500,1,+0,+0,+0.0166,+0,+0.0382,+0,+0,+0,05:29:01 21.03.2020
1085,+23.9,+26.2,+24,+23.9,+24.2,+23.8,+23.6,+24.5,+24.3,+24.1,+26,FULL,500,1,+0,+0,+0.0166,+0,+0.0382,+0,+0,+0,05:30:01 21.03.2020
1086,+23.9,+26.2,+24,+23.9,+24.2,+23.8,+23.6,+24.4,+24.3,+24.1,+26,FULL,499,1,+0,+0,+0.0165,+0,+0.0382,+0,+0,+0,05:31:01 21.03.2020
1087,+23.9,+26.3,+24,+23.9,+24.2,+23.8,+23.6,+24.4,+24.3,+24.1,+26,FULL,499,1,+0,+0,+0.0165,+0,+0.0382,+0,+0,+0,05:32:01 21.03.2020
1088,+23.8,+26.3,+24,+24,+24.2,+23.8,+23.6,+24.4,+24.3,+24.1,+26.1,FULL,499,1,+0,+0,+0.0165,+0,+0.0382,+0,+0,+0,05:33:01 21.03.2020
1089,+23.8,+26.3,+24,+23.9,+24.2,+23.8,+23.7,+24.4,+24.3,+24.1,+26,FULL,500,1,+0,+0,+0.0165,+0,+0.0382,+0,+0,+0,05:34:01 21.03.2020
1090,+23.8,+26.3,+24,+23.9,+24.2,+23.8,+23.7,+24.4,+24.3,+24.1,+26,FULL,500,1,+0,+0,+0.0165,+0,+0.0382,+0,+0,+0,05:35:01 21.03.2020
1091,+23.8,+26.3,+24,+24,+24.2,+23.8,+23.7,+24.4,+24.3,+24.1,+26,FULL,500,1,+0,+0,+0.0165,+0,+0.0382,+0,+0,+0,05:36:01 21.03.2020
1092,+23.8,+26.3,+24,+24,+24.2,+23.8,+23.7,+24.4,+24.3,+24.1,+26.1,FULL,500,1,+0,+0,+0.0165,+0,+0.0384,+0,+0,+0,05:37:01 21.03.2020
1093,+23.8,+26.3,+24,+24,+24.2,+23.8,+23.7,+24.4,+24.3,+24.1,+26,FULL,499,1,+0,+0,+0.0165,+0,+0.0382,+0,+0,+0,05:38:01 21.03.2020
1094,+23.8,+26.3,+24,+24,+24.2,+23.8,+23.7,+24.4,+24.3,+24.1,+26,FULL,499,0,+0,+0,+0.0165,+0,+0.0384,+0,+0,+0,05:39:01 21.03.2020
1095,+23.8,+26.3,+24,+24,+24.2,+23.8,+23.7,+24.4,+24.3,+24.1,+26.1,FULL,499,0,+0,+0,+0.0165,+0,+0.0384,+0,+0,+0,05:40:01 21.03.2020
1096,+23.8,+26.3,+24,+24,+24.2,+23.8,+23.7,+24.4,+24.3,+24.1,+26,FULL,500,1,+0,+0,+0.0165,+0,+0.0384,+0,+0,+0,05:41:01 21.03.2020
1097,+23.8,+26.3,+24,+24,+24.2,+23.8,+23.7,+24.4,+24.3,+24.1,+26,FULL,500,1,+0,+0,+0.0165,+0,+0.0384,+0,+0,+0,05:42:01 21.03.2020
1098,+23.8,+26.3,+24,+24,+24.2,+23.8,+23.7,+24.4,+24.3,+24.1,+26,FULL,500,1,+0,+0,+0.0165,+0,+0.0384,+0,+0,+0,05:43:01 21.03.2020
1099,+23.8,+26.3,+24,+24,+24.2,+23.8,+23.7,+24.4,+24.3,+24.1,+26.1,FULL,500,1,+0,+0,+0.0165,+0,+0.0384,+0,+0,+0,05:44:01 21.03.2020
1100,+23.8,+26.3,+24,+24,+24.2,+23.8,+23.7,+24.4,+24.3,+24.1,+26.1,FULL,499,1,+0,+0,+0.0165,+0,+0.0384,+0,+0,+0,05:45:01 21.03.2020
1101,+23.8,+26.2,+24,+24,+24.2,+23.8,+23.7,+24.4,+24.3,+24.1,+26,FULL,499,0,+0,+0,+0.0165,+0,+0.0384,+0,+0,+0,05:46:01 21.03.2020
1102,+23.8,+26.2,+24,+23.9,+24.2,+23.8,+23.7,+24.4,+24.3,+24.1,+26,FULL,499,0,+0,+0,+0.0165,+0,+0.0384,+0,+0,+0,05:47:01 21.03.2020
1103,+23.8,+26.2,+24,+23.9,+24.2,+23.8,+23.7,+24.4,+24.3,+24.1,+26.1,FULL,499,0,+0,+0,+0.0165,+0,+0.0384,+0,+0,+0,05:48:01 21.03.2020
1104,+23.7,+26.2,+24,+24,+24.2,+23.8,+23.7,+24.4,+24.3,+24.1,+26,FULL,500,1,+0,+0,+0.0165,+0,+0.0384,+0,+0,+0,05:49:01 21.03.2020
1105,+23.7,+26.2,+24,+23.9,+24.2,+23.8,+23.7,+24.4,+24.3,+24.1,+26.1,FULL,500,1,+0,+0,+0.0165,+0,+0.0384,+0,+0,+0,05:50:01 21.03.2020
1106,+23.7,+26.1,+24,+23.9,+24.2,+23.8,+23.7,+24.4,+24.3,+24.1,+26,FULL,500,1,+0,+0,+0.0165,+0,+0.0384,+0,+0,+0,05:51:01 21.03.2020
1107,+23.7,+26.1,+24,+24,+24.2,+23.8,+23.7,+24.4,+24.3,+24.1,+26,FULL,499,1,+0,+0,+0.0165,+0,+0.0384,+0,+0,+0,05:52:01 21.03.2020
1108,+23.7,+26.2,+24,+23.9,+24.2,+23.8,+23.7,+24.4,+24.3,+24.1,+26.1,FULL,499,0,+0,+0,+0.0165,+0,+0.0384,+0,+0,+0,05:53:01 21.03.2020
1109,+23.7,+26.2,+24,+23.9,+24.2,+23.8,+23.7,+24.4,+24.3,+24.1,+26,FULL,499,0,+0,+0,+0.0165,+0,+0.0384,+0,+0,+0,05:54:01 21.03.2020
1110,+23.7,+26.1,+24,+23.9,+24.2,+23.8,+23.7,+24.4,+24.3,+24.1,+26,FULL,500,1,+0,+0,+0.0165,+0,+0.0384,+0,+0,+0,05:55:01 21.03.2020
1111,+23.7,+26.1,+24,+24,+24.2,+23.8,+23.7,+24.4,+24.3,+24.1,+26.2,FULL,500,1,+0,+0,+0.0165,+0,+0.0384,+0,+0,+0,05:56:01 21.03.2020
1112,+23.7,+26.1,+24,+24,+24.2,+23.8,+23.7,+24.4,+24.3,+24.1,+26,FULL,500,1,+0,+0,+0.0165,+0,+0.0384,+0,+0,+0,05:57:01 21.03.2020
1113,+23.7,+26.2,+24,+23.9,+24.2,+23.8,+23.7,+24.4,+24.3,+24.1,+26,FULL,499,1,+0,+0,+0.0165,+0,+0.0384,+0,+0,+0,05:58:01 21.03.2020
1114,+23.7,+26.1,+24,+23.9,+24.2,+23.8,+23.7,+24.4,+24.3,+24.1,+26,FULL,499,1,+0,+0,+0.0165,+0,+0.0384,+0,+0,+0,05:59:01 21.03.2020
1115,+23.7,+26.1,+24,+23.9,+24.2,+23.8,+23.7,+24.4,+24.3,+24.1,+26.1,FULL,499,1,+0,+0,+0.0165,+0,+0.0384,+0,+0,+0,06:00:01 21.03.2020
1116,+23.7,+26.1,+24,+23.9,+24.2,+23.8,+23.7,+24.4,+24.3,+24.1,+26.1,FULL,499,0,+0,+0,+0.0165,+0,+0.0384,+0,+0,+0,06:01:01 21.03.2020
1117,+23.7,+26.1,+24,+23.9,+24.2,+23.8,+23.7,+24.4,+24.3,+24.1,+26,FULL,500,1,+0,+0,+0.0165,+0,+0.0384,+0,+0,+0,06:02:01 21.03.2020
1118,+23.6,+26.1,+24,+23.9,+24.2,+23.8,+23.7,+24.4,+24.3,+24.1,+26,FULL,500,1,+0,+0,+0.0165,+0,+0.0384,+0,+0,+0,06:03:01 21.03.2020
1119,+23.6,+26.1,+24,+23.9,+24.2,+23.8,+23.7,+24.4,+24.3,+24.1,+26,FULL,500,1,+0,+0,+0.0165,+0,+0.0384,+0,+0,+0,06:04:01 21.03.2020
1120,+23.6,+26.1,+24,+23.9,+24.2,+23.8,+23.7,+24.4,+24.3,+24.1,+26,FULL,499,1,+0,+0,+0.0165,+0,+0.0384,+0,+0,+0,06:05:01 21.03.2020
1121,+23.6,+26.1,+24,+23.9,+24.2,+23.8,+23.7,+24.4,+24.3,+24.1,+26,FULL,499,1,+0,+0,+0.0165,+0,+0.0384,+0,+0,+0,06:06:01 21.03.2020
1122,+23.6,+26.1,+24,+23.9,+24.2,+23.8,+23.7,+24.4,+24.3,+24.1,+26,FULL,499,1,+0,+0,+0.0165,+0,+0.0384,+0,+0,+0,06:07:01 21.03.2020
1123,+23.6,+26.1,+24,+23.9,+24.2,+23.8,+23.7,+24.4,+24.3,+24.1,+26,FULL,499,1,+0,+0,+0.0165,+0,+0.0384,+0,+0,+0,06:08:01 21.03.2020
1124,+23.6,+26.1,+24,+23.9,+24.2,+23.8,+23.7,+24.4,+24.3,+24.1,+26,FULL,499,1,+0,+0,+0.0165,+0,+0.0384,+0,+0,+0,06:09:01 21.03.2020
1125,+23.6,+26.1,+24,+23.9,+24.2,+23.8,+23.7,+24.4,+24.3,+24.1,+26.1,FULL,500,1,+0,+0,+0.0165,+0,+0.0384,+0,+0,+0,06:10:01 21.03.2020
1126,+23.6,+26.1,+24,+23.9,+24.2,+23.8,+23.7,+24.4,+24.3,+24.1,+26.1,FULL,500,1,+0,+0,+0.0165,+0,+0.0384,+0,+0,+0,06:11:01 21.03.2020
1127,+23.6,+26.1,+24,+23.9,+24.2,+23.8,+23.7,+24.4,+24.3,+24.1,+26,FULL,499,1,+0,+0,+0.0165,+0,+0.0384,+0,+0,+0,06:12:01 21.03.2020
1128,+23.6,+26.2,+24,+23.9,+24.2,+23.8,+23.7,+24.4,+24.3,+24.1,+26.1,FULL,499,1,+0,+0,+0.0165,+0,+0.0384,+0,+0,+0,06:13:01 21.03.2020
1129,+23.6,+26.2,+24,+23.9,+24.2,+23.8,+23.7,+24.4,+24.3,+24.1,+26,FULL,499,1,+0,+0,+0.0165,+0,+0.0384,+0,+0,+0,06:14:01 21.03.2020
1130,+23.6,+26.2,+24,+23.9,+24.2,+23.8,+23.7,+24.4,+24.3,+24.1,+26,FULL,499,1,+0,+0,+0.0165,+0,+0.0384,+0,+0,+0,06:15:01 21.03.2020
1131,+23.6,+26.2,+24,+23.9,+24.2,+23.8,+23.7,+24.4,+24.3,+24.1,+26,FULL,500,1,+0,+0,+0.0165,+0,+0.0384,+0,+0,+0,06:16:01 21.03.2020
1132,+23.6,+26.2,+24,+23.9,+24.2,+23.8,+23.7,+24.4,+24.3,+24.1,+26,FULL,500,1,+0,+0,+0.0165,+0,+0.0384,+0,+0,+0,06:17:01 21.03.2020
1133,+23.6,+26.2,+24,+23.9,+24.2,+23.8,+23.7,+24.4,+24.3,+24.1,+26,FULL,500,1,+0,+0,+0.0165,+0,+0.0384,+0,+0,+0,06:18:01 21.03.2020
1134,+23.6,+26.2,+24,+23.9,+24.2,+23.8,+23.7,+24.4,+24.3,+24.1,+26,FULL,499,1,+0,+0,+0.0165,+0,+0.0384,+0,+0,+0,06:19:01 21.03.2020
1135,+23.6,+26.2,+24,+24,+24.2,+23.8,+23.7,+24.4,+24.3,+24.1,+26,FULL,499,1,+0,+0,+0.0165,+0,+0.0384,+0,+0,+0,06:20:01 21.03.2020
1136,+23.6,+26.2,+24,+23.9,+24.2,+23.8,+23.7,+24.4,+24.3,+24.1,+26,FULL,499,0,+0,+0,+0.0165,+0,+0.0384,+0,+0,+0,06:21:01 21.03.2020
1137,+23.6,+26.2,+24,+23.9,+24.2,+23.8,+23.7,+24.4,+24.3,+24.1,+26,FULL,500,1,+0,+0,+0.0165,+0,+0.0384,+0,+0,+0,06:22:01 21.03.2020
1138,+23.6,+26.2,+24,+23.9,+24.2,+23.8,+23.7,+24.4,+24.3,+24.1,+26,FULL,500,1,+0,+0,+0.0165,+0,+0.0384,+0,+0,+0,06:23:01 21.03.2020
1139,+23.5,+26.2,+24,+23.9,+24.2,+23.8,+23.7,+24.4,+24.3,+24.1,+26,FULL,500,1,+0,+0,+0.0165,+0,+0.0384,+0,+0,+0,06:24:01 21.03.2020
1140,+23.5,+26.2,+24,+24,+24.2,+23.8,+23.7,+24.4,+24.3,+24.1,+26,FULL,500,1,+0,+0,+0.0165,+0,+0.0384,+0,+0,+0,06:25:01 21.03.2020
1141,+23.5,+26.3,+24,+24,+24.2,+23.8,+23.7,+24.4,+24.3,+24.1,+26,FULL,499,1,+0,+0,+0.0165,+0,+0.0384,+0,+0,+0,06:26:01 21.03.2020
1142,+23.5,+26.3,+24,+24,+24.2,+23.8,+23.7,+24.4,+24.3,+24.1,+26.1,FULL,499,1,+0,+0,+0.0165,+0,+0.0384,+0,+0,+0,06:27:01 21.03.2020
1143,+23.5,+26.2,+24,+24,+24.2,+23.8,+23.7,+24.4,+24.3,+24.1,+26,FULL,499,1,+0,+0,+0.0165,+0,+0.0384,+0,+0,+0,06:28:01 21.03.2020
1144,+23.5,+26.3,+24,+24,+24.2,+23.8,+23.7,+24.4,+24.3,+24.1,+26,FULL,499,1,+0,+0,+0.0165,+0,+0.0384,+0,+0,+0,06:29:01 21.03.2020
1145,+23.5,+26.2,+24,+24,+24.2,+23.8,+23.7,+24.4,+24.3,+24.1,+26.1,FULL,500,1,+0,+0,+0.0165,+0,+0.0384,+0,+0,+0,06:30:01 21.03.2020
1146,+23.5,+26.2,+24,+24,+24.2,+23.8,+23.7,+24.4,+24.3,+24.1,+26,FULL,500,1,+0,+0,+0.0165,+0,+0.0384,+0,+0,+0,06:31:01 21.03.2020
1147,+23.5,+26.3,+24,+24,+24.2,+23.8,+23.7,+24.4,+24.3,+24.1,+26,FULL,500,1,+0,+0,+0.0165,+0,+0.0384,+0,+0,+0,06:32:01 21.03.2020
1148,+23.5,+26.3,+24,+24,+24.2,+23.8,+23.7,+24.4,+24.3,+24.1,+26,FULL,499,1,+0,+0,+0.0165,+0,+0.0384,+0,+0,+0,06:33:01 21.03.2020
1149,+23.5,+26.3,+24,+24,+24.2,+23.8,+23.7,+24.4,+24.3,+24.1,+26,FULL,499,1,+0,+0,+0.0165,+0,+0.0384,+0,+0,+0,06:34:01 21.03.2020
1150,+23.5,+26.3,+24,+24,+24.2,+23.8,+23.7,+24.4,+24.3,+24.1,+26,FULL,499,0,+0,+0,+0.0165,+0,+0.0384,+0,+0,+0,06:35:01 21.03.2020
1151,+23.5,+26.3,+24,+24,+24.2,+23.8,+23.7,+24.4,+24.3,+24.1,+26,FULL,500,1,+0,+0,+0.0165,+0,+0.0384,+0,+0,+0,06:36:01 21.03.2020
1152,+23.5,+26.3,+24,+24,+24.2,+23.8,+23.7,+24.4,+24.3,+24.1,+26,FULL,500,1,+0,+0,+0.0165,+0,+0.0384,+0,+0,+0,06:37:01 21.03.2020
1153,+23.5,+26.3,+24,+24,+24.2,+23.8,+23.7,+24.4,+24.3,+24.1,+26,FULL,500,1,+0,+0,+0.0165,+0,+0.0384,+0,+0,+0,06:38:01 21.03.2020
1154,+23.4,+26.2,+24,+24,+24.2,+23.8,+23.7,+24.4,+24.3,+24.1,+26,FULL,500,1,+0,+0,+0.0165,+0,+0.0384,+0,+0,+0,06:39:01 21.03.2020
1155,+23.4,+26.2,+24,+24,+24.2,+23.8,+23.7,+24.4,+24.3,+24.1,+26,FULL,499,1,+0,+0,+0.0165,+0,+0.0384,+0,+0,+0,06:40:01 21.03.2020
1156,+23.4,+26.2,+24,+24,+24.2,+23.8,+23.7,+24.4,+24.3,+24.1,+26,FULL,499,1,+0,+0,+0.0165,+0,+0.0384,+0,+0,+0,06:41:01 21.03.2020
1157,+23.4,+26.2,+24,+24,+24.2,+23.8,+23.7,+24.4,+24.3,+24.1,+26,FULL,499,0,+0,+0,+0.0165,+0,+0.0384,+0,+0,+0,06:42:01 21.03.2020
1158,+23.4,+26.1,+24,+24,+24.2,+23.8,+23.7,+24.4,+24.3,+24.1,+26,FULL,500,1,+0,+0,+0.0165,+0,+0.0384,+0,+0,+0,06:43:01 21.03.2020
1159,+23.4,+26.1,+24,+24,+24.2,+23.8,+23.7,+24.4,+24.3,+24.1,+26.1,FULL,500,1,+0,+0,+0.0165,+0,+0.0384,+0,+0,+0,06:44:01 21.03.2020
1160,+23.4,+26.1,+24,+23.9,+24.2,+23.8,+23.7,+24.4,+24.3,+24.1,+26.1,FULL,500,1,+0,+0,+0.0165,+0,+0.0384,+0,+0,+0,06:45:01 21.03.2020
1161,+23.4,+26.2,+24,+24,+24.2,+23.8,+23.7,+24.4,+24.3,+24.1,+26,FULL,500,1,+0,+0,+0.0165,+0,+0.0384,+0,+0,+0,06:46:01 21.03.2020
1162,+23.4,+26.1,+24,+24,+24.2,+23.8,+23.7,+24.4,+24.3,+24.1,+26,FULL,499,1,+0,+0,+0.0165,+0,+0.0384,+0,+0,+0,06:47:01 21.03.2020
1163,+23.4,+26.1,+24,+24,+24.2,+23.8,+23.7,+24.4,+24.3,+24.1,+26.1,FULL,499,0,+0,+0,+0.0165,+0,+0.0384,+0,+0,+0,06:48:01 21.03.2020
1164,+23.4,+26.1,+24,+24,+24.2,+23.8,+23.7,+24.4,+24.3,+24.1,+26.1,FULL,499,0,+0,+0,+0.0165,+0,+0.0384,+0,+0,+0,06:49:01 21.03.2020
1165,+23.4,+26.1,+24,+24,+24.2,+23.8,+23.7,+24.4,+24.3,+24.1,+26,FULL,500,1,+0,+0,+0.0165,+0,+0.0384,+0,+0,+0,06:50:01 21.03.2020
1166,+23.4,+26.1,+24,+23.9,+24.2,+23.8,+23.7,+24.4,+24.3,+24.1,+26,FULL,500,1,+0,+0,+0.0165,+0,+0.0384,+0,+0,+0,06:51:01 21.03.2020
1167,+23.4,+26.1,+24,+23.9,+24.2,+23.8,+23.7,+24.4,+24.3,+24.1,+26,FULL,500,1,+0,+0,+0.0165,+0,+0.0384,+0,+0,+0,06:52:01 21.03.2020
1168,+23.4,+26.1,+24,+23.9,+24.2,+23.8,+23.7,+24.4,+24.3,+24.1,+26,FULL,500,1,+0,+0,+0.0165,+0,+0.0384,+0,+0,+0,06:53:01 21.03.2020
1169,+23.3,+26.1,+24,+23.9,+24.2,+23.8,+23.7,+24.4,+24.3,+24.1,+26,FULL,499,1,+0,+0,+0.0165,+0,+0.0384,+0,+0,+0,06:54:01 21.03.2020
1170,+23.3,+26.1,+24,+23.9,+24.2,+23.8,+23.7,+24.4,+24.3,+24.1,+26.1,FULL,499,0,+0,+0,+0.0165,+0,+0.0384,+0,+0,+0,06:55:01 21.03.2020
1171,+23.3,+26.1,+24,+23.9,+24.2,+23.8,+23.7,+24.4,+24.3,+24.1,+26,FULL,499,0,+0,+0,+0.0165,+0,+0.0384,+0,+0,+0,06:56:01 21.03.2020
1172,+23.3,+26.1,+24,+24,+24.2,+23.8,+23.7,+24.4,+24.3,+24.1,+26.2,FULL,500,1,+0,+0,+0.0165,+0,+0.0384,+0,+0,+0,06:57:01 21.03.2020
1173,+23.3,+26.1,+24,+23.9,+24.2,+23.8,+23.7,+24.4,+24.3,+24.1,+26,FULL,500,1,+0,+0,+0.0165,+0,+0.0384,+0,+0,+0,06:58:01 21.03.2020
1174,+23.3,+26.1,+24,+23.9,+24.2,+23.8,+23.7,+24.4,+24.3,+24.1,+26,FULL,500,1,+0,+0,+0.0165,+0,+0.0384,+0,+0,+0,06:59:01 21.03.2020
1175,+23.3,+26.1,+24,+23.9,+24.2,+23.8,+23.7,+24.4,+24.3,+24.1,+26.1,FULL,499,1,+0,+0,+0.0165,+0,+0.0384,+0,+0,+0,07:00:01 21.03.2020
1176,+23.3,+26,+24,+23.9,+24.2,+23.8,+23.7,+24.4,+24.3,+24.1,+26,FULL,499,1,+0,+0,+0.0165,+0,+0.0384,+0,+0,+0,07:01:01 21.03.2020
1177,+23.3,+26.1,+24,+23.9,+24.2,+23.8,+23.7,+24.4,+24.3,+24.1,+26,FULL,499,1,+0,+0,+0.0165,+0,+0.0384,+0,+0,+0,07:02:01 21.03.2020
1178,+23.3,+26.1,+24,+23.9,+24.2,+23.8,+23.7,+24.4,+24.3,+24.1,+26,FULL,499,0,+0,+0,+0.0165,+0,+0.0384,+0,+0,+0,07:03:01 21.03.2020
1179,+23.3,+26.1,+24,+23.9,+24.2,+23.8,+23.7,+24.4,+24.3,+24.1,+26,FULL,500,1,+0,+0,+0.0165,+0,+0.0384,+0,+0,+0,07:04:01 21.03.2020
1180,+23.3,+26.1,+24,+23.9,+24.2,+23.8,+23.7,+24.4,+24.3,+24.1,+26.1,FULL,500,1,+0,+0,+0.0165,+0,+0.0384,+0,+0,+0,07:05:01 21.03.2020
1181,+23.3,+26.2,+24,+23.9,+24.2,+23.8,+23.7,+24.4,+24.3,+24.1,+26,FULL,500,1,+0,+0,+0.0165,+0,+0.0384,+0,+0,+0,07:06:01 21.03.2020
1182,+23.3,+26.2,+24,+23.9,+24.2,+23.8,+23.7,+24.4,+24.3,+24.1,+26,FULL,499,1,+0,+0,+0.0165,+0,+0.0384,+0,+0,+0,07:07:01 21.03.2020
1183,+23.3,+26.2,+24,+23.9,+24.2,+23.8,+23.7,+24.4,+24.3,+24.1,+26,FULL,499,1,+0,+0,+0.0165,+0,+0.0384,+0,+0,+0,07:08:01 21.03.2020
1184,+23.3,+26.2,+24,+23.9,+24.2,+23.8,+23.7,+24.4,+24.3,+24.1,+26.1,FULL,499,1,+0,+0,+0.0165,+0,+0.0384,+0,+0,+0,07:09:01 21.03.2020
1185,+23.3,+26.2,+24,+23.9,+24.2,+23.8,+23.7,+24.4,+24.3,+24.1,+26,FULL,499,1,+0,+0,+0.0165,+0,+0.0384,+0,+0,+0,07:10:01 21.03.2020
1186,+23.3,+26.2,+24,+23.9,+24.2,+23.8,+23.7,+24.4,+24.3,+24.1,+26.2,FULL,500,1,+0,+0,+0.0165,+0,+0.0384,+0,+0,+0,07:11:01 21.03.2020
1187,+23.3,+26.2,+24,+23.9,+24.2,+23.8,+23.7,+24.4,+24.3,+24.1,+26,FULL,500,1,+0,+0,+0.0165,+0,+0.0384,+0,+0,+0,07:12:01 21.03.2020
1188,+23.3,+26.2,+24,+23.9,+24.2,+23.8,+23.7,+24.4,+24.3,+24.1,+26.1,FULL,500,1,+0,+0,+0.0165,+0,+0.0384,+0,+0,+0,07:13:01 21.03.2020
1189,+23.3,+26.2,+24,+23.9,+24.2,+23.8,+23.7,+24.4,+24.3,+24.1,+26.1,FULL,499,1,+0,+0,+0.0165,+0,+0.0384,+0,+0,+0,07:14:01 21.03.2020
1190,+23.3,+26.2,+24,+23.9,+24.2,+23.8,+23.7,+24.4,+24.3,+24.1,+26.1,FULL,499,1,+0,+0,+0.0165,+0,+0.0384,+0,+0,+0,07:15:01 21.03.2020
1191,+23.2,+26.2,+24,+23.9,+24.2,+23.8,+23.7,+24.4,+24.3,+24.1,+26,FULL,499,1,+0,+0,+0.0165,+0,+0.0384,+0,+0,+0,07:16:01 21.03.2020
1192,+23.2,+26.2,+24,+23.9,+24.2,+23.8,+23.7,+24.4,+24.3,+24.1,+26.1,FULL,499,1,+0,+0,+0.0165,+0,+0.0384,+0,+0,+0,07:17:01 21.03.2020
1193,+23.2,+26.2,+24,+24,+24.2,+23.8,+23.7,+24.4,+24.3,+24.1,+26.1,FULL,500,1,+0,+0,+0.0165,+0,+0.0384,+0,+0,+0,07:18:01 21.03.2020
1194,+23.2,+26.2,+24,+24,+24.2,+23.8,+23.7,+24.4,+24.3,+24.1,+26,FULL,500,1,+0,+0,+0.0165,+0,+0.0384,+0,+0,+0,07:19:01 21.03.2020
1195,+23.2,+26.2,+24,+23.9,+24.2,+23.8,+23.7,+24.4,+24.3,+24.1,+26,FULL,500,1,+0,+0,+0.0165,+0,+0.0384,+0,+0,+0,07:20:01 21.03.2020
1196,+23.2,+26.2,+24,+24,+24.2,+23.8,+23.7,+24.4,+24.3,+24.1,+26.1,FULL,499,1,+0,+0,+0.0165,+0,+0.0384,+0,+0,+0,07:21:01 21.03.2020
1197,+23.2,+26.2,+24,+23.9,+24.2,+23.8,+23.7,+24.4,+24.3,+24.1,+26,FULL,499,1,+0,+0,+0.0165,+0,+0.0384,+0,+0,+0,07:22:01 21.03.2020
1198,+23.2,+26.2,+24,+23.9,+24.2,+23.8,+23.7,+24.4,+24.3,+24.1,+26,FULL,499,0,+0,+0,+0.0165,+0,+0.0384,+0,+0,+0,07:23:01 21.03.2020
1199,+23.2,+26.2,+24,+24,+24.2,+23.8,+23.7,+24.4,+24.3,+24.1,+26.1,FULL,499,0,+0,+0,+0.0165,+0,+0.0384,+0,+0,+0,07:24:01 21.03.2020
1200,+23.2,+26.2,+24,+24,+24.2,+23.8,+23.7,+24.4,+24.3,+24.1,+26,FULL,500,1,+0,+0,+0.0165,+0,+0.0384,+0,+0,+0,07:25:01 21.03.2020
1201,+23.2,+26.3,+24,+24,+24.2,+23.8,+23.6,+24.4,+24.3,+24.1,+26,FULL,500,1,+0,+0,+0.0165,+0,+0.0384,+0,+0,+0,07:26:01 21.03.2020
1202,+23.2,+26.3,+24,+24,+24.2,+23.8,+23.7,+24.4,+24.3,+24.1,+26,FULL,500,1,+0,+0,+0.0165,+0,+0.0384,+0,+0,+0,07:27:01 21.03.2020
1203,+23.2,+26.3,+24,+24,+24.2,+23.8,+23.7,+24.4,+24.3,+24.1,+26,FULL,499,1,+0,+0,+0.0165,+0,+0.0384,+0,+0,+0,07:28:01 21.03.2020
1204,+23.2,+26.3,+24,+24,+24.2,+23.8,+23.6,+24.4,+24.3,+24.1,+26.1,FULL,499,1,+0,+0,+0.0165,+0,+0.0384,+0,+0,+0,07:29:01 21.03.2020
1205,+23.2,+26.3,+24,+24,+24.2,+23.8,+23.7,+24.4,+24.3,+24.1,+26.1,FULL,499,0,+0,+0,+0.0165,+0,+0.0384,+0,+0,+0,07:30:01 21.03.2020
1206,+23.2,+26.2,+24,+24,+24.2,+23.8,+23.6,+24.4,+24.3,+24.1,+26,FULL,499,0,+0,+0,+0.0165,+0,+0.0384,+0,+0,+0,07:31:01 21.03.2020
1207,+23.2,+26.2,+24,+24,+24.2,+23.8,+23.6,+24.4,+24.3,+24.1,+26,FULL,500,1,+0,+0,+0.0165,+0,+0.0384,+0,+0,+0,07:32:01 21.03.2020
1208,+23.2,+26.1,+24,+24,+24.2,+23.8,+23.6,+24.4,+24.3,+24.1,+26,FULL,500,1,+0,+0,+0.0165,+0,+0.0384,+0,+0,+0,07:33:01 21.03.2020
1209,+23.1,+26.2,+24,+24,+24.2,+23.8,+23.6,+24.4,+24.3,+24.1,+26,FULL,500,1,+0,+0,+0.0165,+0,+0.0384,+0,+0,+0,07:34:01 21.03.2020
1210,+23.1,+26.1,+24,+23.9,+24.2,+23.8,+23.6,+24.4,+24.3,+24.1,+26,FULL,500,1,+0,+0,+0.0165,+0,+0.0384,+0,+0,+0,07:35:01 21.03.2020
1211,+23.1,+26.1,+24,+24,+24.2,+23.8,+23.6,+24.4,+24.3,+24.1,+26.1,FULL,499,1,+0,+0,+0.0165,+0,+0.0384,+0,+0,+0,07:36:01 21.03.2020
1212,+23.1,+26.1,+24,+24,+24.2,+23.8,+23.6,+24.4,+24.3,+24.1,+26,FULL,499,0,+0,+0,+0.0165,+0,+0.0384,+0,+0,+0,07:37:01 21.03.2020
1213,+23.1,+26.2,+24,+24,+24.2,+23.8,+23.6,+24.4,+24.3,+24.1,+26,FULL,499,0,+0,+0,+0.0165,+0,+0.0384,+0,+0,+0,07:38:01 21.03.2020
1214,+23.1,+26.1,+24,+24,+24.2,+23.8,+23.6,+24.4,+24.3,+24.1,+26,FULL,500,1,+0,+0,+0.0165,+0,+0.0384,+0,+0,+0,07:39:01 21.03.2020
1215,+23.1,+26.1,+24,+24,+24.2,+23.8,+23.6,+24.4,+24.3,+24.1,+26,FULL,500,1,+0,+0,+0.0165,+0,+0.0384,+0,+0,+0,07:40:01 21.03.2020
1216,+23.1,+26.1,+24,+24,+24.2,+23.8,+23.6,+24.4,+24.3,+24.1,+26,FULL,500,1,+0,+0,+0.0165,+0,+0.0384,+0,+0,+0,07:41:01 21.03.2020
1217,+23.1,+26.1,+24,+24,+24.2,+23.8,+23.6,+24.4,+24.3,+24.1,+26,FULL,499,1,+0,+0,+0.0165,+0,+0.0384,+0,+0,+0,07:42:01 21.03.2020
1218,+23.1,+26.2,+24,+24,+24.2,+23.8,+23.6,+24.4,+24.3,+24.1,+26.1,FULL,499,1,+0,+0,+0.0165,+0,+0.0384,+0,+0,+0,07:43:01 21.03.2020
1219,+23.1,+26.1,+24,+23.9,+24.2,+23.8,+23.6,+24.4,+24.3,+24.1,+26,FULL,499,0,+0,+0,+0.0165,+0,+0.0384,+0,+0,+0,07:44:01 21.03.2020
1220,+23.1,+26.1,+24,+23.9,+24.2,+23.7,+23.6,+24.4,+24.3,+24.1,+26,FULL,500,1,+0,+0,+0.0165,+0,+0.0384,+0,+0,+0,07:45:01 21.03.2020
1221,+23.1,+26.1,+24,+23.9,+24.2,+23.8,+23.6,+24.4,+24.3,+24.1,+26,FULL,500,1,+0,+0,+0.0165,+0,+0.0384,+0,+0,+0,07:46:01 21.03.2020
1222,+23.1,+26.1,+24,+23.9,+24.2,+23.8,+23.6,+24.4,+24.3,+24.1,+26,FULL,500,1,+0,+0,+0.0165,+0,+0.0384,+0,+0,+0,07:47:01 21.03.2020
1223,+23.1,+26.1,+24,+23.9,+24.2,+23.8,+23.6,+24.4,+24.3,+24.1,+26,FULL,500,1,+0,+0,+0.0165,+0,+0.0384,+0,+0,+0,07:48:01 21.03.2020
1224,+23.1,+26,+24,+23.9,+24.2,+23.7,+23.6,+24.4,+24.3,+24.1,+26,FULL,499,1,+0,+0,+0.0165,+0,+0.0384,+0,+0,+0,07:49:01 21.03.2020
1225,+23,+26.1,+24,+23.9,+24.2,+23.7,+23.6,+24.4,+24.3,+24.1,+26,FULL,499,0,+0,+0,+0.0165,+0,+0.0384,+0,+0,+0,07:50:01 21.03.2020
1226,+23,+26.1,+24,+23.9,+24.2,+23.8,+23.6,+24.4,+24.3,+24.1,+26,FULL,499,1,+0,+0,+0.0165,+0,+0.0384,+0,+0,+0,07:51:01 21.03.2020
1227,+23,+26.1,+24,+23.9,+24.2,+23.8,+23.6,+24.4,+24.3,+24.1,+26,FULL,500,1,+0,+0,+0.0165,+0,+0.0384,+0,+0,+0,07:52:01 21.03.2020
1228,+23,+26,+24,+23.9,+24.2,+23.8,+23.6,+24.4,+24.3,+24.1,+26.1,FULL,500,1,+0,+0,+0.0165,+0,+0.0384,+0,+0,+0,07:53:01 21.03.2020
1229,+23,+26,+24,+23.9,+24.2,+23.8,+23.6,+24.4,+24.3,+24.1,+26,FULL,500,1,+0,+0,+0.0165,+0,+0.0384,+0,+0,+0,07:54:01 21.03.2020
1230,+23,+26.1,+24,+23.9,+24.2,+23.8,+23.6,+24.4,+24.3,+24.1,+26,FULL,500,1,+0,+0,+0.0165,+0,+0.0384,+0,+0,+0,07:55:01 21.03.2020
1231,+23,+26.1,+24,+23.9,+24.2,+23.7,+23.6,+24.4,+24.3,+24.1,+26.1,FULL,500,1,+0,+0,+0.0165,+0,+0.0384,+0,+0,+0,07:56:01 21.03.2020
1232,+23,+26.1,+24,+23.9,+24.2,+23.7,+23.6,+24.4,+24.3,+24.1,+26.1,FULL,499,1,+0,+0,+0.0165,+0,+0.0384,+0,+0,+0,07:57:01 21.03.2020
1233,+23,+26.1,+24,+23.9,+24.2,+23.7,+23.6,+24.4,+24.3,+24.1,+26,FULL,499,0,+0,+0,+0.0165,+0,+0.0383,+0,+0,+0,07:58:01 21.03.2020
1234,+23,+26.1,+24,+23.9,+24.2,+23.7,+23.6,+24.4,+24.3,+24.1,+26.1,FULL,500,1,+0,+0,+0.0165,+0,+0.0382,+0,+0,+0,07:59:01 21.03.2020
1235,+23,+26.2,+24,+23.9,+24.2,+23.7,+23.6,+24.4,+24.3,+24.1,+26,FULL,500,1,+0,+0,+0.0165,+0,+0.0384,+0,+0,+0,08:00:01 21.03.2020
1236,+23,+26.2,+24,+23.9,+24.2,+23.7,+23.6,+24.4,+24.3,+24.1,+26,FULL,500,1,+0,+0,+0.0165,+0,+0.0383,+0,+0,+0,08:01:01 21.03.2020
1237,+23,+26.2,+24,+23.9,+24.2,+23.7,+23.6,+24.4,+24.3,+24.1,+26,FULL,500,1,+0,+0,+0.0165,+0,+0.0384,+0,+0,+0,08:02:01 21.03.2020
1238,+23,+26.2,+24,+23.9,+24.2,+23.7,+23.6,+24.4,+24.3,+24.1,+26,FULL,499,1,+0,+0,+0.0165,+0,+0.0382,+0,+0,+0,08:03:01 21.03.2020
1239,+23,+26.2,+24,+23.9,+24.2,+23.7,+23.6,+24.4,+24.3,+24.1,+26,FULL,499,1,+0,+0,+0.0165,+0,+0.0384,+0,+0,+0,08:04:01 21.03.2020
1240,+23,+26.2,+24,+23.9,+24.2,+23.7,+23.6,+24.4,+24.3,+24.1,+26,FULL,499,0,+0,+0,+0.0165,+0,+0.0382,+0,+0,+0,08:05:01 21.03.2020
1241,+23,+26.2,+24,+23.9,+24.2,+23.7,+23.6,+24.4,+24.3,+24.1,+26,FULL,500,1,+0,+0,+0.0165,+0,+0.0382,+0,+0,+0,08:06:01 21.03.2020
1242,+23,+26.2,+24,+23.9,+24.2,+23.7,+23.6,+24.4,+24.3,+24.1,+26,FULL,500,1,+0,+0,+0.0165,+0,+0.0382,+0,+0,+0,08:07:01 21.03.2020
1243,+23,+26.2,+24,+24,+24.2,+23.7,+23.6,+24.4,+24.3,+24.1,+26,FULL,500,1,+0,+0,+0.0165,+0,+0.0382,+0,+0,+0,08:08:01 21.03.2020
1244,+23,+26.2,+24,+23.9,+24.2,+23.7,+23.6,+24.4,+24.3,+24.1,+26,FULL,500,1,+0,+0,+0.0165,+0,+0.0382,+0,+0,+0,08:09:01 21.03.2020
1245,+23,+26.2,+24,+24,+24.2,+23.7,+23.6,+24.4,+24.3,+24.1,+26,FULL,499,1,+0,+0,+0.0165,+0,+0.0382,+0,+0,+0,08:10:01 21.03.2020
1246,+23,+26.2,+24,+23.9,+24.2,+23.7,+23.6,+24.4,+24.3,+24.1,+26,FULL,499,0,+0,+0,+0.0165,+0,+0.0382,+0,+0,+0,08:11:01 21.03.2020
1247,+23,+26.2,+24,+24,+24.2,+23.7,+23.6,+24.4,+24.3,+24.1,+26,FULL,499,0,+0,+0,+0.0165,+0,+0.0382,+0,+0,+0,08:12:01 21.03.2020
1248,+23,+26.2,+24,+23.9,+24.2,+23.7,+23.6,+24.4,+24.3,+24.1,+26.1,FULL,500,1,+0,+0,+0.0165,+0,+0.0382,+0,+0,+0,08:13:01 21.03.2020
1249,+23,+26.2,+24,+24,+24.2,+23.7,+23.6,+24.4,+24.3,+24.1,+26,FULL,500,1,+0,+0,+0.0165,+0,+0.0382,+0,+0,+0,08:14:01 21.03.2020
1250,+23,+26.2,+24,+23.9,+24.2,+23.7,+23.6,+24.4,+24.3,+24.1,+26.1,FULL,500,1,+0,+0,+0.0165,+0,+0.0382,+0,+0,+0,08:15:01 21.03.2020
1251,+23,+26.2,+24,+23.9,+24.2,+23.7,+23.6,+24.4,+24.3,+24.1,+26,FULL,499,1,+0,+0,+0.0165,+0,+0.0382,+0,+0,+0,08:16:01 21.03.2020
1252,+23,+26.2,+24,+23.9,+24.2,+23.7,+23.6,+24.4,+24.3,+24.1,+26.1,FULL,499,1,+0,+0,+0.0165,+0,+0.0382,+0,+0,+0,08:17:01 21.03.2020
1253,+23,+26.2,+24,+24,+24.2,+23.7,+23.6,+24.4,+24.3,+24.1,+26,FULL,499,1,+0,+0,+0.0165,+0,+0.0384,+0,+0,+0,08:18:01 21.03.2020
1254,+23,+26.3,+24,+24,+24.2,+23.7,+23.6,+24.4,+24.3,+24.1,+26,FULL,499,0,+0,+0,+0.0165,+0,+0.0382,+0,+0,+0,08:19:01 21.03.2020
1255,+23,+26.3,+24,+24,+24.2,+23.7,+23.6,+24.4,+24.3,+24.1,+26,FULL,500,1,+0,+0,+0.0165,+0,+0.0384,+0,+0,+0,08:20:01 21.03.2020
1256,+23,+26.3,+24,+24,+24.2,+23.7,+23.6,+24.4,+24.3,+24.1,+26,FULL,500,1,+0,+0,+0.0165,+0,+0.0384,+0,+0,+0,08:21:01 21.03.2020
1257,+22.9,+26.3,+24,+24,+24.2,+23.7,+23.6,+24.4,+24.3,+24.1,+26,FULL,500,1,+0,+0,+0.0165,+0,+0.0384,+0,+0,+0,08:22:01 21.03.2020
1258,+22.9,+26.2,+24,+23.9,+24.2,+23.7,+23.6,+24.4,+24.3,+24.1,+26.1,FULL,499,1,+0,+0,+0.0165,+0,+0.0384,+0,+0,+0,08:23:01 21.03.2020
1259,+22.9,+26.2,+24,+24,+24.2,+23.7,+23.6,+24.4,+24.3,+24.1,+26.2,FULL,499,1,+0,+0,+0.0165,+0,+0.0384,+0,+0,+0,08:24:01 21.03.2020
1260,+22.9,+26.1,+24,+24,+24.2,+23.7,+23.6,+24.4,+24.3,+24.1,+26,FULL,499,0,+0,+0,+0.0165,+0,+0.0384,+0,+0,+0,08:25:01 21.03.2020
1261,+22.9,+26.2,+24,+24,+24.2,+23.7,+23.6,+24.4,+24.3,+24.1,+26.1,FULL,499,0,+0,+0,+0.0165,+0,+0.0384,+0,+0,+0,08:26:01 21.03.2020
1262,+22.9,+26.2,+24,+23.9,+24.2,+23.7,+23.6,+24.4,+24.3,+24.1,+26,FULL,500,1,+0,+0,+0.0165,+0,+0.0384,+0,+0,+0,08:27:01 21.03.2020
1263,+22.9,+26.1,+24,+23.9,+24.2,+23.7,+23.6,+24.4,+24.3,+24.1,+26,FULL,500,1,+0,+0,+0.0165,+0,+0.0384,+0,+0,+0,08:28:01 21.03.2020
1264,+22.9,+26.1,+24,+23.9,+24.2,+23.7,+23.6,+24.4,+24.3,+24.1,+26.1,FULL,500,1,+0,+0,+0.0165,+0,+0.0384,+0,+0,+0,08:29:01 21.03.2020
1265,+22.9,+26.1,+24,+24,+24.2,+23.7,+23.6,+24.4,+24.3,+24.1,+26,FULL,499,1,+0,+0,+0.0165,+0,+0.0384,+0,+0,+0,08:30:01 21.03.2020
1266,+22.9,+26.2,+24,+23.9,+24.2,+23.7,+23.6,+24.4,+24.3,+24.1,+26.1,FULL,499,1,+0,+0,+0.0165,+0,+0.0384,+0,+0,+0,08:31:01 21.03.2020
1267,+22.9,+26.1,+24,+24,+24.2,+23.7,+23.6,+24.4,+24.3,+24.1,+26,FULL,499,0,+0,+0,+0.0165,+0,+0.0382,+0,+0,+0,08:32:01 21.03.2020
1268,+22.9,+26.1,+24,+24,+24.2,+23.7,+23.6,+24.4,+24.3,+24.1,+26.1,FULL,499,0,+0,+0,+0.0165,+0,+0.0382,+0,+0,+0,08:33:01 21.03.2020
1269,+22.9,+26.1,+24,+24,+24.2,+23.7,+23.6,+24.4,+24.3,+24.1,+26,FULL,500,1,+0,+0,+0.0165,+0,+0.0384,+0,+0,+0,08:34:01 21.03.2020
1270,+23,+26.2,+24,+23.9,+24.2,+23.7,+23.6,+24.4,+24.3,+24.1,+26,FULL,500,1,+0,+0,+0.0165,+0,+0.0383,+0,+0,+0,08:35:01 21.03.2020
1271,+23,+26.1,+24,+23.9,+24.2,+23.7,+23.6,+24.4,+24.3,+24.1,+26,FULL,500,1,+0,+0,+0.0165,+0,+0.0382,+0,+0,+0,08:36:01 21.03.2020
1272,+23,+26.1,+24,+23.9,+24.2,+23.7,+23.6,+24.4,+24.3,+24.1,+26,FULL,499,1,+0,+0,+0.0165,+0,+0.0382,+0,+0,+0,08:37:01 21.03.2020
1273,+23,+26.1,+24,+23.9,+24.2,+23.7,+23.6,+24.4,+24.3,+24.1,+26,FULL,499,1,+0,+0,+0.0165,+0,+0.0382,+0,+0,+0,08:38:01 21.03.2020
1274,+23,+26.1,+24,+23.9,+24.2,+23.7,+23.6,+24.4,+24.3,+24.1,+26,FULL,499,1,+0,+0,+0.0165,+0,+0.0382,+0,+0,+0,08:39:01 21.03.2020
1275,+23,+26.1,+24,+23.9,+24.2,+23.7,+23.6,+24.4,+24.3,+24.1,+26,FULL,499,0,+0,+0,+0.0165,+0,+0.0382,+0,+0,+0,08:40:01 21.03.2020
1276,+23,+26.1,+24,+23.9,+24.2,+23.7,+23.6,+24.4,+24.3,+24.1,+26,FULL,500,1,+0,+0,+0.0165,+0,+0.0382,+0,+0,+0,08:41:01 21.03.2020
1277,+23,+26.1,+24,+23.9,+24.2,+23.7,+23.6,+24.4,+24.3,+24.1,+26.2,FULL,500,1,+0,+0,+0.0165,+0,+0.0382,+0,+0,+0,08:42:01 21.03.2020
1278,+23,+26.1,+24,+23.9,+24.2,+23.7,+23.6,+24.4,+24.3,+24.1,+26.1,FULL,500,1,+0,+0,+0.0165,+0,+0.0382,+0,+0,+0,08:43:01 21.03.2020
1279,+23,+26.1,+24,+23.9,+24.2,+23.7,+23.6,+24.4,+24.3,+24.1,+26,FULL,499,1,+0,+0,+0.0165,+0,+0.0382,+0,+0,+0,08:44:01 21.03.2020
1280,+23,+26.1,+24,+23.9,+24.2,+23.7,+23.6,+24.4,+24.3,+24.1,+26,FULL,499,1,+0,+0,+0.0165,+0,+0.0382,+0,+0,+0,08:45:01 21.03.2020
1281,+23,+26.1,+24,+23.9,+24.2,+23.7,+23.6,+24.4,+24.3,+24.1,+26,FULL,499,0,+0,+0,+0.0165,+0,+0.0382,+0,+0,+0,08:46:01 21.03.2020
1282,+23,+26.1,+24,+23.9,+24.2,+23.7,+23.6,+24.4,+24.3,+24.1,+26,FULL,500,1,+0,+0,+0.0165,+0,+0.0382,+0,+0,+0,08:47:01 21.03.2020
1283,+23,+26.1,+24,+23.9,+24.2,+23.7,+23.6,+24.4,+24.3,+24.1,+26,FULL,500,1,+0,+0,+0.0165,+0,+0.0382,+0,+0,+0,08:48:01 21.03.2020
1284,+23,+26.1,+24,+23.9,+24.2,+23.7,+23.6,+24.4,+24.3,+24.1,+26,FULL,500,1,+0,+0,+0.0165,+0,+0.0382,+0,+0,+0,08:49:01 21.03.2020
1285,+23,+26.2,+24,+23.9,+24.2,+23.7,+23.6,+24.4,+24.3,+24.1,+26,FULL,500,1,+0,+0,+0.0165,+0,+0.0382,+0,+0,+0,08:50:01 21.03.2020
1286,+23,+26.2,+24,+23.9,+24.2,+23.7,+23.6,+24.4,+24.3,+24.1,+26,FULL,499,1,+0,+0,+0.0165,+0,+0.0382,+0,+0,+0,08:51:01 21.03.2020
1287,+23,+26.2,+24,+23.9,+24.2,+23.7,+23.6,+24.4,+24.3,+24.1,+26,FULL,499,1,+0,+0,+0.0165,+0,+0.0382,+0,+0,+0,08:52:01 21.03.2020
1288,+23,+26.2,+24,+23.9,+24.2,+23.7,+23.6,+24.4,+24.3,+24.1,+26.1,FULL,499,0,+0,+0,+0.0165,+0,+0.0382,+0,+0,+0,08:53:01 21.03.2020
1289,+23,+26.2,+24,+23.9,+24.2,+23.7,+23.6,+24.4,+24.3,+24.1,+26,FULL,500,1,+0,+0,+0.0165,+0,+0.0382,+0,+0,+0,08:54:01 21.03.2020
1290,+23,+26.2,+24,+23.9,+24.2,+23.7,+23.6,+24.4,+24.3,+24.1,+26.1,FULL,500,1,+0,+0,+0.0165,+0,+0.0382,+0,+0,+0,08:55:01 21.03.2020
1291,+23,+26.2,+24,+23.9,+24.2,+23.7,+23.6,+24.4,+24.3,+24.1,+26.1,FULL,500,1,+0,+0,+0.0165,+0,+0.0382,+0,+0,+0,08:56:01 21.03.2020
1292,+23,+26.2,+24,+23.9,+24.2,+23.7,+23.6,+24.4,+24.3,+24.1,+26,FULL,500,1,+0,+0,+0.0165,+0,+0.0382,+0,+0,+0,08:57:01 21.03.2020
1293,+23,+26.2,+24,+23.9,+24.2,+23.7,+23.6,+24.4,+24.3,+24.1,+26,FULL,499,1,+0,+0,+0.0165,+0,+0.0382,+0,+0,+0,08:58:01 21.03.2020
1294,+23,+26.2,+24,+23.9,+24.2,+23.7,+23.6,+24.4,+24.3,+24.1,+26.1,FULL,499,1,+0,+0,+0.0165,+0,+0.0382,+0,+0,+0,08:59:01 21.03.2020
1295,+23,+26.2,+24,+23.9,+24.2,+23.7,+23.6,+24.4,+24.3,+24.1,+26.1,FULL,499,0,+0,+0,+0.0165,+0,+0.0382,+0,+0,+0,09:00:01 21.03.2020
1296,+23,+26.2,+24,+24,+24.2,+23.7,+23.6,+24.4,+24.3,+24.1,+26,FULL,499,1,+0,+0,+0.0165,+0,+0.0382,+0,+0,+0,09:01:01 21.03.2020
1297,+23.1,+26.2,+24,+24,+24.2,+23.7,+23.6,+24.4,+24.3,+24.1,+26,FULL,500,1,+0,+0,+0.0165,+0,+0.0382,+0,+0,+0,09:02:01 21.03.2020
1298,+23.1,+26.3,+24,+24,+24.2,+23.7,+23.6,+24.4,+24.3,+24.1,+26.1,FULL,500,1,+0,+0,+0.0165,+0,+0.0382,+0,+0,+0,09:03:01 21.03.2020
1299,+23.1,+26.2,+24,+23.9,+24.2,+23.7,+23.6,+24.4,+24.3,+24.1,+26,FULL,500,1,+0,+0,+0.0165,+0,+0.0382,+0,+0,+0,09:04:01 21.03.2020
1300,+23.1,+26.2,+24,+23.9,+24.2,+23.7,+23.6,+24.4,+24.3,+24.1,+26,FULL,499,1,+0,+0,+0.0165,+0,+0.0382,+0,+0,+0,09:05:01 21.03.2020
1301,+23.1,+26.3,+24,+24,+24.2,+23.7,+23.6,+24.4,+24.3,+24.1,+26,FULL,499,1,+0,+0,+0.0165,+0,+0.0382,+0,+0,+0,09:06:01 21.03.2020
1302,+23.1,+26.3,+24,+24,+24.2,+23.7,+23.6,+24.4,+24.3,+24.1,+26,FULL,499,0,+0,+0,+0.0165,+0,+0.0382,+0,+0,+0,09:07:01 21.03.2020
1303,+23.1,+26.3,+24,+24,+24.2,+23.7,+23.6,+24.4,+24.3,+24.1,+26.2,FULL,500,1,+0,+0,+0.0165,+0,+0.0382,+0,+0,+0,09:08:01 21.03.2020
1304,+23.1,+26.3,+24,+24,+24.2,+23.7,+23.6,+24.4,+24.3,+24.1,+26,FULL,500,1,+0,+0,+0.0165,+0,+0.0382,+0,+0,+0,09:09:01 21.03.2020
1305,+23.1,+26.3,+24,+24,+24.2,+23.7,+23.6,+24.4,+24.3,+24.1,+26,FULL,500,1,+0,+0,+0.0165,+0,+0.0382,+0,+0,+0,09:10:01 21.03.2020
1306,+23.1,+26.3,+24,+24,+24.2,+23.7,+23.6,+24.4,+24.3,+24.1,+26.2,FULL,500,1,+0,+0,+0.0165,+0,+0.0382,+0,+0,+0,09:11:01 21.03.2020
1307,+23.1,+26.3,+24,+24,+24.2,+23.7,+23.6,+24.4,+24.3,+24.1,+26.1,FULL,499,1,+0,+0,+0.0165,+0,+0.0382,+0,+0,+0,09:12:01 21.03.2020
1308,+23.1,+26.3,+24,+24,+24.2,+23.7,+23.6,+24.4,+24.3,+24.1,+26,FULL,499,1,+0,+0,+0.0165,+0,+0.0382,+0,+0,+0,09:13:01 21.03.2020
1309,+23.1,+26.3,+24,+24,+24.2,+23.7,+23.6,+24.4,+24.3,+24.1,+26.2,FULL,499,0,+0,+0,+0.0165,+0,+0.0382,+0,+0,+0,09:14:01 21.03.2020
1310,+23.1,+26.3,+24,+24,+24.2,+23.7,+23.6,+24.4,+24.3,+24.1,+26,FULL,500,1,+0,+0,+0.0165,+0,+0.0382,+0,+0,+0,09:15:01 21.03.2020
1311,+23.1,+26.2,+24,+24,+24.2,+23.7,+23.6,+24.4,+24.3,+24.1,+26,FULL,500,1,+0,+0,+0.0165,+0,+0.0382,+0,+0,+0,09:16:01 21.03.2020
1312,+23.1,+26.2,+24,+24,+24.2,+23.7,+23.6,+24.4,+24.3,+24.1,+26.1,FULL,500,1,+0,+0,+0.0165,+0,+0.0382,+0,+0,+0,09:17:01 21.03.2020
1313,+23.1,+26.2,+24,+24,+24.2,+23.7,+23.6,+24.4,+24.3,+24.1,+26,FULL,500,1,+0,+0,+0.0165,+0,+0.0382,+0,+0,+0,09:18:01 21.03.2020
1314,+23.1,+26.2,+24,+24,+24.2,+23.7,+23.6,+24.4,+24.3,+24.1,+26.1,FULL,499,1,+0,+0,+0.0165,+0,+0.0382,+0,+0,+0,09:19:01 21.03.2020
1315,+23.1,+26.1,+24,+24,+24.2,+23.7,+23.6,+24.4,+24.3,+24.1,+26.2,FULL,499,1,+0,+0,+0.0165,+0,+0.0382,+0,+0,+0,09:20:01 21.03.2020
1316,+23.2,+26.1,+24,+24,+24.2,+23.7,+23.6,+24.4,+24.3,+24.1,+26,FULL,499,0,+0,+0,+0.0165,+0,+0.0382,+0,+0,+0,09:21:01 21.03.2020
1317,+23.2,+26.1,+24,+24,+24.2,+23.7,+23.6,+24.4,+24.3,+24.1,+26.2,FULL,499,0,+0,+0,+0.0165,+0,+0.0382,+0,+0,+0,09:22:01 21.03.2020
1318,+23.2,+26.2,+24,+24,+24.2,+23.7,+23.6,+24.4,+24.3,+24.1,+26,FULL,500,1,+0,+0,+0.0165,+0,+0.0382,+0,+0,+0,09:23:01 21.03.2020
1319,+23.2,+26.1,+24,+24,+24.2,+23.7,+23.6,+24.4,+24.3,+24.1,+26.1,FULL,500,1,+0,+0,+0.0165,+0,+0.0382,+0,+0,+0,09:24:01 21.03.2020
1320,+23.2,+26.1,+24,+24,+24.2,+23.7,+23.6,+24.4,+24.3,+24.1,+26,FULL,499,1,+0,+0,+0.0165,+0,+0.0382,+0,+0,+0,09:25:01 21.03.2020
1321,+23.2,+26.1,+24,+24,+24.2,+23.7,+23.6,+24.4,+24.3,+24.1,+26,FULL,499,1,+0,+0,+0.0165,+0,+0.0382,+0,+0,+0,09:26:01 21.03.2020
1322,+23.2,+26.1,+24,+24,+24.2,+23.7,+23.6,+24.4,+24.3,+24.1,+26.1,FULL,499,0,+0,+0,+0.0165,+0,+0.0382,+0,+0,+0,09:27:01 21.03.2020
1323,+23.2,+26.2,+24,+24,+24.2,+23.7,+23.6,+24.4,+24.3,+24.1,+26,FULL,499,0,+0,+0,+0.0165,+0,+0.0382,+0,+0,+0,09:28:01 21.03.2020
1324,+23.2,+26.1,+24,+23.9,+24.2,+23.7,+23.6,+24.4,+24.3,+24.1,+26,FULL,500,1,+0,+0,+0.0165,+0,+0.0382,+0,+0,+0,09:29:01 21.03.2020
1325,+23.2,+26.1,+24,+23.9,+24.2,+23.7,+23.6,+24.4,+24.3,+24.1,+26.2,FULL,500,1,+0,+0,+0.0165,+0,+0.0382,+0,+0,+0,09:30:01 21.03.2020
1326,+23.2,+26.1,+24,+23.9,+24.2,+23.7,+23.6,+24.4,+24.3,+24.1,+26.1,FULL,500,1,+0,+0,+0.0165,+0,+0.0382,+0,+0,+0,09:31:01 21.03.2020
1327,+23.2,+26.2,+24,+24,+24.2,+23.7,+23.6,+24.4,+24.3,+24.1,+26,FULL,499,1,+0,+0,+0.0165,+0,+0.0382,+0,+0,+0,09:32:01 21.03.2020
1328,+23.2,+26.1,+24,+23.9,+24.2,+23.7,+23.6,+24.4,+24.3,+24.1,+26,FULL,499,1,+0,+0,+0.0165,+0,+0.0382,+0,+0,+0,09:33:01 21.03.2020
1329,+23.2,+26.1,+24,+24,+24.2,+23.7,+23.6,+24.4,+24.3,+24.1,+26.1,FULL,499,1,+0,+0,+0.0165,+0,+0.0382,+0,+0,+0,09:34:01 21.03.2020
1330,+23.2,+26.1,+24,+24,+24.2,+23.7,+23.6,+24.4,+24.3,+24.1,+26.2,FULL,499,0,+0,+0,+0.0165,+0,+0.0382,+0,+0,+0,09:35:01 21.03.2020
1331,+23.2,+26.1,+24,+23.9,+24.2,+23.7,+23.6,+24.4,+24.3,+24.1,+26,FULL,500,1,+0,+0,+0.0165,+0,+0.0382,+0,+0,+0,09:36:01 21.03.2020
1332,+23.2,+26.1,+24,+23.9,+24.2,+23.7,+23.6,+24.4,+24.3,+24.1,+26,FULL,500,1,+0,+0,+0.0165,+0,+0.0382,+0,+0,+0,09:37:01 21.03.2020
1333,+23.2,+26.1,+24,+23.9,+24.2,+23.7,+23.6,+24.4,+24.3,+24.1,+26,FULL,500,1,+0,+0,+0.0165,+0,+0.0382,+0,+0,+0,09:38:01 21.03.2020
1334,+23.2,+26.1,+24,+23.9,+24.2,+23.7,+23.6,+24.4,+24.3,+24.1,+26,FULL,500,1,+0,+0,+0.0165,+0,+0.0382,+0,+0,+0,09:39:01 21.03.2020
1335,+23.2,+26.1,+24,+23.9,+24.2,+23.7,+23.6,+24.4,+24.3,+24.1,+26.1,FULL,499,1,+0,+0,+0.0165,+0,+0.0382,+0,+0,+0,09:40:01 21.03.2020
1336,+23.3,+26.1,+24,+23.9,+24.2,+23.7,+23.6,+24.4,+24.3,+24.1,+26,FULL,499,1,+0,+0,+0.0165,+0,+0.0382,+0,+0,+0,09:41:01 21.03.2020
1337,+23.3,+26.2,+24,+23.9,+24.2,+23.7,+23.6,+24.4,+24.3,+24.1,+26.1,FULL,499,1,+0,+0,+0.0165,+0,+0.0382,+0,+0,+0,09:42:01 21.03.2020
1338,+23.3,+26.2,+24,+23.9,+24.2,+23.7,+23.6,+24.4,+24.3,+24.1,+26,FULL,500,1,+0,+0,+0.0165,+0,+0.0382,+0,+0,+0,09:43:01 21.03.2020
1339,+23.3,+26.2,+24,+23.9,+24.2,+23.7,+23.6,+24.4,+24.3,+24.1,+26,FULL,500,1,+0,+0,+0.0165,+0,+0.0382,+0,+0,+0,09:44:01 21.03.2020
1340,+23.3,+26.2,+24,+23.9,+24.2,+23.7,+23.6,+24.4,+24.3,+24.1,+26.1,FULL,500,1,+0,+0,+0.0165,+0,+0.0382,+0,+0,+0,09:45:01 21.03.2020
1341,+23.3,+26.2,+24,+24,+24.2,+23.7,+23.6,+24.4,+24.3,+24.1,+26.1,FULL,499,1,+0,+0,+0.0165,+0,+0.0382,+0,+0,+0,09:46:01 21.03.2020
1342,+23.3,+26.2,+24,+24,+24.2,+23.7,+23.6,+24.4,+24.3,+24.1,+26.2,FULL,499,1,+0,+0,+0.0165,+0,+0.0382,+0,+0,+0,09:47:01 21.03.2020
1343,+23.3,+26.2,+24,+24,+24.2,+23.7,+23.6,+24.4,+24.3,+24.1,+26,FULL,499,0,+0,+0,+0.0165,+0,+0.0382,+0,+0,+0,09:48:01 21.03.2020
1344,+23.3,+26.2,+24,+24,+24.2,+23.7,+23.6,+24.4,+24.3,+24.1,+26.2,FULL,499,1,+0,+0,+0.0165,+0,+0.0382,+0,+0,+0,09:49:01 21.03.2020
1345,+23.3,+26.3,+24,+23.9,+24.2,+23.7,+23.6,+24.4,+24.3,+24.1,+26.1,FULL,500,1,+0,+0,+0.0165,+0,+0.0382,+0,+0,+0,09:50:01 21.03.2020
1346,+23.3,+26.3,+24,+24,+24.2,+23.7,+23.6,+24.4,+24.3,+24.1,+26,FULL,500,1,+0,+0,+0.0165,+0,+0.0382,+0,+0,+0,09:51:01 21.03.2020
1347,+23.3,+26.3,+24,+24,+24.2,+23.7,+23.6,+24.4,+24.3,+24.1,+26.2,FULL,500,1,+0,+0,+0.0165,+0,+0.0382,+0,+0,+0,09:52:01 21.03.2020
1348,+23.3,+26.3,+24,+24,+24.2,+23.7,+23.6,+24.4,+24.3,+24.1,+26,FULL,499,1,+0,+0,+0.0165,+0,+0.0382,+0,+0,+0,09:53:01 21.03.2020
1349,+23.3,+26.3,+24,+24,+24.2,+23.7,+23.6,+24.4,+24.3,+24.1,+26,FULL,499,1,+0,+0,+0.0165,+0,+0.0382,+0,+0,+0,09:54:01 21.03.2020
1350,+23.3,+26.3,+24,+24,+24.2,+23.7,+23.6,+24.4,+24.3,+24.1,+26.2,FULL,499,1,+0,+0,+0.0165,+0,+0.0382,+0,+0,+0,09:55:01 21.03.2020
1351,+23.3,+26.3,+24,+24,+24.2,+23.7,+23.6,+24.4,+24.3,+24.1,+26.2,FULL,499,1,+0,+0,+0.0165,+0,+0.0382,+0,+0,+0,09:56:01 21.03.2020
1352,+23.3,+26.3,+24,+24,+24.2,+23.7,+23.6,+24.4,+24.3,+24.1,+26.1,FULL,500,1,+0,+0,+0.0165,+0,+0.0382,+0,+0,+0,09:57:01 21.03.2020
1353,+23.3,+26.3,+24,+24,+24.2,+23.7,+23.6,+24.4,+24.3,+24.1,+26,FULL,500,1,+0,+0,+0.0165,+0,+0.0382,+0,+0,+0,09:58:01 21.03.2020
1354,+23.3,+26.3,+24,+24,+24.2,+23.7,+23.6,+24.4,+24.3,+24.1,+26,FULL,500,1,+0,+0,+0.0165,+0,+0.0382,+0,+0,+0,09:59:01 21.03.2020
1355,+23.3,+26.3,+24,+24,+24.2,+23.7,+23.6,+24.4,+24.3,+24.1,+26,FULL,499,1,+0,+0,+0.0165,+0,+0.0382,+0,+0,+0,10:00:01 21.03.2020
1356,+23.3,+26.3,+24,+24,+24.2,+23.7,+23.6,+24.4,+24.3,+24.1,+26,FULL,499,1,+0,+0,+0.0165,+0,+0.0382,+0,+0,+0,10:01:01 21.03.2020
1357,+23.3,+26.3,+24,+24,+24.2,+23.7,+23.6,+24.4,+24.3,+24.1,+26.1,FULL,499,0,+0,+0,+0.0165,+0,+0.0382,+0,+0,+0,10:02:01 21.03.2020
1358,+23.3,+26.3,+24,+24,+24.2,+23.7,+23.6,+24.4,+24.3,+24.1,+26,FULL,499,1,+0,+0,+0.0165,+0,+0.0382,+0,+0,+0,10:03:01 21.03.2020
1359,+23.3,+26.3,+24,+24,+24.2,+23.7,+23.6,+24.4,+24.3,+24.1,+26,FULL,500,1,+0,+0,+0.0165,+0,+0.0382,+0,+0,+0,10:04:01 21.03.2020
1360,+23.3,+26.3,+24,+24,+24.2,+23.7,+23.6,+24.4,+24.3,+24.1,+26,FULL,500,1,+0,+0,+0.0165,+0,+0.0382,+0,+0,+0,10:05:01 21.03.2020
1361,+23.4,+26.3,+24,+24,+24.2,+23.7,+23.6,+24.4,+24.3,+24.1,+26,FULL,500,1,+0,+0,+0.0165,+0,+0.0382,+0,+0,+0,10:06:01 21.03.2020
1362,+23.4,+26.4,+24,+24,+24.2,+23.7,+23.6,+24.4,+24.3,+24.1,+26,FULL,499,1,+0,+0,+0.0165,+0,+0.0382,+0,+0,+0,10:07:01 21.03.2020
1363,+23.4,+26.3,+24,+24,+24.2,+23.7,+23.6,+24.4,+24.3,+24.1,+26,FULL,499,1,+0,+0,+0.0165,+0,+0.0382,+0,+0,+0,10:08:01 21.03.2020
1364,+23.4,+26.2,+24,+24,+24.2,+23.7,+23.6,+24.4,+24.3,+24.1,+26,FULL,499,0,+0,+0,+0.0165,+0,+0.0382,+0,+0,+0,10:09:01 21.03.2020
1365,+23.4,+26.2,+24,+24,+24.2,+23.7,+23.6,+24.4,+24.3,+24.1,+26,FULL,499,1,+0,+0,+0.0165,+0,+0.0382,+0,+0,+0,10:10:01 21.03.2020
1366,+23.4,+26.2,+24,+24,+24.2,+23.7,+23.6,+24.4,+24.3,+24.1,+26,FULL,500,1,+0,+0,+0.0165,+0,+0.0382,+0,+0,+0,10:11:01 21.03.2020
1367,+23.4,+26.2,+24,+24,+24.2,+23.7,+23.6,+24.4,+24.3,+24.1,+26,FULL,500,1,+0,+0,+0.0165,+0,+0.0382,+0,+0,+0,10:12:01 21.03.2020
1368,+23.4,+26.2,+24,+24,+24.2,+23.7,+23.6,+24.4,+24.3,+24.1,+26,FULL,500,1,+0,+0,+0.0165,+0,+0.0382,+0,+0,+0,10:13:01 21.03.2020
1369,+23.4,+26.2,+24,+24,+24.2,+23.7,+23.6,+24.4,+24.3,+24.1,+26,FULL,499,1,+0,+0,+0.0165,+0,+0.0382,+0,+0,+0,10:14:01 21.03.2020
1370,+23.4,+26.2,+24,+24,+24.2,+23.7,+23.6,+24.4,+24.3,+24.1,+26.1,FULL,499,1,+0,+0,+0.0165,+0,+0.0382,+0,+0,+0,10:15:01 21.03.2020
1371,+23.4,+26.2,+24,+24,+24.2,+23.7,+23.6,+24.4,+24.3,+24.1,+26,FULL,499,0,+0,+0,+0.0165,+0,+0.0382,+0,+0,+0,10:16:01 21.03.2020
1372,+23.4,+26.1,+24,+24,+24.2,+23.7,+23.6,+24.4,+24.3,+24.1,+26,FULL,499,1,+0,+0,+0.0165,+0,+0.0382,+0,+0,+0,10:17:01 21.03.2020
1373,+23.4,+26.2,+24,+24,+24.2,+23.7,+23.6,+24.4,+24.3,+24.1,+26,FULL,500,1,+0,+0,+0.0165,+0,+0.0382,+0,+0,+0,10:18:01 21.03.2020
1374,+23.4,+26.2,+24,+24,+24.2,+23.7,+23.6,+24.4,+24.3,+24.1,+26,FULL,500,1,+0,+0,+0.0165,+0,+0.0382,+0,+0,+0,10:19:01 21.03.2020
1375,+23.4,+26.2,+24,+24,+24.2,+23.7,+23.6,+24.4,+24.3,+24.1,+26,FULL,500,1,+0,+0,+0.0165,+0,+0.0382,+0,+0,+0,10:20:01 21.03.2020
1376,+23.4,+26.1,+24,+24,+24.2,+23.7,+23.6,+24.4,+24.3,+24.1,+26,FULL,499,1,+0,+0,+0.0165,+0,+0.0382,+0,+0,+0,10:21:01 21.03.2020
1377,+23.5,+26.1,+24,+24,+24.2,+23.7,+23.6,+24.4,+24.3,+24.1,+26.1,FULL,499,1,+0,+0,+0.0165,+0,+0.0382,+0,+0,+0,10:22:01 21.03.2020
1378,+23.5,+26.1,+24,+24,+24.2,+23.7,+23.6,+24.4,+24.3,+24.1,+26,FULL,499,0,+0,+0,+0.0165,+0,+0.0382,+0,+0,+0,10:23:01 21.03.2020
1379,+23.5,+26.2,+24,+24,+24.2,+23.7,+23.6,+24.4,+24.3,+24.1,+26.1,FULL,500,1,+0,+0,+0.0165,+0,+0.0382,+0,+0,+0,10:24:01 21.03.2020
1380,+23.5,+26.1,+24,+24,+24.2,+23.7,+23.6,+24.5,+24.3,+24.1,+26.2,FULL,500,1,+0,+0,+0.0166,+0,+0.0382,+0,+0,+0,10:25:01 21.03.2020
1381,+23.5,+26.1,+24,+24,+24.2,+23.7,+23.6,+24.5,+24.3,+24.1,+26.1,FULL,500,1,+0,+0,+0.0166,+0,+0.0382,+0,+0,+0,10:26:01 21.03.2020
1382,+23.5,+26.1,+24,+24,+24.2,+23.7,+23.6,+24.5,+24.3,+24.1,+26.1,FULL,500,1,+0,+0,+0.0166,+0,+0.0382,+0,+0,+0,10:27:01 21.03.2020
1383,+23.5,+26.1,+24,+24,+24.2,+23.7,+23.6,+24.4,+24.3,+24.1,+26,FULL,499,1,+0,+0,+0.0165,+0,+0.0382,+0,+0,+0,10:28:01 21.03.2020
1384,+23.5,+26.2,+24,+24,+24.2,+23.7,+23.6,+24.5,+24.3,+24.1,+26,FULL,499,1,+0,+0,+0.0166,+0,+0.0382,+0,+0,+0,10:29:01 21.03.2020
1385,+23.5,+26.1,+24,+23.9,+24.2,+23.7,+23.6,+24.5,+24.3,+24.1,+26,FULL,499,1,+0,+0,+0.0166,+0,+0.0382,+0,+0,+0,10:30:01 21.03.2020
1386,+23.5,+26.1,+24,+24,+24.2,+23.7,+23.6,+24.5,+24.3,+24.1,+26,FULL,500,1,+0,+0,+0.0166,+0,+0.0382,+0,+0,+0,10:31:01 21.03.2020
1387,+23.5,+26.1,+24,+23.9,+24.2,+23.7,+23.6,+24.4,+24.3,+24.1,+26.1,FULL,500,1,+0,+0,+0.0165,+0,+0.0382,+0,+0,+0,10:32:01 21.03.2020
1388,+23.5,+26.2,+24,+24,+24.2,+23.7,+23.6,+24.4,+24.3,+24.1,+26,FULL,500,1,+0,+0,+0.0165,+0,+0.0382,+0,+0,+0,10:33:01 21.03.2020
1389,+23.5,+26.2,+24,+24,+24.2,+23.7,+23.6,+24.4,+24.3,+24.1,+26.1,FULL,500,1,+0,+0,+0.0165,+0,+0.0382,+0,+0,+0,10:34:01 21.03.2020
1390,+23.5,+26.2,+24,+24,+24.2,+23.7,+23.6,+24.4,+24.3,+24.2,+26.1,FULL,499,1,+0,+0,+0.0165,+0,+0.0382,+0,+0,+0,10:35:01 21.03.2020
1391,+23.5,+26.2,+24,+24,+24.2,+23.7,+23.6,+24.4,+24.3,+24.1,+26,FULL,499,1,+0,+0,+0.0165,+0,+0.0382,+0,+0,+0,10:36:01 21.03.2020
1392,+23.5,+26.2,+24,+24,+24.2,+23.7,+23.6,+24.4,+24.3,+24.1,+26,FULL,499,1,+0,+0,+0.0165,+0,+0.0382,+0,+0,+0,10:37:01 21.03.2020
1393,+23.5,+26.3,+24,+24,+24.2,+23.7,+23.6,+24.5,+24.3,+24.1,+26,FULL,500,1,+0,+0,+0.0166,+0,+0.0382,+0,+0,+0,10:38:01 21.03.2020
1394,+23.5,+26.3,+24,+24,+24.2,+23.7,+23.6,+24.5,+24.3,+24.1,+26.1,FULL,500,1,+0,+0,+0.0166,+0,+0.0382,+0,+0,+0,10:39:01 21.03.2020
1395,+23.6,+26.3,+24,+24,+24.2,+23.7,+23.6,+24.5,+24.3,+24.2,+26.1,FULL,500,1,+0,+0,+0.0166,+0,+0.0382,+0,+0,+0,10:40:01 21.03.2020
1396,+23.6,+26.3,+24,+24,+24.2,+23.7,+23.6,+24.5,+24.3,+24.1,+26,FULL,499,1,+0,+0,+0.0166,+0,+0.0382,+0,+0,+0,10:41:01 21.03.2020
1397,+23.6,+26.3,+24,+24,+24.2,+23.7,+23.6,+24.5,+24.3,+24.1,+26.1,FULL,499,1,+0,+0,+0.0166,+0,+0.0382,+0,+0,+0,10:42:01 21.03.2020
1398,+23.6,+26.3,+24,+24,+24.2,+23.7,+23.6,+24.5,+24.3,+24.1,+26.5,FULL,499,0,+0,+0,+0.0166,+0,+0.0382,+0,+0,+0,10:43:01 21.03.2020
1399,+23.6,+26.3,+24,+24,+24.2,+23.7,+23.6,+24.4,+24.3,+24.1,+26,FULL,499,0,+0,+0,+0.0165,+0,+0.0382,+0,+0,+0,10:44:01 21.03.2020
1400,+23.6,+26.3,+24,+24,+24.2,+23.7,+23.6,+24.4,+24.3,+24.1,+26.1,FULL,500,1,+0,+0,+0.0165,+0,+0.0382,+0,+0,+0,10:45:01 21.03.2020
1401,+23.6,+26.3,+24,+24,+24.2,+23.7,+23.6,+24.4,+24.3,+24.1,+26.1,FULL,500,1,+0,+0,+0.0165,+0,+0.0382,+0,+0,+0,10:46:01 21.03.2020
1402,+23.6,+26.3,+24,+24,+24.2,+23.7,+23.6,+24.5,+24.3,+24.1,+26,FULL,500,1,+0,+0,+0.0166,+0,+0.0382,+0,+0,+0,10:47:01 21.03.2020
1403,+23.6,+26.3,+24,+24,+24.2,+23.7,+23.6,+24.4,+24.3,+24.1,+26,FULL,500,1,+0,+0,+0.0165,+0,+0.0382,+0,+0,+0,10:48:01 21.03.2020
1404,+23.6,+26.3,+24,+24,+24.2,+23.7,+23.6,+24.4,+24.3,+24.1,+26,FULL,499,1,+0,+0,+0.0165,+0,+0.0382,+0,+0,+0,10:49:01 21.03.2020
1405,+23.6,+26.3,+24,+24,+24.2,+23.7,+23.6,+24.4,+24.3,+24.1,+26,FULL,499,0,+0,+0,+0.0165,+0,+0.0382,+0,+0,+0,10:50:01 21.03.2020
1406,+23.6,+26.3,+24,+24,+24.2,+23.7,+23.6,+24.5,+24.3,+24.1,+26.1,FULL,499,1,+0,+0,+0.0166,+0,+0.0382,+0,+0,+0,10:51:01 21.03.2020
1407,+23.6,+26.3,+24,+24,+24.2,+23.7,+23.6,+24.5,+24.3,+24.1,+26.1,FULL,500,1,+0,+0,+0.0166,+0,+0.0382,+0,+0,+0,10:52:01 21.03.2020
1408,+23.6,+26.3,+24,+24,+24.2,+23.7,+23.6,+24.4,+24.3,+24.1,+26,FULL,500,1,+0,+0,+0.0165,+0,+0.0382,+0,+0,+0,10:53:01 21.03.2020
1409,+23.6,+26.3,+24,+24,+24.2,+23.7,+23.6,+24.4,+24.3,+24.1,+26,FULL,500,1,+0,+0,+0.0165,+0,+0.0382,+0,+0,+0,10:54:01 21.03.2020
1410,+23.6,+26.3,+24,+24,+24.2,+23.7,+23.6,+24.4,+24.3,+24.1,+26.1,FULL,499,1,+0,+0,+0.0165,+0,+0.0382,+0,+0,+0,10:55:01 21.03.2020
1411,+23.6,+26.4,+24,+24,+24.2,+23.7,+23.6,+24.4,+24.3,+24.1,+26,FULL,499,1,+0,+0,+0.0165,+0,+0.0382,+0,+0,+0,10:56:01 21.03.2020
1412,+23.6,+26.4,+24,+24,+24.2,+23.7,+23.6,+24.4,+24.3,+24.1,+26,FULL,499,0,+0,+0,+0.0165,+0,+0.0382,+0,+0,+0,10:57:01 21.03.2020
1413,+23.6,+26.3,+24,+24,+24.2,+23.7,+23.6,+24.4,+24.3,+24.1,+26,FULL,499,0,+0,+0,+0.0165,+0,+0.0382,+0,+0,+0,10:58:01 21.03.2020
1414,+23.6,+26.4,+24,+24,+24.2,+23.7,+23.6,+24.4,+24.3,+24.1,+26,FULL,500,1,+0,+0,+0.0165,+0,+0.0382,+0,+0,+0,10:59:01 21.03.2020
1415,+23.6,+26.3,+24,+24,+24.2,+23.7,+23.6,+24.4,+24.3,+24.1,+26.2,FULL,500,1,+0,+0,+0.0165,+0,+0.0382,+0,+0,+0,11:00:01 21.03.2020
1416,+23.6,+26.3,+24,+24,+24.2,+23.7,+23.6,+24.4,+24.3,+24.1,+26.1,FULL,500,1,+0,+0,+0.0165,+0,+0.0382,+0,+0,+0,11:01:01 21.03.2020
1417,+23.6,+26.3,+24,+24,+24.2,+23.7,+23.6,+24.4,+24.3,+24.1,+26,FULL,499,1,+0,+0,+0.0165,+0,+0.0382,+0,+0,+0,11:02:01 21.03.2020
1418,+23.6,+26.3,+24,+24,+24.2,+23.7,+23.6,+24.4,+24.3,+24.1,+26.2,FULL,499,1,+0,+0,+0.0165,+0,+0.0382,+0,+0,+0,11:03:01 21.03.2020
1419,+23.7,+26.3,+24,+24,+24.2,+23.7,+23.6,+24.4,+24.3,+24.1,+26.1,FULL,499,0,+0,+0,+0.0165,+0,+0.0384,+0,+0,+0,11:04:01 21.03.2020
1420,+23.7,+26.2,+24,+24,+24.2,+23.7,+23.6,+24.4,+24.3,+24.1,+26,FULL,500,1,+0,+0,+0.0165,+0,+0.0382,+0,+0,+0,11:05:01 21.03.2020
1421,+23.7,+26.2,+24,+24,+24.2,+23.7,+23.6,+24.4,+24.3,+24.1,+26.1,FULL,500,1,+0,+0,+0.0165,+0,+0.0382,+0,+0,+0,11:06:01 21.03.2020
1422,+23.7,+26.2,+24,+24,+24.2,+23.7,+23.6,+24.4,+24.3,+24.1,+26.1,FULL,500,1,+0,+0,+0.0165,+0,+0.0382,+0,+0,+0,11:07:01 21.03.2020
1423,+23.7,+26.3,+24,+24,+24.2,+23.7,+23.6,+24.4,+24.3,+24.1,+26,FULL,500,1,+0,+0,+0.0165,+0,+0.0384,+0,+0,+0,11:08:01 21.03.2020
1424,+23.7,+26.2,+24,+24,+24.2,+23.7,+23.6,+24.5,+24.3,+24.1,+26,FULL,500,1,+0,+0,+0.0166,+0,+0.0384,+0,+0,+0,11:09:01 21.03.2020
1425,+23.7,+26.2,+24,+24,+24.2,+23.7,+23.6,+24.5,+24.3,+24.1,+26.1,FULL,499,1,+0,+0,+0.0166,+0,+0.0382,+0,+0,+0,11:10:01 21.03.2020
1426,+23.7,+26.2,+24,+24,+24.2,+23.7,+23.6,+24.4,+24.3,+24.1,+26,FULL,499,0,+0,+0,+0.0165,+0,+0.0382,+0,+0,+0,11:11:01 21.03.2020
1427,+23.7,+26.2,+24,+24,+24.2,+23.7,+23.6,+24.4,+24.3,+24.1,+26.1,FULL,500,0,+0,+0,+0.0165,+0,+0.0382,+0,+0,+0,11:12:01 21.03.2020
1428,+23.7,+26.2,+24,+24,+24.2,+23.7,+23.6,+24.4,+24.3,+24.1,+26,FULL,500,1,+0,+0,+0.0165,+0,+0.0382,+0,+0,+0,11:13:01 21.03.2020
1429,+23.6,+26.2,+24,+24,+24.2,+23.7,+23.6,+24.5,+24.3,+24.1,+26.2,FULL,500,1,+0,+0,+0.0166,+0,+0.0382,+0,+0,+0,11:14:01 21.03.2020
1430,+23.7,+26.2,+24,+24,+24.2,+23.7,+23.6,+24.4,+24.3,+24.1,+26,FULL,500,1,+0,+0,+0.0165,+0,+0.0382,+0,+0,+0,11:15:01 21.03.2020
1431,+23.7,+26.2,+24,+24,+24.2,+23.7,+23.6,+24.4,+24.3,+24.1,+26,FULL,499,1,+0,+0,+0.0165,+0,+0.0382,+0,+0,+0,11:16:01 21.03.2020
1432,+23.7,+26.2,+24,+24,+24.2,+23.7,+23.6,+24.4,+24.3,+24.1,+26,FULL,499,1,+0,+0,+0.0165,+0,+0.0382,+0,+0,+0,11:17:01 21.03.2020
1433,+23.7,+26.1,+24,+24,+24.2,+23.7,+23.6,+24.4,+24.3,+24.1,+26,FULL,499,0,+0,+0,+0.0165,+0,+0.0382,+0,+0,+0,11:18:01 21.03.2020
1434,+23.7,+26.2,+24,+24,+24.2,+23.7,+23.6,+24.4,+24.3,+24.1,+26.1,FULL,499,0,+0,+0,+0.0165,+0,+0.0382,+0,+0,+0,11:19:01 21.03.2020
1435,+23.7,+26.1,+24,+24,+24.2,+23.7,+23.6,+24.4,+24.3,+24.1,+26,FULL,500,1,+0,+0,+0.0165,+0,+0.0382,+0,+0,+0,11:20:01 21.03.2020
1436,+23.7,+26.2,+24,+24,+24.2,+23.7,+23.6,+24.4,+24.3,+24.1,+26.1,FULL,500,1,+0,+0,+0.0165,+0,+0.0382,+0,+0,+0,11:21:01 21.03.2020
1437,+23.7,+26.1,+24,+24,+24.2,+23.7,+23.6,+24.5,+24.3,+24.2,+26,FULL,500,1,+0,+0,+0.0166,+0,+0.0382,+0,+0,+0,11:22:01 21.03.2020
1438,+23.7,+26.1,+24,+24,+24.2,+23.7,+23.6,+24.5,+24.3,+24.1,+26,FULL,499,1,+0,+0,+0.0166,+0,+0.0382,+0,+0,+0,11:23:01 21.03.2020
1439,+23.7,+26.1,+24,+24,+24.2,+23.7,+23.6,+24.5,+24.3,+24.1,+26.1,FULL,499,1,+0,+0,+0.0166,+0,+0.0382,+0,+0,+0,11:24:01 21.03.2020
1440,+23.7,+26.2,+24,+24,+24.2,+23.7,+23.6,+24.4,+24.3,+24.1,+26,FULL,499,0,+0,+0,+0.0165,+0,+0.0382,+0,+0,+0,11:25:01 21.03.2020
1441,+23.7,+26.2,+24,+24,+24.2,+23.7,+23.6,+24.4,+24.3,+24.1,+26,FULL,499,1,+0,+0,+0.0165,+0,+0.0382,+0,+0,+0,11:26:01 21.03.2020
1442,+23.7,+26.2,+24,+24,+24.2,+23.7,+23.6,+24.5,+24.3,+24.1,+26,FULL,500,1,+0,+0,+0.0166,+0,+0.0382,+0,+0,+0,11:27:01 21.03.2020
1443,+23.7,+26.3,+24,+24,+24.2,+23.7,+23.6,+24.4,+24.3,+24.1,+26,FULL,500,1,+0,+0,+0.0165,+0,+0.0382,+0,+0,+0,11:28:01 21.03.2020
1444,+23.7,+26.3,+24,+24,+24.2,+23.7,+23.6,+24.4,+24.3,+24.1,+26,FULL,500,1,+0,+0,+0.0165,+0,+0.0382,+0,+0,+0,11:29:01 21.03.2020
1445,+23.7,+26.3,+24,+24,+24.2,+23.7,+23.6,+24.5,+24.3,+24.1,+26,FULL,499,1,+0,+0,+0.0166,+0,+0.0382,+0,+0,+0,11:30:01 21.03.2020
1446,+23.7,+26.3,+24,+24,+24.2,+23.7,+23.6,+24.5,+24.3,+24.1,+26.1,FULL,499,1,+0,+0,+0.0166,+0,+0.0382,+0,+0,+0,11:31:01 21.03.2020
1447,+23.7,+26.3,+24,+24,+24.2,+23.7,+23.6,+24.4,+24.3,+24.1,+26,FULL,499,0,+0,+0,+0.0165,+0,+0.0382,+0,+0,+0,11:32:01 21.03.2020
1448,+23.7,+26.3,+24,+24,+24.2,+23.7,+23.6,+24.4,+24.3,+24.1,+26,FULL,500,1,+0,+0,+0.0165,+0,+0.0382,+0,+0,+0,11:33:01 21.03.2020
1449,+23.8,+26.3,+24,+24,+24.2,+23.7,+23.6,+24.4,+24.3,+24.1,+26,FULL,500,1,+0,+0,+0.0165,+0,+0.0382,+0,+0,+0,11:34:01 21.03.2020
1450,+23.7,+26.4,+24,+24,+24.2,+23.7,+23.6,+24.5,+24.3,+24.1,+26.1,FULL,500,1,+0,+0,+0.0166,+0,+0.0382,+0,+0,+0,11:35:01 21.03.2020
1451,+23.8,+26.4,+24,+24,+24.2,+23.7,+23.6,+24.5,+24.3,+24.1,+26.1,FULL,500,1,+0,+0,+0.0166,+0,+0.0382,+0,+0,+0,11:36:01 21.03.2020
1452,+23.8,+26.3,+24,+24,+24.2,+23.7,+23.6,+24.5,+24.3,+24.2,+26.1,FULL,499,1,+0,+0,+0.0166,+0,+0.0382,+0,+0,+0,11:37:01 21.03.2020
1453,+23.8,+26.4,+24,+24,+24.2,+23.7,+23.6,+24.4,+24.3,+24.2,+26,FULL,499,1,+0,+0,+0.0165,+0,+0.0382,+0,+0,+0,11:38:01 21.03.2020
1454,+23.8,+26.4,+24,+24,+24.2,+23.7,+23.6,+24.5,+24.3,+24.1,+26.1,FULL,499,0,+0,+0,+0.0166,+0,+0.0382,+0,+0,+0,11:39:01 21.03.2020
1455,+23.8,+26.4,+24,+24,+24.2,+23.7,+23.6,+24.5,+24.3,+24.1,+26.1,FULL,500,1,+0,+0,+0.0166,+0,+0.0382,+0,+0,+0,11:40:01 21.03.2020
1456,+23.8,+26.4,+24,+24,+24.2,+23.7,+23.6,+24.5,+24.3,+24.2,+26.2,FULL,500,1,+0,+0,+0.0166,+0,+0.0382,+0,+0,+0,11:41:01 21.03.2020
1457,+23.8,+26.4,+24,+24,+24.2,+23.7,+23.6,+24.4,+24.3,+24.1,+26,FULL,500,1,+0,+0,+0.0165,+0,+0.0382,+0,+0,+0,11:42:01 21.03.2020
1458,+23.8,+26.4,+24,+24,+24.2,+23.7,+23.6,+24.5,+24.3,+24.1,+26.2,FULL,500,1,+0,+0,+0.0166,+0,+0.0382,+0,+0,+0,11:43:01 21.03.2020
1459,+23.8,+26.4,+24,+24,+24.2,+23.7,+23.6,+24.5,+24.3,+24.1,+26,FULL,499,1,+0,+0,+0.0166,+0,+0.0382,+0,+0,+0,11:44:01 21.03.2020
1460,+23.8,+26.4,+24,+24,+24.2,+23.7,+23.6,+24.4,+24.3,+24.1,+26.1,FULL,499,0,+0,+0,+0.0165,+0,+0.0382,+0,+0,+0,11:45:01 21.03.2020
1461,+23.8,+26.4,+24,+24,+24.2,+23.7,+23.6,+24.4,+24.3,+24.1,+26,FULL,499,0,+0,+0,+0.0165,+0,+0.0382,+0,+0,+0,11:46:01 21.03.2020
1462,+23.8,+26.4,+24,+24,+24.2,+23.7,+23.6,+24.4,+24.3,+24.1,+26.1,FULL,500,1,+0,+0,+0.0165,+0,+0.0382,+0,+0,+0,11:47:01 21.03.2020
1463,+23.8,+26.4,+24,+24,+24.2,+23.7,+23.6,+24.4,+24.3,+24.1,+26,FULL,500,1,+0,+0,+0.0165,+0,+0.0382,+0,+0,+0,11:48:01 21.03.2020
1464,+23.8,+26.4,+24,+24,+24.2,+23.7,+23.6,+24.4,+24.3,+24.1,+26,FULL,500,1,+0,+0,+0.0165,+0,+0.0382,+0,+0,+0,11:49:01 21.03.2020
1465,+23.8,+26.4,+24,+24,+24.2,+23.7,+23.6,+24.4,+24.3,+24.1,+26.1,FULL,499,1,+0,+0,+0.0165,+0,+0.0382,+0,+0,+0,11:50:01 21.03.2020
1466,+23.8,+26.4,+24,+24,+24.2,+23.7,+23.6,+24.4,+24.3,+24.1,+26.1,FULL,499,1,+0,+0,+0.0165,+0,+0.0382,+0,+0,+0,11:51:01 21.03.2020
1467,+23.8,+26.4,+24,+24,+24.2,+23.7,+23.6,+24.4,+24.3,+24.1,+26.1,FULL,499,1,+0,+0,+0.0165,+0,+0.0382,+0,+0,+0,11:52:01 21.03.2020
1468,+23.8,+26.3,+24,+24,+24.2,+23.7,+23.6,+24.5,+24.3,+24.1,+26,FULL,499,0,+0,+0,+0.0166,+0,+0.0382,+0,+0,+0,11:53:01 21.03.2020
1469,+23.8,+26.3,+24,+24,+24.2,+23.7,+23.6,+24.4,+24.3,+24.1,+26.2,FULL,500,1,+0,+0,+0.0165,+0,+0.0382,+0,+0,+0,11:54:01 21.03.2020
1470,+23.8,+26.3,+24,+24,+24.2,+23.7,+23.6,+24.4,+24.3,+24.1,+26.1,FULL,500,1,+0,+0,+0.0165,+0,+0.0382,+0,+0,+0,11:55:01 21.03.2020
1471,+23.8,+26.4,+24,+24,+24.2,+23.7,+23.6,+24.4,+24.3,+24.1,+26,FULL,500,1,+0,+0,+0.0165,+0,+0.0382,+0,+0,+0,11:56:01 21.03.2020
1472,+23.8,+26.3,+24,+24,+24.2,+23.7,+23.6,+24.5,+24.3,+24.1,+26.2,FULL,499,1,+0,+0,+0.0165,+0,+0.0382,+0,+0,+0,11:57:01 21.03.2020
1473,+23.8,+26.3,+24,+24,+24.2,+23.7,+23.6,+24.5,+24.3,+24.1,+26.1,FULL,499,1,+0,+0,+0.0166,+0,+0.0382,+0,+0,+0,11:58:01 21.03.2020
1474,+23.8,+26.3,+24,+24,+24.2,+23.7,+23.6,+24.4,+24.3,+24.1,+26.1,FULL,499,1,+0,+0,+0.0165,+0,+0.0382,+0,+0,+0,11:59:01 21.03.2020
1475,+23.8,+26.3,+24,+24,+24.2,+23.7,+23.6,+24.4,+24.3,+24.1,+26,FULL,499,0,+0,+0,+0.0165,+0,+0.0382,+0,+0,+0,12:00:01 21.03.2020
1476,+23.8,+26.4,+24,+24,+24.2,+23.7,+23.6,+24.4,+24.3,+24.1,+26,FULL,500,1,+0,+0,+0.0165,+0,+0.0382,+0,+0,+0,12:01:01 21.03.2020
1477,+23.8,+26.3,+24,+24,+24.2,+23.7,+23.6,+24.5,+24.3,+24.1,+26.1,FULL,500,1,+0,+0,+0.0166,+0,+0.0382,+0,+0,+0,12:02:01 21.03.2020
1478,+23.8,+26.3,+24,+24,+24.2,+23.7,+23.6,+24.5,+24.3,+24.1,+26.1,FULL,500,1,+0,+0,+0.0166,+0,+0.0382,+0,+0,+0,12:03:01 21.03.2020
1479,+23.8,+26.3,+24,+24,+24.2,+23.7,+23.6,+24.5,+24.3,+24.1,+26,FULL,500,1,+0,+0,+0.0166,+0,+0.0382,+0,+0,+0,12:04:01 21.03.2020
1480,+23.8,+26.4,+24,+24,+24.2,+23.7,+23.6,+24.4,+24.3,+24.1,+26.1,FULL,499,1,+0,+0,+0.0165,+0,+0.0382,+0,+0,+0,12:05:01 21.03.2020
1481,+23.8,+26.2,+24,+24,+24.2,+23.7,+23.6,+24.5,+24.3,+24.1,+26.1,FULL,499,0,+0,+0,+0.0166,+0,+0.0382,+0,+0,+0,12:06:01 21.03.2020
1482,+23.8,+26.3,+24,+24,+24.2,+23.7,+23.6,+24.5,+24.3,+24.1,+26,FULL,500,0,+0,+0,+0.0166,+0,+0.0382,+0,+0,+0,12:07:01 21.03.2020
1483,+23.8,+26.2,+24,+24,+24.2,+23.7,+23.6,+24.4,+24.3,+24.1,+26,FULL,500,1,+0,+0,+0.0165,+0,+0.0382,+0,+0,+0,12:08:01 21.03.2020
1484,+23.8,+26.3,+24,+24,+24.2,+23.7,+23.6,+24.4,+24.3,+24.1,+26.1,FULL,500,1,+0,+0,+0.0165,+0,+0.0382,+0,+0,+0,12:09:01 21.03.2020
1485,+23.8,+26.3,+24,+24,+24.2,+23.7,+23.6,+24.4,+24.3,+24.1,+26,FULL,500,1,+0,+0,+0.0166,+0,+0.0382,+0,+0,+0,12:10:01 21.03.2020
1486,+23.8,+26.2,+24,+24,+24.2,+23.7,+23.6,+24.5,+24.3,+24.1,+26,FULL,499,1,+0,+0,+0.0166,+0,+0.0382,+0,+0,+0,12:11:01 21.03.2020
1487,+23.9,+26.2,+24,+24,+24.2,+23.7,+23.6,+24.5,+24.3,+24.2,+26.1,FULL,499,1,+0,+0,+0.0166,+0,+0.0382,+0,+0,+0,12:12:01 21.03.2020
1488,+23.9,+26.3,+24,+24,+24.2,+23.7,+23.6,+24.5,+24.3,+24.1,+26,FULL,499,0,+0,+0,+0.0165,+0,+0.0382,+0,+0,+0,12:13:01 21.03.2020
1489,+23.9,+26.3,+24,+24,+24.2,+23.7,+23.6,+24.5,+24.3,+24.1,+26,FULL,499,0,+0,+0,+0.0166,+0,+0.0382,+0,+0,+0,12:14:01 21.03.2020
1490,+23.9,+26.2,+24,+24,+24.2,+23.7,+23.6,+24.5,+24.3,+24.1,+26,FULL,500,1,+0,+0,+0.0166,+0,+0.0382,+0,+0,+0,12:15:01 21.03.2020
1491,+23.9,+26.2,+24,+24,+24.2,+23.8,+23.6,+24.5,+24.3,+24.2,+26.1,FULL,500,1,+0,+0,+0.0166,+0,+0.0382,+0,+0,+0,12:16:01 21.03.2020
1492,+23.9,+26.3,+24,+24,+24.2,+23.8,+23.6,+24.5,+24.3,+24.2,+26,FULL,500,1,+0,+0,+0.0166,+0,+0.0382,+0,+0,+0,12:17:01 21.03.2020
1493,+23.9,+26.3,+24,+24,+24.2,+23.8,+23.6,+24.5,+24.3,+24.1,+26.1,FULL,499,1,+0,+0,+0.0166,+0,+0.0382,+0,+0,+0,12:18:01 21.03.2020
1494,+23.9,+26.3,+24,+24,+24.2,+23.8,+23.6,+24.5,+24.3,+24.2,+26.1,FULL,499,1,+0,+0,+0.0166,+0,+0.0382,+0,+0,+0,12:19:01 21.03.2020
1495,+23.9,+26.3,+24,+24,+24.2,+23.8,+23.6,+24.5,+24.4,+24.2,+26.1,FULL,499,0,+0,+0,+0.0166,+0,+0.0382,+0,+0,+0,12:20:01 21.03.2020
1496,+23.8,+26.4,+24,+24,+24.2,+23.8,+23.6,+24.5,+24.3,+24.2,+26.1,FULL,499,1,+0,+0,+0.0166,+0,+0.0382,+0,+0,+0,12:21:01 21.03.2020
1497,+23.8,+26.4,+24,+24,+24.2,+23.8,+23.6,+24.5,+24.3,+24.1,+26.2,FULL,500,1,+0,+0,+0.0166,+0,+0.0384,+0,+0,+0,12:22:01 21.03.2020
1498,+23.8,+26.4,+24,+24,+24.2,+23.7,+23.6,+24.5,+24.3,+24.1,+26.1,FULL,500,1,+0,+0,+0.0166,+0,+0.0382,+0,+0,+0,12:23:01 21.03.2020
1499,+23.8,+26.4,+24,+24,+24.2,+23.7,+23.6,+24.5,+24.3,+24.1,+26.2,FULL,500,1,+0,+0,+0.0166,+0,+0.0382,+0,+0,+0,12:24:01 21.03.2020
1500,+23.8,+26.4,+24,+24,+24.2,+23.7,+23.6,+24.4,+24.3,+24.1,+26,FULL,500,1,+0,+0,+0.0165,+0,+0.0382,+0,+0,+0,12:25:01 21.03.2020
1501,+23.8,+26.4,+24,+24,+24.2,+23.7,+23.6,+24.4,+24.3,+24.1,+26,FULL,499,1,+0,+0,+0.0165,+0,+0.0382,+0,+0,+0,12:26:01 21.03.2020
1502,+23.8,+26.4,+24,+24,+24.2,+23.7,+23.6,+24.5,+24.3,+24.1,+26,FULL,499,0,+0,+0,+0.0166,+0,+0.0382,+0,+0,+0,12:27:01 21.03.2020
1503,+23.8,+26.4,+24,+24,+24.2,+23.7,+23.6,+24.5,+24.3,+24.1,+26.1,FULL,499,1,+0,+0,+0.0166,+0,+0.0384,+0,+0,+0,12:28:01 21.03.2020
1504,+23.8,+26.4,+24,+24,+24.2,+23.7,+23.6,+24.5,+24.3,+24.1,+26,FULL,500,1,+0,+0,+0.0166,+0,+0.0384,+0,+0,+0,12:29:01 21.03.2020
1505,+23.8,+26.4,+24,+24,+24.2,+23.8,+23.6,+24.4,+24.3,+24.1,+26.1,FULL,500,1,+0,+0,+0.0166,+0,+0.0384,+0,+0,+0,12:30:01 21.03.2020
1506,+23.8,+26.4,+24,+24,+24.2,+23.8,+23.6,+24.5,+24.3,+24.1,+26,FULL,500,1,+0,+0,+0.0166,+0,+0.0384,+0,+0,+0,12:31:01 21.03.2020
1507,+23.8,+26.4,+24,+24,+24.2,+23.8,+23.6,+24.5,+24.3,+24.1,+26,FULL,499,1,+0,+0,+0.0166,+0,+0.0384,+0,+0,+0,12:32:01 21.03.2020
1508,+23.8,+26.4,+24,+24,+24.2,+23.8,+23.6,+24.5,+24.3,+24.1,+26.1,FULL,499,1,+0,+0,+0.0166,+0,+0.0384,+0,+0,+0,12:33:01 21.03.2020
1509,+23.8,+26.4,+24,+24,+24.2,+23.8,+23.6,+24.5,+24.3,+24.1,+26,FULL,499,0,+0,+0,+0.0166,+0,+0.0384,+0,+0,+0,12:34:01 21.03.2020
1510,+23.8,+26.4,+24,+24,+24.2,+23.8,+23.6,+24.4,+24.3,+24.1,+26,FULL,499,0,+0,+0,+0.0165,+0,+0.0384,+0,+0,+0,12:35:01 21.03.2020
1511,+23.8,+26.4,+24,+24,+24.2,+23.8,+23.6,+24.5,+24.3,+24.1,+26.2,FULL,500,1,+0,+0,+0.0166,+0,+0.0384,+0,+0,+0,12:36:01 21.03.2020
1512,+23.8,+26.4,+24,+24,+24.2,+23.8,+23.6,+24.5,+24.3,+24.1,+26.1,FULL,500,1,+0,+0,+0.0166,+0,+0.0384,+0,+0,+0,12:37:01 21.03.2020
1513,+23.8,+26.4,+24,+24,+24.2,+23.8,+23.6,+24.5,+24.3,+24.1,+26.1,FULL,500,1,+0,+0,+0.0166,+0,+0.0384,+0,+0,+0,12:38:01 21.03.2020
1514,+23.8,+26.4,+24,+24,+24.2,+23.8,+23.6,+24.4,+24.3,+24.1,+26.1,FULL,499,1,+0,+0,+0.0165,+0,+0.0384,+0,+0,+0,12:39:01 21.03.2020
1515,+23.8,+26.4,+24,+24,+24.2,+23.8,+23.6,+24.4,+24.3,+24.1,+26.1,FULL,499,1,+0,+0,+0.0165,+0,+0.0384,+0,+0,+0,12:40:01 21.03.2020
1516,+23.7,+26.4,+24,+24,+24.2,+23.8,+23.6,+24.4,+24.3,+24.1,+26,FULL,499,0,+0,+0,+0.0165,+0,+0.0384,+0,+0,+0,12:41:01 21.03.2020
1517,+23.7,+26.5,+24,+24,+24.2,+23.7,+23.6,+24.4,+24.3,+24.1,+26,FULL,500,1,+0,+0,+0.0165,+0,+0.0384,+0,+0,+0,12:42:01 21.03.2020
1518,+23.7,+26.4,+24,+24,+24.2,+23.7,+23.6,+24.4,+24.3,+24.1,+26,FULL,500,1,+0,+0,+0.0165,+0,+0.0382,+0,+0,+0,12:43:01 21.03.2020
1519,+23.7,+26.5,+24,+24,+24.2,+23.7,+23.6,+24.4,+24.3,+24.1,+26,FULL,500,1,+0,+0,+0.0165,+0,+0.0384,+0,+0,+0,12:44:01 21.03.2020
1520,+23.7,+26.4,+24,+24,+24.2,+23.7,+23.6,+24.4,+24.3,+24.1,+26,FULL,500,1,+0,+0,+0.0165,+0,+0.0382,+0,+0,+0,12:45:01 21.03.2020
1521,+23.7,+26.4,+24,+24,+24.2,+23.7,+23.6,+24.4,+24.3,+24.1,+26,FULL,499,1,+0,+0,+0.0165,+0,+0.0384,+0,+0,+0,12:46:01 21.03.2020
1522,+23.7,+26.4,+24,+24,+24.2,+23.7,+23.6,+24.4,+24.3,+24.1,+26,FULL,499,1,+0,+0,+0.0165,+0,+0.0384,+0,+0,+0,12:47:01 21.03.2020
1523,+23.7,+26.4,+24,+24,+24.2,+23.7,+23.6,+24.4,+24.3,+24.1,+26,FULL,499,0,+0,+0,+0.0165,+0,+0.0384,+0,+0,+0,12:48:01 21.03.2020
1524,+23.7,+26.4,+24,+24,+24.2,+23.8,+23.6,+24.4,+24.3,+24.1,+26,FULL,500,1,+0,+0,+0.0165,+0,+0.0384,+0,+0,+0,12:49:01 21.03.2020
1525,+23.7,+26.3,+24,+24,+24.2,+23.8,+23.6,+24.4,+24.3,+24.1,+26,FULL,500,1,+0,+0,+0.0165,+0,+0.0384,+0,+0,+0,12:50:01 21.03.2020
1526,+23.7,+26.3,+24,+24,+24.2,+23.8,+23.6,+24.4,+24.3,+24.1,+26.2,FULL,500,1,+0,+0,+0.0165,+0,+0.0384,+0,+0,+0,12:51:01 21.03.2020
1527,+23.7,+26.3,+24,+24,+24.2,+23.8,+23.6,+24.4,+24.3,+24.1,+26,FULL,500,1,+0,+0,+0.0165,+0,+0.0386,+0,+0,+0,12:52:01 21.03.2020
1528,+23.7,+26.4,+24,+24,+24.2,+23.8,+23.7,+24.4,+24.3,+24.1,+26,FULL,499,1,+0,+0,+0.0165,+0,+0.0386,+0,+0,+0,12:53:01 21.03.2020
1529,+23.7,+26.3,+24,+24,+24.2,+23.8,+23.7,+24.4,+24.3,+24.1,+26,FULL,499,1,+0,+0,+0.0165,+0,+0.0386,+0,+0,+0,12:54:01 21.03.2020
1530,+23.7,+26.3,+24,+24,+24.2,+23.8,+23.7,+24.4,+24.3,+24.1,+26.1,FULL,499,1,+0,+0,+0.0165,+0,+0.0384,+0,+0,+0,12:55:01 21.03.2020
1531,+23.7,+26.3,+24,+24,+24.2,+23.8,+23.7,+24.4,+24.3,+24.1,+26,FULL,500,1,+0,+0,+0.0165,+0,+0.0384,+0,+0,+0,12:56:01 21.03.2020
1532,+23.7,+26.4,+24,+24,+24.2,+23.8,+23.6,+24.4,+24.3,+24.1,+26.1,FULL,500,1,+0,+0,+0.0165,+0,+0.0384,+0,+0,+0,12:57:01 21.03.2020
1533,+23.7,+26.3,+24,+24,+24.2,+23.8,+23.7,+24.4,+24.3,+24.1,+26.2,FULL,500,1,+0,+0,+0.0165,+0,+0.0384,+0,+0,+0,12:58:01 21.03.2020
1534,+23.7,+26.3,+24,+24,+24.2,+23.8,+23.7,+24.5,+24.3,+24.1,+26,FULL,500,1,+0,+0,+0.0166,+0,+0.0384,+0,+0,+0,12:59:01 21.03.2020
1535,+23.7,+26.3,+24,+24,+24.2,+23.8,+23.7,+24.4,+24.3,+24.1,+26.1,FULL,499,1,+0,+0,+0.0165,+0,+0.0384,+0,+0,+0,13:00:01 21.03.2020
1536,+23.7,+26.3,+24,+24,+24.2,+23.8,+23.7,+24.4,+24.3,+24.1,+26,FULL,499,1,+0,+0,+0.0165,+0,+0.0384,+0,+0,+0,13:01:01 21.03.2020
1537,+23.7,+26.4,+24,+24,+24.2,+23.8,+23.7,+24.4,+24.3,+24.1,+26,FULL,499,0,+0,+0,+0.0165,+0,+0.0384,+0,+0,+0,13:02:01 21.03.2020
1538,+23.6,+26.3,+24,+24,+24.2,+23.8,+23.7,+24.4,+24.3,+24.1,+26.1,FULL,500,1,+0,+0,+0.0165,+0,+0.0384,+0,+0,+0,13:03:01 21.03.2020
1539,+23.7,+26.3,+24,+24,+24.2,+23.8,+23.7,+24.4,+24.3,+24.1,+26.1,FULL,500,1,+0,+0,+0.0165,+0,+0.0386,+0,+0,+0,13:04:01 21.03.2020
1540,+23.6,+26.3,+24,+24,+24.2,+23.8,+23.7,+24.4,+24.3,+24.1,+26,FULL,500,1,+0,+0,+0.0165,+0,+0.0386,+0,+0,+0,13:05:01 21.03.2020
1541,+23.6,+26.4,+24,+24,+24.2,+23.8,+23.7,+24.4,+24.3,+24.1,+26.1,FULL,500,1,+0,+0,+0.0165,+0,+0.0386,+0,+0,+0,13:06:01 21.03.2020
1542,+23.6,+26.3,+24,+24,+24.2,+23.8,+23.7,+24.5,+24.3,+24.1,+26,FULL,500,1,+0,+0,+0.0166,+0,+0.0386,+0,+0,+0,13:07:01 21.03.2020
1543,+23.6,+26.3,+24,+24,+24.2,+23.8,+23.7,+24.5,+24.3,+24.1,+26,FULL,499,1,+0,+0,+0.0166,+0,+0.0386,+0,+0,+0,13:08:01 21.03.2020
1544,+23.6,+26.3,+24,+24,+24.2,+23.8,+23.7,+24.5,+24.3,+24.1,+26,FULL,499,1,+0,+0,+0.0166,+0,+0.0386,+0,+0,+0,13:09:01 21.03.2020
1545,+23.6,+26.3,+24,+24,+24.2,+23.8,+23.7,+24.5,+24.3,+24.2,+26,FULL,500,1,+0,+0,+0.0166,+0,+0.0386,+0,+0,+0,13:10:01 21.03.2020
1546,+23.6,+26.3,+24,+24,+24.2,+23.8,+23.7,+24.5,+24.3,+24.1,+26,FULL,500,1,+0,+0,+0.0166,+0,+0.0384,+0,+0,+0,13:11:01 21.03.2020
1547,+23.6,+26.4,+24,+24,+24.2,+23.8,+23.7,+24.5,+24.3,+24.1,+26.1,FULL,500,1,+0,+0,+0.0166,+0,+0.0384,+0,+0,+0,13:12:01 21.03.2020
1548,+23.6,+26.4,+24,+24,+24.2,+23.8,+23.7,+24.4,+24.3,+24.1,+26,FULL,499,1,+0,+0,+0.0165,+0,+0.0384,+0,+0,+0,13:13:01 21.03.2020
1549,+23.6,+26.4,+24,+24,+24.2,+23.8,+23.7,+24.4,+24.3,+24.1,+26,FULL,499,1,+0,+0,+0.0165,+0,+0.0384,+0,+0,+0,13:14:01 21.03.2020
1550,+23.6,+26.4,+24,+24,+24.2,+23.7,+23.7,+24.4,+24.3,+24.1,+26.1,FULL,499,1,+0,+0,+0.0165,+0,+0.0382,+0,+0,+0,13:15:01 21.03.2020
1551,+23.6,+26.4,+24,+24,+24.2,+23.7,+23.7,+24.4,+24.3,+24.1,+26,FULL,499,1,+0,+0,+0.0165,+0,+0.0382,+0,+0,+0,13:16:01 21.03.2020
1552,+23.6,+26.4,+24,+24,+24.2,+23.7,+23.7,+24.4,+24.3,+24.1,+26.2,FULL,500,1,+0,+0,+0.0165,+0,+0.0382,+0,+0,+0,13:17:01 21.03.2020
1553,+23.6,+26.4,+24,+24,+24.2,+23.7,+23.7,+24.4,+24.3,+24.1,+26,FULL,500,1,+0,+0,+0.0165,+0,+0.0382,+0,+0,+0,13:18:01 21.03.2020
1554,+23.6,+26.4,+24,+24,+24.2,+23.7,+23.7,+24.4,+24.3,+24.1,+26,FULL,500,1,+0,+0,+0.0165,+0,+0.0384,+0,+0,+0,13:19:01 21.03.2020
1555,+23.6,+26.4,+24,+24,+24.2,+23.7,+23.7,+24.4,+24.3,+24.1,+26,FULL,499,1,+0,+0,+0.0165,+0,+0.0384,+0,+0,+0,13:20:01 21.03.2020
1556,+23.6,+26.4,+24,+24,+24.2,+23.7,+23.7,+24.4,+24.3,+24.1,+26.2,FULL,499,1,+0,+0,+0.0165,+0,+0.0384,+0,+0,+0,13:21:01 21.03.2020
1557,+23.6,+26.4,+24,+24,+24.2,+23.7,+23.7,+24.4,+24.3,+24.1,+26.1,FULL,499,0,+0,+0,+0.0165,+0,+0.0384,+0,+0,+0,13:22:01 21.03.2020
1558,+23.6,+26.4,+24,+24,+24.2,+23.8,+23.7,+24.4,+24.3,+24.1,+26,FULL,499,1,+0,+0,+0.0165,+0,+0.0384,+0,+0,+0,13:23:01 21.03.2020
1559,+23.6,+26.4,+24,+24,+24.2,+23.8,+23.7,+24.4,+24.3,+24.1,+26,FULL,500,1,+0,+0,+0.0165,+0,+0.0384,+0,+0,+0,13:24:01 21.03.2020
1560,+23.6,+26.4,+24,+24,+24.2,+23.8,+23.7,+24.4,+24.3,+24.1,+26,FULL,500,1,+0,+0,+0.0165,+0,+0.0384,+0,+0,+0,13:25:01 21.03.2020
1561,+23.6,+26.4,+24,+24,+24.2,+23.8,+23.7,+24.4,+24.3,+24.1,+26,FULL,500,1,+0,+0,+0.0165,+0,+0.0384,+0,+0,+0,13:26:01 21.03.2020
1562,+23.6,+26.4,+24,+24,+24.2,+23.8,+23.7,+24.4,+24.3,+24.1,+26,FULL,499,1,+0,+0,+0.0165,+0,+0.0384,+0,+0,+0,13:27:01 21.03.2020
1563,+23.5,+26.4,+24,+24,+24.2,+23.8,+23.7,+24.4,+24.3,+24.1,+26,FULL,499,1,+0,+0,+0.0165,+0,+0.0384,+0,+0,+0,13:28:01 21.03.2020
1564,+23.5,+26.4,+24,+24,+24.2,+23.8,+23.7,+24.5,+24.3,+24.1,+26.1,FULL,499,0,+0,+0,+0.0166,+0,+0.0384,+0,+0,+0,13:29:01 21.03.2020
1565,+23.5,+26.4,+24,+24,+24.2,+23.8,+23.7,+24.4,+24.3,+24.1,+26.1,FULL,499,1,+0,+0,+0.0166,+0,+0.0384,+0,+0,+0,13:30:01 21.03.2020
1566,+23.5,+26.4,+24,+24,+24.2,+23.8,+23.7,+24.4,+24.3,+24.1,+26.2,FULL,500,1,+0,+0,+0.0165,+0,+0.0386,+0,+0,+0,13:31:01 21.03.2020
1567,+23.5,+26.4,+24,+24,+24.2,+23.8,+23.7,+24.4,+24.3,+24.1,+26,FULL,500,1,+0,+0,+0.0165,+0,+0.0384,+0,+0,+0,13:32:01 21.03.2020
1568,+23.5,+26.5,+24,+24,+24.2,+23.8,+23.7,+24.4,+24.3,+24.1,+26,FULL,500,1,+0,+0,+0.0165,+0,+0.0384,+0,+0,+0,13:33:01 21.03.2020
1569,+23.5,+26.4,+24,+24,+24.2,+23.8,+23.7,+24.4,+24.3,+24.1,+26,FULL,499,1,+0,+0,+0.0165,+0,+0.0384,+0,+0,+0,13:34:01 21.03.2020
1570,+23.5,+26.4,+24,+24,+24.2,+23.8,+23.7,+24.4,+24.3,+24.1,+26.1,FULL,499,1,+0,+0,+0.0165,+0,+0.0384,+0,+0,+0,13:35:01 21.03.2020
1571,+23.5,+26.4,+24,+24,+24.2,+23.8,+23.7,+24.4,+24.3,+24.1,+26,FULL,499,0,+0,+0,+0.0165,+0,+0.0384,+0,+0,+0,13:36:01 21.03.2020
1572,+23.5,+26.5,+24,+24,+24.2,+23.7,+23.7,+24.4,+24.3,+24.1,+26,FULL,499,1,+0,+0,+0.0165,+0,+0.0382,+0,+0,+0,13:37:01 21.03.2020
1573,+23.5,+26.4,+24,+24,+24.2,+23.7,+23.6,+24.4,+24.3,+24.1,+26,FULL,500,1,+0,+0,+0.0165,+0,+0.0382,+0,+0,+0,13:38:01 21.03.2020
1574,+23.5,+26.4,+24,+24,+24.2,+23.7,+23.7,+24.4,+24.3,+24.1,+26.1,FULL,500,1,+0,+0,+0.0165,+0,+0.0384,+0,+0,+0,13:39:01 21.03.2020
1575,+23.5,+26.4,+24,+24,+24.2,+23.7,+23.7,+24.4,+24.3,+24.1,+26,FULL,500,1,+0,+0,+0.0165,+0,+0.0384,+0,+0,+0,13:40:01 21.03.2020
1576,+23.5,+26.4,+24,+24,+24.2,+23.7,+23.7,+24.4,+24.3,+24.1,+26,FULL,499,1,+0,+0,+0.0165,+0,+0.0384,+0,+0,+0,13:41:01 21.03.2020
1577,+23.5,+26.3,+24,+24,+24.2,+23.7,+23.7,+24.4,+24.3,+24.1,+26.2,FULL,499,1,+0,+0,+0.0165,+0,+0.0384,+0,+0,+0,13:42:01 21.03.2020
1578,+23.4,+26.3,+24,+24,+24.2,+23.7,+23.7,+24.4,+24.3,+24.1,+26.1,FULL,499,0,+0,+0,+0.0165,+0,+0.0384,+0,+0,+0,13:43:01 21.03.2020
1579,+23.5,+26.3,+24,+24,+24.2,+23.8,+23.7,+24.4,+24.3,+24.1,+26.2,FULL,500,1,+0,+0,+0.0165,+0,+0.0384,+0,+0,+0,13:44:01 21.03.2020
1580,+23.5,+26.4,+24,+24,+24.2,+23.8,+23.7,+24.4,+24.3,+24.1,+26.1,FULL,500,1,+0,+0,+0.0165,+0,+0.0386,+0,+0,+0,13:45:01 21.03.2020
1581,+23.4,+26.4,+24,+24,+24.2,+23.8,+23.7,+24.4,+24.3,+24.1,+26,FULL,500,1,+0,+0,+0.0165,+0,+0.0384,+0,+0,+0,13:46:01 21.03.2020
1582,+23.4,+26.3,+24,+24,+24.2,+23.8,+23.7,+24.4,+24.3,+24.1,+26,FULL,500,1,+0,+0,+0.0165,+0,+0.0384,+0,+0,+0,13:47:01 21.03.2020
1583,+23.4,+26.3,+24,+24,+24.2,+23.8,+23.7,+24.4,+24.3,+24.1,+26,FULL,499,1,+0,+0,+0.0165,+0,+0.0386,+0,+0,+0,13:48:01 21.03.2020
1584,+23.4,+26.3,+24,+24,+24.2,+23.8,+23.7,+24.4,+24.3,+24.1,+26,FULL,499,1,+0,+0,+0.0165,+0,+0.0386,+0,+0,+0,13:49:01 21.03.2020
1585,+23.4,+26.4,+24,+24,+24.2,+23.8,+23.7,+24.4,+24.3,+24.1,+26,FULL,499,0,+0,+0,+0.0165,+0,+0.0386,+0,+0,+0,13:50:01 21.03.2020
1586,+23.4,+26.3,+24,+24,+24.2,+23.8,+23.7,+24.4,+24.3,+24.1,+26.2,FULL,499,1,+0,+0,+0.0165,+0,+0.0386,+0,+0,+0,13:51:01 21.03.2020
1587,+23.4,+26.3,+24,+24,+24.2,+23.8,+23.7,+24.4,+24.3,+24.1,+26,FULL,500,1,+0,+0,+0.0165,+0,+0.0386,+0,+0,+0,13:52:01 21.03.2020
1588,+23.4,+26.3,+24,+24,+24.2,+23.8,+23.7,+24.4,+24.3,+24.1,+26,FULL,500,1,+0,+0,+0.0165,+0,+0.0386,+0,+0,+0,13:53:01 21.03.2020
1589,+23.4,+26.4,+24,+24,+24.2,+23.8,+23.7,+24.4,+24.3,+24.1,+26.1,FULL,500,1,+0,+0,+0.0165,+0,+0.0384,+0,+0,+0,13:54:01 21.03.2020
1590,+23.4,+26.3,+24,+24,+24.2,+23.8,+23.7,+24.4,+24.3,+24.1,+26,FULL,499,1,+0,+0,+0.0165,+0,+0.0384,+0,+0,+0,13:55:01 21.03.2020
1591,+23.4,+26.3,+24,+24,+24.2,+23.8,+23.7,+24.4,+24.3,+24.1,+26,FULL,499,1,+0,+0,+0.0165,+0,+0.0384,+0,+0,+0,13:56:01 21.03.2020
1592,+23.4,+26.3,+24,+24,+24.2,+23.7,+23.7,+24.4,+24.3,+24.1,+26.2,FULL,499,0,+0,+0,+0.0165,+0,+0.0384,+0,+0,+0,13:57:01 21.03.2020
1593,+23.4,+26.3,+24,+24,+24.2,+23.7,+23.7,+24.4,+24.3,+24.1,+26,FULL,500,1,+0,+0,+0.0165,+0,+0.0384,+0,+0,+0,13:58:01 21.03.2020
1594,+23.4,+26.3,+24,+24,+24.2,+23.7,+23.7,+24.4,+24.3,+24.1,+26.1,FULL,500,1,+0,+0,+0.0165,+0,+0.0384,+0,+0,+0,13:59:01 21.03.2020
1595,+23.4,+26.2,+24,+24,+24.2,+23.7,+23.7,+24.4,+24.3,+24.1,+26,FULL,500,1,+0,+0,+0.0165,+0,+0.0384,+0,+0,+0,14:00:01 21.03.2020
1596,+23.4,+26.2,+24,+24,+24.2,+23.7,+23.7,+24.4,+24.3,+24.1,+26.2,FULL,500,1,+0,+0,+0.0165,+0,+0.0384,+0,+0,+0,14:01:01 21.03.2020
1597,+23.4,+26.3,+24,+24,+24.2,+23.7,+23.7,+24.4,+24.3,+24.1,+26.1,FULL,499,1,+0,+0,+0.0165,+0,+0.0384,+0,+0,+0,14:02:01 21.03.2020
1598,+23.4,+26.3,+24,+24,+24.2,+23.8,+23.7,+24.4,+24.3,+24.1,+26.1,FULL,499,1,+0,+0,+0.0165,+0,+0.0384,+0,+0,+0,14:03:01 21.03.2020
1599,+23.3,+26.3,+24,+24,+24.2,+23.8,+23.7,+24.4,+24.3,+24.1,+26,FULL,499,1,+0,+0,+0.0165,+0,+0.0384,+0,+0,+0,14:04:01 21.03.2020
1600,+23.3,+26.4,+24,+24,+24.2,+23.8,+23.7,+24.4,+24.3,+24.1,+26,FULL,500,1,+0,+0,+0.0165,+0,+0.0384,+0,+0,+0,14:05:01 21.03.2020
1601,+23.3,+26.4,+24,+24,+24.2,+23.8,+23.7,+24.4,+24.3,+24.1,+26,FULL,500,1,+0,+0,+0.0165,+0,+0.0384,+0,+0,+0,14:06:01 21.03.2020
1602,+23.3,+26.4,+24,+24,+24.2,+23.8,+23.7,+24.4,+24.3,+24.1,+26.1,FULL,500,1,+0,+0,+0.0165,+0,+0.0384,+0,+0,+0,14:07:01 21.03.2020
1603,+23.3,+26.4,+24,+24,+24.2,+23.8,+23.7,+24.4,+24.3,+24.1,+26.1,FULL,500,1,+0,+0,+0.0165,+0,+0.0384,+0,+0,+0,14:08:01 21.03.2020
1604,+23.3,+26.4,+24,+24,+24.2,+23.8,+23.7,+24.5,+24.3,+24.2,+26.2,FULL,499,1,+0,+0,+0.0165,+0,+0.0384,+0,+0,+0,14:09:01 21.03.2020
1605,+23.3,+26.4,+24,+24,+24.2,+23.8,+23.7,+24.4,+24.3,+24.1,+26.2,FULL,499,1,+0,+0,+0.0165,+0,+0.0384,+0,+0,+0,14:10:01 21.03.2020
1606,+23.3,+26.4,+24,+24,+24.2,+23.8,+23.7,+24.4,+24.3,+24.1,+26,FULL,499,1,+0,+0,+0.0165,+0,+0.0384,+0,+0,+0,14:11:01 21.03.2020
1607,+23.3,+26.4,+24,+24,+24.2,+23.8,+23.7,+24.4,+24.3,+24.1,+26,FULL,500,1,+0,+0,+0.0165,+0,+0.0384,+0,+0,+0,14:12:01 21.03.2020
1608,+23.3,+26.4,+24,+24,+24.2,+23.8,+23.7,+24.4,+24.3,+24.1,+26,FULL,500,1,+0,+0,+0.0165,+0,+0.0384,+0,+0,+0,14:13:01 21.03.2020
1609,+23.3,+26.4,+24,+24,+24.2,+23.8,+23.7,+24.4,+24.3,+24.1,+26,FULL,500,1,+0,+0,+0.0165,+0,+0.0384,+0,+0,+0,14:14:01 21.03.2020
1610,+23.3,+26.4,+24,+24,+24.2,+23.8,+23.7,+24.4,+24.3,+24.1,+26,FULL,500,1,+0,+0,+0.0165,+0,+0.0384,+0,+0,+0,14:15:01 21.03.2020
1611,+23.3,+26.4,+24,+24,+24.2,+23.7,+23.7,+24.4,+24.3,+24.1,+26.1,FULL,499,1,+0,+0,+0.0165,+0,+0.0384,+0,+0,+0,14:16:01 21.03.2020
1612,+23.3,+26.4,+24,+24,+24.2,+23.7,+23.7,+24.4,+24.3,+24.1,+26,FULL,499,1,+0,+0,+0.0165,+0,+0.0382,+0,+0,+0,14:17:01 21.03.2020
1613,+23.3,+26.4,+24,+24,+24.2,+23.7,+23.7,+24.4,+24.3,+24.1,+26,FULL,499,0,+0,+0,+0.0165,+0,+0.0382,+0,+0,+0,14:18:01 21.03.2020
1614,+23.3,+26.4,+24,+24,+24.2,+23.7,+23.7,+24.4,+24.3,+24.1,+26.2,FULL,500,1,+0,+0,+0.0165,+0,+0.0382,+0,+0,+0,14:19:01 21.03.2020
1615,+23.3,+26.4,+24,+24,+24.2,+23.7,+23.6,+24.4,+24.3,+24.1,+26,FULL,500,1,+0,+0,+0.0165,+0,+0.0382,+0,+0,+0,14:20:01 21.03.2020
1616,+23.3,+26.4,+24,+24,+24.2,+23.7,+23.6,+24.4,+24.3,+24.1,+26,FULL,500,1,+0,+0,+0.0165,+0,+0.0382,+0,+0,+0,14:21:01 21.03.2020
1617,+23.3,+26.4,+24,+24,+24.2,+23.7,+23.6,+24.4,+24.3,+24.1,+26,FULL,500,1,+0,+0,+0.0165,+0,+0.0384,+0,+0,+0,14:22:01 21.03.2020
1618,+23.3,+26.4,+24,+24,+24.2,+23.7,+23.7,+24.4,+24.3,+24.1,+26,FULL,499,1,+0,+0,+0.0165,+0,+0.0384,+0,+0,+0,14:23:01 21.03.2020
1619,+23.3,+26.4,+24,+24,+24.2,+23.7,+23.6,+24.4,+24.3,+24.1,+26.1,FULL,499,1,+0,+0,+0.0165,+0,+0.0384,+0,+0,+0,14:24:01 21.03.2020
1620,+23.3,+26.4,+24,+24,+24.2,+23.8,+23.7,+24.4,+24.3,+24.1,+26,FULL,499,1,+0,+0,+0.0165,+0,+0.0384,+0,+0,+0,14:25:01 21.03.2020
1621,+23.3,+26.4,+24,+24,+24.2,+23.8,+23.7,+24.4,+24.3,+24.1,+26,FULL,500,1,+0,+0,+0.0165,+0,+0.0384,+0,+0,+0,14:26:01 21.03.2020
1622,+23.3,+26.4,+24,+24,+24.2,+23.8,+23.6,+24.4,+24.3,+24.1,+26.1,FULL,500,1,+0,+0,+0.0165,+0,+0.0384,+0,+0,+0,14:27:01 21.03.2020
1623,+23.3,+26.4,+24,+24,+24.2,+23.8,+23.7,+24.4,+24.3,+24.1,+26,FULL,500,1,+0,+0,+0.0165,+0,+0.0386,+0,+0,+0,14:28:01 21.03.2020
1624,+23.3,+26.5,+24,+24,+24.2,+23.8,+23.7,+24.4,+24.3,+24.1,+26,FULL,499,1,+0,+0,+0.0165,+0,+0.0386,+0,+0,+0,14:29:01 21.03.2020
1625,+23.3,+26.4,+24,+24,+24.2,+23.8,+23.7,+24.4,+24.3,+24.1,+26,FULL,499,1,+0,+0,+0.0165,+0,+0.0386,+0,+0,+0,14:30:01 21.03.2020
1626,+23.3,+26.4,+24,+24,+24.2,+23.8,+23.7,+24.4,+24.3,+24.1,+26,FULL,499,1,+0,+0,+0.0165,+0,+0.0386,+0,+0,+0,14:31:01 21.03.2020
1627,+23.3,+26.4,+24,+24,+24.2,+23.8,+23.7,+24.4,+24.3,+24.1,+26,FULL,499,0,+0,+0,+0.0165,+0,+0.0386,+0,+0,+0,14:32:01 21.03.2020
1628,+23.3,+26.4,+24,+24,+24.2,+23.8,+23.7,+24.4,+24.3,+24.1,+26.1,FULL,499,1,+0,+0,+0.0165,+0,+0.0386,+0,+0,+0,14:33:01 21.03.2020
1629,+23.3,+26.4,+24,+24,+24.2,+23.8,+23.7,+24.4,+24.3,+24.1,+26,FULL,500,1,+0,+0,+0.0165,+0,+0.0384,+0,+0,+0,14:34:01 21.03.2020
1630,+23.2,+26.3,+24,+24,+24.2,+23.8,+23.7,+24.4,+24.3,+24.1,+26,FULL,500,1,+0,+0,+0.0165,+0,+0.0384,+0,+0,+0,14:35:01 21.03.2020
1631,+23.2,+26.3,+24,+24,+24.2,+23.8,+23.7,+24.4,+24.3,+24.1,+26.1,FULL,499,1,+0,+0,+0.0165,+0,+0.0384,+0,+0,+0,14:36:01 21.03.2020
1632,+23.2,+26.3,+24,+24,+24.2,+23.7,+23.6,+24.4,+24.3,+24.1,+26,FULL,499,1,+0,+0,+0.0165,+0,+0.0384,+0,+0,+0,14:37:01 21.03.2020
1633,+23.2,+26.4,+24,+24,+24.2,+23.7,+23.6,+24.4,+24.3,+24.1,+26,FULL,499,0,+0,+0,+0.0165,+0,+0.0382,+0,+0,+0,14:38:01 21.03.2020
1634,+23.2,+26.3,+24,+24,+24.2,+23.7,+23.6,+24.4,+24.3,+24.1,+26,FULL,499,1,+0,+0,+0.0165,+0,+0.0382,+0,+0,+0,14:39:01 21.03.2020
1635,+23.2,+26.3,+24,+24,+24.2,+23.7,+23.6,+24.4,+24.3,+24.1,+26.1,FULL,500,1,+0,+0,+0.0165,+0,+0.0384,+0,+0,+0,14:40:01 21.03.2020
1636,+23.2,+26.3,+24,+24,+24.2,+23.7,+23.6,+24.4,+24.3,+24.1,+26,FULL,500,1,+0,+0,+0.0165,+0,+0.0384,+0,+0,+0,14:41:01 21.03.2020
1637,+23.2,+26.4,+24,+24,+24.2,+23.7,+23.6,+24.4,+24.3,+24.1,+26.1,FULL,500,1,+0,+0,+0.0165,+0,+0.0384,+0,+0,+0,14:42:01 21.03.2020
1638,+23.2,+26.3,+24,+24,+24.2,+23.7,+23.6,+24.4,+24.3,+24.1,+26.1,FULL,499,1,+0,+0,+0.0165,+0,+0.0384,+0,+0,+0,14:43:01 21.03.2020
1639,+23.2,+26.3,+24,+24,+24.2,+23.7,+23.6,+24.4,+24.3,+24.1,+26.1,FULL,499,1,+0,+0,+0.0165,+0,+0.0384,+0,+0,+0,14:44:01 21.03.2020
1640,+23.2,+26.3,+24,+24,+24.2,+23.7,+23.6,+24.4,+24.3,+24.1,+26,FULL,499,0,+0,+0,+0.0165,+0,+0.0384,+0,+0,+0,14:45:01 21.03.2020
1641,+23.2,+26.3,+24,+24,+24.2,+23.8,+23.6,+24.4,+24.3,+24.1,+26.1,FULL,499,0,+0,+0,+0.0165,+0,+0.0386,+0,+0,+0,14:46:01 21.03.2020
1642,+23.2,+26.3,+24,+24,+24.2,+23.8,+23.7,+24.4,+24.3,+24.1,+26,FULL,500,1,+0,+0,+0.0165,+0,+0.0386,+0,+0,+0,14:47:01 21.03.2020
1643,+23.2,+26.2,+24,+24,+24.2,+23.8,+23.6,+24.4,+24.3,+24.1,+26,FULL,500,1,+0,+0,+0.0165,+0,+0.0384,+0,+0,+0,14:48:01 21.03.2020
1644,+23.2,+26.3,+24,+24,+24.2,+23.8,+23.6,+24.4,+24.3,+24.1,+26,FULL,500,1,+0,+0,+0.0165,+0,+0.0386,+0,+0,+0,14:49:01 21.03.2020
1645,+23.2,+26.3,+24,+24,+24.2,+23.8,+23.6,+24.4,+24.3,+24.1,+26,FULL,499,1,+0,+0,+0.0165,+0,+0.0386,+0,+0,+0,14:50:01 21.03.2020
1646,+23.2,+26.3,+24,+24,+24.2,+23.8,+23.7,+24.4,+24.3,+24.1,+26,FULL,499,1,+0,+0,+0.0165,+0,+0.0386,+0,+0,+0,14:51:01 21.03.2020
1647,+23.2,+26.3,+24,+24,+24.2,+23.8,+23.7,+24.4,+24.3,+24.1,+26.2,FULL,499,0,+0,+0,+0.0165,+0,+0.0386,+0,+0,+0,14:52:01 21.03.2020
1648,+23.2,+26.2,+24,+24,+24.2,+23.8,+23.7,+24.4,+24.3,+24.1,+26.1,FULL,500,1,+0,+0,+0.0165,+0,+0.0386,+0,+0,+0,14:53:01 21.03.2020
1649,+23.2,+26.3,+24,+24,+24.2,+23.8,+23.7,+24.4,+24.3,+24.1,+26.3,FULL,500,1,+0,+0,+0.0165,+0,+0.0384,+0,+0,+0,14:54:01 21.03.2020
1650,+23.1,+26.3,+24,+24,+24.2,+23.8,+23.7,+24.4,+24.3,+24.1,+26.3,FULL,500,1,+0,+0,+0.0165,+0,+0.0384,+0,+0,+0,14:55:01 21.03.2020
1651,+23.1,+26.3,+24,+24,+24.2,+23.7,+23.6,+24.4,+24.3,+24.1,+26.1,FULL,500,1,+0,+0,+0.0165,+0,+0.0384,+0,+0,+0,14:56:01 21.03.2020
1652,+23.1,+26.3,+24,+24,+24.2,+23.7,+23.6,+24.4,+24.3,+24.1,+26.1,FULL,499,1,+0,+0,+0.0165,+0,+0.0384,+0,+0,+0,14:57:01 21.03.2020
1653,+23.1,+26.4,+24,+24,+24.2,+23.7,+23.6,+24.4,+24.3,+24.1,+26,FULL,499,1,+0,+0,+0.0165,+0,+0.0384,+0,+0,+0,14:58:01 21.03.2020
1654,+23.1,+26.4,+24,+24,+24.2,+23.7,+23.6,+24.4,+24.3,+24.1,+26,FULL,499,0,+0,+0,+0.0165,+0,+0.0384,+0,+0,+0,14:59:01 21.03.2020
1655,+23.1,+26.4,+24,+24,+24.2,+23.7,+23.6,+24.4,+24.3,+24.1,+26,FULL,500,1,+0,+0,+0.0165,+0,+0.0384,+0,+0,+0,15:00:01 21.03.2020
1656,+23.1,+26.4,+24,+24,+24.2,+23.7,+23.6,+24.4,+24.3,+24.1,+26,FULL,500,1,+0,+0,+0.0165,+0,+0.0384,+0,+0,+0,15:01:01 21.03.2020
1657,+23.1,+26.4,+24,+24,+24.2,+23.7,+23.6,+24.4,+24.3,+24.1,+26.1,FULL,500,1,+0,+0,+0.0165,+0,+0.0384,+0,+0,+0,15:02:01 21.03.2020
1658,+23.1,+26.4,+24,+24,+24.2,+23.8,+23.6,+24.4,+24.3,+24.1,+26.1,FULL,500,1,+0,+0,+0.0165,+0,+0.0384,+0,+0,+0,15:03:01 21.03.2020
1659,+23.1,+26.4,+24,+24,+24.2,+23.8,+23.6,+24.4,+24.3,+24.1,+26,FULL,499,1,+0,+0,+0.0165,+0,+0.0384,+0,+0,+0,15:04:01 21.03.2020
1660,+23.1,+26.4,+24,+24,+24.2,+23.8,+23.6,+24.4,+24.3,+24.1,+26,FULL,499,1,+0,+0,+0.0165,+0,+0.0384,+0,+0,+0,15:05:01 21.03.2020
1661,+23.1,+26.4,+24,+24,+24.2,+23.8,+23.6,+24.4,+24.3,+24.1,+26.3,FULL,499,0,+0,+0,+0.0165,+0,+0.0384,+0,+0,+0,15:06:01 21.03.2020
1662,+23.1,+26.4,+24,+24,+24.2,+23.8,+23.6,+24.4,+24.3,+24.1,+26,FULL,500,1,+0,+0,+0.0165,+0,+0.0384,+0,+0,+0,15:07:01 21.03.2020
1663,+23.1,+26.4,+24,+24,+24.2,+23.8,+23.6,+24.4,+24.3,+24.1,+26,FULL,500,1,+0,+0,+0.0165,+0,+0.0386,+0,+0,+0,15:08:01 21.03.2020
1664,+23.1,+26.4,+24,+24,+24.2,+23.8,+23.6,+24.4,+24.3,+24.1,+26,FULL,500,1,+0,+0,+0.0165,+0,+0.0384,+0,+0,+0,15:09:01 21.03.2020
1665,+23.1,+26.4,+24,+24,+24.2,+23.8,+23.7,+24.4,+24.3,+24.1,+26.1,FULL,500,1,+0,+0,+0.0165,+0,+0.0384,+0,+0,+0,15:10:01 21.03.2020
1666,+23.1,+26.4,+24,+24,+24.2,+23.8,+23.7,+24.4,+24.3,+24.1,+26.2,FULL,499,1,+0,+0,+0.0165,+0,+0.0384,+0,+0,+0,15:11:01 21.03.2020
1667,+23.1,+26.4,+24,+24,+24.2,+23.8,+23.6,+24.4,+24.3,+24.1,+26.1,FULL,499,1,+0,+0,+0.0165,+0,+0.0384,+0,+0,+0,15:12:01 21.03.2020
1668,+23.1,+26.4,+24,+24,+24.2,+23.7,+23.7,+24.4,+24.3,+24.1,+26,FULL,499,0,+0,+0,+0.0165,+0,+0.0384,+0,+0,+0,15:13:01 21.03.2020
1669,+23.1,+26.4,+24,+24,+24.2,+23.7,+23.6,+24.4,+24.3,+24.1,+26,FULL,500,1,+0,+0,+0.0165,+0,+0.0384,+0,+0,+0,15:14:01 21.03.2020
1670,+23.1,+26.4,+24,+24,+24.2,+23.7,+23.6,+24.4,+24.3,+24.1,+26,FULL,500,1,+0,+0,+0.0165,+0,+0.0382,+0,+0,+0,15:15:01 21.03.2020
1671,+23.1,+26.4,+24,+24,+24.2,+23.7,+23.6,+24.4,+24.3,+24.1,+26,FULL,500,1,+0,+0,+0.0165,+0,+0.0382,+0,+0,+0,15:16:01 21.03.2020
1672,+23.1,+26.4,+24,+24,+24.2,+23.7,+23.6,+24.4,+24.3,+24.1,+26,FULL,500,1,+0,+0,+0.0165,+0,+0.0382,+0,+0,+0,15:17:01 21.03.2020
1673,+23.1,+26.5,+24,+24,+24.2,+23.7,+23.6,+24.4,+24.3,+24.1,+26.1,FULL,499,1,+0,+0,+0.0165,+0,+0.0382,+0,+0,+0,15:18:01 21.03.2020
1674,+23.1,+26.5,+24,+24,+24.2,+23.7,+23.6,+24.4,+24.3,+24.1,+26,FULL,499,1,+0,+0,+0.0165,+0,+0.0382,+0,+0,+0,15:19:01 21.03.2020
1675,+23.1,+26.4,+24,+24,+24.2,+23.7,+23.6,+24.4,+24.3,+24.1,+26,FULL,499,0,+0,+0,+0.0165,+0,+0.0384,+0,+0,+0,15:20:01 21.03.2020
1676,+23.1,+26.5,+24,+24,+24.2,+23.7,+23.6,+24.4,+24.3,+24.1,+26,FULL,500,0,+0,+0,+0.0165,+0,+0.0384,+0,+0,+0,15:21:01 21.03.2020
1677,+23.1,+26.5,+24,+24,+24.2,+23.7,+23.6,+24.4,+24.3,+24.1,+26,FULL,500,1,+0,+0,+0.0165,+0,+0.0384,+0,+0,+0,15:22:01 21.03.2020
1678,+23.1,+26.4,+24,+24,+24.2,+23.7,+23.6,+24.4,+24.3,+24.1,+26,FULL,500,1,+0,+0,+0.0165,+0,+0.0384,+0,+0,+0,15:23:01 21.03.2020
1679,+23.1,+26.4,+24,+24,+24.2,+23.8,+23.6,+24.4,+24.3,+24.1,+26,FULL,500,1,+0,+0,+0.0165,+0,+0.0384,+0,+0,+0,15:24:01 21.03.2020
1680,+23.1,+26.4,+24,+24,+24.2,+23.8,+23.6,+24.4,+24.3,+24.1,+26.1,FULL,499,1,+0,+0,+0.0165,+0,+0.0386,+0,+0,+0,15:25:01 21.03.2020
1681,+23.1,+26.4,+24,+24,+24.2,+23.8,+23.6,+24.4,+24.3,+24.1,+26.2,FULL,499,0,+0,+0,+0.0165,+0,+0.0386,+0,+0,+0,15:26:01 21.03.2020
1682,+23.1,+26.3,+24,+24,+24.2,+23.8,+23.6,+24.4,+24.3,+24.1,+26,FULL,499,0,+0,+0,+0.0165,+0,+0.0386,+0,+0,+0,15:27:01 21.03.2020
1683,+23,+26.4,+24,+24,+24.2,+23.8,+23.6,+24.4,+24.3,+24.1,+26,FULL,500,1,+0,+0,+0.0165,+0,+0.0386,+0,+0,+0,15:28:01 21.03.2020
1684,+23,+26.3,+24,+24,+24.2,+23.8,+23.6,+24.4,+24.3,+24.1,+26,FULL,500,1,+0,+0,+0.0165,+0,+0.0386,+0,+0,+0,15:29:01 21.03.2020
1685,+23,+26.4,+24,+24,+24.2,+23.8,+23.6,+24.4,+24.3,+24.1,+26,FULL,500,1,+0,+0,+0.0165,+0,+0.0384,+0,+0,+0,15:30:01 21.03.2020
1686,+23,+26.4,+24,+24,+24.2,+23.7,+23.6,+24.4,+24.3,+24.1,+26,FULL,499,1,+0,+0,+0.0165,+0,+0.0384,+0,+0,+0,15:31:01 21.03.2020
1687,+23,+26.3,+24,+24,+24.2,+23.7,+23.6,+24.4,+24.3,+24.1,+26,FULL,499,1,+0,+0,+0.0165,+0,+0.0384,+0,+0,+0,15:32:01 21.03.2020
1688,+23,+26.3,+24,+24,+24.2,+23.7,+23.6,+24.4,+24.3,+24.1,+26,FULL,499,0,+0,+0,+0.0165,+0,+0.0384,+0,+0,+0,15:33:01 21.03.2020
1689,+23,+26.4,+24,+24,+24.2,+23.7,+23.6,+24.4,+24.3,+24.1,+26.1,FULL,499,0,+0,+0,+0.0165,+0,+0.0384,+0,+0,+0,15:34:01 21.03.2020
1690,+23,+26.4,+24,+24,+24.2,+23.7,+23.6,+24.4,+24.3,+24.1,+26,FULL,500,1,+0,+0,+0.0165,+0,+0.0384,+0,+0,+0,15:35:01 21.03.2020
1691,+23,+26.3,+24,+24,+24.2,+23.7,+23.6,+24.4,+24.3,+24.1,+26,FULL,500,1,+0,+0,+0.0165,+0,+0.0384,+0,+0,+0,15:36:01 21.03.2020
1692,+23,+26.3,+24,+24,+24.2,+23.7,+23.6,+24.4,+24.3,+24.1,+26.1,FULL,500,1,+0,+0,+0.0165,+0,+0.0384,+0,+0,+0,15:37:01 21.03.2020
1693,+23,+26.3,+24,+24,+24.2,+23.7,+23.6,+24.4,+24.3,+24.1,+26,FULL,500,1,+0,+0,+0.0165,+0,+0.0384,+0,+0,+0,15:38:01 21.03.2020
1694,+23,+26.4,+24,+24,+24.2,+23.8,+23.6,+24.4,+24.3,+24.1,+26,FULL,499,1,+0,+0,+0.0165,+0,+0.0386,+0,+0,+0,15:39:01 21.03.2020
1695,+23,+26.3,+24,+24,+24.2,+23.8,+23.6,+24.4,+24.3,+24.1,+26,FULL,499,0,+0,+0,+0.0165,+0,+0.0384,+0,+0,+0,15:40:01 21.03.2020
1696,+23,+26.3,+24,+24,+24.2,+23.8,+23.6,+24.4,+24.3,+24.1,+26,FULL,499,0,+0,+0,+0.0165,+0,+0.0386,+0,+0,+0,15:41:01 21.03.2020
1697,+23,+26.3,+24,+24,+24.2,+23.8,+23.6,+24.4,+24.3,+24.1,+26.2,FULL,500,1,+0,+0,+0.0165,+0,+0.0386,+0,+0,+0,15:42:01 21.03.2020
1698,+23,+26.3,+24,+24,+24.2,+23.8,+23.6,+24.4,+24.3,+24.1,+26,FULL,500,1,+0,+0,+0.0165,+0,+0.0386,+0,+0,+0,15:43:01 21.03.2020
1699,+23,+26.3,+24,+24,+24.2,+23.8,+23.6,+24.4,+24.3,+24.1,+26,FULL,500,1,+0,+0,+0.0165,+0,+0.0386,+0,+0,+0,15:44:01 21.03.2020
1700,+23,+26.2,+24,+24,+24.2,+23.8,+23.6,+24.4,+24.3,+24.1,+26.1,FULL,499,1,+0,+0,+0.0165,+0,+0.0386,+0,+0,+0,15:45:01 21.03.2020
1701,+23,+26.3,+24,+24,+24.2,+23.8,+23.6,+24.4,+24.3,+24.1,+26,FULL,499,1,+0,+0,+0.0165,+0,+0.0384,+0,+0,+0,15:46:01 21.03.2020
1702,+23,+26.3,+24,+24,+24.2,+23.8,+23.6,+24.4,+24.3,+24.1,+26,FULL,499,0,+0,+0,+0.0165,+0,+0.0384,+0,+0,+0,15:47:01 21.03.2020
1703,+23,+26.3,+24,+24,+24.2,+23.7,+23.6,+24.4,+24.3,+24.1,+26.2,FULL,499,1,+0,+0,+0.0165,+0,+0.0384,+0,+0,+0,15:48:01 21.03.2020
1704,+23,+26.4,+24,+24,+24.2,+23.7,+23.6,+24.4,+24.3,+24.1,+26,FULL,500,1,+0,+0,+0.0165,+0,+0.0384,+0,+0,+0,15:49:01 21.03.2020
1705,+23,+26.4,+24,+24,+24.2,+23.7,+23.6,+24.4,+24.3,+24.1,+26,FULL,500,1,+0,+0,+0.0165,+0,+0.0384,+0,+0,+0,15:50:01 21.03.2020
1706,+23,+26.4,+24,+24,+24.2,+23.7,+23.6,+24.4,+24.3,+24.1,+26,FULL,500,1,+0,+0,+0.0165,+0,+0.0384,+0,+0,+0,15:51:01 21.03.2020
1707,+23,+26.4,+24,+24,+24.2,+23.7,+23.6,+24.4,+24.3,+24.1,+26,FULL,499,1,+0,+0,+0.0165,+0,+0.0384,+0,+0,+0,15:52:01 21.03.2020
1708,+23,+26.4,+24,+24,+24.2,+23.7,+23.6,+24.4,+24.3,+24.1,+26.2,FULL,499,1,+0,+0,+0.0165,+0,+0.0384,+0,+0,+0,15:53:01 21.03.2020
1709,+23,+26.4,+24,+24,+24.2,+23.7,+23.6,+24.4,+24.3,+24.1,+26,FULL,499,0,+0,+0,+0.0165,+0,+0.0384,+0,+0,+0,15:54:01 21.03.2020
1710,+23,+26.4,+24,+24,+24.2,+23.7,+23.6,+24.4,+24.3,+24.1,+26,FULL,499,1,+0,+0,+0.0165,+0,+0.0384,+0,+0,+0,15:55:01 21.03.2020
1711,+23,+26.4,+24,+24,+24.2,+23.7,+23.6,+24.4,+24.3,+24.1,+26,FULL,500,1,+0,+0,+0.0165,+0,+0.0384,+0,+0,+0,15:56:01 21.03.2020
1712,+23,+26.4,+24,+24,+24.2,+23.8,+23.6,+24.4,+24.3,+24.1,+26,FULL,500,1,+0,+0,+0.0165,+0,+0.0384,+0,+0,+0,15:57:01 21.03.2020
1713,+23,+26.4,+24,+24,+24.2,+23.8,+23.6,+24.4,+24.3,+24.1,+26.1,FULL,500,1,+0,+0,+0.0165,+0,+0.0384,+0,+0,+0,15:58:01 21.03.2020
1714,+23,+26.4,+24,+24,+24.2,+23.8,+23.6,+24.4,+24.3,+24.1,+26,FULL,500,1,+0,+0,+0.0165,+0,+0.0384,+0,+0,+0,15:59:01 21.03.2020
1715,+23,+26.4,+24,+24,+24.2,+23.8,+23.6,+24.4,+24.3,+24.1,+26.2,FULL,499,1,+0,+0,+0.0165,+0,+0.0384,+0,+0,+0,16:00:01 21.03.2020
1716,+23,+26.4,+24,+24,+24.2,+23.8,+23.6,+24.4,+24.3,+24.1,+26.1,FULL,499,0,+0,+0,+0.0165,+0,+0.0384,+0,+0,+0,16:01:01 21.03.2020
1717,+23,+26.4,+24,+24,+24.2,+23.7,+23.6,+24.4,+24.3,+24.1,+26.1,FULL,500,0,+0,+0,+0.0165,+0,+0.0384,+0,+0,+0,16:02:01 21.03.2020
1718,+23,+26.4,+24,+24,+24.2,+23.7,+23.6,+24.4,+24.3,+24.1,+26,FULL,500,1,+0,+0,+0.0165,+0,+0.0384,+0,+0,+0,16:03:01 21.03.2020
1719,+23,+26.4,+24,+24,+24.2,+23.7,+23.6,+24.4,+24.3,+24.1,+26,FULL,500,1,+0,+0,+0.0165,+0,+0.0384,+0,+0,+0,16:04:01 21.03.2020
1720,+23,+26.4,+24,+24,+24.2,+23.7,+23.6,+24.4,+24.3,+24.1,+26.1,FULL,500,1,+0,+0,+0.0165,+0,+0.0382,+0,+0,+0,16:05:01 21.03.2020
1721,+23,+26.4,+24,+24,+24.2,+23.7,+23.6,+24.4,+24.3,+24.1,+26.2,FULL,499,1,+0,+0,+0.0165,+0,+0.0384,+0,+0,+0,16:06:01 21.03.2020
1722,+23,+26.4,+24,+24,+24.2,+23.7,+23.6,+24.4,+24.3,+24.1,+26,FULL,499,1,+0,+0,+0.0165,+0,+0.0382,+0,+0,+0,16:07:01 21.03.2020
1723,+23,+26.4,+24,+24,+24.2,+23.7,+23.6,+24.4,+24.3,+24.1,+26,FULL,499,0,+0,+0,+0.0165,+0,+0.0382,+0,+0,+0,16:08:01 21.03.2020
1724,+23,+26.4,+24,+24,+24.2,+23.7,+23.6,+24.4,+24.3,+24.1,+26.1,FULL,500,0,+0,+0,+0.0165,+0,+0.0384,+0,+0,+0,16:09:01 21.03.2020
1725,+23,+26.5,+24,+24,+24.2,+23.7,+23.6,+24.4,+24.3,+24.1,+26,FULL,500,1,+0,+0,+0.0165,+0,+0.0384,+0,+0,+0,16:10:01 21.03.2020
1726,+23,+26.5,+24,+24,+24.2,+23.7,+23.6,+24.4,+24.3,+24.1,+26,FULL,500,1,+0,+0,+0.0165,+0,+0.0384,+0,+0,+0,16:11:01 21.03.2020
1727,+23,+26.5,+24,+24,+24.2,+23.7,+23.6,+24.4,+24.3,+24.1,+26,FULL,500,1,+0,+0,+0.0165,+0,+0.0384,+0,+0,+0,16:12:01 21.03.2020
1728,+23,+26.5,+24,+24,+24.2,+23.7,+23.6,+24.4,+24.3,+24.1,+26,FULL,499,1,+0,+0,+0.0165,+0,+0.0384,+0,+0,+0,16:13:01 21.03.2020
1729,+23,+26.5,+24,+24,+24.2,+23.7,+23.6,+24.4,+24.3,+24.1,+26,FULL,499,1,+0,+0,+0.0165,+0,+0.0384,+0,+0,+0,16:14:01 21.03.2020
1730,+23,+26.4,+24,+24,+24.2,+23.7,+23.6,+24.4,+24.3,+24.1,+26,FULL,499,0,+0,+0,+0.0165,+0,+0.0384,+0,+0,+0,16:15:01 21.03.2020
1731,+23,+26.4,+24,+24,+24.2,+23.7,+23.6,+24.4,+24.3,+24.1,+26.1,FULL,500,1,+0,+0,+0.0165,+0,+0.0384,+0,+0,+0,16:16:01 21.03.2020
1732,+23,+26.4,+24,+24,+24.2,+23.7,+23.6,+24.4,+24.3,+24.1,+26,FULL,500,1,+0,+0,+0.0165,+0,+0.0384,+0,+0,+0,16:17:01 21.03.2020
1733,+23,+26.4,+24,+24,+24.2,+23.7,+23.6,+24.4,+24.3,+24.1,+26,FULL,500,1,+0,+0,+0.0165,+0,+0.0384,+0,+0,+0,16:18:01 21.03.2020
1734,+23,+26.4,+24,+24,+24.2,+23.7,+23.6,+24.4,+24.3,+24.1,+26,FULL,500,1,+0,+0,+0.0165,+0,+0.0384,+0,+0,+0,16:19:01 21.03.2020
1735,+23,+26.4,+24,+24,+24.2,+23.7,+23.6,+24.4,+24.3,+24.1,+26.1,FULL,500,1,+0,+0,+0.0165,+0,+0.0382,+0,+0,+0,16:20:01 21.03.2020
1736,+23,+26.3,+24,+24,+24.2,+23.7,+23.6,+24.4,+24.3,+24.1,+26.3,FULL,499,1,+0,+0,+0.0165,+0,+0.0382,+0,+0,+0,16:21:01 21.03.2020
1737,+23,+26.4,+24,+24,+24.2,+23.7,+23.6,+24.4,+24.3,+24.1,+26.1,FULL,499,0,+0,+0,+0.0165,+0,+0.0382,+0,+0,+0,16:22:01 21.03.2020
1738,+23,+26.4,+24,+24,+24.2,+23.7,+23.6,+24.4,+24.3,+24.1,+26.1,FULL,500,1,+0,+0,+0.0165,+0,+0.0382,+0,+0,+0,16:23:01 21.03.2020
1739,+23,+26.3,+24,+24,+24.2,+23.7,+23.6,+24.4,+24.3,+24.1,+26,FULL,500,1,+0,+0,+0.0165,+0,+0.0382,+0,+0,+0,16:24:01 21.03.2020
1740,+23,+26.3,+24,+24,+24.2,+23.7,+23.6,+24.4,+24.3,+24.1,+26,FULL,500,1,+0,+0,+0.0165,+0,+0.0382,+0,+0,+0,16:25:01 21.03.2020
1741,+23.1,+26.3,+24,+24,+24.2,+23.7,+23.6,+24.4,+24.3,+24.1,+26.1,FULL,500,1,+0,+0,+0.0165,+0,+0.0382,+0,+0,+0,16:26:01 21.03.2020
1742,+23.1,+26.4,+24,+24,+24.2,+23.7,+23.6,+24.4,+24.3,+24.1,+26,FULL,499,1,+0,+0,+0.0165,+0,+0.0384,+0,+0,+0,16:27:01 21.03.2020
1743,+23.1,+26.3,+24,+24,+24.2,+23.7,+23.6,+24.4,+24.3,+24.1,+26,FULL,499,1,+0,+0,+0.0165,+0,+0.0384,+0,+0,+0,16:28:01 21.03.2020
1744,+23.1,+26.3,+24,+24,+24.2,+23.7,+23.6,+24.4,+24.3,+24.1,+26.1,FULL,499,0,+0,+0,+0.0165,+0,+0.0384,+0,+0,+0,16:29:01 21.03.2020
1745,+23.1,+26.3,+24,+24,+24.2,+23.7,+23.6,+24.4,+24.3,+24.1,+26,FULL,500,1,+0,+0,+0.0165,+0,+0.0384,+0,+0,+0,16:30:01 21.03.2020
1746,+23.1,+26.4,+24,+24,+24.2,+23.7,+23.6,+24.4,+24.3,+24.1,+26.1,FULL,500,1,+0,+0,+0.0165,+0,+0.0384,+0,+0,+0,16:31:01 21.03.2020
1747,+23.1,+26.4,+24,+24,+24.2,+23.7,+23.6,+24.4,+24.3,+24.1,+26,FULL,500,1,+0,+0,+0.0165,+0,+0.0384,+0,+0,+0,16:32:01 21.03.2020
1748,+23.1,+26.3,+24,+24,+24.2,+23.7,+23.6,+24.5,+24.3,+24.1,+26.1,FULL,500,1,+0,+0,+0.0166,+0,+0.0384,+0,+0,+0,16:33:01 21.03.2020
1749,+23.1,+26.3,+24,+24,+24.2,+23.7,+23.6,+24.4,+24.3,+24.1,+26.2,FULL,499,1,+0,+0,+0.0165,+0,+0.0384,+0,+0,+0,16:34:01 21.03.2020
1750,+23.1,+26.3,+24,+24,+24.2,+23.7,+23.6,+24.4,+24.3,+24.1,+26,FULL,499,0,+0,+0,+0.0165,+0,+0.0384,+0,+0,+0,16:35:01 21.03.2020
1751,+23.1,+26.4,+24,+24,+24.2,+23.7,+23.6,+24.5,+24.3,+24.1,+26,FULL,499,0,+0,+0,+0.0166,+0,+0.0382,+0,+0,+0,16:36:01 21.03.2020
1752,+23.1,+26.3,+24,+24,+24.2,+23.7,+23.6,+24.5,+24.3,+24.1,+26,FULL,500,1,+0,+0,+0.0166,+0,+0.0382,+0,+0,+0,16:37:01 21.03.2020
1753,+23.1,+26.3,+24,+24,+24.2,+23.7,+23.6,+24.5,+24.3,+24.1,+26.1,FULL,500,1,+0,+0,+0.0166,+0,+0.0382,+0,+0,+0,16:38:01 21.03.2020
1754,+23.1,+26.3,+24,+24,+24.2,+23.7,+23.6,+24.4,+24.3,+24.1,+26.1,FULL,500,1,+0,+0,+0.0165,+0,+0.0382,+0,+0,+0,16:39:01 21.03.2020
1755,+23.1,+26.3,+24,+24,+24.2,+23.7,+23.6,+24.4,+24.3,+24.1,+26.1,FULL,500,1,+0,+0,+0.0165,+0,+0.0382,+0,+0,+0,16:40:01 21.03.2020
1756,+23.1,+26.4,+24,+24,+24.2,+23.7,+23.6,+24.4,+24.3,+24.1,+26.1,FULL,499,1,+0,+0,+0.0165,+0,+0.0382,+0,+0,+0,16:41:01 21.03.2020
1757,+23.1,+26.4,+24,+24,+24.2,+23.7,+23.6,+24.4,+24.3,+24.1,+26.1,FULL,499,1,+0,+0,+0.0165,+0,+0.0382,+0,+0,+0,16:42:01 21.03.2020
1758,+23.1,+26.4,+24,+24,+24.2,+23.7,+23.6,+24.4,+24.3,+24.1,+26,FULL,499,0,+0,+0,+0.0165,+0,+0.0382,+0,+0,+0,16:43:01 21.03.2020
1759,+23.1,+26.4,+24,+24,+24.2,+23.7,+23.6,+24.4,+24.3,+24.1,+26,FULL,500,1,+0,+0,+0.0165,+0,+0.0382,+0,+0,+0,16:44:01 21.03.2020
1760,+23.2,+26.4,+24,+24,+24.2,+23.7,+23.6,+24.4,+24.3,+24.1,+26.1,FULL,500,1,+0,+0,+0.0165,+0,+0.0382,+0,+0,+0,16:45:01 21.03.2020
1761,+23.2,+26.4,+24,+24,+24.2,+23.7,+23.6,+24.5,+24.3,+24.1,+26.2,FULL,500,1,+0,+0,+0.0166,+0,+0.0382,+0,+0,+0,16:46:01 21.03.2020
1762,+23.2,+26.4,+24,+24,+24.2,+23.7,+23.6,+24.5,+24.3,+24.1,+26,FULL,500,1,+0,+0,+0.0166,+0,+0.0382,+0,+0,+0,16:47:01 21.03.2020
1763,+23.2,+26.4,+24,+24,+24.2,+23.7,+23.6,+24.4,+24.3,+24.1,+26,FULL,499,1,+0,+0,+0.0165,+0,+0.0382,+0,+0,+0,16:48:01 21.03.2020
1764,+23.2,+26.4,+24,+24,+24.2,+23.7,+23.6,+24.5,+24.3,+24.1,+26,FULL,499,1,+0,+0,+0.0166,+0,+0.0382,+0,+0,+0,16:49:01 21.03.2020
1765,+23.2,+26.4,+24,+24,+24.2,+23.7,+23.6,+24.5,+24.3,+24.1,+26,FULL,499,1,+0,+0,+0.0166,+0,+0.0382,+0,+0,+0,16:50:01 21.03.2020
1766,+23.2,+26.4,+24,+24,+24.2,+23.7,+23.6,+24.5,+24.3,+24.2,+26,FULL,500,1,+0,+0,+0.0166,+0,+0.0382,+0,+0,+0,16:51:01 21.03.2020
1767,+23.2,+26.4,+24,+24,+24.2,+23.7,+23.6,+24.5,+24.3,+24.1,+26,FULL,500,1,+0,+0,+0.0166,+0,+0.0382,+0,+0,+0,16:52:01 21.03.2020
1768,+23.2,+26.4,+24,+24,+24.2,+23.7,+23.6,+24.5,+24.3,+24.1,+26,FULL,500,1,+0,+0,+0.0166,+0,+0.0382,+0,+0,+0,16:53:01 21.03.2020
1769,+23.2,+26.4,+24,+24,+24.2,+23.7,+23.6,+24.5,+24.3,+24.2,+26,FULL,500,1,+0,+0,+0.0166,+0,+0.0382,+0,+0,+0,16:54:01 21.03.2020
1770,+23.2,+26.4,+24,+24,+24.2,+23.7,+23.6,+24.5,+24.3,+24.1,+26,FULL,499,1,+0,+0,+0.0166,+0,+0.0382,+0,+0,+0,16:55:01 21.03.2020
1771,+23.2,+26.4,+24,+24,+24.2,+23.7,+23.6,+24.5,+24.3,+24.1,+26.1,FULL,499,0,+0,+0,+0.0166,+0,+0.0382,+0,+0,+0,16:56:01 21.03.2020
1772,+23.2,+26.4,+24,+24,+24.2,+23.7,+23.6,+24.4,+24.3,+24.1,+26.1,FULL,499,1,+0,+0,+0.0165,+0,+0.0382,+0,+0,+0,16:57:01 21.03.2020
1773,+23.2,+26.4,+24,+24,+24.2,+23.7,+23.6,+24.5,+24.3,+24.1,+26,FULL,500,1,+0,+0,+0.0166,+0,+0.0382,+0,+0,+0,16:58:01 21.03.2020
1774,+23.2,+26.4,+24,+24,+24.3,+23.7,+23.6,+24.5,+24.3,+24.1,+26,FULL,500,1,+0,+0,+0.0166,+0,+0.0382,+0,+0,+0,16:59:01 21.03.2020
1775,+23.2,+26.4,+24,+24,+24.2,+23.7,+23.6,+24.4,+24.3,+24.1,+26.2,FULL,500,1,+0,+0,+0.0165,+0,+0.0382,+0,+0,+0,17:00:01 21.03.2020
1776,+23.2,+26.4,+24,+24,+24.2,+23.7,+23.6,+24.4,+24.3,+24.1,+26.1,FULL,500,1,+0,+0,+0.0165,+0,+0.0382,+0,+0,+0,17:01:01 21.03.2020
1777,+23.2,+26.5,+24,+24,+24.2,+23.7,+23.6,+24.4,+24.3,+24.1,+26,FULL,499,1,+0,+0,+0.0165,+0,+0.0382,+0,+0,+0,17:02:01 21.03.2020
1778,+23.2,+26.5,+24,+24,+24.3,+23.7,+23.6,+24.4,+24.3,+24.1,+26.1,FULL,499,1,+0,+0,+0.0165,+0,+0.0382,+0,+0,+0,17:03:01 21.03.2020
1779,+23.2,+26.5,+24,+24,+24.2,+23.7,+23.6,+24.4,+24.3,+24.1,+26.1,FULL,499,0,+0,+0,+0.0165,+0,+0.0382,+0,+0,+0,17:04:01 21.03.2020
1780,+23.3,+26.4,+24,+24,+24.2,+23.7,+23.6,+24.4,+24.3,+24.2,+26,FULL,500,1,+0,+0,+0.0165,+0,+0.0382,+0,+0,+0,17:05:01 21.03.2020
1781,+23.3,+26.5,+24,+24,+24.3,+23.7,+23.6,+24.4,+24.3,+24.1,+26,FULL,500,1,+0,+0,+0.0165,+0,+0.0382,+0,+0,+0,17:06:01 21.03.2020
1782,+23.3,+26.5,+24,+24,+24.2,+23.7,+23.6,+24.5,+24.3,+24.1,+26.1,FULL,500,1,+0,+0,+0.0166,+0,+0.0384,+0,+0,+0,17:07:01 21.03.2020
1783,+23.3,+26.4,+24,+24,+24.2,+23.7,+23.6,+24.5,+24.3,+24.1,+26,FULL,499,1,+0,+0,+0.0166,+0,+0.0384,+0,+0,+0,17:08:01 21.03.2020
1784,+23.3,+26.4,+24,+24,+24.2,+23.7,+23.6,+24.4,+24.3,+24.1,+26.1,FULL,499,1,+0,+0,+0.0165,+0,+0.0382,+0,+0,+0,17:09:01 21.03.2020
1785,+23.3,+26.4,+24,+24,+24.3,+23.7,+23.6,+24.4,+24.3,+24.1,+26.1,FULL,499,0,+0,+0,+0.0165,+0,+0.0382,+0,+0,+0,17:10:01 21.03.2020
1786,+23.3,+26.5,+24,+24,+24.3,+23.7,+23.6,+24.4,+24.3,+24.1,+26,FULL,499,1,+0,+0,+0.0165,+0,+0.0382,+0,+0,+0,17:11:01 21.03.2020
1787,+23.3,+26.4,+24,+24,+24.2,+23.7,+23.6,+24.4,+24.3,+24.1,+26,FULL,500,1,+0,+0,+0.0166,+0,+0.0382,+0,+0,+0,17:12:01 21.03.2020
1788,+23.3,+26.4,+24,+24,+24.2,+23.7,+23.6,+24.4,+24.3,+24.1,+26,FULL,500,1,+0,+0,+0.0165,+0,+0.0382,+0,+0,+0,17:13:01 21.03.2020
1789,+23.3,+26.4,+24,+24,+24.2,+23.7,+23.6,+24.4,+24.3,+24.1,+26,FULL,500,1,+0,+0,+0.0165,+0,+0.0382,+0,+0,+0,17:14:01 21.03.2020
1790,+23.3,+26.4,+24,+24,+24.2,+23.7,+23.6,+24.4,+24.3,+24.1,+26.1,FULL,499,1,+0,+0,+0.0165,+0,+0.0382,+0,+0,+0,17:15:01 21.03.2020
1791,+23.3,+26.4,+24,+24,+24.2,+23.7,+23.6,+24.4,+24.3,+24.1,+26,FULL,499,1,+0,+0,+0.0165,+0,+0.0382,+0,+0,+0,17:16:01 21.03.2020
1792,+23.3,+26.4,+24,+24,+24.2,+23.6,+23.6,+24.4,+24.3,+24.1,+26,FULL,499,0,+0,+0,+0.0165,+0,+0.0382,+0,+0,+0,17:17:01 21.03.2020
1793,+23.3,+26.3,+24,+24,+24.3,+23.6,+23.6,+24.4,+24.3,+24.1,+26.1,FULL,499,1,+0,+0,+0.0165,+0,+0.0382,+0,+0,+0,17:18:01 21.03.2020
1794,+23.3,+26.4,+24,+24,+24.2,+23.6,+23.6,+24.4,+24.3,+24.1,+26.1,FULL,500,1,+0,+0,+0.0165,+0,+0.0382,+0,+0,+0,17:19:01 21.03.2020
1795,+23.3,+26.4,+24,+24,+24.2,+23.6,+23.6,+24.4,+24.3,+24.1,+26,FULL,500,1,+0,+0,+0.0165,+0,+0.0382,+0,+0,+0,17:20:01 21.03.2020
1796,+23.3,+26.3,+24,+24,+24.2,+23.7,+23.6,+24.4,+24.3,+24.1,+26,FULL,500,1,+0,+0,+0.0165,+0,+0.0382,+0,+0,+0,17:21:01 21.03.2020
1797,+23.3,+26.3,+24,+24,+24.2,+23.7,+23.6,+24.4,+24.3,+24.1,+26,FULL,499,1,+0,+0,+0.0165,+0,+0.0382,+0,+0,+0,17:22:01 21.03.2020
1798,+23.3,+26.4,+24,+24,+24.2,+23.7,+23.6,+24.4,+24.3,+24.1,+26,FULL,499,1,+0,+0,+0.0165,+0,+0.0382,+0,+0,+0,17:23:01 21.03.2020
1799,+23.3,+26.4,+24,+24,+24.2,+23.7,+23.6,+24.4,+24.3,+24.1,+26.1,FULL,499,0,+0,+0,+0.0165,+0,+0.0382,+0,+0,+0,17:24:01 21.03.2020
1800,+23.3,+26.3,+24,+24,+24.2,+23.7,+23.6,+24.5,+24.3,+24.2,+26,FULL,499,0,+0,+0,+0.0166,+0,+0.0382,+0,+0,+0,17:25:01 21.03.2020
1801,+23.3,+26.3,+24,+24,+24.2,+23.7,+23.6,+24.5,+24.3,+24.2,+26,FULL,500,1,+0,+0,+0.0166,+0,+0.0382,+0,+0,+0,17:26:01 21.03.2020
1802,+23.3,+26.3,+24,+24,+24.2,+23.7,+23.6,+24.4,+24.3,+24.1,+26.1,FULL,500,1,+0,+0,+0.0165,+0,+0.0382,+0,+0,+0,17:27:01 21.03.2020
1803,+23.3,+26.4,+24,+24,+24.2,+23.7,+23.6,+24.4,+24.3,+24.1,+26.1,FULL,500,1,+0,+0,+0.0165,+0,+0.0384,+0,+0,+0,17:28:01 21.03.2020
1804,+23.3,+26.3,+24,+24,+24.2,+23.7,+23.6,+24.5,+24.3,+24.2,+26.2,FULL,499,1,+0,+0,+0.0166,+0,+0.0384,+0,+0,+0,17:29:01 21.03.2020
1805,+23.3,+26.3,+24,+24,+24.2,+23.7,+23.6,+24.5,+24.3,+24.2,+26,FULL,499,1,+0,+0,+0.0166,+0,+0.0382,+0,+0,+0,17:30:01 21.03.2020
1806,+23.4,+26.3,+24,+24,+24.2,+23.7,+23.6,+24.5,+24.3,+24.1,+26,FULL,499,0,+0,+0,+0.0166,+0,+0.0382,+0,+0,+0,17:31:01 21.03.2020
1807,+23.4,+26.3,+24,+24,+24.2,+23.7,+23.6,+24.5,+24.3,+24.2,+26,FULL,500,1,+0,+0,+0.0166,+0,+0.0382,+0,+0,+0,17:32:01 21.03.2020
1808,+23.4,+26.4,+24,+24,+24.2,+23.7,+23.6,+24.5,+24.3,+24.2,+26.1,FULL,500,1,+0,+0,+0.0166,+0,+0.0382,+0,+0,+0,17:33:01 21.03.2020
1809,+23.4,+26.4,+24,+24,+24.2,+23.7,+23.6,+24.5,+24.3,+24.1,+26,FULL,500,1,+0,+0,+0.0166,+0,+0.0382,+0,+0,+0,17:34:01 21.03.2020
1810,+23.4,+26.4,+24,+24,+24.2,+23.7,+23.6,+24.5,+24.3,+24.2,+26.1,FULL,500,1,+0,+0,+0.0166,+0,+0.0382,+0,+0,+0,17:35:01 21.03.2020
1811,+23.4,+26.4,+24,+24,+24.2,+23.7,+23.6,+24.5,+24.3,+24.2,+26.1,FULL,499,1,+0,+0,+0.0166,+0,+0.0382,+0,+0,+0,17:36:01 21.03.2020
1812,+23.4,+26.4,+24,+24,+24.2,+23.7,+23.6,+24.5,+24.3,+24.1,+26.1,FULL,499,1,+0,+0,+0.0166,+0,+0.0382,+0,+0,+0,17:37:01 21.03.2020
1813,+23.4,+26.4,+24,+24,+24.2,+23.7,+23.6,+24.5,+24.3,+24.1,+26,FULL,499,0,+0,+0,+0.0166,+0,+0.0382,+0,+0,+0,17:38:01 21.03.2020
1814,+23.4,+26.4,+24,+24,+24.2,+23.7,+23.6,+24.5,+24.3,+24.1,+26.1,FULL,500,1,+0,+0,+0.0166,+0,+0.0382,+0,+0,+0,17:39:01 21.03.2020
1815,+23.4,+26.4,+24,+24,+24.2,+23.7,+23.6,+24.5,+24.3,+24.1,+26.1,FULL,500,1,+0,+0,+0.0166,+0,+0.0382,+0,+0,+0,17:40:01 21.03.2020
1816,+23.4,+26.4,+24,+24,+24.2,+23.7,+23.6,+24.5,+24.3,+24.2,+26,FULL,500,1,+0,+0,+0.0166,+0,+0.0382,+0,+0,+0,17:41:01 21.03.2020
1817,+23.4,+26.4,+24,+24,+24.2,+23.7,+23.6,+24.5,+24.3,+24.2,+26.3,FULL,500,1,+0,+0,+0.0166,+0,+0.0382,+0,+0,+0,17:42:01 21.03.2020
1818,+23.4,+26.4,+24,+24,+24.2,+23.7,+23.6,+24.5,+24.3,+24.2,+26,FULL,499,1,+0,+0,+0.0166,+0,+0.0382,+0,+0,+0,17:43:01 21.03.2020
1819,+23.4,+26.4,+24,+24,+24.2,+23.7,+23.6,+24.5,+24.3,+24.2,+26.1,FULL,499,1,+0,+0,+0.0166,+0,+0.0382,+0,+0,+0,17:44:01 21.03.2020
1820,+23.4,+26.4,+24,+24,+24.2,+23.7,+23.6,+24.4,+24.3,+24.1,+26.1,FULL,499,0,+0,+0,+0.0165,+0,+0.0382,+0,+0,+0,17:45:01 21.03.2020
1821,+23.4,+26.4,+24,+24,+24.3,+23.7,+23.6,+24.5,+24.3,+24.1,+26,FULL,499,0,+0,+0,+0.0166,+0,+0.0382,+0,+0,+0,17:46:01 21.03.2020
1822,+23.4,+26.5,+24,+24,+24.3,+23.7,+23.6,+24.5,+24.3,+24.1,+26,FULL,500,1,+0,+0,+0.0166,+0,+0.0382,+0,+0,+0,17:47:01 21.03.2020
1823,+23.4,+26.4,+24,+24,+24.3,+23.7,+23.6,+24.5,+24.3,+24.2,+26.1,FULL,500,1,+0,+0,+0.0166,+0,+0.0382,+0,+0,+0,17:48:01 21.03.2020
1824,+23.4,+26.5,+24,+24,+24.3,+23.7,+23.6,+24.5,+24.3,+24.1,+26,FULL,500,1,+0,+0,+0.0166,+0,+0.0382,+0,+0,+0,17:49:01 21.03.2020
1825,+23.4,+26.5,+24,+24,+24.3,+23.7,+23.6,+24.5,+24.3,+24.2,+26,FULL,499,1,+0,+0,+0.0166,+0,+0.0382,+0,+0,+0,17:50:01 21.03.2020
1826,+23.4,+26.5,+24,+24,+24.3,+23.7,+23.6,+24.5,+24.3,+24.1,+26.1,FULL,499,1,+0,+0,+0.0166,+0,+0.0382,+0,+0,+0,17:51:01 21.03.2020
1827,+23.4,+26.5,+24,+24,+24.3,+23.7,+23.6,+24.5,+24.3,+24.1,+26,FULL,499,0,+0,+0,+0.0166,+0,+0.0382,+0,+0,+0,17:52:01 21.03.2020
1828,+23.4,+26.5,+24,+24,+24.3,+23.7,+23.6,+24.5,+24.3,+24.1,+26,FULL,500,1,+0,+0,+0.0166,+0,+0.0382,+0,+0,+0,17:53:01 21.03.2020
1829,+23.4,+26.5,+24,+24,+24.3,+23.7,+23.6,+24.5,+24.3,+24.1,+26.1,FULL,500,1,+0,+0,+0.0166,+0,+0.0382,+0,+0,+0,17:54:01 21.03.2020
1830,+23.4,+26.5,+24,+24,+24.3,+23.7,+23.6,+24.5,+24.3,+24.1,+26,FULL,500,1,+0,+0,+0.0166,+0,+0.0382,+0,+0,+0,17:55:01 21.03.2020
1831,+23.4,+26.5,+24,+24,+24.3,+23.7,+23.6,+24.5,+24.3,+24.1,+26,FULL,499,1,+0,+0,+0.0166,+0,+0.0382,+0,+0,+0,17:56:01 21.03.2020
1832,+23.5,+26.5,+24,+24,+24.3,+23.7,+23.6,+24.5,+24.3,+24.2,+26,FULL,500,1,+0,+0,+0.0166,+0,+0.0382,+0,+0,+0,17:57:01 21.03.2020
1833,+23.5,+26.5,+24,+24,+24.3,+23.7,+23.6,+24.5,+24.3,+24.1,+26,FULL,499,1,+0,+0,+0.0166,+0,+0.0382,+0,+0,+0,17:58:01 21.03.2020
1834,+23.5,+26.6,+24,+24,+24.3,+23.7,+23.6,+24.4,+24.3,+24.1,+26.1,FULL,499,1,+0,+0,+0.0165,+0,+0.0384,+0,+0,+0,17:59:01 21.03.2020
1835,+23.5,+26.4,+24,+24,+24.3,+23.7,+23.6,+24.5,+24.3,+24.1,+26,FULL,500,1,+0,+0,+0.0166,+0,+0.0382,+0,+0,+0,18:00:01 21.03.2020
1836,+23.5,+26.4,+24,+24,+24.3,+23.7,+23.6,+24.4,+24.3,+24.1,+26,FULL,500,1,+0,+0,+0.0165,+0,+0.0382,+0,+0,+0,18:01:01 21.03.2020
1837,+23.5,+26.4,+24,+24,+24.3,+23.7,+23.6,+24.5,+24.3,+24.1,+26.1,FULL,500,1,+0,+0,+0.0166,+0,+0.0382,+0,+0,+0,18:02:01 21.03.2020
1838,+23.5,+26.5,+24,+24,+24.3,+23.7,+23.6,+24.4,+24.3,+24.1,+26.1,FULL,500,1,+0,+0,+0.0165,+0,+0.0384,+0,+0,+0,18:03:01 21.03.2020
1839,+23.5,+26.4,+24,+24,+24.3,+23.7,+23.6,+24.5,+24.3,+24.1,+26,FULL,499,1,+0,+0,+0.0166,+0,+0.0382,+0,+0,+0,18:04:01 21.03.2020
1840,+23.5,+26.4,+24,+24,+24.3,+23.7,+23.6,+24.5,+24.3,+24.1,+26,FULL,499,1,+0,+0,+0.0166,+0,+0.0382,+0,+0,+0,18:05:01 21.03.2020
1841,+23.5,+26.4,+24,+24,+24.2,+23.7,+23.6,+24.5,+24.3,+24.1,+26.3,FULL,499,0,+0,+0,+0.0166,+0,+0.0382,+0,+0,+0,18:06:01 21.03.2020
1842,+23.5,+26.4,+24,+24,+24.3,+23.7,+23.6,+24.5,+24.3,+24.1,+26.2,FULL,500,1,+0,+0,+0.0166,+0,+0.0382,+0,+0,+0,18:07:01 21.03.2020
1843,+23.5,+26.4,+24,+24,+24.3,+23.7,+23.6,+24.5,+24.3,+24.1,+26,FULL,500,1,+0,+0,+0.0166,+0,+0.0382,+0,+0,+0,18:08:01 21.03.2020
1844,+23.5,+26.4,+24,+24,+24.3,+23.7,+23.6,+24.5,+24.3,+24.1,+26.3,FULL,500,1,+0,+0,+0.0166,+0,+0.0382,+0,+0,+0,18:09:01 21.03.2020
1845,+23.5,+26.4,+24,+24,+24.3,+23.7,+23.6,+24.5,+24.3,+24.2,+26,FULL,499,1,+0,+0,+0.0166,+0,+0.0382,+0,+0,+0,18:10:01 21.03.2020
1846,+23.5,+26.4,+24,+24,+24.3,+23.7,+23.6,+24.5,+24.3,+24.1,+26.1,FULL,499,1,+0,+0,+0.0166,+0,+0.0382,+0,+0,+0,18:11:01 21.03.2020
1847,+23.5,+26.4,+24,+24,+24.3,+23.7,+23.6,+24.5,+24.3,+24.2,+26.1,FULL,499,0,+0,+0,+0.0166,+0,+0.0382,+0,+0,+0,18:12:01 21.03.2020
1848,+23.5,+26.3,+24,+24,+24.3,+23.7,+23.6,+24.5,+24.3,+24.1,+26.1,FULL,499,1,+0,+0,+0.0166,+0,+0.0382,+0,+0,+0,18:13:01 21.03.2020
1849,+23.5,+26.4,+24,+24,+24.2,+23.7,+23.6,+24.5,+24.3,+24.2,+26,FULL,500,1,+0,+0,+0.0166,+0,+0.0382,+0,+0,+0,18:14:01 21.03.2020
1850,+23.5,+26.3,+24,+24,+24.3,+23.7,+23.6,+24.4,+24.3,+24.1,+26.1,FULL,500,1,+0,+0,+0.0165,+0,+0.0382,+0,+0,+0,18:15:01 21.03.2020
1851,+23.5,+26.4,+24,+24,+24.3,+23.7,+23.6,+24.4,+24.3,+24.1,+26.1,FULL,500,1,+0,+0,+0.0165,+0,+0.0382,+0,+0,+0,18:16:01 21.03.2020
1852,+23.6,+26.4,+24,+24,+24.3,+23.7,+23.6,+24.5,+24.3,+24.1,+26.1,FULL,500,1,+0,+0,+0.0166,+0,+0.0382,+0,+0,+0,18:17:01 21.03.2020
1853,+23.6,+26.3,+24,+24,+24.3,+23.7,+23.6,+24.5,+24.3,+24.2,+26.1,FULL,499,1,+0,+0,+0.0166,+0,+0.0382,+0,+0,+0,18:18:01 21.03.2020
1854,+23.6,+26.3,+24,+24,+24.3,+23.7,+23.6,+24.5,+24.3,+24.1,+26,FULL,499,1,+0,+0,+0.0166,+0,+0.0382,+0,+0,+0,18:19:01 21.03.2020
1855,+23.6,+26.4,+24,+24,+24.3,+23.7,+23.6,+24.4,+24.3,+24.1,+26,FULL,499,0,+0,+0,+0.0166,+0,+0.0384,+0,+0,+0,18:20:01 21.03.2020
1856,+23.6,+26.3,+24,+24,+24.2,+23.7,+23.6,+24.5,+24.3,+24.2,+26.1,FULL,500,1,+0,+0,+0.0166,+0,+0.0384,+0,+0,+0,18:21:01 21.03.2020
1857,+23.6,+26.3,+24,+24,+24.3,+23.7,+23.6,+24.5,+24.3,+24.2,+26,FULL,500,1,+0,+0,+0.0166,+0,+0.0384,+0,+0,+0,18:22:01 21.03.2020
1858,+23.6,+26.3,+24,+24,+24.3,+23.7,+23.6,+24.5,+24.3,+24.2,+26.1,FULL,500,1,+0,+0,+0.0166,+0,+0.0382,+0,+0,+0,18:23:01 21.03.2020
1859,+23.6,+26.3,+24,+24,+24.2,+23.7,+23.6,+24.5,+24.3,+24.2,+26.2,FULL,499,1,+0,+0,+0.0166,+0,+0.0382,+0,+0,+0,18:24:01 21.03.2020
1860,+23.6,+26.4,+24,+24,+24.2,+23.7,+23.6,+24.5,+24.3,+24.2,+26,FULL,499,1,+0,+0,+0.0166,+0,+0.0382,+0,+0,+0,18:25:01 21.03.2020
1861,+23.6,+26.4,+24,+24,+24.2,+23.7,+23.6,+24.5,+24.4,+24.1,+26,FULL,499,1,+0,+0,+0.0166,+0,+0.0382,+0,+0,+0,18:26:01 21.03.2020
1862,+23.6,+26.4,+24,+24,+24.3,+23.7,+23.6,+24.5,+24.3,+24.2,+26.2,FULL,499,0,+0,+0,+0.0166,+0,+0.0382,+0,+0,+0,18:27:01 21.03.2020
1863,+23.6,+26.4,+24,+24,+24.3,+23.7,+23.6,+24.5,+24.3,+24.2,+26,FULL,500,1,+0,+0,+0.0166,+0,+0.0382,+0,+0,+0,18:28:01 21.03.2020
1864,+23.6,+26.4,+24,+24,+24.3,+23.7,+23.6,+24.5,+24.3,+24.2,+26,FULL,500,1,+0,+0,+0.0166,+0,+0.0382,+0,+0,+0,18:29:01 21.03.2020
1865,+23.6,+26.4,+24,+24,+24.3,+23.7,+23.6,+24.5,+24.4,+24.2,+26.2,FULL,500,1,+0,+0,+0.0166,+0,+0.0382,+0,+0,+0,18:30:01 21.03.2020
1866,+23.6,+26.4,+24,+24,+24.3,+23.7,+23.6,+24.5,+24.4,+24.2,+26.1,FULL,499,1,+0,+0,+0.0166,+0,+0.0382,+0,+0,+0,18:31:01 21.03.2020
1867,+23.6,+26.4,+24,+24,+24.3,+23.7,+23.6,+24.5,+24.4,+24.2,+26,FULL,499,1,+0,+0,+0.0166,+0,+0.0382,+0,+0,+0,18:32:01 21.03.2020
1868,+23.6,+26.4,+24,+24,+24.3,+23.7,+23.6,+24.5,+24.3,+24.2,+26.1,FULL,499,1,+0,+0,+0.0166,+0,+0.0382,+0,+0,+0,18:33:01 21.03.2020
1869,+23.6,+26.4,+24,+24,+24.3,+23.7,+23.6,+24.5,+24.3,+24.2,+26.1,FULL,499,0,+0,+0,+0.0166,+0,+0.0382,+0,+0,+0,18:34:01 21.03.2020
1870,+23.6,+26.4,+24,+24,+24.3,+23.7,+23.6,+24.5,+24.3,+24.2,+26.1,FULL,500,1,+0,+0,+0.0166,+0,+0.0382,+0,+0,+0,18:35:01 21.03.2020
1871,+23.6,+26.4,+24,+24,+24.3,+23.7,+23.6,+24.5,+24.3,+24.1,+26.2,FULL,500,1,+0,+0,+0.0166,+0,+0.0382,+0,+0,+0,18:36:01 21.03.2020
1872,+23.6,+26.4,+24,+24,+24.3,+23.7,+23.6,+24.5,+24.3,+24.1,+26,FULL,500,1,+0,+0,+0.0166,+0,+0.0382,+0,+0,+0,18:37:01 21.03.2020
1873,+23.6,+26.4,+24,+24,+24.3,+23.7,+23.6,+24.5,+24.3,+24.1,+26.1,FULL,500,1,+0,+0,+0.0166,+0,+0.0382,+0,+0,+0,18:38:01 21.03.2020
1874,+23.6,+26.4,+24,+24,+24.3,+23.7,+23.6,+24.5,+24.3,+24.1,+26.1,FULL,499,1,+0,+0,+0.0166,+0,+0.0382,+0,+0,+0,18:39:01 21.03.2020
1875,+23.6,+26.4,+24,+24,+24.3,+23.7,+23.6,+24.5,+24.3,+24.1,+26,FULL,499,1,+0,+0,+0.0166,+0,+0.0382,+0,+0,+0,18:40:01 21.03.2020
1876,+23.6,+26.4,+24,+24,+24.3,+23.7,+23.6,+24.4,+24.3,+24.1,+26,FULL,499,0,+0,+0,+0.0165,+0,+0.0382,+0,+0,+0,18:41:01 21.03.2020
1877,+23.6,+26.5,+24,+24,+24.3,+23.7,+23.6,+24.5,+24.3,+24.1,+26,FULL,500,1,+0,+0,+0.0166,+0,+0.0382,+0,+0,+0,18:42:01 21.03.2020
1878,+23.6,+26.5,+24,+24,+24.3,+23.7,+23.6,+24.5,+24.3,+24.2,+26.1,FULL,500,1,+0,+0,+0.0166,+0,+0.0382,+0,+0,+0,18:43:01 21.03.2020
1879,+23.6,+26.5,+24,+24,+24.3,+23.7,+23.6,+24.5,+24.3,+24.1,+26.2,FULL,500,1,+0,+0,+0.0166,+0,+0.0382,+0,+0,+0,18:44:01 21.03.2020
1880,+23.6,+26.4,+24,+24,+24.3,+23.7,+23.6,+24.5,+24.3,+24.1,+26,FULL,499,1,+0,+0,+0.0166,+0,+0.0382,+0,+0,+0,18:45:01 21.03.2020
1881,+23.6,+26.4,+24,+24,+24.3,+23.7,+23.6,+24.5,+24.3,+24.2,+26.1,FULL,499,1,+0,+0,+0.0166,+0,+0.0382,+0,+0,+0,18:46:01 21.03.2020
1882,+23.6,+26.5,+24,+24,+24.3,+23.7,+23.6,+24.5,+24.4,+24.1,+26.1,FULL,499,0,+0,+0,+0.0166,+0,+0.0384,+0,+0,+0,18:47:01 21.03.2020
1883,+23.6,+26.4,+24,+24,+24.3,+23.7,+23.6,+24.5,+24.3,+24.2,+26.1,FULL,500,1,+0,+0,+0.0166,+0,+0.0382,+0,+0,+0,18:48:01 21.03.2020
1884,+23.6,+26.5,+24,+24,+24.3,+23.7,+23.6,+24.5,+24.3,+24.1,+26.2,FULL,500,1,+0,+0,+0.0166,+0,+0.0382,+0,+0,+0,18:49:01 21.03.2020
1885,+23.6,+26.4,+24,+24,+24.3,+23.7,+23.6,+24.4,+24.3,+24.1,+26,FULL,500,1,+0,+0,+0.0165,+0,+0.0382,+0,+0,+0,18:50:01 21.03.2020
1886,+23.6,+26.5,+24,+24,+24.3,+23.7,+23.6,+24.4,+24.3,+24.1,+26,FULL,500,1,+0,+0,+0.0165,+0,+0.0382,+0,+0,+0,18:51:01 21.03.2020
1887,+23.6,+26.4,+24,+24,+24.3,+23.7,+23.6,+24.5,+24.3,+24.1,+26.1,FULL,499,1,+0,+0,+0.0166,+0,+0.0382,+0,+0,+0,18:52:01 21.03.2020
1888,+23.6,+26.4,+24,+24,+24.3,+23.7,+23.6,+24.5,+24.3,+24.1,+26.1,FULL,499,1,+0,+0,+0.0166,+0,+0.0382,+0,+0,+0,18:53:01 21.03.2020
1889,+23.6,+26.4,+24,+24,+24.3,+23.7,+23.6,+24.4,+24.3,+24.1,+26,FULL,499,0,+0,+0,+0.0165,+0,+0.0382,+0,+0,+0,18:54:01 21.03.2020
1890,+23.7,+26.4,+24,+24,+24.3,+23.7,+23.6,+24.5,+24.3,+24.1,+26,FULL,500,0,+0,+0,+0.0166,+0,+0.0382,+0,+0,+0,18:55:01 21.03.2020
1891,+23.7,+26.4,+24,+24,+24.3,+23.7,+23.6,+24.4,+24.3,+24.1,+26,FULL,500,1,+0,+0,+0.0165,+0,+0.0382,+0,+0,+0,18:56:01 21.03.2020
1892,+23.7,+26.4,+24,+24,+24.3,+23.7,+23.6,+24.5,+24.3,+24.1,+26.1,FULL,500,1,+0,+0,+0.0166,+0,+0.0382,+0,+0,+0,18:57:01 21.03.2020
1893,+23.7,+26.3,+24,+24,+24.3,+23.7,+23.6,+24.5,+24.3,+24.1,+26,FULL,500,1,+0,+0,+0.0166,+0,+0.0382,+0,+0,+0,18:58:01 21.03.2020
1894,+23.7,+26.4,+24,+24,+24.3,+23.7,+23.6,+24.4,+24.3,+24.1,+26.1,FULL,499,1,+0,+0,+0.0165,+0,+0.0382,+0,+0,+0,18:59:01 21.03.2020
1895,+23.7,+26.4,+24,+24,+24.3,+23.7,+23.6,+24.4,+24.3,+24.1,+26,FULL,499,1,+0,+0,+0.0165,+0,+0.0384,+0,+0,+0,19:00:01 21.03.2020
1896,+23.7,+26.3,+24,+24,+24.3,+23.7,+23.6,+24.5,+24.3,+24.1,+26,FULL,499,1,+0,+0,+0.0166,+0,+0.0382,+0,+0,+0,19:01:01 21.03.2020
1897,+23.7,+26.4,+24,+24,+24.3,+23.7,+23.6,+24.5,+24.3,+24.2,+26.1,FULL,499,1,+0,+0,+0.0166,+0,+0.0384,+0,+0,+0,19:02:01 21.03.2020
1898,+23.7,+26.3,+24,+24,+24.3,+23.7,+23.6,+24.5,+24.3,+24.1,+26,FULL,500,1,+0,+0,+0.0166,+0,+0.0384,+0,+0,+0,19:03:01 21.03.2020
1899,+23.7,+26.4,+24,+24,+24.3,+23.7,+23.6,+24.4,+24.3,+24.1,+26,FULL,500,1,+0,+0,+0.0165,+0,+0.0384,+0,+0,+0,19:04:01 21.03.2020
1900,+23.7,+26.4,+24,+24,+24.3,+23.7,+23.6,+24.5,+24.3,+24.1,+26.1,FULL,500,1,+0,+0,+0.0166,+0,+0.0384,+0,+0,+0,19:05:01 21.03.2020
1901,+23.7,+26.3,+24,+24,+24.3,+23.7,+23.6,+24.5,+24.3,+24.1,+26.1,FULL,499,1,+0,+0,+0.0166,+0,+0.0384,+0,+0,+0,19:06:01 21.03.2020
1902,+23.7,+26.3,+24,+24,+24.3,+23.7,+23.6,+24.5,+24.3,+24.1,+26,FULL,499,1,+0,+0,+0.0166,+0,+0.0382,+0,+0,+0,19:07:01 21.03.2020
1903,+23.7,+26.4,+24,+24,+24.3,+23.7,+23.6,+24.4,+24.3,+24.1,+26.2,FULL,499,0,+0,+0,+0.0165,+0,+0.0382,+0,+0,+0,19:08:01 21.03.2020
1904,+23.7,+26.4,+24,+24,+24.3,+23.7,+23.6,+24.5,+24.3,+24.1,+26,FULL,499,1,+0,+0,+0.0166,+0,+0.0382,+0,+0,+0,19:09:01 21.03.2020
1905,+23.7,+26.3,+24,+24,+24.3,+23.7,+23.6,+24.5,+24.3,+24.1,+26,FULL,500,1,+0,+0,+0.0166,+0,+0.0382,+0,+0,+0,19:10:01 21.03.2020
1906,+23.7,+26.3,+24,+24,+24.3,+23.7,+23.6,+24.5,+24.3,+24.1,+26,FULL,500,1,+0,+0,+0.0166,+0,+0.0382,+0,+0,+0,19:11:01 21.03.2020
1907,+23.7,+26.3,+24,+24,+24.3,+23.7,+23.6,+24.4,+24.3,+24.1,+26.2,FULL,500,1,+0,+0,+0.0165,+0,+0.0382,+0,+0,+0,19:12:01 21.03.2020
1908,+23.7,+26.4,+24,+24,+24.2,+23.7,+23.6,+24.5,+24.3,+24.1,+26.1,FULL,499,1,+0,+0,+0.0166,+0,+0.0382,+0,+0,+0,19:13:01 21.03.2020
1909,+23.7,+26.3,+24,+24,+24.2,+23.7,+23.6,+24.5,+24.3,+24.1,+26,FULL,499,1,+0,+0,+0.0166,+0,+0.0382,+0,+0,+0,19:14:01 21.03.2020
1910,+23.7,+26.3,+24,+24,+24.3,+23.7,+23.6,+24.5,+24.3,+24.2,+26.1,FULL,499,1,+0,+0,+0.0166,+0,+0.0382,+0,+0,+0,19:15:01 21.03.2020
1911,+23.7,+26.3,+24,+24,+24.3,+23.7,+23.6,+24.5,+24.3,+24.1,+26.2,FULL,499,1,+0,+0,+0.0166,+0,+0.0382,+0,+0,+0,19:16:01 21.03.2020
1912,+23.7,+26.3,+24,+24,+24.3,+23.7,+23.6,+24.5,+24.3,+24.1,+26.1,FULL,500,1,+0,+0,+0.0166,+0,+0.0382,+0,+0,+0,19:17:01 21.03.2020
1913,+23.7,+26.3,+24,+24,+24.3,+23.7,+23.6,+24.5,+24.3,+24.2,+26,FULL,500,1,+0,+0,+0.0166,+0,+0.0382,+0,+0,+0,19:18:01 21.03.2020
1914,+23.7,+26.4,+24,+24,+24.3,+23.7,+23.6,+24.5,+24.4,+24.2,+26.1,FULL,500,1,+0,+0,+0.0166,+0,+0.0382,+0,+0,+0,19:19:01 21.03.2020
1915,+23.7,+26.4,+24,+24,+24.3,+23.7,+23.6,+24.5,+24.3,+24.2,+26,FULL,499,1,+0,+0,+0.0166,+0,+0.0382,+0,+0,+0,19:20:01 21.03.2020
1916,+23.8,+26.4,+24,+24,+24.3,+23.7,+23.6,+24.5,+24.4,+24.2,+26.1,FULL,499,1,+0,+0,+0.0166,+0,+0.0382,+0,+0,+0,19:21:01 21.03.2020
1917,+23.8,+26.4,+24,+24,+24.3,+23.7,+23.6,+24.5,+24.3,+24.1,+26,FULL,499,0,+0,+0,+0.0166,+0,+0.0382,+0,+0,+0,19:22:01 21.03.2020
1918,+23.8,+26.4,+24,+24,+24.3,+23.7,+23.6,+24.5,+24.4,+24.2,+26,FULL,499,0,+0,+0,+0.0166,+0,+0.0382,+0,+0,+0,19:23:01 21.03.2020
1919,+23.8,+26.4,+24,+24,+24.3,+23.7,+23.6,+24.5,+24.3,+24.2,+26.1,FULL,500,1,+0,+0,+0.0166,+0,+0.0382,+0,+0,+0,19:24:01 21.03.2020
1920,+23.8,+26.4,+24,+24,+24.3,+23.7,+23.6,+24.5,+24.3,+24.2,+26.2,FULL,500,1,+0,+0,+0.0166,+0,+0.0382,+0,+0,+0,19:25:01 21.03.2020
1921,+23.8,+26.4,+24,+24,+24.3,+23.7,+23.6,+24.5,+24.4,+24.1,+26.1,FULL,500,1,+0,+0,+0.0166,+0,+0.0382,+0,+0,+0,19:26:01 21.03.2020
1922,+23.8,+26.4,+24,+24,+24.3,+23.7,+23.6,+24.5,+24.3,+24.2,+26,FULL,499,1,+0,+0,+0.0166,+0,+0.0382,+0,+0,+0,19:27:01 21.03.2020
1923,+23.8,+26.4,+24,+24,+24.3,+23.7,+23.6,+24.5,+24.3,+24.1,+26,FULL,499,1,+0,+0,+0.0166,+0,+0.0382,+0,+0,+0,19:28:01 21.03.2020
1924,+23.8,+26.4,+24,+24,+24.3,+23.7,+23.6,+24.5,+24.3,+24.1,+26.1,FULL,499,0,+0,+0,+0.0166,+0,+0.0382,+0,+0,+0,19:29:01 21.03.2020
1925,+23.8,+26.4,+24,+24,+24.3,+23.7,+23.6,+24.5,+24.3,+24.2,+26,FULL,500,1,+0,+0,+0.0166,+0,+0.0382,+0,+0,+0,19:30:01 21.03.2020
1926,+23.8,+26.4,+24,+24,+24.3,+23.7,+23.6,+24.5,+24.3,+24.1,+26.3,FULL,500,1,+0,+0,+0.0166,+0,+0.0382,+0,+0,+0,19:31:01 21.03.2020
1927,+23.8,+26.4,+24,+24,+24.3,+23.7,+23.6,+24.5,+24.3,+24.1,+26,FULL,500,1,+0,+0,+0.0166,+0,+0.0382,+0,+0,+0,19:32:01 21.03.2020
1928,+23.8,+26.4,+24,+24,+24.3,+23.7,+23.6,+24.5,+24.3,+24.1,+26.1,FULL,500,1,+0,+0,+0.0166,+0,+0.0382,+0,+0,+0,19:33:01 21.03.2020
1929,+23.8,+26.4,+24,+24,+24.3,+23.7,+23.6,+24.4,+24.3,+24.1,+26,FULL,500,1,+0,+0,+0.0165,+0,+0.0382,+0,+0,+0,19:34:01 21.03.2020
1930,+23.8,+26.4,+24,+24,+24.3,+23.7,+23.6,+24.5,+24.3,+24.1,+26,FULL,499,1,+0,+0,+0.0166,+0,+0.0382,+0,+0,+0,19:35:01 21.03.2020
1931,+23.8,+26.4,+24,+24,+24.3,+23.7,+23.6,+24.5,+24.3,+24.1,+26.2,FULL,499,0,+0,+0,+0.0166,+0,+0.0382,+0,+0,+0,19:36:01 21.03.2020
1932,+23.8,+26.4,+24,+24,+24.3,+23.7,+23.6,+24.4,+24.3,+24.1,+26,FULL,500,1,+0,+0,+0.0165,+0,+0.0382,+0,+0,+0,19:37:01 21.03.2020
1933,+23.8,+26.4,+24,+24,+24.3,+23.7,+23.6,+24.5,+24.3,+24.1,+26.1,FULL,500,1,+0,+0,+0.0165,+0,+0.0382,+0,+0,+0,19:38:01 21.03.2020
1934,+23.8,+26.5,+24,+24,+24.3,+23.7,+23.6,+24.4,+24.3,+24.1,+26.1,FULL,500,1,+0,+0,+0.0165,+0,+0.0382,+0,+0,+0,19:39:01 21.03.2020
1935,+23.8,+26.5,+24,+24,+24.3,+23.7,+23.6,+24.4,+24.3,+24.1,+26,FULL,500,1,+0,+0,+0.0165,+0,+0.0382,+0,+0,+0,19:40:01 21.03.2020
1936,+23.8,+26.5,+24,+24,+24.3,+23.7,+23.6,+24.5,+24.3,+24.1,+26,FULL,499,1,+0,+0,+0.0166,+0,+0.0384,+0,+0,+0,19:41:01 21.03.2020
1937,+23.8,+26.4,+24,+24,+24.3,+23.7,+23.6,+24.5,+24.3,+24.1,+26.1,FULL,499,1,+0,+0,+0.0166,+0,+0.0382,+0,+0,+0,19:42:01 21.03.2020
1938,+23.8,+26.5,+24,+24,+24.3,+23.7,+23.6,+24.4,+24.3,+24.1,+26.1,FULL,499,0,+0,+0,+0.0165,+0,+0.0384,+0,+0,+0,19:43:01 21.03.2020
1939,+23.8,+26.5,+24,+24,+24.3,+23.8,+23.6,+24.4,+24.3,+24.1,+26,FULL,499,1,+0,+0,+0.0165,+0,+0.0384,+0,+0,+0,19:44:01 21.03.2020
1940,+23.8,+26.4,+24,+24,+24.3,+23.7,+23.6,+24.5,+24.3,+24.1,+26.1,FULL,500,1,+0,+0,+0.0166,+0,+0.0384,+0,+0,+0,19:45:01 21.03.2020
1941,+23.8,+26.4,+24,+24,+24.3,+23.7,+23.6,+24.5,+24.3,+24.1,+26.1,FULL,500,1,+0,+0,+0.0166,+0,+0.0384,+0,+0,+0,19:46:01 21.03.2020
1942,+23.8,+26.4,+24,+24,+24.3,+23.7,+23.6,+24.4,+24.3,+24.1,+26,FULL,499,1,+0,+0,+0.0165,+0,+0.0384,+0,+0,+0,19:47:01 21.03.2020
1943,+23.8,+26.5,+24,+24,+24.3,+23.7,+23.6,+24.4,+24.3,+24.1,+26.1,FULL,499,1,+0,+0,+0.0165,+0,+0.0384,+0,+0,+0,19:48:01 21.03.2020
1944,+23.8,+26.4,+24,+24,+24.3,+23.7,+23.6,+24.5,+24.3,+24.1,+26,FULL,499,0,+0,+0,+0.0166,+0,+0.0383,+0,+0,+0,19:49:01 21.03.2020
1945,+23.8,+26.4,+24,+24,+24.3,+23.7,+23.6,+24.5,+24.3,+24.1,+26,FULL,499,1,+0,+0,+0.0166,+0,+0.0382,+0,+0,+0,19:50:01 21.03.2020
1946,+23.8,+26.3,+24,+24,+24.3,+23.7,+23.6,+24.4,+24.3,+24.1,+26.2,FULL,500,1,+0,+0,+0.0165,+0,+0.0382,+0,+0,+0,19:51:01 21.03.2020
1947,+23.8,+26.4,+24,+24,+24.3,+23.7,+23.6,+24.4,+24.3,+24.1,+26.1,FULL,500,1,+0,+0,+0.0165,+0,+0.0382,+0,+0,+0,19:52:01 21.03.2020
1948,+23.8,+26.4,+24,+24,+24.3,+23.7,+23.6,+24.4,+24.3,+24.1,+26,FULL,500,1,+0,+0,+0.0165,+0,+0.0382,+0,+0,+0,19:53:01 21.03.2020
1949,+23.8,+26.3,+24,+24,+24.3,+23.7,+23.6,+24.5,+24.3,+24.1,+26,FULL,499,1,+0,+0,+0.0166,+0,+0.0382,+0,+0,+0,19:54:01 21.03.2020
1950,+23.8,+26.3,+24,+24,+24.3,+23.7,+23.6,+24.4,+24.3,+24.1,+26,FULL,499,1,+0,+0,+0.0165,+0,+0.0382,+0,+0,+0,19:55:01 21.03.2020
1951,+23.8,+26.4,+24,+24,+24.3,+23.7,+23.6,+24.4,+24.3,+24.1,+26.2,FULL,499,0,+0,+0,+0.0165,+0,+0.0382,+0,+0,+0,19:56:01 21.03.2020
1952,+23.8,+26.4,+24,+24,+24.3,+23.7,+23.6,+24.5,+24.3,+24.1,+26.1,FULL,499,1,+0,+0,+0.0166,+0,+0.0384,+0,+0,+0,19:57:01 21.03.2020
1953,+23.8,+26.3,+24,+24,+24.3,+23.7,+23.6,+24.5,+24.3,+24.1,+26,FULL,500,1,+0,+0,+0.0166,+0,+0.0382,+0,+0,+0,19:58:01 21.03.2020
1954,+23.8,+26.3,+24,+24,+24.3,+23.7,+23.6,+24.5,+24.3,+24.1,+26.1,FULL,500,1,+0,+0,+0.0166,+0,+0.0382,+0,+0,+0,19:59:01 21.03.2020
1955,+23.8,+26.3,+24,+24,+24.3,+23.7,+23.6,+24.5,+24.3,+24.1,+26.1,FULL,500,1,+0,+0,+0.0166,+0,+0.0382,+0,+0,+0,20:00:01 21.03.2020
1956,+23.8,+26.4,+24,+24,+24.3,+23.7,+23.6,+24.5,+24.3,+24.1,+26,FULL,499,1,+0,+0,+0.0166,+0,+0.0384,+0,+0,+0,20:01:01 21.03.2020
1957,+23.8,+26.3,+24,+24,+24.3,+23.8,+23.6,+24.5,+24.3,+24.1,+26,FULL,499,1,+0,+0,+0.0166,+0,+0.0384,+0,+0,+0,20:02:01 21.03.2020
1958,+23.8,+26.3,+24,+24,+24.3,+23.8,+23.6,+24.5,+24.3,+24.2,+26.1,FULL,499,0,+0,+0,+0.0166,+0,+0.0384,+0,+0,+0,20:03:01 21.03.2020
1959,+23.8,+26.3,+24,+24,+24.3,+23.8,+23.6,+24.5,+24.3,+24.1,+26,FULL,499,1,+0,+0,+0.0166,+0,+0.0384,+0,+0,+0,20:04:01 21.03.2020
1960,+23.8,+26.3,+24,+24,+24.3,+23.8,+23.6,+24.5,+24.3,+24.2,+26,FULL,500,1,+0,+0,+0.0166,+0,+0.0384,+0,+0,+0,20:05:01 21.03.2020
1961,+23.8,+26.3,+24,+24,+24.3,+23.8,+23.6,+24.5,+24.3,+24.2,+26,FULL,500,1,+0,+0,+0.0166,+0,+0.0384,+0,+0,+0,20:06:01 21.03.2020
1962,+23.8,+26.3,+24,+24,+24.3,+23.8,+23.6,+24.5,+24.3,+24.2,+26.1,FULL,500,1,+0,+0,+0.0166,+0,+0.0384,+0,+0,+0,20:07:01 21.03.2020
1963,+23.8,+26.3,+24,+24,+24.3,+23.8,+23.6,+24.5,+24.3,+24.2,+26,FULL,499,1,+0,+0,+0.0166,+0,+0.0384,+0,+0,+0,20:08:01 21.03.2020
1964,+23.8,+26.3,+24,+24,+24.3,+23.8,+23.6,+24.5,+24.3,+24.2,+26.1,FULL,499,1,+0,+0,+0.0166,+0,+0.0384,+0,+0,+0,20:09:01 21.03.2020
1965,+23.8,+26.3,+24,+24,+24.3,+23.8,+23.6,+24.5,+24.3,+24.2,+26,FULL,499,0,+0,+0,+0.0166,+0,+0.0383,+0,+0,+0,20:10:01 21.03.2020
1966,+23.8,+26.4,+24,+24,+24.3,+23.8,+23.6,+24.5,+24.4,+24.2,+26,FULL,500,1,+0,+0,+0.0166,+0,+0.0382,+0,+0,+0,20:11:01 21.03.2020
1967,+23.8,+26.4,+24,+24,+24.3,+23.7,+23.6,+24.5,+24.4,+24.2,+26.1,FULL,500,1,+0,+0,+0.0166,+0,+0.0382,+0,+0,+0,20:12:01 21.03.2020
1968,+23.8,+26.4,+24,+24,+24.3,+23.7,+23.6,+24.5,+24.4,+24.2,+26.1,FULL,500,1,+0,+0,+0.0166,+0,+0.0382,+0,+0,+0,20:13:01 21.03.2020
1969,+23.8,+26.4,+24,+24,+24.3,+23.7,+23.6,+24.5,+24.3,+24.1,+26,FULL,500,1,+0,+0,+0.0166,+0,+0.0382,+0,+0,+0,20:14:01 21.03.2020
1970,+23.8,+26.4,+24,+24,+24.3,+23.7,+23.6,+24.4,+24.3,+24.1,+26,FULL,499,1,+0,+0,+0.0165,+0,+0.0382,+0,+0,+0,20:15:01 21.03.2020
1971,+23.8,+26.4,+24,+24,+24.3,+23.7,+23.6,+24.5,+24.3,+24.2,+26.1,FULL,499,1,+0,+0,+0.0166,+0,+0.0382,+0,+0,+0,20:16:01 21.03.2020
1972,+23.8,+26.4,+24,+24,+24.3,+23.7,+23.6,+24.5,+24.3,+24.2,+26.1,FULL,499,0,+0,+0,+0.0166,+0,+0.0382,+0,+0,+0,20:17:01 21.03.2020
1973,+23.9,+26.4,+24,+24,+24.3,+23.7,+23.6,+24.4,+24.3,+24.1,+26,FULL,500,1,+0,+0,+0.0165,+0,+0.0382,+0,+0,+0,20:18:01 21.03.2020
1974,+23.9,+26.4,+24,+24,+24.3,+23.7,+23.6,+24.5,+24.3,+24.2,+26.2,FULL,500,1,+0,+0,+0.0166,+0,+0.0382,+0,+0,+0,20:19:01 21.03.2020
1975,+23.9,+26.4,+24,+24,+24.3,+23.7,+23.6,+24.5,+24.3,+24.2,+26,FULL,500,1,+0,+0,+0.0166,+0,+0.0382,+0,+0,+0,20:20:01 21.03.2020
1976,+23.9,+26.4,+24,+24,+24.3,+23.7,+23.6,+24.5,+24.3,+24.2,+26.1,FULL,500,1,+0,+0,+0.0166,+0,+0.0382,+0,+0,+0,20:21:01 21.03.2020
1977,+23.9,+26.4,+24,+24,+24.3,+23.7,+23.6,+24.5,+24.3,+24.2,+26.1,FULL,499,1,+0,+0,+0.0166,+0,+0.0382,+0,+0,+0,20:22:01 21.03.2020
1978,+23.9,+26.4,+24,+24,+24.3,+23.8,+23.6,+24.5,+24.3,+24.1,+26,FULL,499,1,+0,+0,+0.0166,+0,+0.0384,+0,+0,+0,20:23:01 21.03.2020
1979,+23.9,+26.4,+24,+24,+24.3,+23.8,+23.6,+24.5,+24.3,+24.2,+26.1,FULL,499,0,+0,+0,+0.0166,+0,+0.0382,+0,+0,+0,20:24:01 21.03.2020
1980,+23.9,+26.4,+24,+24,+24.3,+23.8,+23.6,+24.5,+24.3,+24.2,+26.1,FULL,500,1,+0,+0,+0.0166,+0,+0.0382,+0,+0,+0,20:25:01 21.03.2020
1981,+23.9,+26.4,+24,+24,+24.3,+23.8,+23.6,+24.5,+24.3,+24.2,+26,FULL,500,1,+0,+0,+0.0166,+0,+0.0382,+0,+0,+0,20:26:01 21.03.2020
1982,+23.9,+26.4,+24,+24,+24.3,+23.8,+23.6,+24.5,+24.3,+24.1,+26,FULL,500,1,+0,+0,+0.0166,+0,+0.0384,+0,+0,+0,20:27:01 21.03.2020
1983,+23.9,+26.4,+24,+24,+24.3,+23.8,+23.6,+24.5,+24.3,+24.2,+26.1,FULL,500,1,+0,+0,+0.0166,+0,+0.0384,+0,+0,+0,20:28:01 21.03.2020
1984,+23.9,+26.4,+24,+24,+24.3,+23.8,+23.6,+24.5,+24.3,+24.1,+26,FULL,499,1,+0,+0,+0.0166,+0,+0.0384,+0,+0,+0,20:29:01 21.03.2020
1985,+23.8,+26.4,+24,+24,+24.3,+23.8,+23.7,+24.5,+24.3,+24.1,+26,FULL,499,0,+0,+0,+0.0166,+0,+0.0384,+0,+0,+0,20:30:01 21.03.2020
1986,+23.9,+26.4,+24,+24,+24.3,+23.8,+23.7,+24.4,+24.3,+24.1,+26.1,FULL,499,0,+0,+0,+0.0165,+0,+0.0384,+0,+0,+0,20:31:01 21.03.2020
1987,+23.8,+26.4,+24,+24,+24.3,+23.8,+23.7,+24.5,+24.3,+24.1,+26,FULL,500,1,+0,+0,+0.0166,+0,+0.0384,+0,+0,+0,20:32:01 21.03.2020
1988,+23.8,+26.4,+24,+24,+24.3,+23.8,+23.7,+24.5,+24.3,+24.1,+26,FULL,500,1,+0,+0,+0.0166,+0,+0.0384,+0,+0,+0,20:33:01 21.03.2020
1989,+23.8,+26.4,+24,+24,+24.3,+23.8,+23.7,+24.4,+24.3,+24.1,+26,FULL,500,1,+0,+0,+0.0165,+0,+0.0384,+0,+0,+0,20:34:01 21.03.2020
1990,+23.8,+26.4,+24,+24,+24.3,+23.8,+23.7,+24.4,+24.3,+24.1,+26,FULL,499,1,+0,+0,+0.0165,+0,+0.0384,+0,+0,+0,20:35:01 21.03.2020
1991,+23.8,+26.5,+24,+24,+24.3,+23.8,+23.7,+24.4,+24.3,+24.1,+26,FULL,499,1,+0,+0,+0.0165,+0,+0.0384,+0,+0,+0,20:36:01 21.03.2020
1992,+23.8,+26.4,+24,+24,+24.3,+23.8,+23.7,+24.4,+24.3,+24.1,+26.1,FULL,499,0,+0,+0,+0.0165,+0,+0.0384,+0,+0,+0,20:37:01 21.03.2020
1993,+23.8,+26.4,+24,+24,+24.3,+23.8,+23.7,+24.4,+24.3,+24.1,+26.1,FULL,499,0,+0,+0,+0.0165,+0,+0.0384,+0,+0,+0,20:38:01 21.03.2020
1994,+23.8,+26.4,+24,+24,+24.3,+23.8,+23.7,+24.4,+24.3,+24.1,+26.1,FULL,500,1,+0,+0,+0.0165,+0,+0.0384,+0,+0,+0,20:39:01 21.03.2020
1995,+23.8,+26.4,+24,+24,+24.3,+23.8,+23.7,+24.4,+24.3,+24.1,+26,FULL,500,1,+0,+0,+0.0165,+0,+0.0386,+0,+0,+0,20:40:01 21.03.2020
1996,+23.8,+26.4,+24,+24,+24.3,+23.8,+23.7,+24.4,+24.3,+24.1,+26,FULL,500,1,+0,+0,+0.0165,+0,+0.0386,+0,+0,+0,20:41:01 21.03.2020
1997,+23.8,+26.3,+24,+24,+24.3,+23.8,+23.7,+24.4,+24.3,+24.1,+26.5,FULL,499,1,+0,+0,+0.0165,+0,+0.0384,+0,+0,+0,20:42:01 21.03.2020
1998,+23.8,+26.3,+24,+24,+24.3,+23.8,+23.7,+24.4,+24.3,+24.1,+26.1,FULL,499,1,+0,+0,+0.0165,+0,+0.0386,+0,+0,+0,20:43:01 21.03.2020
1999,+23.8,+26.4,+24,+24,+24.3,+23.8,+23.7,+24.4,+24.3,+24.1,+26,FULL,499,0,+0,+0,+0.0165,+0,+0.0386,+0,+0,+0,20:44:01 21.03.2020
2000,+23.8,+26.4,+24,+24,+24.3,+23.8,+23.7,+24.5,+24.3,+24.1,+26.1,FULL,500,1,+0,+0,+0.0166,+0,+0.0386,+0,+0,+0,20:45:01 21.03.2020
2001,+23.8,+26.3,+24,+24,+24.3,+23.8,+23.7,+24.5,+24.3,+24.1,+26,FULL,500,1,+0,+0,+0.0166,+0,+0.0386,+0,+0,+0,20:46:01 21.03.2020
2002,+23.8,+26.3,+24,+24,+24.3,+23.8,+23.7,+24.5,+24.3,+24.1,+26,FULL,500,1,+0,+0,+0.0166,+0,+0.0386,+0,+0,+0,20:47:01 21.03.2020
2003,+23.8,+26.3,+24,+24,+24.3,+23.8,+23.7,+24.4,+24.3,+24.1,+26.1,FULL,500,1,+0,+0,+0.0165,+0,+0.0386,+0,+0,+0,20:48:01 21.03.2020
2004,+23.8,+26.4,+24.1,+24,+24.3,+23.9,+23.7,+24.4,+24.3,+24.1,+26,FULL,500,1,+0,+0,+0.0165,+0,+0.0386,+0,+0,+0,20:49:01 21.03.2020
2005,+23.8,+26.3,+24,+24,+24.3,+23.8,+23.7,+24.4,+24.3,+24.1,+26.1,FULL,499,1,+0,+0,+0.0165,+0,+0.0386,+0,+0,+0,20:50:01 21.03.2020
2006,+23.8,+26.3,+24,+24,+24.3,+23.8,+23.7,+24.5,+24.3,+24.1,+26.1,FULL,499,0,+0,+0,+0.0166,+0,+0.0386,+0,+0,+0,20:51:01 21.03.2020
2007,+23.8,+26.3,+24,+24,+24.3,+23.9,+23.7,+24.5,+24.3,+24.1,+26,FULL,499,1,+0,+0,+0.0166,+0,+0.0386,+0,+0,+0,20:52:01 21.03.2020
2008,+23.8,+26.3,+24,+24,+24.3,+23.9,+23.7,+24.5,+24.3,+24.1,+26.1,FULL,500,1,+0,+0,+0.0166,+0,+0.0386,+0,+0,+0,20:53:01 21.03.2020
2009,+23.7,+26.3,+24,+24,+24.3,+23.8,+23.7,+24.5,+24.3,+24.1,+26.2,FULL,500,1,+0,+0,+0.0166,+0,+0.0386,+0,+0,+0,20:54:01 21.03.2020
2010,+23.7,+26.3,+24,+24,+24.3,+23.8,+23.7,+24.5,+24.3,+24.1,+26.1,FULL,500,1,+0,+0,+0.0166,+0,+0.0386,+0,+0,+0,20:55:01 21.03.2020
2011,+23.7,+26.3,+24,+24,+24.3,+23.8,+23.7,+24.5,+24.3,+24.1,+26.1,FULL,500,1,+0,+0,+0.0166,+0,+0.0386,+0,+0,+0,20:56:01 21.03.2020
2012,+23.7,+26.3,+24,+24,+24.3,+23.8,+23.7,+24.4,+24.3,+24.1,+26,FULL,499,1,+0,+0,+0.0165,+0,+0.0386,+0,+0,+0,20:57:01 21.03.2020
2013,+23.7,+26.3,+24,+24,+24.3,+23.8,+23.7,+24.4,+24.3,+24.1,+26.1,FULL,499,1,+0,+0,+0.0165,+0,+0.0386,+0,+0,+0,20:58:01 21.03.2020
2014,+23.7,+26.2,+24.1,+24,+24.3,+23.8,+23.7,+24.4,+24.3,+24.1,+26,FULL,499,0,+0,+0,+0.0165,+0,+0.0386,+0,+0,+0,20:59:01 21.03.2020
2015,+23.7,+26.2,+24,+24,+24.3,+23.8,+23.7,+24.4,+24.3,+24.1,+26.1,FULL,500,1,+0,+0,+0.0165,+0,+0.0386,+0,+0,+0,21:00:01 21.03.2020
2016,+23.7,+26.3,+24,+24,+24.3,+23.8,+23.7,+24.4,+24.3,+24.1,+26,FULL,500,1,+0,+0,+0.0165,+0,+0.0386,+0,+0,+0,21:01:01 21.03.2020
2017,+23.7,+26.3,+24,+24,+24.3,+23.8,+23.7,+24.4,+24.3,+24.1,+26.1,FULL,500,1,+0,+0,+0.0165,+0,+0.0386,+0,+0,+0,21:02:01 21.03.2020
2018,+23.7,+26.3,+24,+24,+24.3,+23.8,+23.7,+24.4,+24.3,+24.1,+26.1,FULL,499,1,+0,+0,+0.0165,+0,+0.0386,+0,+0,+0,21:03:01 21.03.2020
2019,+23.7,+26.4,+24,+24,+24.3,+23.8,+23.7,+24.4,+24.3,+24.1,+26,FULL,499,1,+0,+0,+0.0166,+0,+0.0386,+0,+0,+0,21:04:01 21.03.2020
2020,+23.7,+26.4,+24,+24,+24.3,+23.8,+23.7,+24.4,+24.3,+24.1,+26,FULL,499,1,+0,+0,+0.0165,+0,+0.0386,+0,+0,+0,21:05:01 21.03.2020
2021,+23.7,+26.4,+24,+24,+24.3,+23.8,+23.7,+24.4,+24.3,+24.1,+26.1,FULL,500,1,+0,+0,+0.0165,+0,+0.0386,+0,+0,+0,21:06:01 21.03.2020
2022,+23.7,+26.4,+24,+24,+24.3,+23.8,+23.7,+24.5,+24.3,+24.1,+26,FULL,500,1,+0,+0,+0.0166,+0,+0.0386,+0,+0,+0,21:07:01 21.03.2020
2023,+23.7,+26.4,+24,+24,+24.3,+23.8,+23.7,+24.5,+24.3,+24.1,+26,FULL,500,1,+0,+0,+0.0166,+0,+0.0386,+0,+0,+0,21:08:01 21.03.2020
2024,+23.7,+26.4,+24,+24,+24.3,+23.9,+23.7,+24.4,+24.3,+24.1,+26,FULL,500,1,+0,+0,+0.0165,+0,+0.0386,+0,+0,+0,21:09:01 21.03.2020
2025,+23.7,+26.4,+24,+24,+24.3,+23.9,+23.7,+24.4,+24.3,+24.1,+26,FULL,499,1,+0,+0,+0.0165,+0,+0.0386,+0,+0,+0,21:10:01 21.03.2020
2026,+23.7,+26.4,+24,+24,+24.3,+23.8,+23.7,+24.5,+24.3,+24.1,+26.1,FULL,499,1,+0,+0,+0.0166,+0,+0.0386,+0,+0,+0,21:11:01 21.03.2020
2027,+23.7,+26.4,+24,+24,+24.3,+23.9,+23.7,+24.4,+24.3,+24.1,+26.1,FULL,499,0,+0,+0,+0.0166,+0,+0.0386,+0,+0,+0,21:12:01 21.03.2020
2028,+23.7,+26.4,+24,+24,+24.3,+23.9,+23.7,+24.5,+24.3,+24.1,+26,FULL,499,1,+0,+0,+0.0166,+0,+0.0386,+0,+0,+0,21:13:01 21.03.2020
2029,+23.6,+26.4,+24,+24,+24.3,+23.9,+23.7,+24.4,+24.3,+24.1,+26,FULL,500,1,+0,+0,+0.0165,+0,+0.0386,+0,+0,+0,21:14:01 21.03.2020
2030,+23.6,+26.4,+24,+24,+24.3,+23.9,+23.7,+24.4,+24.3,+24.1,+26.1,FULL,500,1,+0,+0,+0.0165,+0,+0.0386,+0,+0,+0,21:15:01 21.03.2020
2031,+23.6,+26.4,+24,+24,+24.3,+23.9,+23.7,+24.4,+24.3,+24.1,+26,FULL,500,1,+0,+0,+0.0165,+0,+0.0386,+0,+0,+0,21:16:01 21.03.2020
2032,+23.6,+26.4,+24,+24,+24.3,+23.9,+23.7,+24.4,+24.3,+24.1,+26,FULL,499,1,+0,+0,+0.0165,+0,+0.0386,+0,+0,+0,21:17:01 21.03.2020
2033,+23.6,+26.4,+24,+24,+24.3,+23.9,+23.7,+24.4,+24.3,+24.1,+26.1,FULL,499,1,+0,+0,+0.0165,+0,+0.0386,+0,+0,+0,21:18:01 21.03.2020
2034,+23.6,+26.4,+24,+24,+24.3,+23.8,+23.7,+24.4,+24.3,+24.1,+26.2,FULL,499,0,+0,+0,+0.0165,+0,+0.0386,+0,+0,+0,21:19:01 21.03.2020
2035,+23.6,+26.4,+24,+24,+24.3,+23.8,+23.7,+24.4,+24.3,+24.1,+26.1,FULL,500,1,+0,+0,+0.0165,+0,+0.0386,+0,+0,+0,21:20:01 21.03.2020
2036,+23.6,+26.4,+24,+24,+24.3,+23.8,+23.7,+24.4,+24.3,+24.1,+26.1,FULL,500,1,+0,+0,+0.0165,+0,+0.0386,+0,+0,+0,21:21:01 21.03.2020
2037,+23.6,+26.4,+24,+24,+24.3,+23.8,+23.7,+24.4,+24.3,+24.1,+26,FULL,500,1,+0,+0,+0.0165,+0,+0.0384,+0,+0,+0,21:22:01 21.03.2020
2038,+23.6,+26.4,+24,+24,+24.3,+23.8,+23.7,+24.4,+24.3,+24.1,+26,FULL,500,1,+0,+0,+0.0165,+0,+0.0384,+0,+0,+0,21:23:01 21.03.2020
2039,+23.6,+26.4,+24,+24,+24.3,+23.8,+23.7,+24.4,+24.3,+24.1,+26.1,FULL,499,1,+0,+0,+0.0165,+0,+0.0384,+0,+0,+0,21:24:01 21.03.2020
2040,+23.6,+26.4,+24,+24,+24.3,+23.8,+23.7,+24.4,+24.3,+24.1,+26.1,FULL,499,1,+0,+0,+0.0165,+0,+0.0384,+0,+0,+0,21:25:01 21.03.2020
2041,+23.6,+26.4,+24,+24,+24.3,+23.8,+23.7,+24.4,+24.3,+24.1,+26,FULL,499,0,+0,+0,+0.0165,+0,+0.0384,+0,+0,+0,21:26:01 21.03.2020
2042,+23.6,+26.4,+24,+24,+24.3,+23.8,+23.7,+24.4,+24.3,+24.1,+26.2,FULL,500,1,+0,+0,+0.0165,+0,+0.0386,+0,+0,+0,21:27:01 21.03.2020
2043,+23.6,+26.4,+24,+24,+24.3,+23.8,+23.7,+24.4,+24.3,+24.1,+26,FULL,500,1,+0,+0,+0.0165,+0,+0.0386,+0,+0,+0,21:28:01 21.03.2020
2044,+23.6,+26.4,+24,+24,+24.3,+23.8,+23.7,+24.4,+24.3,+24.1,+26.1,FULL,500,1,+0,+0,+0.0165,+0,+0.0386,+0,+0,+0,21:29:01 21.03.2020
2045,+23.6,+26.4,+24,+24,+24.3,+23.8,+23.7,+24.4,+24.3,+24.1,+26,FULL,500,1,+0,+0,+0.0165,+0,+0.0386,+0,+0,+0,21:30:01 21.03.2020
2046,+23.6,+26.4,+24,+24,+24.3,+23.8,+23.7,+24.4,+24.3,+24.1,+26,FULL,499,1,+0,+0,+0.0165,+0,+0.0386,+0,+0,+0,21:31:01 21.03.2020
2047,+23.6,+26.4,+24,+24,+24.3,+23.8,+23.7,+24.4,+24.3,+24.1,+26,FULL,499,1,+0,+0,+0.0165,+0,+0.0386,+0,+0,+0,21:32:01 21.03.2020
2048,+23.6,+26.4,+24,+24,+24.3,+23.8,+23.7,+24.4,+24.3,+24.1,+26.1,FULL,499,0,+0,+0,+0.0165,+0,+0.0386,+0,+0,+0,21:33:01 21.03.2020
2049,+23.6,+26.3,+24,+24,+24.3,+23.8,+23.7,+24.4,+24.3,+24.1,+26,FULL,500,1,+0,+0,+0.0165,+0,+0.0386,+0,+0,+0,21:34:01 21.03.2020
2050,+23.6,+26.3,+24,+24,+24.3,+23.8,+23.7,+24.4,+24.3,+24.1,+26,FULL,500,1,+0,+0,+0.0165,+0,+0.0386,+0,+0,+0,21:35:01 21.03.2020
2051,+23.6,+26.3,+24,+24,+24.3,+23.9,+23.7,+24.4,+24.3,+24.1,+26,FULL,500,1,+0,+0,+0.0165,+0,+0.0386,+0,+0,+0,21:36:01 21.03.2020
2052,+23.6,+26.4,+24,+24,+24.3,+23.9,+23.7,+24.4,+24.3,+24.1,+26,FULL,499,1,+0,+0,+0.0165,+0,+0.0387,+0,+0,+0,21:37:01 21.03.2020
2053,+23.5,+26.3,+24,+24,+24.3,+23.9,+23.7,+24.4,+24.3,+24.1,+26.1,FULL,499,1,+0,+0,+0.0165,+0,+0.0386,+0,+0,+0,21:38:01 21.03.2020
2054,+23.5,+26.3,+24,+24,+24.3,+23.9,+23.7,+24.4,+24.3,+24.1,+26.2,FULL,499,1,+0,+0,+0.0165,+0,+0.0386,+0,+0,+0,21:39:01 21.03.2020
2055,+23.5,+26.3,+24,+24,+24.3,+23.9,+23.7,+24.4,+24.3,+24.1,+26,FULL,499,0,+0,+0,+0.0165,+0,+0.0386,+0,+0,+0,21:40:01 21.03.2020
2056,+23.5,+26.3,+24,+24,+24.3,+23.9,+23.7,+24.4,+24.3,+24.1,+26.2,FULL,500,1,+0,+0,+0.0165,+0,+0.0387,+0,+0,+0,21:41:01 21.03.2020
2057,+23.5,+26.3,+24,+24,+24.3,+23.9,+23.8,+24.4,+24.3,+24.1,+26.1,FULL,500,1,+0,+0,+0.0165,+0,+0.0387,+0,+0,+0,21:42:01 21.03.2020
2058,+23.5,+26.3,+24,+24,+24.3,+23.9,+23.8,+24.4,+24.3,+24.1,+26,FULL,500,1,+0,+0,+0.0165,+0,+0.0386,+0,+0,+0,21:43:01 21.03.2020
2059,+23.5,+26.3,+24,+24,+24.3,+23.9,+23.7,+24.4,+24.3,+24.1,+26,FULL,500,1,+0,+0,+0.0165,+0,+0.0387,+0,+0,+0,21:44:01 21.03.2020
2060,+23.5,+26.3,+24,+24,+24.3,+23.9,+23.8,+24.4,+24.3,+24.1,+26,FULL,499,1,+0,+0,+0.0165,+0,+0.0387,+0,+0,+0,21:45:01 21.03.2020
2061,+23.5,+26.3,+24,+24,+24.3,+23.9,+23.8,+24.4,+24.3,+24.1,+26,FULL,499,1,+0,+0,+0.0165,+0,+0.0387,+0,+0,+0,21:46:01 21.03.2020
2062,+23.5,+26.2,+24,+24,+24.3,+23.9,+23.8,+24.4,+24.3,+24.1,+26,FULL,499,0,+0,+0,+0.0165,+0,+0.0386,+0,+0,+0,21:47:01 21.03.2020
2063,+23.5,+26.3,+24,+24,+24.3,+23.9,+23.8,+24.4,+24.3,+24.1,+26.1,FULL,500,1,+0,+0,+0.0165,+0,+0.0387,+0,+0,+0,21:48:01 21.03.2020
2064,+23.5,+26.2,+24,+24,+24.3,+23.9,+23.8,+24.4,+24.3,+24.1,+26.1,FULL,500,1,+0,+0,+0.0165,+0,+0.0387,+0,+0,+0,21:49:01 21.03.2020
2065,+23.5,+26.3,+24,+24,+24.3,+23.9,+23.8,+24.4,+24.3,+24.1,+26,FULL,500,1,+0,+0,+0.0165,+0,+0.0387,+0,+0,+0,21:50:01 21.03.2020
2066,+23.5,+26.2,+24,+24,+24.3,+23.9,+23.8,+24.5,+24.3,+24.1,+26,FULL,499,1,+0,+0,+0.0166,+0,+0.0387,+0,+0,+0,21:51:01 21.03.2020
2067,+23.5,+26.2,+24,+24,+24.3,+23.9,+23.8,+24.5,+24.3,+24.1,+26.1,FULL,499,1,+0,+0,+0.0166,+0,+0.0387,+0,+0,+0,21:52:01 21.03.2020
2068,+23.5,+26.2,+24,+24,+24.3,+23.9,+23.8,+24.4,+24.3,+24.1,+26,FULL,499,1,+0,+0,+0.0165,+0,+0.0387,+0,+0,+0,21:53:01 21.03.2020
2069,+23.5,+26.3,+24,+24,+24.3,+23.9,+23.8,+24.4,+24.3,+24.1,+26,FULL,499,1,+0,+0,+0.0165,+0,+0.0387,+0,+0,+0,21:54:01 21.03.2020
2070,+23.5,+26.3,+24,+24,+24.3,+23.9,+23.8,+24.4,+24.3,+24.1,+26.1,FULL,500,1,+0,+0,+0.0165,+0,+0.0386,+0,+0,+0,21:55:01 21.03.2020
2071,+23.4,+26.3,+24,+24,+24.3,+23.9,+23.8,+24.4,+24.3,+24.1,+26.1,FULL,500,1,+0,+0,+0.0165,+0,+0.0386,+0,+0,+0,21:56:01 21.03.2020
2072,+23.4,+26.3,+24,+24,+24.3,+23.9,+23.8,+24.5,+24.3,+24.1,+26,FULL,500,1,+0,+0,+0.0166,+0,+0.0386,+0,+0,+0,21:57:01 21.03.2020
2073,+23.4,+26.3,+24,+24,+24.3,+23.8,+23.8,+24.4,+24.3,+24.1,+26.1,FULL,499,1,+0,+0,+0.0165,+0,+0.0386,+0,+0,+0,21:58:01 21.03.2020
2074,+23.4,+26.4,+24,+24,+24.3,+23.8,+23.8,+24.4,+24.3,+24.1,+26,FULL,499,1,+0,+0,+0.0165,+0,+0.0384,+0,+0,+0,21:59:01 21.03.2020
2075,+23.4,+26.4,+24,+24,+24.3,+23.8,+23.8,+24.4,+24.3,+24.1,+26.1,FULL,499,0,+0,+0,+0.0165,+0,+0.0384,+0,+0,+0,22:00:01 21.03.2020
2076,+23.4,+26.4,+24,+24,+24.3,+23.8,+23.8,+24.4,+24.3,+24.1,+26.1,FULL,499,1,+0,+0,+0.0165,+0,+0.0384,+0,+0,+0,22:01:01 21.03.2020
2077,+23.4,+26.4,+24,+24,+24.3,+23.8,+23.8,+24.4,+24.3,+24.1,+26,FULL,500,1,+0,+0,+0.0165,+0,+0.0384,+0,+0,+0,22:02:01 21.03.2020
2078,+23.4,+26.4,+24,+24,+24.3,+23.8,+23.8,+24.4,+24.3,+24.1,+26.2,FULL,500,1,+0,+0,+0.0165,+0,+0.0384,+0,+0,+0,22:03:01 21.03.2020
2079,+23.4,+26.4,+24,+24,+24.3,+23.8,+23.8,+24.4,+24.3,+24.1,+26,FULL,500,1,+0,+0,+0.0165,+0,+0.0384,+0,+0,+0,22:04:01 21.03.2020
2080,+23.4,+26.4,+24,+24,+24.3,+23.8,+23.8,+24.4,+24.3,+24.1,+26,FULL,500,1,+0,+0,+0.0165,+0,+0.0384,+0,+0,+0,22:05:01 21.03.2020
2081,+23.4,+26.4,+24,+24,+24.3,+23.8,+23.8,+24.4,+24.3,+24.1,+26,FULL,499,1,+0,+0,+0.0165,+0,+0.0384,+0,+0,+0,22:06:01 21.03.2020
2082,+23.4,+26.4,+24,+24,+24.3,+23.8,+23.8,+24.4,+24.3,+24.1,+26,FULL,499,0,+0,+0,+0.0165,+0,+0.0386,+0,+0,+0,22:07:01 21.03.2020
2083,+23.4,+26.4,+24,+24,+24.3,+23.8,+23.8,+24.4,+24.3,+24.1,+26,FULL,499,1,+0,+0,+0.0165,+0,+0.0386,+0,+0,+0,22:08:01 21.03.2020
2084,+23.4,+26.4,+24,+24,+24.3,+23.8,+23.8,+24.4,+24.3,+24.1,+26.1,FULL,500,1,+0,+0,+0.0165,+0,+0.0386,+0,+0,+0,22:09:01 21.03.2020
2085,+23.4,+26.4,+24,+24,+24.3,+23.8,+23.8,+24.4,+24.3,+24.1,+26.1,FULL,500,1,+0,+0,+0.0165,+0,+0.0386,+0,+0,+0,22:10:01 21.03.2020
2086,+23.4,+26.4,+24,+24,+24.3,+23.8,+23.8,+24.4,+24.3,+24.1,+26,FULL,500,1,+0,+0,+0.0165,+0,+0.0386,+0,+0,+0,22:11:01 21.03.2020
2087,+23.4,+26.4,+24,+24,+24.3,+23.8,+23.8,+24.4,+24.3,+24.1,+26,FULL,499,1,+0,+0,+0.0165,+0,+0.0386,+0,+0,+0,22:12:01 21.03.2020
2088,+23.4,+26.4,+24,+24,+24.3,+23.9,+23.8,+24.4,+24.3,+24.1,+26,FULL,499,1,+0,+0,+0.0165,+0,+0.0386,+0,+0,+0,22:13:01 21.03.2020
2089,+23.4,+26.4,+24,+24,+24.3,+23.9,+23.8,+24.4,+24.3,+24.1,+26,FULL,499,1,+0,+0,+0.0165,+0,+0.0386,+0,+0,+0,22:14:01 21.03.2020
2090,+23.4,+26.4,+24,+24,+24.3,+23.9,+23.8,+24.4,+24.3,+24.1,+26.2,FULL,499,0,+0,+0,+0.0165,+0,+0.0386,+0,+0,+0,22:15:01 21.03.2020
2091,+23.4,+26.4,+24,+24,+24.3,+23.9,+23.8,+24.4,+24.3,+24.1,+26.1,FULL,500,1,+0,+0,+0.0165,+0,+0.0386,+0,+0,+0,22:16:01 21.03.2020
2092,+23.3,+26.4,+24,+24,+24.3,+23.9,+23.8,+24.4,+24.3,+24.1,+26,FULL,500,1,+0,+0,+0.0165,+0,+0.0386,+0,+0,+0,22:17:01 21.03.2020
2093,+23.3,+26.4,+24,+24,+24.3,+23.9,+23.8,+24.4,+24.3,+24.1,+26.1,FULL,500,1,+0,+0,+0.0165,+0,+0.0386,+0,+0,+0,22:18:01 21.03.2020
2094,+23.3,+26.4,+24,+24,+24.3,+23.9,+23.8,+24.4,+24.3,+24.1,+26,FULL,499,1,+0,+0,+0.0165,+0,+0.0386,+0,+0,+0,22:19:01 21.03.2020
2095,+23.3,+26.4,+24,+24,+24.3,+23.9,+23.8,+24.4,+24.3,+24.1,+26.1,FULL,499,1,+0,+0,+0.0165,+0,+0.0386,+0,+0,+0,22:20:01 21.03.2020
2096,+23.3,+26.5,+24,+24,+24.3,+23.9,+23.8,+24.4,+24.3,+24.1,+26,FULL,499,0,+0,+0,+0.0165,+0,+0.0387,+0,+0,+0,22:21:01 21.03.2020
2097,+23.3,+26.3,+24,+24,+24.3,+23.9,+23.8,+24.4,+24.3,+24.1,+26,FULL,499,1,+0,+0,+0.0165,+0,+0.0386,+0,+0,+0,22:22:01 21.03.2020
2098,+23.3,+26.3,+24,+24,+24.3,+23.9,+23.8,+24.4,+24.3,+24.1,+26.2,FULL,500,1,+0,+0,+0.0165,+0,+0.0386,+0,+0,+0,22:23:01 21.03.2020
2099,+23.3,+26.3,+24,+24,+24.3,+23.9,+23.8,+24.4,+24.3,+24.1,+26,FULL,500,1,+0,+0,+0.0165,+0,+0.0387,+0,+0,+0,22:24:01 21.03.2020
2100,+23.3,+26.4,+24,+24,+24.3,+23.9,+23.8,+24.4,+24.3,+24.1,+26,FULL,500,1,+0,+0,+0.0165,+0,+0.0387,+0,+0,+0,22:25:01 21.03.2020
2101,+23.3,+26.3,+24,+24,+24.3,+23.9,+23.8,+24.4,+24.3,+24.1,+26,FULL,499,1,+0,+0,+0.0165,+0,+0.0386,+0,+0,+0,22:26:01 21.03.2020
2102,+23.3,+26.3,+24,+24,+24.3,+23.9,+23.8,+24.4,+24.3,+24.1,+26.1,FULL,499,1,+0,+0,+0.0165,+0,+0.0386,+0,+0,+0,22:27:01 21.03.2020
2103,+23.3,+26.3,+24,+24,+24.3,+23.9,+23.8,+24.4,+24.3,+24.1,+26,FULL,499,0,+0,+0,+0.0165,+0,+0.0387,+0,+0,+0,22:28:01 21.03.2020
2104,+23.3,+26.3,+24,+24,+24.3,+23.9,+23.8,+24.4,+24.3,+24.1,+26,FULL,499,1,+0,+0,+0.0165,+0,+0.0387,+0,+0,+0,22:29:01 21.03.2020
2105,+23.3,+26.3,+24,+24,+24.3,+23.9,+23.8,+24.4,+24.3,+24.1,+26,FULL,500,1,+0,+0,+0.0165,+0,+0.0387,+0,+0,+0,22:30:01 21.03.2020
2106,+23.3,+26.2,+24,+24,+24.3,+23.9,+23.8,+24.4,+24.3,+24.1,+26,FULL,500,1,+0,+0,+0.0165,+0,+0.0386,+0,+0,+0,22:31:01 21.03.2020
2107,+23.3,+26.3,+24,+24,+24.3,+23.9,+23.8,+24.4,+24.3,+24.1,+26,FULL,500,1,+0,+0,+0.0165,+0,+0.0387,+0,+0,+0,22:32:01 21.03.2020
2108,+23.3,+26.3,+24,+24,+24.3,+23.9,+23.8,+24.4,+24.3,+24.1,+26,FULL,499,1,+0,+0,+0.0165,+0,+0.0387,+0,+0,+0,22:33:01 21.03.2020
2109,+23.3,+26.4,+24,+24,+24.3,+23.9,+23.8,+24.4,+24.3,+24.1,+26,FULL,499,1,+0,+0,+0.0165,+0,+0.0387,+0,+0,+0,22:34:01 21.03.2020
2110,+23.3,+26.2,+24,+24,+24.3,+23.9,+23.8,+24.4,+24.3,+24.1,+26,FULL,499,0,+0,+0,+0.0165,+0,+0.0386,+0,+0,+0,22:35:01 21.03.2020
2111,+23.3,+26.3,+24,+24,+24.3,+23.9,+23.8,+24.4,+24.3,+24.1,+26.1,FULL,499,0,+0,+0,+0.0165,+0,+0.0387,+0,+0,+0,22:36:01 21.03.2020
2112,+23.3,+26.2,+24,+24,+24.3,+23.9,+23.8,+24.4,+24.3,+24.1,+26,FULL,500,1,+0,+0,+0.0165,+0,+0.0387,+0,+0,+0,22:37:01 21.03.2020
2113,+23.3,+26.3,+24,+24,+24.3,+23.9,+23.8,+24.4,+24.3,+24.1,+26.1,FULL,500,1,+0,+0,+0.0165,+0,+0.0387,+0,+0,+0,22:38:01 21.03.2020
2114,+23.3,+26.2,+24,+24,+24.3,+23.9,+23.8,+24.4,+24.3,+24.1,+26,FULL,500,1,+0,+0,+0.0165,+0,+0.0387,+0,+0,+0,22:39:01 21.03.2020
2115,+23.3,+26.2,+24,+24,+24.3,+23.9,+23.8,+24.4,+24.3,+24.1,+26,FULL,499,1,+0,+0,+0.0165,+0,+0.0387,+0,+0,+0,22:40:01 21.03.2020
2116,+23.3,+26.2,+24,+24,+24.3,+23.9,+23.8,+24.4,+24.3,+24.1,+26,FULL,499,1,+0,+0,+0.0165,+0,+0.0386,+0,+0,+0,22:41:01 21.03.2020
2117,+23.3,+26.3,+24.1,+24,+24.3,+23.9,+23.8,+24.4,+24.3,+24.1,+26.1,FULL,499,0,+0,+0,+0.0165,+0,+0.0386,+0,+0,+0,22:42:01 21.03.2020
2118,+23.2,+26.2,+24,+24,+24.3,+23.8,+23.8,+24.4,+24.3,+24.1,+26,FULL,500,1,+0,+0,+0.0165,+0,+0.0386,+0,+0,+0,22:43:01 21.03.2020
2119,+23.2,+26.2,+24,+24,+24.3,+23.8,+23.8,+24.4,+24.3,+24.1,+26,FULL,500,1,+0,+0,+0.0165,+0,+0.0386,+0,+0,+0,22:44:01 21.03.2020
2120,+23.2,+26.2,+24,+24,+24.3,+23.8,+23.8,+24.4,+24.3,+24.1,+26,FULL,500,1,+0,+0,+0.0165,+0,+0.0384,+0,+0,+0,22:45:01 21.03.2020
2121,+23.2,+26.2,+24,+24,+24.3,+23.8,+23.8,+24.4,+24.3,+24.1,+26,FULL,500,1,+0,+0,+0.0165,+0,+0.0384,+0,+0,+0,22:46:01 21.03.2020
2122,+23.2,+26.2,+24,+24,+24.3,+23.8,+23.8,+24.4,+24.3,+24.1,+26.1,FULL,499,1,+0,+0,+0.0165,+0,+0.0384,+0,+0,+0,22:47:01 21.03.2020
2123,+23.2,+26.3,+24,+24,+24.3,+23.8,+23.8,+24.4,+24.3,+24.1,+26,FULL,499,1,+0,+0,+0.0165,+0,+0.0385,+0,+0,+0,22:48:01 21.03.2020
2124,+23.2,+26.3,+24,+24,+24.3,+23.8,+23.8,+24.4,+24.3,+24.1,+26,FULL,499,0,+0,+0,+0.0165,+0,+0.0384,+0,+0,+0,22:49:01 21.03.2020
2125,+23.2,+26.3,+24,+24,+24.3,+23.8,+23.8,+24.4,+24.3,+24.1,+26,FULL,500,1,+0,+0,+0.0165,+0,+0.0384,+0,+0,+0,22:50:01 21.03.2020
2126,+23.2,+26.3,+24,+24,+24.3,+23.8,+23.8,+24.4,+24.3,+24.1,+26,FULL,500,1,+0,+0,+0.0165,+0,+0.0385,+0,+0,+0,22:51:01 21.03.2020
2127,+23.2,+26.3,+24,+24,+24.3,+23.8,+23.8,+24.4,+24.3,+24.1,+26.1,FULL,500,1,+0,+0,+0.0165,+0,+0.0386,+0,+0,+0,22:52:01 21.03.2020
2128,+23.2,+26.3,+24,+24,+24.3,+23.8,+23.8,+24.4,+24.3,+24.1,+26,FULL,500,1,+0,+0,+0.0165,+0,+0.0386,+0,+0,+0,22:53:01 21.03.2020
2129,+23.2,+26.3,+24,+24,+24.3,+23.8,+23.8,+24.4,+24.3,+24.1,+26,FULL,499,1,+0,+0,+0.0165,+0,+0.0386,+0,+0,+0,22:54:01 21.03.2020
2130,+23.2,+26.4,+24,+24,+24.3,+23.8,+23.8,+24.4,+24.3,+24.1,+26,FULL,499,1,+0,+0,+0.0165,+0,+0.0386,+0,+0,+0,22:55:01 21.03.2020
2131,+23.2,+26.4,+24,+24,+24.3,+23.9,+23.8,+24.4,+24.3,+24.1,+26,FULL,499,0,+0,+0,+0.0165,+0,+0.0386,+0,+0,+0,22:56:01 21.03.2020
2132,+23.2,+26.4,+24,+24,+24.3,+23.9,+23.8,+24.4,+24.3,+24.1,+26,FULL,499,1,+0,+0,+0.0165,+0,+0.0386,+0,+0,+0,22:57:01 21.03.2020
2133,+23.2,+26.4,+24,+24,+24.3,+23.9,+23.8,+24.4,+24.3,+24.1,+26,FULL,500,1,+0,+0,+0.0165,+0,+0.0386,+0,+0,+0,22:58:01 21.03.2020
2134,+23.2,+26.4,+24,+24,+24.3,+23.9,+23.8,+24.4,+24.3,+24.1,+26,FULL,500,1,+0,+0,+0.0165,+0,+0.0386,+0,+0,+0,22:59:01 21.03.2020
2135,+23.2,+26.4,+24,+24,+24.3,+23.9,+23.8,+24.4,+24.3,+24.1,+26.1,FULL,499,1,+0,+0,+0.0165,+0,+0.0386,+0,+0,+0,23:00:01 21.03.2020
2136,+23.2,+26.4,+24,+24,+24.3,+23.9,+23.8,+24.4,+24.3,+24.1,+26,FULL,499,1,+0,+0,+0.0165,+0,+0.0386,+0,+0,+0,23:01:01 21.03.2020
2137,+23.2,+26.4,+24,+24,+24.3,+23.9,+23.8,+24.4,+24.3,+24.1,+26,FULL,499,1,+0,+0,+0.0165,+0,+0.0386,+0,+0,+0,23:02:01 21.03.2020
2138,+23.2,+26.4,+24,+24,+24.3,+23.9,+23.8,+24.4,+24.3,+24.1,+26,FULL,499,0,+0,+0,+0.0165,+0,+0.0386,+0,+0,+0,23:03:01 21.03.2020
2139,+23.2,+26.4,+24,+24,+24.3,+23.9,+23.8,+24.4,+24.3,+24.1,+26,FULL,500,1,+0,+0,+0.0165,+0,+0.0386,+0,+0,+0,23:04:01 21.03.2020
2140,+23.2,+26.4,+24,+24,+24.3,+23.9,+23.8,+24.4,+24.3,+24.1,+26,FULL,500,1,+0,+0,+0.0165,+0,+0.0386,+0,+0,+0,23:05:01 21.03.2020
2141,+23.2,+26.4,+24,+24,+24.3,+23.9,+23.8,+24.4,+24.3,+24.1,+26.1,FULL,500,1,+0,+0,+0.0165,+0,+0.0386,+0,+0,+0,23:06:01 21.03.2020
2142,+23.2,+26.4,+24,+24,+24.3,+23.9,+23.8,+24.4,+24.3,+24.1,+26.1,FULL,499,1,+0,+0,+0.0165,+0,+0.0386,+0,+0,+0,23:07:01 21.03.2020
2143,+23.2,+26.4,+24,+24,+24.3,+23.9,+23.8,+24.4,+24.3,+24.1,+26.1,FULL,499,1,+0,+0,+0.0165,+0,+0.0386,+0,+0,+0,23:08:01 21.03.2020
2144,+23.2,+26.4,+24,+24.1,+24.3,+23.9,+23.8,+24.4,+24.3,+24.1,+26,FULL,499,1,+0,+0,+0.0165,+0,+0.0386,+0,+0,+0,23:09:01 21.03.2020
2145,+23.2,+26.4,+24,+24,+24.3,+23.9,+23.8,+24.4,+24.3,+24.1,+26,FULL,499,0,+0,+0,+0.0165,+0,+0.0386,+0,+0,+0,23:10:01 21.03.2020
2146,+23.2,+26.4,+24,+24,+24.3,+23.9,+23.8,+24.4,+24.3,+24.1,+26.1,FULL,500,1,+0,+0,+0.0165,+0,+0.0386,+0,+0,+0,23:11:01 21.03.2020
2147,+23.2,+26.4,+24,+24,+24.3,+23.9,+23.8,+24.4,+24.3,+24.1,+26.1,FULL,500,1,+0,+0,+0.0165,+0,+0.0386,+0,+0,+0,23:12:01 21.03.2020
2148,+23.2,+26.4,+24,+24.1,+24.3,+23.9,+23.8,+24.4,+24.3,+24.1,+26.1,FULL,500,1,+0,+0,+0.0165,+0,+0.0387,+0,+0,+0,23:13:01 21.03.2020
2149,+23.1,+26.4,+24,+24.1,+24.3,+23.9,+23.8,+24.4,+24.3,+24.1,+26,FULL,499,1,+0,+0,+0.0165,+0,+0.0386,+0,+0,+0,23:14:01 21.03.2020
2150,+23.1,+26.3,+24,+24,+24.3,+23.9,+23.8,+24.4,+24.3,+24.1,+26.1,FULL,499,1,+0,+0,+0.0165,+0,+0.0386,+0,+0,+0,23:15:01 21.03.2020
2151,+23.1,+26.3,+24,+24,+24.3,+23.9,+23.8,+24.4,+24.3,+24.1,+26,FULL,499,0,+0,+0,+0.0165,+0,+0.0387,+0,+0,+0,23:16:01 21.03.2020
2152,+23.1,+26.3,+24,+24,+24.3,+23.9,+23.8,+24.4,+24.3,+24.1,+26,FULL,499,0,+0,+0,+0.0165,+0,+0.0387,+0,+0,+0,23:17:01 21.03.2020
2153,+23.1,+26.4,+24,+24,+24.3,+23.9,+23.8,+24.4,+24.3,+24.1,+26,FULL,500,1,+0,+0,+0.0165,+0,+0.0387,+0,+0,+0,23:18:01 21.03.2020
2154,+23.1,+26.3,+24,+24,+24.3,+23.9,+23.8,+24.4,+24.3,+24.1,+26,FULL,500,1,+0,+0,+0.0165,+0,+0.0386,+0,+0,+0,23:19:01 21.03.2020
2155,+23.1,+26.3,+24,+24,+24.3,+23.9,+23.8,+24.4,+24.3,+24.1,+26,FULL,500,1,+0,+0,+0.0165,+0,+0.0387,+0,+0,+0,23:20:01 21.03.2020
2156,+23.1,+26.3,+24,+24,+24.3,+23.9,+23.8,+24.4,+24.3,+24.1,+26,FULL,499,1,+0,+0,+0.0165,+0,+0.0387,+0,+0,+0,23:21:01 21.03.2020
2157,+23.1,+26.3,+24,+24,+24.3,+23.9,+23.8,+24.4,+24.3,+24.1,+26,FULL,499,1,+0,+0,+0.0165,+0,+0.0387,+0,+0,+0,23:22:01 21.03.2020
2158,+23.1,+26.3,+24,+24,+24.3,+23.9,+23.8,+24.4,+24.3,+24.1,+26.1,FULL,499,0,+0,+0,+0.0165,+0,+0.0386,+0,+0,+0,23:23:01 21.03.2020
2159,+23.1,+26.2,+24,+24,+24.3,+23.9,+23.8,+24.4,+24.3,+24.1,+26.1,FULL,500,1,+0,+0,+0.0165,+0,+0.0387,+0,+0,+0,23:24:01 21.03.2020
2160,+23.1,+26.2,+24,+24,+24.3,+23.9,+23.8,+24.4,+24.3,+24.1,+26,FULL,500,1,+0,+0,+0.0165,+0,+0.0387,+0,+0,+0,23:25:01 21.03.2020
2161,+23.1,+26.3,+24,+24,+24.3,+23.9,+23.8,+24.4,+24.3,+24.1,+26,FULL,500,1,+0,+0,+0.0165,+0,+0.0387,+0,+0,+0,23:26:01 21.03.2020
2162,+23.1,+26.3,+24,+24,+24.3,+23.9,+23.8,+24.4,+24.3,+24.1,+26.2,FULL,500,1,+0,+0,+0.0165,+0,+0.0387,+0,+0,+0,23:27:01 21.03.2020
2163,+23.1,+26.2,+24.1,+24,+24.3,+23.9,+23.8,+24.4,+24.3,+24.1,+26,FULL,499,1,+0,+0,+0.0165,+0,+0.0387,+0,+0,+0,23:28:01 21.03.2020
2164,+23.1,+26.2,+24,+24,+24.3,+23.9,+23.8,+24.4,+24.3,+24.1,+26,FULL,499,1,+0,+0,+0.0165,+0,+0.0387,+0,+0,+0,23:29:01 21.03.2020
2165,+23.1,+26.2,+24,+24,+24.3,+23.9,+23.8,+24.4,+24.3,+24.1,+26.1,FULL,499,0,+0,+0,+0.0165,+0,+0.0387,+0,+0,+0,23:30:01 21.03.2020
2166,+23.1,+26.3,+24,+24,+24.3,+23.9,+23.8,+24.4,+24.3,+24.1,+26,FULL,499,1,+0,+0,+0.0165,+0,+0.0387,+0,+0,+0,23:31:01 21.03.2020
2167,+23.1,+26.2,+24,+24,+24.3,+23.9,+23.8,+24.4,+24.3,+24.1,+26.1,FULL,500,1,+0,+0,+0.0165,+0,+0.0387,+0,+0,+0,23:32:01 21.03.2020
2168,+23.1,+26.2,+24,+24,+24.3,+23.9,+23.8,+24.4,+24.3,+24.1,+26.1,FULL,500,1,+0,+0,+0.0165,+0,+0.0387,+0,+0,+0,23:33:01 21.03.2020
2169,+23.1,+26.2,+24,+24,+24.3,+23.9,+23.8,+24.4,+24.3,+24.1,+26,FULL,500,1,+0,+0,+0.0165,+0,+0.0387,+0,+0,+0,23:34:01 21.03.2020
2170,+23.1,+26.3,+24,+24,+24.3,+23.9,+23.8,+24.4,+24.3,+24.1,+26,FULL,499,1,+0,+0,+0.0165,+0,+0.0387,+0,+0,+0,23:35:01 21.03.2020
2171,+23.1,+26.2,+24,+24,+24.3,+23.9,+23.8,+24.4,+24.3,+24.1,+26.1,FULL,499,1,+0,+0,+0.0165,+0,+0.0387,+0,+0,+0,23:36:01 21.03.2020
2172,+23.1,+26.2,+24,+24,+24.3,+23.9,+23.8,+24.4,+24.3,+24.1,+26,FULL,499,0,+0,+0,+0.0165,+0,+0.0387,+0,+0,+0,23:37:01 21.03.2020
2173,+23.1,+26.2,+24,+24,+24.3,+23.9,+23.8,+24.4,+24.3,+24.1,+26,FULL,499,1,+0,+0,+0.0165,+0,+0.0387,+0,+0,+0,23:38:01 21.03.2020
2174,+23.1,+26.2,+24,+24,+24.3,+23.9,+23.8,+24.4,+24.3,+24.1,+26,FULL,500,1,+0,+0,+0.0165,+0,+0.0387,+0,+0,+0,23:39:01 21.03.2020
2175,+23.1,+26.2,+24,+24,+24.3,+23.9,+23.8,+24.4,+24.3,+24.1,+26.1,FULL,500,1,+0,+0,+0.0165,+0,+0.0386,+0,+0,+0,23:40:01 21.03.2020
2176,+23.1,+26.3,+24,+24,+24.3,+23.9,+23.8,+24.4,+24.3,+24.1,+26.1,FULL,500,1,+0,+0,+0.0165,+0,+0.0386,+0,+0,+0,23:41:01 21.03.2020
2177,+23.1,+26.3,+24,+24,+24.3,+23.9,+23.8,+24.4,+24.3,+24.1,+26.1,FULL,499,1,+0,+0,+0.0165,+0,+0.0386,+0,+0,+0,23:42:01 21.03.2020
2178,+23.1,+26.3,+24,+24,+24.3,+23.9,+23.8,+24.4,+24.3,+24.1,+26,FULL,499,1,+0,+0,+0.0165,+0,+0.0386,+0,+0,+0,23:43:01 21.03.2020
2179,+23.1,+26.3,+24,+24,+24.3,+23.9,+23.8,+24.4,+24.3,+24.1,+26,FULL,499,1,+0,+0,+0.0165,+0,+0.0386,+0,+0,+0,23:44:01 21.03.2020
2180,+23,+26.3,+24,+24,+24.3,+23.9,+23.8,+24.4,+24.3,+24.1,+26,FULL,499,1,+0,+0,+0.0165,+0,+0.0386,+0,+0,+0,23:45:01 21.03.2020
2181,+23.1,+26.3,+24,+24,+24.3,+23.9,+23.8,+24.4,+24.3,+24.1,+26,FULL,500,1,+0,+0,+0.0165,+0,+0.0386,+0,+0,+0,23:46:01 21.03.2020
2182,+23,+26.3,+24,+24,+24.3,+23.9,+23.8,+24.4,+24.3,+24.1,+26,FULL,500,1,+0,+0,+0.0165,+0,+0.0386,+0,+0,+0,23:47:01 21.03.2020
2183,+23,+26.3,+24,+24,+24.3,+23.9,+23.8,+24.4,+24.3,+24.1,+26.1,FULL,500,1,+0,+0,+0.0165,+0,+0.0386,+0,+0,+0,23:48:01 21.03.2020
2184,+23,+26.3,+24,+24,+24.3,+23.9,+23.8,+24.4,+24.3,+24.1,+26,FULL,499,1,+0,+0,+0.0165,+0,+0.0386,+0,+0,+0,23:49:01 21.03.2020
2185,+23,+26.4,+24,+24,+24.3,+23.9,+23.8,+24.4,+24.3,+24.1,+26,FULL,499,1,+0,+0,+0.0165,+0,+0.0386,+0,+0,+0,23:50:01 21.03.2020
2186,+23,+26.4,+24,+24,+24.3,+23.9,+23.8,+24.4,+24.3,+24.1,+26,FULL,499,0,+0,+0,+0.0165,+0,+0.0386,+0,+0,+0,23:51:01 21.03.2020
2187,+23,+26.3,+24,+24,+24.3,+23.9,+23.8,+24.4,+24.3,+24.1,+26.1,FULL,500,1,+0,+0,+0.0165,+0,+0.0386,+0,+0,+0,23:52:01 21.03.2020
2188,+23,+26.3,+24,+24,+24.3,+23.9,+23.8,+24.4,+24.3,+24.1,+26,FULL,500,1,+0,+0,+0.0165,+0,+0.0386,+0,+0,+0,23:53:01 21.03.2020
2189,+23,+26.3,+24,+24,+24.3,+23.9,+23.8,+24.4,+24.3,+24.1,+26.1,FULL,500,1,+0,+0,+0.0165,+0,+0.0386,+0,+0,+0,23:54:01 21.03.2020
2190,+23,+26.3,+24,+24,+24.3,+23.9,+23.8,+24.4,+24.3,+24.1,+26,FULL,500,1,+0,+0,+0.0165,+0,+0.0386,+0,+0,+0,23:55:01 21.03.2020
2191,+23,+26.3,+24,+24,+24.3,+23.9,+23.8,+24.4,+24.3,+24.1,+26,FULL,499,1,+0,+0,+0.0165,+0,+0.0386,+0,+0,+0,23:56:01 21.03.2020
2192,+23,+26.4,+24,+24,+24.3,+23.9,+23.8,+24.4,+24.3,+24.1,+26,FULL,499,1,+0,+0,+0.0165,+0,+0.0386,+0,+0,+0,23:57:01 21.03.2020
2193,+23,+26.4,+24,+24,+24.3,+23.9,+23.8,+24.4,+24.3,+24.1,+26,FULL,499,0,+0,+0,+0.0165,+0,+0.0386,+0,+0,+0,23:58:01 21.03.2020
2194,+23,+26.4,+24,+24,+24.3,+23.9,+23.8,+24.4,+24.3,+24.1,+26.1,FULL,500,1,+0,+0,+0.0165,+0,+0.0386,+0,+0,+0,23:59:01 21.03.2020
2195,+23,+26.4,+24,+24,+24.3,+23.9,+23.8,+24.4,+24.3,+24.1,+26,FULL,500,1,+0,+0,+0.0165,+0,+0.0386,+0,+0,+0,00:00:01 22.03.2020
2196,+23,+26.4,+24,+24,+24.3,+23.9,+23.8,+24.4,+24.3,+24.1,+26,FULL,500,1,+0,+0,+0.0165,+0,+0.0387,+0,+0,+0,00:01:01 22.03.2020
2197,+23,+26.4,+24,+24,+24.3,+23.9,+23.8,+24.4,+24.3,+24.1,+26,FULL,500,1,+0,+0,+0.0165,+0,+0.0386,+0,+0,+0,00:02:01 22.03.2020
2198,+23,+26.4,+24,+24,+24.3,+23.9,+23.8,+24.4,+24.3,+24.1,+26.1,FULL,499,1,+0,+0,+0.0165,+0,+0.0386,+0,+0,+0,00:03:01 22.03.2020
2199,+23,+26.4,+24,+24,+24.3,+23.9,+23.8,+24.4,+24.3,+24.1,+26,FULL,499,0,+0,+0,+0.0165,+0,+0.0387,+0,+0,+0,00:04:01 22.03.2020
2200,+23,+26.4,+24,+24.1,+24.3,+23.9,+23.8,+24.4,+24.3,+24.1,+26,FULL,499,0,+0,+0,+0.0165,+0,+0.0387,+0,+0,+0,00:05:01 22.03.2020
2201,+23,+26.4,+24,+24.1,+24.3,+23.9,+23.8,+24.4,+24.3,+24.1,+26.1,FULL,500,1,+0,+0,+0.0165,+0,+0.0387,+0,+0,+0,00:06:01 22.03.2020
2202,+23,+26.3,+24,+24,+24.3,+23.9,+23.8,+24.4,+24.3,+24.1,+26,FULL,500,1,+0,+0,+0.0165,+0,+0.0387,+0,+0,+0,00:07:01 22.03.2020
2203,+23,+26.3,+24,+24.1,+24.3,+23.9,+23.8,+24.4,+24.3,+24.1,+26,FULL,500,1,+0,+0,+0.0165,+0,+0.0387,+0,+0,+0,00:08:01 22.03.2020
2204,+23,+26.3,+24,+24,+24.3,+23.9,+23.8,+24.4,+24.3,+24.1,+26,FULL,500,1,+0,+0,+0.0165,+0,+0.0387,+0,+0,+0,00:09:01 22.03.2020
2205,+23,+26.4,+24,+24,+24.3,+24,+23.8,+24.4,+24.3,+24.1,+26,FULL,499,1,+0,+0,+0.0165,+0,+0.0387,+0,+0,+0,00:10:01 22.03.2020
2206,+23,+26.3,+24,+24,+24.3,+23.9,+23.8,+24.4,+24.3,+24.1,+26.1,FULL,499,0,+0,+0,+0.0165,+0,+0.0387,+0,+0,+0,00:11:01 22.03.2020
2207,+23,+26.3,+24,+24,+24.3,+23.9,+23.8,+24.4,+24.3,+24.1,+26,FULL,499,0,+0,+0,+0.0165,+0,+0.0387,+0,+0,+0,00:12:01 22.03.2020
2208,+23,+26.3,+24,+24.1,+24.3,+23.9,+23.8,+24.4,+24.3,+24.1,+26,FULL,500,1,+0,+0,+0.0165,+0,+0.0387,+0,+0,+0,00:13:01 22.03.2020
2209,+23,+26.3,+24,+24,+24.3,+23.9,+23.8,+24.4,+24.3,+24.1,+26,FULL,500,1,+0,+0,+0.0165,+0,+0.0387,+0,+0,+0,00:14:01 22.03.2020
2210,+23,+26.3,+24,+24,+24.3,+23.9,+23.8,+24.4,+24.3,+24.1,+26,FULL,500,1,+0,+0,+0.0165,+0,+0.0387,+0,+0,+0,00:15:01 22.03.2020
2211,+23,+26.2,+24,+24,+24.3,+23.9,+23.8,+24.4,+24.3,+24.1,+26,FULL,500,1,+0,+0,+0.0165,+0,+0.0387,+0,+0,+0,00:16:01 22.03.2020
2212,+23,+26.2,+24,+24,+24.3,+23.9,+23.8,+24.4,+24.3,+24.1,+26.1,FULL,499,1,+0,+0,+0.0165,+0,+0.0387,+0,+0,+0,00:17:01 22.03.2020
2213,+23,+26.3,+24,+24.1,+24.3,+23.9,+23.8,+24.4,+24.3,+24.1,+26.1,FULL,499,0,+0,+0,+0.0165,+0,+0.0387,+0,+0,+0,00:18:01 22.03.2020
2214,+23,+26.3,+24,+24,+24.3,+24,+23.8,+24.4,+24.3,+24.1,+26,FULL,499,0,+0,+0,+0.0165,+0,+0.0387,+0,+0,+0,00:19:01 22.03.2020
2215,+23,+26.2,+24,+24,+24.3,+23.9,+23.8,+24.4,+24.3,+24.1,+26,FULL,500,1,+0,+0,+0.0165,+0,+0.0387,+0,+0,+0,00:20:01 22.03.2020
2216,+23,+26.2,+24,+24,+24.3,+23.9,+23.8,+24.4,+24.3,+24.1,+26.2,FULL,500,1,+0,+0,+0.0165,+0,+0.0387,+0,+0,+0,00:21:01 22.03.2020
2217,+23,+26.2,+24,+24,+24.3,+23.9,+23.8,+24.4,+24.3,+24.1,+26,FULL,500,1,+0,+0,+0.0165,+0,+0.0387,+0,+0,+0,00:22:01 22.03.2020
2218,+23,+26.3,+24,+24,+24.3,+24,+23.8,+24.4,+24.3,+24.1,+26,FULL,500,1,+0,+0,+0.0165,+0,+0.0387,+0,+0,+0,00:23:01 22.03.2020
2219,+23,+26.2,+24,+24,+24.3,+24,+23.8,+24.4,+24.3,+24.1,+26.1,FULL,499,1,+0,+0,+0.0165,+0,+0.0387,+0,+0,+0,00:24:01 22.03.2020
2220,+23,+26.2,+24,+24,+24.3,+23.9,+23.8,+24.4,+24.3,+24.1,+26,FULL,499,0,+0,+0,+0.0165,+0,+0.0387,+0,+0,+0,00:25:01 22.03.2020
2221,+23,+26.2,+24,+24,+24.3,+24,+23.8,+24.4,+24.3,+24.1,+26.1,FULL,499,0,+0,+0,+0.0165,+0,+0.0387,+0,+0,+0,00:26:01 22.03.2020
2222,+23,+26.2,+24,+24,+24.3,+24,+23.8,+24.4,+24.3,+24.1,+26.1,FULL,500,1,+0,+0,+0.0165,+0,+0.0387,+0,+0,+0,00:27:01 22.03.2020
2223,+23,+26.2,+24,+24,+24.3,+24,+23.8,+24.4,+24.3,+24.1,+26.1,FULL,500,1,+0,+0,+0.0165,+0,+0.0387,+0,+0,+0,00:28:01 22.03.2020
2224,+23,+26.1,+24,+24,+24.3,+24,+23.8,+24.4,+24.3,+24.1,+26,FULL,500,1,+0,+0,+0.0165,+0,+0.0387,+0,+0,+0,00:29:01 22.03.2020
2225,+23,+26.2,+24,+24,+24.3,+24,+23.8,+24.4,+24.3,+24.1,+26,FULL,499,1,+0,+0,+0.0165,+0,+0.0387,+0,+0,+0,00:30:01 22.03.2020
2226,+23,+26.2,+24,+24,+24.3,+24,+23.8,+24.4,+24.3,+24.1,+26,FULL,499,1,+0,+0,+0.0165,+0,+0.0387,+0,+0,+0,00:31:01 22.03.2020
2227,+23,+26.2,+24,+24,+24.3,+24,+23.8,+24.4,+24.3,+24.1,+26,FULL,499,1,+0,+0,+0.0165,+0,+0.0387,+0,+0,+0,00:32:01 22.03.2020
2228,+23,+26.3,+24,+24,+24.3,+23.9,+23.8,+24.4,+24.3,+24.1,+26,FULL,499,1,+0,+0,+0.0165,+0,+0.0387,+0,+0,+0,00:33:01 22.03.2020
2229,+23,+26.3,+24,+24,+24.3,+24,+23.8,+24.4,+24.3,+24.1,+26,FULL,500,1,+0,+0,+0.0165,+0,+0.0387,+0,+0,+0,00:34:01 22.03.2020
2230,+23,+26.3,+24,+24,+24.3,+24,+23.8,+24.4,+24.3,+24.1,+26,FULL,500,1,+0,+0,+0.0165,+0,+0.0387,+0,+0,+0,00:35:01 22.03.2020
2231,+23,+26.3,+24,+24,+24.3,+23.9,+23.8,+24.4,+24.3,+24.1,+26,FULL,500,1,+0,+0,+0.0165,+0,+0.0387,+0,+0,+0,00:36:01 22.03.2020
2232,+23,+26.3,+24,+24,+24.3,+23.9,+23.8,+24.4,+24.3,+24.1,+26,FULL,499,1,+0,+0,+0.0165,+0,+0.0387,+0,+0,+0,00:37:01 22.03.2020
2233,+23,+26.3,+24,+24,+24.3,+23.9,+23.8,+24.4,+24.3,+24.1,+26,FULL,499,1,+0,+0,+0.0165,+0,+0.0387,+0,+0,+0,00:38:01 22.03.2020
2234,+23,+26.3,+24,+24,+24.3,+23.9,+23.8,+24.4,+24.3,+24.1,+26.1,FULL,499,0,+0,+0,+0.0165,+0,+0.0386,+0,+0,+0,00:39:01 22.03.2020
2235,+23,+26.3,+24,+24,+24.3,+23.9,+23.8,+24.4,+24.3,+24.1,+26,FULL,500,1,+0,+0,+0.0165,+0,+0.0386,+0,+0,+0,00:40:01 22.03.2020
2236,+22.9,+26.3,+24,+24,+24.3,+23.9,+23.8,+24.4,+24.3,+24.1,+26.1,FULL,500,1,+0,+0,+0.0165,+0,+0.0386,+0,+0,+0,00:41:01 22.03.2020
2237,+23,+26.3,+24,+24,+24.3,+23.9,+23.8,+24.4,+24.3,+24.1,+26,FULL,500,1,+0,+0,+0.0165,+0,+0.0386,+0,+0,+0,00:42:01 22.03.2020
2238,+23,+26.3,+24,+24,+24.3,+23.9,+23.8,+24.4,+24.3,+24.1,+26,FULL,500,1,+0,+0,+0.0165,+0,+0.0386,+0,+0,+0,00:43:01 22.03.2020
2239,+23,+26.3,+24,+24,+24.3,+23.9,+23.8,+24.4,+24.3,+24.1,+26.1,FULL,500,1,+0,+0,+0.0165,+0,+0.0386,+0,+0,+0,00:44:01 22.03.2020
2240,+23,+26.3,+24,+24,+24.3,+23.9,+23.8,+24.4,+24.3,+24.1,+26,FULL,499,1,+0,+0,+0.0165,+0,+0.0386,+0,+0,+0,00:45:01 22.03.2020
2241,+23,+26.3,+24,+24,+24.3,+23.9,+23.8,+24.4,+24.3,+24.1,+26,FULL,499,0,+0,+0,+0.0165,+0,+0.0386,+0,+0,+0,00:46:01 22.03.2020
2242,+23,+26.3,+24,+24,+24.3,+23.9,+23.8,+24.4,+24.3,+24.1,+26,FULL,499,1,+0,+0,+0.0165,+0,+0.0386,+0,+0,+0,00:47:01 22.03.2020
2243,+23,+26.4,+24,+24,+24.3,+23.9,+23.8,+24.4,+24.3,+24.1,+26,FULL,500,1,+0,+0,+0.0165,+0,+0.0386,+0,+0,+0,00:48:01 22.03.2020
2244,+23,+26.4,+24,+24,+24.3,+23.9,+23.8,+24.4,+24.3,+24.1,+26,FULL,500,1,+0,+0,+0.0165,+0,+0.0386,+0,+0,+0,00:49:01 22.03.2020
2245,+23,+26.4,+24,+24,+24.3,+23.9,+23.8,+24.4,+24.3,+24.1,+26,FULL,500,1,+0,+0,+0.0165,+0,+0.0386,+0,+0,+0,00:50:01 22.03.2020
2246,+23,+26.4,+24,+24,+24.3,+23.9,+23.8,+24.4,+24.3,+24.1,+26.1,FULL,499,1,+0,+0,+0.0165,+0,+0.0386,+0,+0,+0,00:51:01 22.03.2020
2247,+23,+26.4,+24,+24,+24.3,+23.9,+23.8,+24.4,+24.3,+24.1,+26,FULL,499,1,+0,+0,+0.0165,+0,+0.0386,+0,+0,+0,00:52:01 22.03.2020
2248,+23,+26.4,+24,+24,+24.3,+23.9,+23.8,+24.4,+24.3,+24.1,+26,FULL,499,0,+0,+0,+0.0165,+0,+0.0386,+0,+0,+0,00:53:01 22.03.2020
2249,+23,+26.4,+24,+24,+24.3,+23.9,+23.8,+24.4,+24.3,+24.1,+26,FULL,500,1,+0,+0,+0.0165,+0,+0.0386,+0,+0,+0,00:54:01 22.03.2020
2250,+23,+26.4,+24,+24,+24.3,+23.9,+23.8,+24.4,+24.3,+24.1,+26,FULL,500,1,+0,+0,+0.0165,+0,+0.0386,+0,+0,+0,00:55:01 22.03.2020
2251,+23,+26.4,+24,+24,+24.3,+23.9,+23.8,+24.4,+24.3,+24.1,+26,FULL,500,1,+0,+0,+0.0165,+0,+0.0386,+0,+0,+0,00:56:01 22.03.2020
2252,+23,+26.4,+24,+24,+24.3,+23.9,+23.8,+24.4,+24.3,+24.1,+26,FULL,500,1,+0,+0,+0.0165,+0,+0.0386,+0,+0,+0,00:57:01 22.03.2020
2253,+23,+26.4,+24,+24,+24.3,+23.9,+23.8,+24.4,+24.3,+24.1,+26.1,FULL,499,1,+0,+0,+0.0165,+0,+0.0386,+0,+0,+0,00:58:01 22.03.2020
2254,+23,+26.3,+24,+24,+24.3,+23.9,+23.8,+24.4,+24.3,+24.1,+26,FULL,499,1,+0,+0,+0.0165,+0,+0.0386,+0,+0,+0,00:59:01 22.03.2020
2255,+23,+26.3,+24,+24,+24.3,+23.9,+23.8,+24.4,+24.3,+24.1,+26.1,FULL,499,0,+0,+0,+0.0165,+0,+0.0386,+0,+0,+0,01:00:01 22.03.2020
2256,+23,+26.3,+24,+24.1,+24.3,+23.9,+23.8,+24.4,+24.3,+24.1,+26,FULL,500,1,+0,+0,+0.0165,+0,+0.0386,+0,+0,+0,01:01:01 22.03.2020
2257,+23,+26.3,+24,+24,+24.3,+23.9,+23.8,+24.4,+24.3,+24.1,+26,FULL,500,1,+0,+0,+0.0165,+0,+0.0386,+0,+0,+0,01:02:01 22.03.2020
2258,+23.1,+26.3,+24,+24,+24.3,+23.9,+23.8,+24.4,+24.3,+24.1,+26.1,FULL,500,1,+0,+0,+0.0165,+0,+0.0386,+0,+0,+0,01:03:01 22.03.2020
2259,+23.1,+26.2,+24,+24,+24.3,+23.9,+23.8,+24.4,+24.3,+24.1,+26,FULL,500,1,+0,+0,+0.0165,+0,+0.0386,+0,+0,+0,01:04:01 22.03.2020
2260,+23.1,+26.2,+24,+24.1,+24.3,+23.9,+23.8,+24.4,+24.3,+24.1,+26,FULL,499,1,+0,+0,+0.0165,+0,+0.0386,+0,+0,+0,01:05:01 22.03.2020
2261,+23.1,+26.3,+24,+24,+24.3,+23.9,+23.8,+24.4,+24.3,+24.1,+26,FULL,499,1,+0,+0,+0.0165,+0,+0.0386,+0,+0,+0,01:06:01 22.03.2020
2262,+23.1,+26.3,+24,+24,+24.3,+23.9,+23.8,+24.4,+24.3,+24.1,+26,FULL,499,0,+0,+0,+0.0165,+0,+0.0386,+0,+0,+0,01:07:01 22.03.2020
2263,+23.1,+26.2,+24,+24,+24.3,+23.9,+23.8,+24.4,+24.3,+24.1,+26,FULL,500,1,+0,+0,+0.0165,+0,+0.0386,+0,+0,+0,01:08:01 22.03.2020
2264,+23.1,+26.2,+24,+24,+24.3,+23.9,+23.8,+24.4,+24.3,+24.1,+26,FULL,500,1,+0,+0,+0.0165,+0,+0.0386,+0,+0,+0,01:09:01 22.03.2020
2265,+23.1,+26.2,+24,+24,+24.3,+23.9,+23.8,+24.4,+24.3,+24.1,+26,FULL,500,1,+0,+0,+0.0165,+0,+0.0386,+0,+0,+0,01:10:01 22.03.2020
2266,+23.1,+26.3,+24,+24,+24.3,+23.9,+23.8,+24.4,+24.3,+24.1,+26,FULL,500,1,+0,+0,+0.0165,+0,+0.0386,+0,+0,+0,01:11:01 22.03.2020
2267,+23.1,+26.2,+24,+24,+24.3,+23.9,+23.8,+24.4,+24.3,+24.1,+26,FULL,499,1,+0,+0,+0.0165,+0,+0.0386,+0,+0,+0,01:12:01 22.03.2020
2268,+23.1,+26.2,+24,+24,+24.3,+23.9,+23.8,+24.4,+24.3,+24.1,+26.1,FULL,499,1,+0,+0,+0.0165,+0,+0.0386,+0,+0,+0,01:13:01 22.03.2020
2269,+23.1,+26.2,+24,+24,+24.3,+23.9,+23.8,+24.4,+24.3,+24.1,+26,FULL,499,0,+0,+0,+0.0165,+0,+0.0386,+0,+0,+0,01:14:01 22.03.2020
2270,+23.1,+26.2,+24,+24,+24.3,+23.9,+23.8,+24.4,+24.3,+24.1,+26,FULL,500,1,+0,+0,+0.0165,+0,+0.0386,+0,+0,+0,01:15:01 22.03.2020
2271,+23.1,+26.2,+24.1,+24,+24.3,+23.9,+23.8,+24.4,+24.3,+24.1,+26,FULL,500,1,+0,+0,+0.0165,+0,+0.0386,+0,+0,+0,01:16:01 22.03.2020
2272,+23.1,+26.2,+24.1,+24,+24.3,+23.9,+23.8,+24.5,+24.3,+24.1,+26,FULL,500,1,+0,+0,+0.0166,+0,+0.0384,+0,+0,+0,01:17:01 22.03.2020
2273,+23.2,+26.2,+24,+24,+24.3,+23.9,+23.8,+24.4,+24.3,+24.1,+26,FULL,500,1,+0,+0,+0.0165,+0,+0.0384,+0,+0,+0,01:18:01 22.03.2020
2274,+23.2,+26.2,+24,+24,+24.3,+23.9,+23.8,+24.4,+24.3,+24.1,+26,FULL,499,1,+0,+0,+0.0165,+0,+0.0384,+0,+0,+0,01:19:01 22.03.2020
2275,+23.2,+26.2,+24,+24,+24.3,+23.9,+23.8,+24.5,+24.3,+24.1,+26,FULL,499,1,+0,+0,+0.0166,+0,+0.0386,+0,+0,+0,01:20:01 22.03.2020
2276,+23.2,+26.2,+24,+24,+24.3,+23.9,+23.8,+24.5,+24.3,+24.1,+26.2,FULL,499,1,+0,+0,+0.0166,+0,+0.0384,+0,+0,+0,01:21:01 22.03.2020
2277,+23.2,+26.2,+24,+24,+24.3,+23.9,+23.8,+24.5,+24.3,+24.1,+26,FULL,500,1,+0,+0,+0.0166,+0,+0.0384,+0,+0,+0,01:22:01 22.03.2020
2278,+23.2,+26.2,+24,+24,+24.3,+23.9,+23.8,+24.4,+24.3,+24.1,+26,FULL,500,1,+0,+0,+0.0165,+0,+0.0384,+0,+0,+0,01:23:01 22.03.2020
2279,+23.2,+26.2,+24,+24,+24.3,+23.9,+23.8,+24.4,+24.3,+24.1,+26.1,FULL,500,1,+0,+0,+0.0165,+0,+0.0384,+0,+0,+0,01:24:01 22.03.2020
2280,+23.2,+26.2,+24,+24,+24.3,+23.9,+23.8,+24.5,+24.3,+24.1,+26.1,FULL,500,1,+0,+0,+0.0166,+0,+0.0384,+0,+0,+0,01:25:01 22.03.2020
2281,+23.2,+26.3,+24,+24,+24.3,+23.9,+23.8,+24.4,+24.3,+24.1,+26,FULL,499,1,+0,+0,+0.0165,+0,+0.0384,+0,+0,+0,01:26:01 22.03.2020
2282,+23.2,+26.3,+24,+24,+24.3,+23.9,+23.8,+24.4,+24.3,+24.1,+26,FULL,499,1,+0,+0,+0.0165,+0,+0.0384,+0,+0,+0,01:27:01 22.03.2020
2283,+23.2,+26.3,+24,+24,+24.3,+23.9,+23.8,+24.4,+24.3,+24.1,+26.1,FULL,499,1,+0,+0,+0.0165,+0,+0.0384,+0,+0,+0,01:28:01 22.03.2020
2284,+23.2,+26.3,+24,+24,+24.3,+23.9,+23.8,+24.5,+24.3,+24.1,+26,FULL,500,1,+0,+0,+0.0166,+0,+0.0384,+0,+0,+0,01:29:01 22.03.2020
2285,+23.2,+26.3,+24,+24,+24.3,+23.9,+23.8,+24.5,+24.3,+24.1,+26.2,FULL,500,1,+0,+0,+0.0166,+0,+0.0384,+0,+0,+0,01:30:01 22.03.2020
2286,+23.2,+26.3,+24,+24,+24.3,+23.9,+23.7,+24.5,+24.3,+24.1,+26,FULL,500,1,+0,+0,+0.0166,+0,+0.0384,+0,+0,+0,01:31:01 22.03.2020
2287,+23.2,+26.3,+24,+24,+24.3,+23.9,+23.7,+24.4,+24.3,+24.1,+26,FULL,499,1,+0,+0,+0.0165,+0,+0.0384,+0,+0,+0,01:32:01 22.03.2020
2288,+23.3,+26.3,+24,+24,+24.3,+23.9,+23.8,+24.5,+24.3,+24.1,+26,FULL,499,1,+0,+0,+0.0166,+0,+0.0384,+0,+0,+0,01:33:01 22.03.2020
2289,+23.3,+26.3,+24,+24,+24.3,+23.9,+23.8,+24.5,+24.3,+24.1,+26.1,FULL,499,1,+0,+0,+0.0166,+0,+0.0384,+0,+0,+0,01:34:01 22.03.2020
2290,+23.3,+26.3,+24,+24.1,+24.3,+23.9,+23.7,+24.4,+24.3,+24.1,+26.1,FULL,499,0,+0,+0,+0.0165,+0,+0.0384,+0,+0,+0,01:35:01 22.03.2020
2291,+23.3,+26.4,+24,+24,+24.3,+23.9,+23.7,+24.4,+24.3,+24.1,+26,FULL,500,1,+0,+0,+0.0165,+0,+0.0384,+0,+0,+0,01:36:01 22.03.2020
2292,+23.3,+26.4,+24,+24,+24.3,+23.9,+23.7,+24.4,+24.3,+24.1,+26,FULL,500,1,+0,+0,+0.0165,+0,+0.0384,+0,+0,+0,01:37:01 22.03.2020
2293,+23.3,+26.4,+24,+24.1,+24.3,+23.9,+23.7,+24.4,+24.3,+24.1,+26,FULL,500,1,+0,+0,+0.0165,+0,+0.0384,+0,+0,+0,01:38:01 22.03.2020
2294,+23.3,+26.4,+24,+24.1,+24.3,+23.9,+23.8,+24.5,+24.3,+24.1,+26,FULL,500,1,+0,+0,+0.0166,+0,+0.0384,+0,+0,+0,01:39:01 22.03.2020
2295,+23.3,+26.3,+24,+24,+24.3,+23.9,+23.7,+24.4,+24.3,+24.1,+26,FULL,499,1,+0,+0,+0.0165,+0,+0.0384,+0,+0,+0,01:40:01 22.03.2020
2296,+23.3,+26.4,+24,+24,+24.3,+23.9,+23.8,+24.4,+24.3,+24.1,+26,FULL,499,1,+0,+0,+0.0165,+0,+0.0384,+0,+0,+0,01:41:01 22.03.2020
2297,+23.3,+26.4,+24,+24,+24.3,+23.9,+23.7,+24.4,+24.3,+24.1,+26.2,FULL,499,1,+0,+0,+0.0165,+0,+0.0384,+0,+0,+0,01:42:01 22.03.2020
2298,+23.3,+26.4,+24,+24,+24.3,+23.9,+23.8,+24.4,+24.3,+24.1,+26,FULL,500,1,+0,+0,+0.0165,+0,+0.0384,+0,+0,+0,01:43:01 22.03.2020
2299,+23.3,+26.4,+24,+24.1,+24.3,+23.9,+23.7,+24.4,+24.3,+24.1,+26.1,FULL,500,1,+0,+0,+0.0165,+0,+0.0384,+0,+0,+0,01:44:01 22.03.2020
2300,+23.3,+26.4,+24,+24.1,+24.3,+23.9,+23.7,+24.4,+24.3,+24.1,+26.2,FULL,500,1,+0,+0,+0.0165,+0,+0.0384,+0,+0,+0,01:45:01 22.03.2020
2301,+23.3,+26.4,+24,+24,+24.3,+23.9,+23.7,+24.4,+24.3,+24.1,+26,FULL,499,1,+0,+0,+0.0165,+0,+0.0384,+0,+0,+0,01:46:01 22.03.2020
2302,+23.3,+26.4,+24,+24.1,+24.3,+23.9,+23.8,+24.4,+24.3,+24.1,+26,FULL,499,1,+0,+0,+0.0165,+0,+0.0384,+0,+0,+0,01:47:01 22.03.2020
2303,+23.3,+26.4,+24,+24.1,+24.3,+23.9,+23.8,+24.4,+24.3,+24.1,+26,FULL,499,1,+0,+0,+0.0165,+0,+0.0384,+0,+0,+0,01:48:01 22.03.2020
2304,+23.3,+26.4,+24,+24.1,+24.3,+23.9,+23.8,+24.4,+24.3,+24.1,+26,FULL,499,0,+0,+0,+0.0165,+0,+0.0384,+0,+0,+0,01:49:01 22.03.2020
2305,+23.3,+26.4,+24,+24,+24.3,+23.9,+23.7,+24.4,+24.3,+24.1,+26.1,FULL,500,1,+0,+0,+0.0165,+0,+0.0384,+0,+0,+0,01:50:01 22.03.2020
2306,+23.3,+26.4,+24,+24.1,+24.3,+23.9,+23.8,+24.4,+24.3,+24.1,+26,FULL,500,1,+0,+0,+0.0165,+0,+0.0384,+0,+0,+0,01:51:01 22.03.2020
2307,+23.3,+26.3,+24,+24.1,+24.3,+23.9,+23.8,+24.4,+24.3,+24.1,+26,FULL,500,1,+0,+0,+0.0165,+0,+0.0384,+0,+0,+0,01:52:01 22.03.2020
2308,+23.3,+26.3,+24,+24.1,+24.3,+23.9,+23.7,+24.4,+24.3,+24.1,+26,FULL,499,1,+0,+0,+0.0165,+0,+0.0384,+0,+0,+0,01:53:01 22.03.2020
2309,+23.3,+26.3,+24,+24.1,+24.3,+23.9,+23.7,+24.4,+24.3,+24.1,+26,FULL,499,1,+0,+0,+0.0165,+0,+0.0384,+0,+0,+0,01:54:01 22.03.2020
2310,+23.4,+26.4,+24,+24.1,+24.3,+23.9,+23.8,+24.4,+24.3,+24.1,+26,FULL,499,0,+0,+0,+0.0165,+0,+0.0384,+0,+0,+0,01:55:01 22.03.2020
2311,+23.4,+26.2,+24,+24.1,+24.3,+23.9,+23.7,+24.4,+24.3,+24.1,+26,FULL,499,1,+0,+0,+0.0165,+0,+0.0384,+0,+0,+0,01:56:01 22.03.2020
2312,+23.4,+26.3,+24,+24.1,+24.3,+23.9,+23.8,+24.4,+24.3,+24.1,+26,FULL,500,1,+0,+0,+0.0165,+0,+0.0384,+0,+0,+0,01:57:01 22.03.2020
2313,+23.4,+26.2,+24,+24.1,+24.3,+23.9,+23.7,+24.5,+24.3,+24.1,+26.2,FULL,500,1,+0,+0,+0.0166,+0,+0.0384,+0,+0,+0,01:58:01 22.03.2020
2314,+23.4,+26.3,+24,+24.1,+24.3,+23.9,+23.7,+24.4,+24.3,+24.1,+26,FULL,500,1,+0,+0,+0.0165,+0,+0.0384,+0,+0,+0,01:59:01 22.03.2020
2315,+23.4,+26.3,+24,+24.1,+24.3,+23.9,+23.8,+24.4,+24.3,+24.1,+26.1,FULL,500,1,+0,+0,+0.0165,+0,+0.0384,+0,+0,+0,02:00:01 22.03.2020
2316,+23.4,+26.2,+24,+24,+24.3,+23.9,+23.8,+24.5,+24.3,+24.1,+26,FULL,499,1,+0,+0,+0.0166,+0,+0.0384,+0,+0,+0,02:01:01 22.03.2020
2317,+23.4,+26.2,+24.1,+24,+24.3,+23.9,+23.8,+24.5,+24.3,+24.1,+26,FULL,499,0,+0,+0,+0.0166,+0,+0.0384,+0,+0,+0,02:02:01 22.03.2020
2318,+23.4,+26.3,+24.1,+24.1,+24.3,+23.9,+23.7,+24.4,+24.3,+24.1,+26.1,FULL,499,0,+0,+0,+0.0165,+0,+0.0384,+0,+0,+0,02:03:01 22.03.2020
2319,+23.4,+26.3,+24,+24.1,+24.3,+23.9,+23.8,+24.4,+24.3,+24.1,+26.1,FULL,500,1,+0,+0,+0.0165,+0,+0.0384,+0,+0,+0,02:04:01 22.03.2020
2320,+23.4,+26.2,+24.1,+24,+24.3,+23.9,+23.8,+24.4,+24.3,+24.1,+26,FULL,500,1,+0,+0,+0.0165,+0,+0.0384,+0,+0,+0,02:05:01 22.03.2020
2321,+23.4,+26.2,+24.1,+24.1,+24.3,+23.9,+23.8,+24.4,+24.3,+24.1,+26.1,FULL,500,1,+0,+0,+0.0165,+0,+0.0384,+0,+0,+0,02:06:01 22.03.2020
2322,+23.4,+26.2,+24,+24.1,+24.3,+23.9,+23.7,+24.4,+24.3,+24.1,+26,FULL,499,1,+0,+0,+0.0165,+0,+0.0384,+0,+0,+0,02:07:01 22.03.2020
2323,+23.4,+26.3,+24,+24,+24.3,+23.9,+23.7,+24.4,+24.3,+24.1,+26,FULL,499,1,+0,+0,+0.0165,+0,+0.0384,+0,+0,+0,02:08:01 22.03.2020
2324,+23.4,+26.2,+24,+24,+24.3,+23.9,+23.7,+24.5,+24.3,+24.1,+26,FULL,499,0,+0,+0,+0.0165,+0,+0.0384,+0,+0,+0,02:09:01 22.03.2020
2325,+23.4,+26.2,+24,+24,+24.3,+23.9,+23.7,+24.5,+24.3,+24.1,+26,FULL,499,0,+0,+0,+0.0166,+0,+0.0384,+0,+0,+0,02:10:01 22.03.2020
2326,+23.4,+26.2,+24,+24,+24.3,+23.9,+23.7,+24.4,+24.3,+24.1,+26,FULL,500,1,+0,+0,+0.0165,+0,+0.0384,+0,+0,+0,02:11:01 22.03.2020
2327,+23.4,+26.3,+24.1,+24,+24.3,+23.9,+23.8,+24.4,+24.3,+24.1,+26,FULL,500,1,+0,+0,+0.0165,+0,+0.0384,+0,+0,+0,02:12:01 22.03.2020
2328,+23.4,+26.2,+24,+24,+24.3,+23.9,+23.8,+24.5,+24.3,+24.1,+26,FULL,500,1,+0,+0,+0.0166,+0,+0.0384,+0,+0,+0,02:13:01 22.03.2020
2329,+23.5,+26.1,+24,+24,+24.3,+23.9,+23.7,+24.5,+24.3,+24.1,+26,FULL,499,1,+0,+0,+0.0166,+0,+0.0384,+0,+0,+0,02:14:01 22.03.2020
2330,+23.5,+26.2,+24,+24,+24.3,+23.9,+23.7,+24.4,+24.3,+24.1,+26.1,FULL,499,1,+0,+0,+0.0165,+0,+0.0384,+0,+0,+0,02:15:01 22.03.2020
2331,+23.5,+26.2,+24,+24,+24.3,+23.9,+23.7,+24.4,+24.3,+24.1,+26,FULL,499,0,+0,+0,+0.0165,+0,+0.0384,+0,+0,+0,02:16:01 22.03.2020
2332,+23.5,+26.2,+24,+24,+24.3,+23.9,+23.7,+24.5,+24.3,+24.1,+26.1,FULL,500,1,+0,+0,+0.0166,+0,+0.0384,+0,+0,+0,02:17:01 22.03.2020
2333,+23.5,+26.3,+24,+24,+24.3,+23.9,+23.7,+24.5,+24.3,+24.1,+26.1,FULL,500,1,+0,+0,+0.0166,+0,+0.0384,+0,+0,+0,02:18:01 22.03.2020
2334,+23.5,+26.3,+24,+24,+24.3,+23.9,+23.7,+24.4,+24.3,+24.1,+26,FULL,500,1,+0,+0,+0.0165,+0,+0.0384,+0,+0,+0,02:19:01 22.03.2020
2335,+23.5,+26.3,+24,+24,+24.3,+23.9,+23.7,+24.4,+24.3,+24.1,+26.1,FULL,500,1,+0,+0,+0.0165,+0,+0.0384,+0,+0,+0,02:20:01 22.03.2020
2336,+23.5,+26.3,+24,+24,+24.3,+23.9,+23.7,+24.5,+24.3,+24.1,+26,FULL,499,1,+0,+0,+0.0166,+0,+0.0384,+0,+0,+0,02:21:01 22.03.2020
2337,+23.5,+26.3,+24,+24,+24.3,+23.9,+23.7,+24.5,+24.3,+24.1,+26,FULL,499,1,+0,+0,+0.0166,+0,+0.0384,+0,+0,+0,02:22:01 22.03.2020
2338,+23.5,+26.3,+24,+24,+24.3,+23.9,+23.7,+24.5,+24.3,+24.1,+26,FULL,499,0,+0,+0,+0.0166,+0,+0.0384,+0,+0,+0,02:23:01 22.03.2020
2339,+23.5,+26.3,+24,+24,+24.3,+23.9,+23.7,+24.4,+24.3,+24.1,+26.2,FULL,500,1,+0,+0,+0.0165,+0,+0.0384,+0,+0,+0,02:24:01 22.03.2020
2340,+23.5,+26.3,+24,+24.1,+24.3,+23.8,+23.7,+24.4,+24.3,+24.1,+26.1,FULL,500,1,+0,+0,+0.0165,+0,+0.0384,+0,+0,+0,02:25:01 22.03.2020
2341,+23.5,+26.3,+24,+24,+24.3,+23.9,+23.7,+24.4,+24.3,+24.1,+26,FULL,500,1,+0,+0,+0.0165,+0,+0.0384,+0,+0,+0,02:26:01 22.03.2020
2342,+23.5,+26.3,+24,+24.1,+24.3,+23.9,+23.7,+24.4,+24.3,+24.1,+26,FULL,500,1,+0,+0,+0.0165,+0,+0.0384,+0,+0,+0,02:27:01 22.03.2020
2343,+23.5,+26.3,+24,+24,+24.3,+23.9,+23.7,+24.5,+24.3,+24.2,+26,FULL,499,1,+0,+0,+0.0166,+0,+0.0384,+0,+0,+0,02:28:01 22.03.2020
2344,+23.5,+26.3,+24,+24,+24.3,+23.8,+23.7,+24.4,+24.3,+24.1,+26,FULL,499,1,+0,+0,+0.0165,+0,+0.0384,+0,+0,+0,02:29:01 22.03.2020
2345,+23.5,+26.3,+24,+24.1,+24.3,+23.8,+23.7,+24.5,+24.3,+24.1,+26,FULL,499,0,+0,+0,+0.0166,+0,+0.0384,+0,+0,+0,02:30:01 22.03.2020
2346,+23.5,+26.4,+24,+24.1,+24.3,+23.8,+23.7,+24.5,+24.3,+24.1,+26.1,FULL,500,1,+0,+0,+0.0166,+0,+0.0384,+0,+0,+0,02:31:01 22.03.2020
2347,+23.5,+26.3,+24,+24.1,+24.3,+23.8,+23.7,+24.5,+24.3,+24.1,+26,FULL,500,1,+0,+0,+0.0166,+0,+0.0384,+0,+0,+0,02:32:01 22.03.2020
2348,+23.5,+26.4,+24,+24.1,+24.3,+23.9,+23.7,+24.4,+24.3,+24.1,+26.2,FULL,500,1,+0,+0,+0.0165,+0,+0.0384,+0,+0,+0,02:33:01 22.03.2020
2349,+23.5,+26.4,+24,+24.1,+24.3,+23.8,+23.7,+24.5,+24.3,+24.1,+26.1,FULL,500,1,+0,+0,+0.0166,+0,+0.0384,+0,+0,+0,02:34:01 22.03.2020
2350,+23.5,+26.4,+24,+24.1,+24.3,+23.8,+23.7,+24.5,+24.3,+24.1,+26,FULL,499,1,+0,+0,+0.0166,+0,+0.0384,+0,+0,+0,02:35:01 22.03.2020
2351,+23.6,+26.4,+24,+24.1,+24.3,+23.8,+23.7,+24.4,+24.3,+24.1,+26,FULL,499,1,+0,+0,+0.0165,+0,+0.0384,+0,+0,+0,02:36:01 22.03.2020
2352,+23.6,+26.4,+24,+24.1,+24.3,+23.8,+23.7,+24.4,+24.3,+24.1,+26,FULL,499,0,+0,+0,+0.0165,+0,+0.0384,+0,+0,+0,02:37:01 22.03.2020
2353,+23.6,+26.4,+24,+24.1,+24.3,+23.8,+23.7,+24.4,+24.3,+24.1,+26.1,FULL,500,1,+0,+0,+0.0165,+0,+0.0384,+0,+0,+0,02:38:01 22.03.2020
2354,+23.6,+26.4,+24,+24.1,+24.3,+23.8,+23.7,+24.5,+24.3,+24.1,+26.1,FULL,500,1,+0,+0,+0.0166,+0,+0.0384,+0,+0,+0,02:39:01 22.03.2020
2355,+23.6,+26.4,+24,+24.1,+24.3,+23.8,+23.7,+24.4,+24.3,+24.1,+26,FULL,500,1,+0,+0,+0.0165,+0,+0.0384,+0,+0,+0,02:40:01 22.03.2020
2356,+23.6,+26.4,+24,+24.1,+24.3,+23.8,+23.7,+24.4,+24.3,+24.1,+26.2,FULL,500,1,+0,+0,+0.0165,+0,+0.0384,+0,+0,+0,02:41:01 22.03.2020
2357,+23.6,+26.4,+24,+24.1,+24.3,+23.8,+23.7,+24.4,+24.3,+24.1,+26.1,FULL,499,1,+0,+0,+0.0165,+0,+0.0384,+0,+0,+0,02:42:01 22.03.2020
2358,+23.6,+26.4,+24,+24.1,+24.3,+23.9,+23.7,+24.4,+24.3,+24.1,+26,FULL,499,1,+0,+0,+0.0165,+0,+0.0384,+0,+0,+0,02:43:01 22.03.2020
2359,+23.6,+26.3,+24,+24.1,+24.3,+23.9,+23.7,+24.4,+24.3,+24.1,+26,FULL,499,0,+0,+0,+0.0165,+0,+0.0384,+0,+0,+0,02:44:01 22.03.2020
2360,+23.6,+26.3,+24,+24.1,+24.3,+23.8,+23.7,+24.4,+24.3,+24.1,+26.1,FULL,500,1,+0,+0,+0.0165,+0,+0.0384,+0,+0,+0,02:45:01 22.03.2020
2361,+23.6,+26.3,+24,+24.1,+24.3,+23.8,+23.7,+24.4,+24.3,+24.1,+26,FULL,500,1,+0,+0,+0.0165,+0,+0.0384,+0,+0,+0,02:46:01 22.03.2020
2362,+23.6,+26.3,+24,+24.1,+24.3,+23.8,+23.7,+24.4,+24.3,+24.1,+26,FULL,500,1,+0,+0,+0.0165,+0,+0.0384,+0,+0,+0,02:47:01 22.03.2020
2363,+23.6,+26.3,+24,+24.1,+24.3,+23.9,+23.7,+24.4,+24.3,+24.1,+26,FULL,500,1,+0,+0,+0.0165,+0,+0.0384,+0,+0,+0,02:48:01 22.03.2020
2364,+23.6,+26.2,+24.1,+24.1,+24.3,+23.8,+23.7,+24.5,+24.3,+24.1,+26.1,FULL,499,1,+0,+0,+0.0166,+0,+0.0384,+0,+0,+0,02:49:01 22.03.2020
2365,+23.6,+26.2,+24,+24.1,+24.3,+23.8,+23.7,+24.4,+24.3,+24.1,+26.1,FULL,499,0,+0,+0,+0.0165,+0,+0.0384,+0,+0,+0,02:50:01 22.03.2020
2366,+23.6,+26.3,+24,+24.1,+24.3,+23.8,+23.7,+24.4,+24.3,+24.1,+26,FULL,499,0,+0,+0,+0.0165,+0,+0.0384,+0,+0,+0,02:51:01 22.03.2020
2367,+23.6,+26.3,+24,+24.1,+24.3,+23.9,+23.7,+24.4,+24.3,+24.1,+26,FULL,500,1,+0,+0,+0.0165,+0,+0.0384,+0,+0,+0,02:52:01 22.03.2020
2368,+23.6,+26.2,+24.1,+24.1,+24.3,+23.9,+23.7,+24.5,+24.3,+24.1,+26,FULL,500,1,+0,+0,+0.0166,+0,+0.0384,+0,+0,+0,02:53:01 22.03.2020
2369,+23.6,+26.2,+24.1,+24.1,+24.3,+23.8,+23.7,+24.4,+24.3,+24.1,+26.1,FULL,500,1,+0,+0,+0.0165,+0,+0.0384,+0,+0,+0,02:54:01 22.03.2020
2370,+23.6,+26.2,+24.1,+24.1,+24.3,+23.8,+23.7,+24.4,+24.3,+24.1,+26,FULL,499,1,+0,+0,+0.0165,+0,+0.0384,+0,+0,+0,02:55:01 22.03.2020
2371,+23.6,+26.3,+24,+24,+24.3,+23.9,+23.7,+24.4,+24.3,+24.1,+26,FULL,499,1,+0,+0,+0.0165,+0,+0.0384,+0,+0,+0,02:56:01 22.03.2020
2372,+23.6,+26.2,+24.1,+24.1,+24.3,+23.8,+23.7,+24.4,+24.3,+24.1,+26.2,FULL,499,1,+0,+0,+0.0165,+0,+0.0384,+0,+0,+0,02:57:01 22.03.2020
2373,+23.6,+26.2,+24,+24,+24.3,+23.8,+23.7,+24.5,+24.3,+24.1,+26.2,FULL,499,0,+0,+0,+0.0166,+0,+0.0384,+0,+0,+0,02:58:01 22.03.2020
2374,+23.6,+26.2,+24.1,+24,+24.3,+23.8,+23.7,+24.4,+24.3,+24.1,+26,FULL,500,1,+0,+0,+0.0165,+0,+0.0384,+0,+0,+0,02:59:01 22.03.2020
2375,+23.6,+26.2,+24.1,+24.1,+24.3,+23.8,+23.7,+24.4,+24.3,+24.1,+26,FULL,500,1,+0,+0,+0.0165,+0,+0.0384,+0,+0,+0,03:00:01 22.03.2020
2376,+23.6,+26.2,+24,+24.1,+24.3,+23.8,+23.7,+24.4,+24.3,+24.1,+26,FULL,500,1,+0,+0,+0.0165,+0,+0.0384,+0,+0,+0,03:01:01 22.03.2020
2377,+23.6,+26.2,+24.1,+24,+24.3,+23.8,+23.7,+24.4,+24.3,+24.1,+26,FULL,499,1,+0,+0,+0.0165,+0,+0.0384,+0,+0,+0,03:02:01 22.03.2020
2378,+23.6,+26.2,+24.1,+24,+24.3,+23.8,+23.7,+24.4,+24.3,+24.1,+26,FULL,499,1,+0,+0,+0.0165,+0,+0.0384,+0,+0,+0,03:03:01 22.03.2020
2379,+23.6,+26.2,+24,+24.1,+24.3,+23.8,+23.7,+24.4,+24.3,+24.1,+26,FULL,499,1,+0,+0,+0.0165,+0,+0.0384,+0,+0,+0,03:04:01 22.03.2020
2380,+23.6,+26.2,+24.1,+24,+24.3,+23.8,+23.7,+24.4,+24.3,+24.1,+26.1,FULL,499,0,+0,+0,+0.0165,+0,+0.0384,+0,+0,+0,03:05:01 22.03.2020
2381,+23.6,+26.1,+24.1,+24,+24.3,+23.8,+23.7,+24.5,+24.3,+24.1,+26.2,FULL,500,1,+0,+0,+0.0166,+0,+0.0384,+0,+0,+0,03:06:01 22.03.2020
2382,+23.7,+26.1,+24.1,+24,+24.3,+23.8,+23.7,+24.5,+24.3,+24.1,+26,FULL,500,1,+0,+0,+0.0166,+0,+0.0384,+0,+0,+0,03:07:01 22.03.2020
2383,+23.7,+26.2,+24.1,+24,+24.3,+23.8,+23.7,+24.5,+24.3,+24.1,+26,FULL,500,1,+0,+0,+0.0166,+0,+0.0384,+0,+0,+0,03:08:01 22.03.2020
2384,+23.7,+26.2,+24.1,+24,+24.3,+23.8,+23.7,+24.5,+24.3,+24.1,+26.2,FULL,499,1,+0,+0,+0.0166,+0,+0.0384,+0,+0,+0,03:09:01 22.03.2020
2385,+23.7,+26.2,+24.1,+24.1,+24.3,+23.8,+23.7,+24.4,+24.3,+24.1,+26,FULL,499,1,+0,+0,+0.0165,+0,+0.0384,+0,+0,+0,03:10:01 22.03.2020
2386,+23.7,+26.3,+24.1,+24,+24.3,+23.8,+23.7,+24.4,+24.3,+24.1,+26.1,FULL,499,0,+0,+0,+0.0165,+0,+0.0384,+0,+0,+0,03:11:01 22.03.2020
2387,+23.7,+26.3,+24,+24,+24.3,+23.8,+23.7,+24.4,+24.3,+24.1,+26,FULL,500,1,+0,+0,+0.0165,+0,+0.0384,+0,+0,+0,03:12:01 22.03.2020
2388,+23.7,+26.3,+24,+24,+24.3,+23.8,+23.7,+24.4,+24.3,+24.1,+26.1,FULL,500,1,+0,+0,+0.0165,+0,+0.0384,+0,+0,+0,03:13:01 22.03.2020
2389,+23.7,+26.3,+24,+24,+24.3,+23.8,+23.7,+24.5,+24.3,+24.1,+26.1,FULL,500,1,+0,+0,+0.0166,+0,+0.0384,+0,+0,+0,03:14:01 22.03.2020
2390,+23.7,+26.3,+24,+24,+24.3,+23.8,+23.7,+24.5,+24.3,+24.1,+26.2,FULL,500,1,+0,+0,+0.0166,+0,+0.0384,+0,+0,+0,03:15:01 22.03.2020
2391,+23.7,+26.3,+24,+24,+24.3,+23.8,+23.7,+24.5,+24.3,+24.1,+26,FULL,499,1,+0,+0,+0.0166,+0,+0.0384,+0,+0,+0,03:16:01 22.03.2020
2392,+23.7,+26.3,+24,+24,+24.3,+23.8,+23.7,+24.4,+24.3,+24.1,+26.1,FULL,499,1,+0,+0,+0.0165,+0,+0.0384,+0,+0,+0,03:17:01 22.03.2020
2393,+23.7,+26.3,+24,+24,+24.3,+23.8,+23.7,+24.5,+24.3,+24.1,+26.1,FULL,499,0,+0,+0,+0.0166,+0,+0.0384,+0,+0,+0,03:18:01 22.03.2020
2394,+23.7,+26.3,+24,+24,+24.3,+23.8,+23.7,+24.5,+24.3,+24.1,+26,FULL,500,1,+0,+0,+0.0166,+0,+0.0384,+0,+0,+0,03:19:01 22.03.2020
2395,+23.7,+26.3,+24,+24.1,+24.3,+23.8,+23.7,+24.4,+24.3,+24.1,+26.1,FULL,500,1,+0,+0,+0.0165,+0,+0.0382,+0,+0,+0,03:20:01 22.03.2020
2396,+23.7,+26.3,+24,+24,+24.3,+23.8,+23.7,+24.4,+24.3,+24.1,+26.1,FULL,500,1,+0,+0,+0.0165,+0,+0.0384,+0,+0,+0,03:21:01 22.03.2020
2397,+23.7,+26.3,+24,+24.1,+24.3,+23.8,+23.7,+24.4,+24.3,+24.1,+26,FULL,500,1,+0,+0,+0.0165,+0,+0.0382,+0,+0,+0,03:22:01 22.03.2020
2398,+23.7,+26.3,+24,+24,+24.3,+23.8,+23.7,+24.5,+24.3,+24.1,+26.1,FULL,499,1,+0,+0,+0.0166,+0,+0.0382,+0,+0,+0,03:23:01 22.03.2020
2399,+23.7,+26.3,+24,+24,+24.3,+23.8,+23.7,+24.4,+24.3,+24.1,+26,FULL,499,1,+0,+0,+0.0165,+0,+0.0382,+0,+0,+0,03:24:01 22.03.2020
2400,+23.7,+26.3,+24,+24.1,+24.3,+23.8,+23.7,+24.4,+24.3,+24.1,+26,FULL,499,1,+0,+0,+0.0165,+0,+0.0382,+0,+0,+0,03:25:01 22.03.2020
2401,+23.7,+26.3,+24,+24,+24.3,+23.8,+23.7,+24.4,+24.3,+24.1,+26.1,FULL,499,1,+0,+0,+0.0165,+0,+0.0384,+0,+0,+0,03:26:01 22.03.2020
2402,+23.7,+26.3,+24,+24.1,+24.3,+23.8,+23.7,+24.4,+24.3,+24.1,+26,FULL,500,1,+0,+0,+0.0165,+0,+0.0384,+0,+0,+0,03:27:01 22.03.2020
2403,+23.7,+26.3,+24,+24.1,+24.3,+23.8,+23.7,+24.4,+24.3,+24.1,+26.1,FULL,500,1,+0,+0,+0.0165,+0,+0.0384,+0,+0,+0,03:28:01 22.03.2020
2404,+23.7,+26.3,+24,+24.1,+24.3,+23.8,+23.7,+24.4,+24.3,+24.1,+26,FULL,500,1,+0,+0,+0.0165,+0,+0.0382,+0,+0,+0,03:29:01 22.03.2020
2405,+23.7,+26.3,+24,+24.1,+24.3,+23.8,+23.7,+24.4,+24.3,+24.1,+26,FULL,499,1,+0,+0,+0.0165,+0,+0.0382,+0,+0,+0,03:30:01 22.03.2020
2406,+23.7,+26.3,+24,+24.1,+24.3,+23.8,+23.7,+24.4,+24.3,+24.1,+26,FULL,499,1,+0,+0,+0.0165,+0,+0.0384,+0,+0,+0,03:31:01 22.03.2020
2407,+23.7,+26.4,+24,+24,+24.3,+23.8,+23.7,+24.4,+24.3,+24.1,+26,FULL,499,0,+0,+0,+0.0165,+0,+0.0384,+0,+0,+0,03:32:01 22.03.2020
2408,+23.7,+26.4,+24,+24.1,+24.3,+23.8,+23.7,+24.4,+24.3,+24.1,+26.1,FULL,500,1,+0,+0,+0.0165,+0,+0.0384,+0,+0,+0,03:33:01 22.03.2020
2409,+23.7,+26.3,+24,+24.1,+24.3,+23.8,+23.7,+24.4,+24.3,+24.1,+26,FULL,500,1,+0,+0,+0.0165,+0,+0.0384,+0,+0,+0,03:34:01 22.03.2020
2410,+23.7,+26.4,+24,+24.1,+24.3,+23.8,+23.7,+24.4,+24.3,+24.1,+26,FULL,500,1,+0,+0,+0.0165,+0,+0.0384,+0,+0,+0,03:35:01 22.03.2020
2411,+23.7,+26.3,+24,+24.1,+24.3,+23.8,+23.7,+24.4,+24.3,+24.1,+26,FULL,500,1,+0,+0,+0.0165,+0,+0.0384,+0,+0,+0,03:36:01 22.03.2020
2412,+23.7,+26.3,+24,+24.1,+24.3,+23.8,+23.7,+24.4,+24.3,+24.1,+26.2,FULL,499,1,+0,+0,+0.0165,+0,+0.0384,+0,+0,+0,03:37:01 22.03.2020
2413,+23.7,+26.3,+24,+24.1,+24.3,+23.8,+23.7,+24.4,+24.3,+24.1,+26.2,FULL,499,0,+0,+0,+0.0165,+0,+0.0384,+0,+0,+0,03:38:01 22.03.2020
2414,+23.7,+26.3,+24,+24.1,+24.3,+23.8,+23.7,+24.4,+24.3,+24.1,+26.1,FULL,499,0,+0,+0,+0.0165,+0,+0.0384,+0,+0,+0,03:39:01 22.03.2020
2415,+23.7,+26.3,+24,+24.1,+24.3,+23.8,+23.7,+24.4,+24.3,+24.1,+26.1,FULL,500,1,+0,+0,+0.0165,+0,+0.0384,+0,+0,+0,03:40:01 22.03.2020
2416,+23.7,+26.2,+24.1,+24.1,+24.3,+23.8,+23.7,+24.4,+24.3,+24.1,+26,FULL,500,1,+0,+0,+0.0165,+0,+0.0384,+0,+0,+0,03:41:01 22.03.2020
2417,+23.7,+26.2,+24.1,+24.1,+24.3,+23.8,+23.7,+24.4,+24.3,+24.1,+26.1,FULL,500,1,+0,+0,+0.0165,+0,+0.0384,+0,+0,+0,03:42:01 22.03.2020
2418,+23.8,+26.2,+24,+24.1,+24.3,+23.8,+23.7,+24.4,+24.3,+24.1,+26,FULL,500,1,+0,+0,+0.0165,+0,+0.0384,+0,+0,+0,03:43:01 22.03.2020
2419,+23.8,+26.3,+24,+24.1,+24.3,+23.8,+23.7,+24.4,+24.3,+24.1,+26,FULL,499,1,+0,+0,+0.0165,+0,+0.0384,+0,+0,+0,03:44:01 22.03.2020
2420,+23.7,+26.2,+24,+24.1,+24.3,+23.8,+23.7,+24.4,+24.3,+24.1,+26,FULL,499,0,+0,+0,+0.0165,+0,+0.0384,+0,+0,+0,03:45:01 22.03.2020
2421,+23.8,+26.2,+24,+24,+24.3,+23.8,+23.7,+24.4,+24.3,+24.1,+26.1,FULL,499,0,+0,+0,+0.0165,+0,+0.0384,+0,+0,+0,03:46:01 22.03.2020
2422,+23.8,+26.2,+24.1,+24,+24.3,+23.8,+23.7,+24.4,+24.3,+24.1,+26,FULL,499,0,+0,+0,+0.0165,+0,+0.0384,+0,+0,+0,03:47:01 22.03.2020
2423,+23.8,+26.2,+24,+24.1,+24.3,+23.8,+23.7,+24.4,+24.3,+24.1,+26.1,FULL,500,1,+0,+0,+0.0165,+0,+0.0384,+0,+0,+0,03:48:01 22.03.2020
2424,+23.8,+26.2,+24.1,+24,+24.3,+23.8,+23.7,+24.4,+24.3,+24.1,+26.1,FULL,500,1,+0,+0,+0.0165,+0,+0.0384,+0,+0,+0,03:49:01 22.03.2020
2425,+23.8,+26.2,+24,+24,+24.3,+23.8,+23.7,+24.5,+24.3,+24.1,+26.2,FULL,500,1,+0,+0,+0.0166,+0,+0.0384,+0,+0,+0,03:50:01 22.03.2020
2426,+23.8,+26.2,+24,+24.1,+24.3,+23.8,+23.7,+24.4,+24.3,+24.1,+26,FULL,499,1,+0,+0,+0.0165,+0,+0.0384,+0,+0,+0,03:51:01 22.03.2020
2427,+23.8,+26.2,+24,+24,+24.3,+23.8,+23.7,+24.4,+24.3,+24.1,+26,FULL,499,0,+0,+0,+0.0165,+0,+0.0382,+0,+0,+0,03:52:01 22.03.2020
2428,+23.8,+26.2,+24.1,+24,+24.3,+23.8,+23.7,+24.4,+24.3,+24.1,+26,FULL,499,0,+0,+0,+0.0165,+0,+0.0384,+0,+0,+0,03:53:01 22.03.2020
2429,+23.8,+26.1,+24,+24,+24.3,+23.8,+23.7,+24.4,+24.3,+24.1,+26,FULL,500,1,+0,+0,+0.0165,+0,+0.0384,+0,+0,+0,03:54:01 22.03.2020
2430,+23.8,+26.2,+24.1,+24.1,+24.3,+23.8,+23.7,+24.4,+24.3,+24.1,+26.1,FULL,500,1,+0,+0,+0.0165,+0,+0.0384,+0,+0,+0,03:55:01 22.03.2020
2431,+23.8,+26.1,+24,+24,+24.3,+23.8,+23.7,+24.4,+24.3,+24.1,+26,FULL,500,1,+0,+0,+0.0165,+0,+0.0382,+0,+0,+0,03:56:01 22.03.2020
2432,+23.8,+26.2,+24,+24,+24.3,+23.8,+23.7,+24.4,+24.3,+24.1,+26,FULL,500,1,+0,+0,+0.0165,+0,+0.0384,+0,+0,+0,03:57:01 22.03.2020
2433,+23.8,+26.1,+24.1,+24,+24.3,+23.8,+23.7,+24.5,+24.3,+24.1,+26.2,FULL,499,1,+0,+0,+0.0166,+0,+0.0384,+0,+0,+0,03:58:01 22.03.2020
2434,+23.8,+26.1,+24,+24,+24.3,+23.8,+23.7,+24.5,+24.3,+24.1,+26.2,FULL,499,0,+0,+0,+0.0166,+0,+0.0384,+0,+0,+0,03:59:01 22.03.2020
2435,+23.8,+26.1,+24.1,+24,+24.3,+23.8,+23.7,+24.4,+24.3,+24.1,+26,FULL,499,0,+0,+0,+0.0165,+0,+0.0382,+0,+0,+0,04:00:01 22.03.2020
2436,+23.8,+26.1,+24,+24,+24.3,+23.8,+23.7,+24.4,+24.3,+24.1,+26,FULL,500,1,+0,+0,+0.0165,+0,+0.0382,+0,+0,+0,04:01:01 22.03.2020
2437,+23.8,+26.2,+24,+24,+24.3,+23.8,+23.7,+24.4,+24.3,+24.1,+26,FULL,500,1,+0,+0,+0.0165,+0,+0.0382,+0,+0,+0,04:02:01 22.03.2020
2438,+23.8,+26.2,+24,+24,+24.3,+23.8,+23.7,+24.5,+24.3,+24.1,+26.1,FULL,500,1,+0,+0,+0.0166,+0,+0.0382,+0,+0,+0,04:03:01 22.03.2020
2439,+23.8,+26.2,+24,+24,+24.3,+23.8,+23.7,+24.4,+24.3,+24.1,+26.1,FULL,500,1,+0,+0,+0.0165,+0,+0.0382,+0,+0,+0,04:04:01 22.03.2020
2440,+23.8,+26.3,+24,+24,+24.3,+23.8,+23.7,+24.4,+24.3,+24.2,+26.1,FULL,499,1,+0,+0,+0.0165,+0,+0.0382,+0,+0,+0,04:05:01 22.03.2020
2441,+23.8,+26.3,+24,+24,+24.3,+23.8,+23.7,+24.5,+24.3,+24.1,+26,FULL,499,1,+0,+0,+0.0166,+0,+0.0382,+0,+0,+0,04:06:01 22.03.2020
2442,+23.8,+26.3,+24,+24,+24.3,+23.8,+23.7,+24.5,+24.3,+24.1,+26.1,FULL,499,0,+0,+0,+0.0166,+0,+0.0382,+0,+0,+0,04:07:01 22.03.2020
2443,+23.8,+26.3,+24,+24,+24.3,+23.8,+23.7,+24.4,+24.3,+24.1,+26,FULL,499,1,+0,+0,+0.0165,+0,+0.0382,+0,+0,+0,04:08:01 22.03.2020
2444,+23.8,+26.3,+24,+24,+24.3,+23.8,+23.7,+24.5,+24.3,+24.2,+26,FULL,500,1,+0,+0,+0.0166,+0,+0.0382,+0,+0,+0,04:09:01 22.03.2020
2445,+23.8,+26.3,+24,+24,+24.3,+23.8,+23.7,+24.4,+24.3,+24.1,+26,FULL,500,1,+0,+0,+0.0165,+0,+0.0382,+0,+0,+0,04:10:01 22.03.2020
2446,+23.8,+26.3,+24,+24.1,+24.3,+23.8,+23.7,+24.5,+24.3,+24.1,+26,FULL,499,1,+0,+0,+0.0166,+0,+0.0382,+0,+0,+0,04:11:01 22.03.2020
2447,+23.8,+26.3,+24,+24,+24.3,+23.8,+23.7,+24.5,+24.3,+24.1,+26,FULL,499,1,+0,+0,+0.0166,+0,+0.0382,+0,+0,+0,04:12:01 22.03.2020
2448,+23.8,+26.3,+24,+24,+24.3,+23.8,+23.7,+24.4,+24.3,+24.1,+26.1,FULL,499,0,+0,+0,+0.0165,+0,+0.0382,+0,+0,+0,04:13:01 22.03.2020
2449,+23.8,+26.3,+24,+24,+24.3,+23.8,+23.7,+24.4,+24.3,+24.1,+26,FULL,499,0,+0,+0,+0.0165,+0,+0.0382,+0,+0,+0,04:14:01 22.03.2020
2450,+23.8,+26.3,+24,+24.1,+24.3,+23.8,+23.7,+24.4,+24.3,+24.1,+26.1,FULL,500,1,+0,+0,+0.0165,+0,+0.0382,+0,+0,+0,04:15:01 22.03.2020
2451,+23.8,+26.3,+24,+24,+24.3,+23.8,+23.7,+24.4,+24.3,+24.1,+26,FULL,500,1,+0,+0,+0.0165,+0,+0.0382,+0,+0,+0,04:16:01 22.03.2020
2452,+23.8,+26.3,+24,+24.1,+24.3,+23.8,+23.7,+24.4,+24.3,+24.1,+26,FULL,500,1,+0,+0,+0.0165,+0,+0.0382,+0,+0,+0,04:17:01 22.03.2020
2453,+23.8,+26.3,+24,+24.1,+24.3,+23.8,+23.7,+24.4,+24.3,+24.1,+26.1,FULL,499,1,+0,+0,+0.0165,+0,+0.0382,+0,+0,+0,04:18:01 22.03.2020
2454,+23.8,+26.3,+24,+24.1,+24.3,+23.8,+23.7,+24.4,+24.3,+24.1,+26,FULL,499,1,+0,+0,+0.0165,+0,+0.0382,+0,+0,+0,04:19:01 22.03.2020
2455,+23.8,+26.3,+24,+24.1,+24.3,+23.8,+23.7,+24.4,+24.3,+24.1,+26,FULL,499,0,+0,+0,+0.0165,+0,+0.0382,+0,+0,+0,04:20:01 22.03.2020
2456,+23.8,+26.3,+24,+24.1,+24.3,+23.8,+23.7,+24.4,+24.3,+24.1,+26.1,FULL,499,0,+0,+0,+0.0165,+0,+0.0382,+0,+0,+0,04:21:01 22.03.2020
2457,+23.8,+26.3,+24,+24.1,+24.3,+23.8,+23.7,+24.4,+24.3,+24.1,+26,FULL,500,1,+0,+0,+0.0165,+0,+0.0382,+0,+0,+0,04:22:01 22.03.2020
2458,+23.8,+26.3,+24,+24,+24.3,+23.8,+23.7,+24.4,+24.3,+24.1,+26,FULL,500,1,+0,+0,+0.0165,+0,+0.0382,+0,+0,+0,04:23:01 22.03.2020
2459,+23.8,+26.3,+24,+24.1,+24.3,+23.8,+23.7,+24.4,+24.3,+24.1,+26.1,FULL,500,1,+0,+0,+0.0165,+0,+0.0382,+0,+0,+0,04:24:01 22.03.2020
2460,+23.8,+26.3,+24,+24.1,+24.3,+23.8,+23.7,+24.4,+24.3,+24.1,+26,FULL,499,1,+0,+0,+0.0165,+0,+0.0382,+0,+0,+0,04:25:01 22.03.2020
2461,+23.8,+26.3,+24,+24.1,+24.3,+23.8,+23.7,+24.4,+24.3,+24.1,+26,FULL,499,1,+0,+0,+0.0165,+0,+0.0382,+0,+0,+0,04:26:01 22.03.2020
2462,+23.8,+26.3,+24,+24.1,+24.3,+23.8,+23.7,+24.4,+24.3,+24.1,+26.1,FULL,499,0,+0,+0,+0.0165,+0,+0.0382,+0,+0,+0,04:27:01 22.03.2020
2463,+23.8,+26.4,+24,+24.1,+24.3,+23.8,+23.7,+24.4,+24.3,+24.1,+26,FULL,500,1,+0,+0,+0.0165,+0,+0.0384,+0,+0,+0,04:28:01 22.03.2020
2464,+23.8,+26.2,+24,+24.1,+24.3,+23.8,+23.7,+24.4,+24.3,+24.1,+26,FULL,500,1,+0,+0,+0.0165,+0,+0.0382,+0,+0,+0,04:29:01 22.03.2020
2465,+23.8,+26.3,+24,+24.1,+24.3,+23.8,+23.7,+24.4,+24.3,+24.1,+26.1,FULL,500,1,+0,+0,+0.0165,+0,+0.0382,+0,+0,+0,04:30:01 22.03.2020
2466,+23.8,+26.2,+24,+24.1,+24.3,+23.8,+23.7,+24.4,+24.3,+24.1,+26.2,FULL,500,1,+0,+0,+0.0165,+0,+0.0382,+0,+0,+0,04:31:01 22.03.2020
2467,+23.8,+26.3,+24,+24.1,+24.3,+23.8,+23.7,+24.4,+24.3,+24.1,+26,FULL,499,1,+0,+0,+0.0165,+0,+0.0382,+0,+0,+0,04:32:01 22.03.2020
2468,+23.8,+26.2,+24,+24.1,+24.3,+23.8,+23.7,+24.4,+24.3,+24.1,+26,FULL,499,1,+0,+0,+0.0165,+0,+0.0382,+0,+0,+0,04:33:01 22.03.2020
2469,+23.8,+26.2,+24,+24.1,+24.3,+23.8,+23.7,+24.4,+24.3,+24.1,+26.1,FULL,499,0,+0,+0,+0.0165,+0,+0.0382,+0,+0,+0,04:34:01 22.03.2020
2470,+23.8,+26.2,+24,+24.1,+24.3,+23.8,+23.7,+24.4,+24.3,+24.1,+26.1,FULL,500,1,+0,+0,+0.0165,+0,+0.0382,+0,+0,+0,04:35:01 22.03.2020
2471,+23.8,+26.2,+24,+24,+24.3,+23.8,+23.7,+24.4,+24.3,+24.1,+26.1,FULL,500,1,+0,+0,+0.0165,+0,+0.0382,+0,+0,+0,04:36:01 22.03.2020
2472,+23.8,+26.2,+24,+24.1,+24.3,+23.8,+23.7,+24.4,+24.3,+24.1,+26.1,FULL,500,1,+0,+0,+0.0165,+0,+0.0382,+0,+0,+0,04:37:01 22.03.2020
2473,+23.8,+26.2,+24,+24,+24.3,+23.8,+23.7,+24.4,+24.3,+24.1,+26,FULL,500,1,+0,+0,+0.0165,+0,+0.0382,+0,+0,+0,04:38:01 22.03.2020
2474,+23.8,+26.2,+24,+24.1,+24.3,+23.8,+23.7,+24.4,+24.3,+24.1,+26.1,FULL,499,1,+0,+0,+0.0165,+0,+0.0382,+0,+0,+0,04:39:01 22.03.2020
2475,+23.8,+26.2,+24,+24,+24.3,+23.8,+23.7,+24.4,+24.3,+24.1,+26,FULL,499,1,+0,+0,+0.0165,+0,+0.0382,+0,+0,+0,04:40:01 22.03.2020
2476,+23.8,+26.2,+24,+24,+24.3,+23.8,+23.7,+24.4,+24.3,+24.1,+26,FULL,499,0,+0,+0,+0.0165,+0,+0.0384,+0,+0,+0,04:41:01 22.03.2020
2477,+23.8,+26.1,+24,+24,+24.3,+23.8,+23.7,+24.4,+24.3,+24.1,+26,FULL,500,1,+0,+0,+0.0165,+0,+0.0382,+0,+0,+0,04:42:01 22.03.2020
2478,+23.8,+26.2,+24,+24,+24.3,+23.8,+23.7,+24.4,+24.3,+24.1,+26,FULL,500,1,+0,+0,+0.0165,+0,+0.0382,+0,+0,+0,04:43:01 22.03.2020
2479,+23.8,+26.1,+24,+24.1,+24.3,+23.8,+23.7,+24.4,+24.3,+24.1,+26.2,FULL,500,1,+0,+0,+0.0165,+0,+0.0382,+0,+0,+0,04:44:01 22.03.2020
2480,+23.8,+26.2,+24,+24,+24.3,+23.8,+23.7,+24.4,+24.3,+24.1,+26.1,FULL,500,1,+0,+0,+0.0165,+0,+0.0382,+0,+0,+0,04:45:01 22.03.2020
2481,+23.8,+26.1,+24,+24,+24.3,+23.8,+23.7,+24.4,+24.3,+24.1,+26,FULL,499,1,+0,+0,+0.0165,+0,+0.0382,+0,+0,+0,04:46:01 22.03.2020
2482,+23.8,+26.1,+24,+24,+24.3,+23.8,+23.7,+24.4,+24.3,+24.1,+26,FULL,499,1,+0,+0,+0.0165,+0,+0.0382,+0,+0,+0,04:47:01 22.03.2020
2483,+23.8,+26.1,+24,+24,+24.3,+23.8,+23.7,+24.4,+24.3,+24.1,+26,FULL,499,0,+0,+0,+0.0165,+0,+0.0382,+0,+0,+0,04:48:01 22.03.2020
2484,+23.8,+26.1,+24,+24,+24.3,+23.8,+23.7,+24.4,+24.3,+24.1,+26.1,FULL,500,1,+0,+0,+0.0165,+0,+0.0382,+0,+0,+0,04:49:01 22.03.2020
2485,+23.8,+26.1,+24,+24,+24.3,+23.8,+23.7,+24.5,+24.3,+24.1,+26,FULL,500,1,+0,+0,+0.0166,+0,+0.0382,+0,+0,+0,04:50:01 22.03.2020
2486,+23.8,+26.1,+24,+24,+24.3,+23.8,+23.7,+24.5,+24.3,+24.1,+26.1,FULL,500,1,+0,+0,+0.0166,+0,+0.0382,+0,+0,+0,04:51:01 22.03.2020
2487,+23.8,+26.1,+24,+24,+24.3,+23.8,+23.7,+24.4,+24.3,+24.1,+26.1,FULL,500,1,+0,+0,+0.0165,+0,+0.0382,+0,+0,+0,04:52:01 22.03.2020
2488,+23.8,+26.1,+24,+24,+24.3,+23.8,+23.7,+24.4,+24.3,+24.1,+26,FULL,499,1,+0,+0,+0.0165,+0,+0.0382,+0,+0,+0,04:53:01 22.03.2020
2489,+23.8,+26.1,+24,+24,+24.3,+23.8,+23.7,+24.4,+24.3,+24.1,+26,FULL,499,1,+0,+0,+0.0165,+0,+0.0382,+0,+0,+0,04:54:01 22.03.2020
2490,+23.8,+26.2,+24,+24,+24.3,+23.8,+23.7,+24.4,+24.3,+24.1,+26,FULL,499,0,+0,+0,+0.0165,+0,+0.0382,+0,+0,+0,04:55:01 22.03.2020
2491,+23.8,+26.2,+24,+24,+24.3,+23.8,+23.7,+24.4,+24.3,+24.1,+26,FULL,500,1,+0,+0,+0.0165,+0,+0.0382,+0,+0,+0,04:56:01 22.03.2020
2492,+23.8,+26.2,+24,+24,+24.3,+23.8,+23.7,+24.4,+24.3,+24.1,+26,FULL,500,1,+0,+0,+0.0165,+0,+0.0382,+0,+0,+0,04:57:01 22.03.2020
2493,+23.8,+26.3,+24,+24,+24.3,+23.8,+23.7,+24.4,+24.3,+24.1,+26.1,FULL,500,1,+0,+0,+0.0165,+0,+0.0382,+0,+0,+0,04:58:01 22.03.2020
2494,+23.8,+26.2,+24,+24,+24.3,+23.8,+23.7,+24.4,+24.3,+24.1,+26,FULL,500,1,+0,+0,+0.0165,+0,+0.0382,+0,+0,+0,04:59:01 22.03.2020
2495,+23.8,+26.3,+24,+24,+24.3,+23.8,+23.7,+24.4,+24.3,+24.1,+26.1,FULL,499,1,+0,+0,+0.0165,+0,+0.0382,+0,+0,+0,05:00:01 22.03.2020
2496,+23.9,+26.3,+24,+24,+24.3,+23.8,+23.7,+24.4,+24.3,+24.1,+26,FULL,499,1,+0,+0,+0.0165,+0,+0.0382,+0,+0,+0,05:01:01 22.03.2020
2497,+23.8,+26.3,+24,+24,+24.3,+23.8,+23.7,+24.4,+24.3,+24.1,+26,FULL,499,0,+0,+0,+0.0165,+0,+0.0382,+0,+0,+0,05:02:01 22.03.2020
2498,+23.8,+26.3,+24,+24,+24.3,+23.8,+23.7,+24.4,+24.3,+24.1,+26.1,FULL,500,1,+0,+0,+0.0165,+0,+0.0382,+0,+0,+0,05:03:01 22.03.2020
2499,+23.8,+26.3,+24,+24,+24.3,+23.8,+23.7,+24.4,+24.3,+24.1,+26,FULL,500,1,+0,+0,+0.0165,+0,+0.0382,+0,+0,+0,05:04:01 22.03.2020
2500,+23.8,+26.3,+24,+24,+24.3,+23.8,+23.7,+24.4,+24.3,+24.1,+26.1,FULL,500,1,+0,+0,+0.0165,+0,+0.0382,+0,+0,+0,05:05:01 22.03.2020
2501,+23.8,+26.3,+24,+24,+24.3,+23.8,+23.7,+24.4,+24.3,+24.1,+26,FULL,500,1,+0,+0,+0.0165,+0,+0.0382,+0,+0,+0,05:06:01 22.03.2020
2502,+23.8,+26.3,+24,+24,+24.3,+23.8,+23.7,+24.4,+24.3,+24.1,+26,FULL,499,1,+0,+0,+0.0165,+0,+0.0382,+0,+0,+0,05:07:01 22.03.2020
2503,+23.8,+26.3,+24,+24,+24.3,+23.8,+23.7,+24.4,+24.3,+24.1,+26.1,FULL,499,1,+0,+0,+0.0165,+0,+0.0382,+0,+0,+0,05:08:01 22.03.2020
2504,+23.8,+26.3,+24,+24,+24.3,+23.8,+23.7,+24.4,+24.3,+24.1,+26,FULL,499,1,+0,+0,+0.0165,+0,+0.0382,+0,+0,+0,05:09:01 22.03.2020
2505,+23.8,+26.3,+24,+24.1,+24.3,+23.8,+23.7,+24.4,+24.3,+24.1,+26.1,FULL,500,1,+0,+0,+0.0165,+0,+0.0384,+0,+0,+0,05:10:01 22.03.2020
2506,+23.8,+26.3,+24,+24,+24.3,+23.8,+23.7,+24.4,+24.3,+24.1,+26,FULL,500,1,+0,+0,+0.0165,+0,+0.0384,+0,+0,+0,05:11:01 22.03.2020
2507,+23.8,+26.3,+24,+24,+24.3,+23.8,+23.7,+24.4,+24.3,+24.1,+26.2,FULL,500,1,+0,+0,+0.0165,+0,+0.0384,+0,+0,+0,05:12:01 22.03.2020
2508,+23.8,+26.3,+24,+24,+24.3,+23.8,+23.7,+24.4,+24.3,+24.1,+26.2,FULL,500,1,+0,+0,+0.0165,+0,+0.0384,+0,+0,+0,05:13:01 22.03.2020
2509,+23.8,+26.3,+24,+24,+24.3,+23.8,+23.7,+24.4,+24.3,+24.1,+26,FULL,499,1,+0,+0,+0.0165,+0,+0.0384,+0,+0,+0,05:14:01 22.03.2020
2510,+23.8,+26.3,+24,+24,+24.3,+23.8,+23.7,+24.4,+24.3,+24.1,+26,FULL,499,0,+0,+0,+0.0165,+0,+0.0384,+0,+0,+0,05:15:01 22.03.2020
2511,+23.8,+26.3,+24,+24,+24.3,+23.8,+23.7,+24.4,+24.3,+24.1,+26.1,FULL,499,1,+0,+0,+0.0165,+0,+0.0384,+0,+0,+0,05:16:01 22.03.2020
2512,+23.8,+26.3,+24,+24.1,+24.3,+23.8,+23.7,+24.4,+24.3,+24.1,+26,FULL,500,1,+0,+0,+0.0165,+0,+0.0384,+0,+0,+0,05:17:01 22.03.2020
2513,+23.8,+26.3,+24,+24,+24.3,+23.8,+23.7,+24.4,+24.3,+24.1,+26,FULL,500,1,+0,+0,+0.0165,+0,+0.0384,+0,+0,+0,05:18:01 22.03.2020
2514,+23.8,+26.3,+24,+24,+24.3,+23.8,+23.7,+24.4,+24.3,+24.1,+26.1,FULL,500,1,+0,+0,+0.0165,+0,+0.0384,+0,+0,+0,05:19:01 22.03.2020
2515,+23.7,+26.3,+24,+24.1,+24.3,+23.8,+23.7,+24.4,+24.3,+24.1,+26,FULL,500,1,+0,+0,+0.0165,+0,+0.0384,+0,+0,+0,05:20:01 22.03.2020
2516,+23.7,+26.3,+24,+24.1,+24.3,+23.8,+23.7,+24.4,+24.3,+24.1,+26,FULL,499,1,+0,+0,+0.0165,+0,+0.0384,+0,+0,+0,05:21:01 22.03.2020
2517,+23.7,+26.2,+24,+24,+24.3,+23.8,+23.7,+24.4,+24.3,+24.1,+26,FULL,499,0,+0,+0,+0.0165,+0,+0.0384,+0,+0,+0,05:22:01 22.03.2020
2518,+23.7,+26.2,+24,+24,+24.3,+23.8,+23.7,+24.4,+24.3,+24.1,+26.2,FULL,499,0,+0,+0,+0.0165,+0,+0.0384,+0,+0,+0,05:23:01 22.03.2020
2519,+23.7,+26.2,+24,+24,+24.3,+23.8,+23.7,+24.4,+24.3,+24.1,+26.2,FULL,500,1,+0,+0,+0.0165,+0,+0.0384,+0,+0,+0,05:24:01 22.03.2020
2520,+23.7,+26.2,+24,+24.1,+24.3,+23.8,+23.7,+24.4,+24.3,+24.1,+26,FULL,500,1,+0,+0,+0.0165,+0,+0.0384,+0,+0,+0,05:25:01 22.03.2020
2521,+23.7,+26.1,+24,+24,+24.3,+23.8,+23.7,+24.4,+24.3,+24.1,+26,FULL,500,1,+0,+0,+0.0165,+0,+0.0384,+0,+0,+0,05:26:01 22.03.2020
2522,+23.7,+26.2,+24,+24.1,+24.3,+23.8,+23.7,+24.4,+24.3,+24.1,+26.1,FULL,499,1,+0,+0,+0.0165,+0,+0.0384,+0,+0,+0,05:27:01 22.03.2020
2523,+23.7,+26.1,+24,+24,+24.3,+23.8,+23.7,+24.4,+24.3,+24.1,+26,FULL,499,1,+0,+0,+0.0165,+0,+0.0384,+0,+0,+0,05:28:01 22.03.2020
2524,+23.7,+26.2,+24,+24,+24.3,+23.8,+23.7,+24.4,+24.3,+24.1,+26,FULL,499,0,+0,+0,+0.0165,+0,+0.0385,+0,+0,+0,05:29:01 22.03.2020
2525,+23.7,+26.1,+24,+24,+24.3,+23.8,+23.7,+24.4,+24.3,+24.1,+26,FULL,499,0,+0,+0,+0.0165,+0,+0.0384,+0,+0,+0,05:30:01 22.03.2020
2526,+23.7,+26.1,+24,+24,+24.3,+23.8,+23.7,+24.4,+24.3,+24.1,+26,FULL,500,1,+0,+0,+0.0165,+0,+0.0384,+0,+0,+0,05:31:01 22.03.2020
2527,+23.6,+26.1,+24,+24,+24.3,+23.8,+23.7,+24.4,+24.3,+24.1,+26,FULL,500,1,+0,+0,+0.0165,+0,+0.0384,+0,+0,+0,05:32:01 22.03.2020
2528,+23.6,+26.2,+24,+24,+24.3,+23.8,+23.7,+24.4,+24.3,+24.1,+26,FULL,500,1,+0,+0,+0.0165,+0,+0.0384,+0,+0,+0,05:33:01 22.03.2020
2529,+23.6,+26.1,+24,+24,+24.3,+23.8,+23.7,+24.4,+24.3,+24.1,+26,FULL,500,1,+0,+0,+0.0165,+0,+0.0384,+0,+0,+0,05:34:01 22.03.2020
2530,+23.6,+26.1,+24,+24,+24.3,+23.8,+23.7,+24.4,+24.3,+24.1,+26.1,FULL,499,1,+0,+0,+0.0165,+0,+0.0384,+0,+0,+0,05:35:01 22.03.2020
2531,+23.6,+26.1,+24,+24,+24.3,+23.8,+23.7,+24.4,+24.3,+24.1,+26,FULL,499,0,+0,+0,+0.0165,+0,+0.0384,+0,+0,+0,05:36:01 22.03.2020
2532,+23.6,+26.1,+24,+24,+24.3,+23.8,+23.7,+24.4,+24.3,+24.1,+26,FULL,499,0,+0,+0,+0.0165,+0,+0.0386,+0,+0,+0,05:37:01 22.03.2020
2533,+23.6,+26.1,+24,+24,+24.3,+23.8,+23.7,+24.4,+24.3,+24.1,+26,FULL,500,1,+0,+0,+0.0165,+0,+0.0384,+0,+0,+0,05:38:01 22.03.2020
2534,+23.6,+26.1,+24,+24,+24.3,+23.8,+23.7,+24.4,+24.3,+24.1,+26,FULL,500,1,+0,+0,+0.0165,+0,+0.0384,+0,+0,+0,05:39:01 22.03.2020
2535,+23.6,+26.1,+24,+24,+24.3,+23.8,+23.7,+24.4,+24.3,+24.1,+26.1,FULL,500,1,+0,+0,+0.0165,+0,+0.0384,+0,+0,+0,05:40:01 22.03.2020
2536,+23.6,+26.1,+24,+24,+24.3,+23.8,+23.7,+24.4,+24.3,+24.1,+26,FULL,499,1,+0,+0,+0.0165,+0,+0.0384,+0,+0,+0,05:41:01 22.03.2020
2537,+23.6,+26.1,+24,+24,+24.3,+23.8,+23.7,+24.4,+24.3,+24.1,+26,FULL,499,1,+0,+0,+0.0165,+0,+0.0384,+0,+0,+0,05:42:01 22.03.2020
2538,+23.6,+26.1,+24,+24,+24.3,+23.8,+23.7,+24.4,+24.3,+24.1,+26,FULL,499,1,+0,+0,+0.0165,+0,+0.0384,+0,+0,+0,05:43:01 22.03.2020
2539,+23.6,+26.1,+24,+24,+24.3,+23.8,+23.7,+24.4,+24.3,+24.1,+26,FULL,499,1,+0,+0,+0.0165,+0,+0.0384,+0,+0,+0,05:44:01 22.03.2020
2540,+23.6,+26.1,+24,+24,+24.3,+23.8,+23.7,+24.4,+24.3,+24.1,+26,FULL,500,1,+0,+0,+0.0165,+0,+0.0384,+0,+0,+0,05:45:01 22.03.2020
2541,+23.6,+26.1,+24,+24,+24.3,+23.8,+23.7,+24.4,+24.3,+24.1,+26.1,FULL,500,1,+0,+0,+0.0165,+0,+0.0384,+0,+0,+0,05:46:01 22.03.2020
2542,+23.6,+26.1,+24,+24,+24.3,+23.8,+23.7,+24.4,+24.3,+24.1,+26,FULL,500,1,+0,+0,+0.0165,+0,+0.0384,+0,+0,+0,05:47:01 22.03.2020
2543,+23.5,+26.1,+24,+24,+24.3,+23.8,+23.7,+24.4,+24.3,+24.1,+26,FULL,499,1,+0,+0,+0.0165,+0,+0.0384,+0,+0,+0,05:48:01 22.03.2020
2544,+23.5,+26.2,+24,+24,+24.3,+23.8,+23.7,+24.4,+24.3,+24.1,+26,FULL,499,1,+0,+0,+0.0165,+0,+0.0384,+0,+0,+0,05:49:01 22.03.2020
2545,+23.5,+26.2,+24,+24,+24.3,+23.8,+23.7,+24.4,+24.3,+24.1,+26.1,FULL,499,0,+0,+0,+0.0165,+0,+0.0384,+0,+0,+0,05:50:01 22.03.2020
2546,+23.5,+26.2,+24,+24,+24.3,+23.8,+23.7,+24.4,+24.3,+24.1,+26.1,FULL,500,1,+0,+0,+0.0165,+0,+0.0384,+0,+0,+0,05:51:01 22.03.2020
2547,+23.5,+26.2,+24,+24,+24.3,+23.8,+23.7,+24.4,+24.3,+24.1,+26,FULL,500,1,+0,+0,+0.0165,+0,+0.0384,+0,+0,+0,05:52:01 22.03.2020
2548,+23.5,+26.2,+24,+24,+24.3,+23.8,+23.7,+24.4,+24.3,+24.1,+26.1,FULL,500,1,+0,+0,+0.0165,+0,+0.0384,+0,+0,+0,05:53:01 22.03.2020
2549,+23.5,+26.2,+24,+24,+24.3,+23.8,+23.7,+24.4,+24.3,+24.1,+26,FULL,500,1,+0,+0,+0.0165,+0,+0.0384,+0,+0,+0,05:54:01 22.03.2020
2550,+23.5,+26.2,+24,+24,+24.3,+23.8,+23.7,+24.4,+24.3,+24.1,+26,FULL,500,1,+0,+0,+0.0165,+0,+0.0384,+0,+0,+0,05:55:01 22.03.2020
2551,+23.5,+26.2,+24,+24,+24.3,+23.8,+23.7,+24.4,+24.3,+24.1,+26,FULL,499,1,+0,+0,+0.0165,+0,+0.0384,+0,+0,+0,05:56:01 22.03.2020
2552,+23.5,+26.2,+24,+24,+24.3,+23.8,+23.7,+24.4,+24.3,+24.1,+26.1,FULL,499,0,+0,+0,+0.0165,+0,+0.0384,+0,+0,+0,05:57:01 22.03.2020
2553,+23.5,+26.2,+24,+24,+24.3,+23.8,+23.7,+24.4,+24.3,+24.1,+26,FULL,500,1,+0,+0,+0.0165,+0,+0.0384,+0,+0,+0,05:58:01 22.03.2020
2554,+23.5,+26.2,+24,+24,+24.3,+23.8,+23.7,+24.4,+24.3,+24.1,+26,FULL,500,1,+0,+0,+0.0165,+0,+0.0384,+0,+0,+0,05:59:01 22.03.2020
2555,+23.4,+26.2,+24,+24,+24.3,+23.8,+23.7,+24.4,+24.3,+24.1,+26,FULL,500,1,+0,+0,+0.0165,+0,+0.0384,+0,+0,+0,06:00:01 22.03.2020
2556,+23.4,+26.2,+24,+24,+24.3,+23.8,+23.7,+24.4,+24.3,+24.1,+26,FULL,500,1,+0,+0,+0.0165,+0,+0.0384,+0,+0,+0,06:01:01 22.03.2020
2557,+23.4,+26.2,+24,+24,+24.3,+23.8,+23.7,+24.4,+24.3,+24.1,+26,FULL,499,1,+0,+0,+0.0165,+0,+0.0384,+0,+0,+0,06:02:01 22.03.2020
2558,+23.4,+26.2,+24,+24,+24.3,+23.8,+23.7,+24.4,+24.3,+24.1,+26.1,FULL,499,1,+0,+0,+0.0165,+0,+0.0384,+0,+0,+0,06:03:01 22.03.2020
2559,+23.4,+26.2,+24,+24,+24.3,+23.8,+23.7,+24.4,+24.3,+24.1,+26,FULL,499,0,+0,+0,+0.0165,+0,+0.0384,+0,+0,+0,06:04:01 22.03.2020
2560,+23.4,+26.2,+24,+24,+24.3,+23.8,+23.7,+24.4,+24.3,+24.1,+26,FULL,500,1,+0,+0,+0.0165,+0,+0.0384,+0,+0,+0,06:05:01 22.03.2020
2561,+23.4,+26.2,+24,+24,+24.3,+23.8,+23.7,+24.4,+24.3,+24.1,+26,FULL,500,1,+0,+0,+0.0165,+0,+0.0384,+0,+0,+0,06:06:01 22.03.2020
2562,+23.4,+26.2,+24,+24,+24.3,+23.8,+23.7,+24.4,+24.3,+24.1,+26.1,FULL,500,1,+0,+0,+0.0165,+0,+0.0384,+0,+0,+0,06:07:01 22.03.2020
2563,+23.4,+26.2,+24,+24,+24.3,+23.8,+23.7,+24.4,+24.3,+24.1,+26,FULL,500,1,+0,+0,+0.0165,+0,+0.0384,+0,+0,+0,06:08:01 22.03.2020
2564,+23.4,+26.3,+24,+24,+24.3,+23.8,+23.7,+24.4,+24.3,+24.1,+26.1,FULL,499,1,+0,+0,+0.0165,+0,+0.0384,+0,+0,+0,06:09:01 22.03.2020
2565,+23.4,+26.2,+24,+24,+24.3,+23.8,+23.7,+24.4,+24.3,+24.1,+26,FULL,499,1,+0,+0,+0.0165,+0,+0.0384,+0,+0,+0,06:10:01 22.03.2020
2566,+23.3,+26.2,+24,+24,+24.3,+23.8,+23.7,+24.4,+24.3,+24.1,+26.1,FULL,499,0,+0,+0,+0.0165,+0,+0.0384,+0,+0,+0,06:11:01 22.03.2020
2567,+23.3,+26.3,+24,+24,+24.3,+23.8,+23.7,+24.4,+24.3,+24.1,+26,FULL,500,1,+0,+0,+0.0165,+0,+0.0384,+0,+0,+0,06:12:01 22.03.2020
2568,+23.3,+26.3,+24,+24,+24.3,+23.8,+23.7,+24.4,+24.3,+24.1,+26,FULL,500,1,+0,+0,+0.0165,+0,+0.0384,+0,+0,+0,06:13:01 22.03.2020
2569,+23.3,+26.2,+24,+24,+24.3,+23.8,+23.7,+24.4,+24.3,+24.1,+26,FULL,500,1,+0,+0,+0.0165,+0,+0.0384,+0,+0,+0,06:14:01 22.03.2020
2570,+23.3,+26.2,+24,+24,+24.3,+23.8,+23.7,+24.4,+24.3,+24.1,+26,FULL,500,1,+0,+0,+0.0165,+0,+0.0384,+0,+0,+0,06:15:01 22.03.2020
2571,+23.3,+26.1,+24,+24,+24.3,+23.8,+23.7,+24.4,+24.3,+24.1,+26,FULL,499,1,+0,+0,+0.0165,+0,+0.0384,+0,+0,+0,06:16:01 22.03.2020
2572,+23.3,+26.2,+24,+24,+24.3,+23.8,+23.7,+24.4,+24.3,+24.1,+26,FULL,499,1,+0,+0,+0.0165,+0,+0.0384,+0,+0,+0,06:17:01 22.03.2020
2573,+23.3,+26.1,+24,+24,+24.3,+23.8,+23.7,+24.4,+24.3,+24.1,+26,FULL,499,0,+0,+0,+0.0165,+0,+0.0384,+0,+0,+0,06:18:01 22.03.2020
2574,+23.3,+26.1,+24,+24,+24.3,+23.8,+23.7,+24.4,+24.3,+24.1,+26,FULL,500,1,+0,+0,+0.0165,+0,+0.0384,+0,+0,+0,06:19:01 22.03.2020
2575,+23.3,+26.1,+24,+24,+24.3,+23.8,+23.7,+24.4,+24.3,+24.1,+26,FULL,500,1,+0,+0,+0.0165,+0,+0.0384,+0,+0,+0,06:20:01 22.03.2020
2576,+23.3,+26.2,+24,+24,+24.3,+23.8,+23.7,+24.3,+24.3,+24.1,+26,FULL,500,1,+0,+0,+0.0165,+0,+0.0384,+0,+0,+0,06:21:01 22.03.2020
2577,+23.2,+26.1,+24,+24,+24.3,+23.8,+23.7,+24.4,+24.3,+24.1,+26.1,FULL,499,1,+0,+0,+0.0165,+0,+0.0384,+0,+0,+0,06:22:01 22.03.2020
2578,+23.2,+26.1,+24,+24,+24.3,+23.8,+23.7,+24.4,+24.3,+24.1,+26,FULL,499,1,+0,+0,+0.0165,+0,+0.0384,+0,+0,+0,06:23:01 22.03.2020
2579,+23.2,+26.1,+24,+24,+24.3,+23.8,+23.7,+24.4,+24.3,+24.1,+26,FULL,499,0,+0,+0,+0.0165,+0,+0.0384,+0,+0,+0,06:24:01 22.03.2020
2580,+23.2,+26.1,+24,+24,+24.3,+23.8,+23.7,+24.4,+24.3,+24.1,+26,FULL,499,0,+0,+0,+0.0165,+0,+0.0384,+0,+0,+0,06:25:01 22.03.2020
2581,+23.2,+26.1,+24,+24,+24.3,+23.8,+23.7,+24.4,+24.3,+24.1,+26,FULL,500,1,+0,+0,+0.0165,+0,+0.0384,+0,+0,+0,06:26:01 22.03.2020
2582,+23.2,+26.1,+24,+24,+24.3,+23.8,+23.7,+24.4,+24.3,+24.1,+26,FULL,500,1,+0,+0,+0.0165,+0,+0.0384,+0,+0,+0,06:27:01 22.03.2020
2583,+23.2,+26.1,+24,+24,+24.3,+23.8,+23.7,+24.4,+24.3,+24.1,+26,FULL,500,1,+0,+0,+0.0165,+0,+0.0384,+0,+0,+0,06:28:01 22.03.2020
2584,+23.2,+26.1,+24,+24,+24.3,+23.8,+23.7,+24.3,+24.3,+24.1,+26.1,FULL,499,1,+0,+0,+0.0165,+0,+0.0384,+0,+0,+0,06:29:01 22.03.2020
2585,+23.2,+26.1,+24,+24,+24.3,+23.8,+23.7,+24.4,+24.3,+24.1,+26,FULL,499,1,+0,+0,+0.0165,+0,+0.0384,+0,+0,+0,06:30:01 22.03.2020
2586,+23.2,+26.1,+24,+24,+24.3,+23.8,+23.7,+24.4,+24.3,+24.1,+26,FULL,499,0,+0,+0,+0.0165,+0,+0.0384,+0,+0,+0,06:31:01 22.03.2020
2587,+23.2,+26.1,+24,+24,+24.3,+23.8,+23.7,+24.4,+24.3,+24.1,+26,FULL,499,0,+0,+0,+0.0165,+0,+0.0384,+0,+0,+0,06:32:01 22.03.2020
2588,+23.1,+26.1,+24,+24,+24.3,+23.8,+23.7,+24.4,+24.3,+24.1,+26,FULL,500,1,+0,+0,+0.0165,+0,+0.0384,+0,+0,+0,06:33:01 22.03.2020
2589,+23.1,+26.1,+24,+24,+24.3,+23.8,+23.7,+24.4,+24.3,+24.1,+26,FULL,500,1,+0,+0,+0.0165,+0,+0.0384,+0,+0,+0,06:34:01 22.03.2020
2590,+23.1,+26.1,+24,+24,+24.3,+23.8,+23.7,+24.4,+24.3,+24.1,+26,FULL,500,1,+0,+0,+0.0165,+0,+0.0384,+0,+0,+0,06:35:01 22.03.2020
2591,+23.1,+26,+24,+24,+24.3,+23.8,+23.7,+24.4,+24.3,+24.1,+26,FULL,500,1,+0,+0,+0.0165,+0,+0.0384,+0,+0,+0,06:36:01 22.03.2020
2592,+23.1,+26,+24,+24,+24.3,+23.8,+23.7,+24.4,+24.3,+24.1,+26,FULL,499,1,+0,+0,+0.0165,+0,+0.0384,+0,+0,+0,06:37:01 22.03.2020
2593,+23.1,+26.1,+24,+24,+24.3,+23.8,+23.7,+24.4,+24.3,+24.1,+26,FULL,499,1,+0,+0,+0.0165,+0,+0.0384,+0,+0,+0,06:38:01 22.03.2020
2594,+23.1,+26.1,+24,+24,+24.3,+23.8,+23.7,+24.4,+24.3,+24.1,+26,FULL,499,1,+0,+0,+0.0165,+0,+0.0384,+0,+0,+0,06:39:01 22.03.2020
2595,+23.1,+26.1,+24,+24,+24.3,+23.8,+23.7,+24.4,+24.3,+24.1,+26,FULL,500,1,+0,+0,+0.0165,+0,+0.0384,+0,+0,+0,06:40:01 22.03.2020
2596,+23.1,+26.1,+24,+24,+24.3,+23.8,+23.7,+24.4,+24.3,+24.1,+26.1,FULL,500,1,+0,+0,+0.0165,+0,+0.0384,+0,+0,+0,06:41:01 22.03.2020
2597,+23.1,+26.1,+24,+24,+24.3,+23.8,+23.7,+24.4,+24.3,+24.1,+26,FULL,500,1,+0,+0,+0.0165,+0,+0.0384,+0,+0,+0,06:42:01 22.03.2020
2598,+23.1,+26.2,+24,+24,+24.3,+23.8,+23.7,+24.4,+24.3,+24.1,+26,FULL,499,1,+0,+0,+0.0165,+0,+0.0384,+0,+0,+0,06:43:01 22.03.2020
2599,+23.1,+26.2,+24,+24,+24.3,+23.8,+23.7,+24.4,+24.3,+24.1,+26,FULL,499,1,+0,+0,+0.0165,+0,+0.0384,+0,+0,+0,06:44:01 22.03.2020
2600,+23.1,+26.2,+24,+24,+24.3,+23.8,+23.7,+24.3,+24.3,+24.1,+26,FULL,499,0,+0,+0,+0.0165,+0,+0.0384,+0,+0,+0,06:45:01 22.03.2020
2601,+23.1,+26.2,+24,+24,+24.3,+23.8,+23.7,+24.3,+24.3,+24.1,+26.1,FULL,499,1,+0,+0,+0.0165,+0,+0.0384,+0,+0,+0,06:46:01 22.03.2020
2602,+23,+26.2,+24,+24,+24.3,+23.8,+23.7,+24.3,+24.3,+24.1,+26,FULL,500,1,+0,+0,+0.0165,+0,+0.0384,+0,+0,+0,06:47:01 22.03.2020
2603,+23,+26.2,+24,+24,+24.3,+23.8,+23.7,+24.4,+24.3,+24.1,+26,FULL,500,1,+0,+0,+0.0165,+0,+0.0383,+0,+0,+0,06:48:01 22.03.2020
2604,+23,+26.2,+24,+24,+24.3,+23.8,+23.7,+24.4,+24.3,+24.1,+26,FULL,500,1,+0,+0,+0.0165,+0,+0.0382,+0,+0,+0,06:49:01 22.03.2020
2605,+23,+26.2,+24,+24,+24.3,+23.8,+23.7,+24.4,+24.3,+24.1,+26.1,FULL,499,1,+0,+0,+0.0165,+0,+0.0382,+0,+0,+0,06:50:01 22.03.2020
2606,+23,+26.2,+24,+24,+24.3,+23.8,+23.7,+24.3,+24.3,+24.1,+26,FULL,499,1,+0,+0,+0.0165,+0,+0.0384,+0,+0,+0,06:51:01 22.03.2020
2607,+23,+26.2,+24,+24,+24.3,+23.8,+23.7,+24.4,+24.3,+24.1,+26,FULL,499,0,+0,+0,+0.0165,+0,+0.0382,+0,+0,+0,06:52:01 22.03.2020
2608,+23,+26.2,+24,+24,+24.3,+23.8,+23.7,+24.4,+24.3,+24.1,+26,FULL,499,1,+0,+0,+0.0165,+0,+0.0382,+0,+0,+0,06:53:01 22.03.2020
2609,+23,+26.2,+24,+24,+24.3,+23.8,+23.7,+24.3,+24.3,+24.1,+26,FULL,500,1,+0,+0,+0.0165,+0,+0.0382,+0,+0,+0,06:54:01 22.03.2020
2610,+23,+26.2,+24,+24,+24.3,+23.8,+23.7,+24.4,+24.3,+24.1,+26,ESTP,0,0,+0,+0,+0.0165,+0,+0.0382,+0,+0,+0,06:55:01 22.03.2020
2611,+23,+26.2,+24,+24,+24.3,+23.8,+23.7,+24.4,+24.3,+24.1,+26,ESTP,0,0,+0,+0,+0.0165,+0,+0.0382,+0,+0,+0,06:56:01 22.03.2020
2612,+23,+26.2,+24,+24,+24.3,+23.8,+23.7,+24.4,+24.3,+24.1,+26,ESTP,0,0,+0,+0,+0.0165,+0,+0.0382,+0,+0,+0,06:57:01 22.03.2020
2613,+23,+26.3,+24,+24,+24.3,+23.7,+23.7,+24.4,+24.3,+24.2,+26,ESTP,0,0,+0,+0,+0.0165,+0,+0.0382,+0,+0,+0,06:58:01 22.03.2020
2614,+23,+26.3,+24,+24,+24.3,+23.7,+23.6,+24.4,+24.3,+24.2,+26,ESTP,0,0,+0,+0,+0.0165,+0,+0.0382,+0,+0,+0,06:59:01 22.03.2020
2615,+23,+26.4,+24,+24,+24.3,+23.7,+23.7,+24.4,+24.3,+24.2,+26,ESTP,0,0,+0,+0,+0.0165,+0,+0.0382,+0,+0,+0,07:00:01 22.03.2020
2616,+23,+26.4,+24,+24,+24.3,+23.7,+23.6,+24.4,+24.3,+24.2,+26,ESTP,0,0,+0,+0,+0.0165,+0,+0.0382,+0,+0,+0,07:01:01 22.03.2020
2617,+23,+26.4,+24,+24,+24.2,+23.7,+23.6,+24.4,+24.3,+24.2,+26,ESTP,0,0,+0,+0,+0.0165,+0,+0.0382,+0,+0,+0,07:02:01 22.03.2020
2618,+23,+26.4,+24,+24,+24.2,+23.7,+23.6,+24.4,+24.4,+24.2,+26,ESTP,0,0,+0,+0,+0.0166,+0,+0.0382,+0,+0,+0,07:03:01 22.03.2020
2619,+23,+26.4,+24,+24,+24.2,+23.7,+23.6,+24.4,+24.4,+24.2,+26,ESTP,0,0,+0,+0,+0.0166,+0,+0.0382,+0,+0,+0,07:04:01 22.03.2020
2620,+23,+26.4,+24,+24,+24.2,+23.7,+23.6,+24.4,+24.4,+24.3,+26,ESTP,0,0,+0,+0,+0.0166,+0,+0.0382,+0,+0,+0,07:05:01 22.03.2020
2621,+23,+26.4,+24,+24,+24.2,+23.7,+23.6,+24.5,+24.4,+24.3,+26,ESTP,0,0,+0,+0,+0.0166,+0,+0.0382,+0,+0,+0,07:06:01 22.03.2020
2622,+23,+26.4,+24,+24,+24.2,+23.7,+23.6,+24.5,+24.4,+24.3,+26,ESTP,0,0,+0,+0,+0.0166,+0,+0.0382,+0,+0,+0,07:07:01 22.03.2020
2623,+23,+26.4,+24,+24,+24.2,+23.7,+23.6,+24.5,+24.4,+24.3,+26,ESTP,0,0,+0,+0,+0.0166,+0,+0.0382,+0,+0,+0,07:08:01 22.03.2020
2624,+23,+26.4,+24,+24,+24.2,+23.7,+23.6,+24.5,+24.4,+24.3,+26,ESTP,0,0,+0,+0,+0.0166,+0,+0.0382,+0,+0,+0,07:09:01 22.03.2020
2625,+23,+26.5,+24.1,+24,+24.2,+23.7,+23.6,+24.5,+24.4,+24.3,+26,ESTP,0,0,+0,+0,+0.0166,+0,+0.0382,+0,+0,+0,07:10:01 22.03.2020
2626,+23,+26.5,+24.1,+24,+24.2,+23.7,+23.6,+24.5,+24.4,+24.3,+26,ESTP,0,0,+0,+0,+0.0166,+0,+0.0382,+0,+0,+0,07:11:01 22.03.2020
2627,+23,+26.5,+24.1,+24,+24.2,+23.7,+23.6,+24.5,+24.4,+24.3,+26,ESTP,0,0,+0,+0,+0.0166,+0,+0.0382,+0,+0,+0,07:12:01 22.03.2020
2628,+23,+26.5,+24.1,+24,+24.2,+23.7,+23.6,+24.5,+24.4,+24.3,+26,ESTP,0,0,+0,+0,+0.0166,+0,+0.0382,+0,+0,+0,07:13:01 22.03.2020
2629,+23,+26.5,+24.1,+24,+24.2,+23.7,+23.6,+24.5,+24.4,+24.3,+26,ESTP,0,0,+0,+0,+0.0166,+0,+0.0381,+0,+0,+0,07:14:01 22.03.2020
2630,+23,+26.5,+24.1,+24,+24.2,+23.7,+23.6,+24.5,+24.4,+24.3,+26,ESTP,0,0,+0,+0,+0.0166,+0,+0.0381,+0,+0,+0,07:15:01 22.03.2020
2631,+23,+26.5,+24.1,+24,+24.2,+23.7,+23.6,+24.5,+24.4,+24.3,+26,ESTP,0,0,+0,+0,+0.0166,+0,+0.0381,+0,+0,+0,07:16:01 22.03.2020
2632,+23,+26.5,+24.1,+24,+24.2,+23.7,+23.6,+24.5,+24.4,+24.3,+26,ESTP,0,0,+0,+0,+0.0166,+0,+0.0381,+0,+0,+0,07:17:01 22.03.2020
2633,+23,+26.5,+24.1,+24,+24.2,+23.7,+23.6,+24.5,+24.4,+24.3,+26,ESTP,0,0,+0,+0,+0.0166,+0,+0.0381,+0,+0,+0,07:18:01 22.03.2020
2634,+23,+26.5,+24.1,+24,+24.2,+23.7,+23.6,+24.5,+24.4,+24.3,+26,ESTP,0,0,+0,+0,+0.0166,+0,+0.0381,+0,+0,+0,07:19:01 22.03.2020
2635,+23,+26.5,+24.1,+24,+24.2,+23.7,+23.6,+24.5,+24.4,+24.3,+26,ESTP,0,0,+0,+0,+0.0166,+0,+0.0381,+0,+0,+0,07:20:01 22.03.2020
2636,+23,+26.5,+24.1,+24,+24.2,+23.7,+23.6,+24.5,+24.4,+24.3,+26,ESTP,0,0,+0,+0,+0.0166,+0,+0.0381,+0,+0,+0,07:21:01 22.03.2020
2637,+23,+26.4,+24.1,+24,+24.2,+23.7,+23.6,+24.5,+24.4,+24.3,+26,ESTP,0,0,+0,+0,+0.0166,+0,+0.0381,+0,+0,+0,07:22:01 22.03.2020
2638,+23,+26.4,+24.1,+24,+24.2,+23.7,+23.6,+24.5,+24.4,+24.3,+26,ESTP,0,0,+0,+0,+0.0166,+0,+0.0381,+0,+0,+0,07:23:01 22.03.2020
2639,+23,+26.4,+24.1,+24,+24.2,+23.7,+23.6,+24.5,+24.4,+24.3,+26,ESTP,0,0,+0,+0,+0.0166,+0,+0.0381,+0,+0,+0,07:24:01 22.03.2020
2640,+23,+26.4,+24.1,+24,+24.2,+23.7,+23.6,+24.5,+24.5,+24.3,+26,ESTP,0,0,+0,+0,+0.0167,+0,+0.0381,+0,+0,+0,07:25:01 22.03.2020
2641,+23,+26.4,+24.1,+24,+24.2,+23.6,+23.6,+24.6,+24.5,+24.3,+26,ESTP,0,0,+0,+0,+0.0167,+0,+0.0381,+0,+0,+0,07:26:01 22.03.2020
2642,+23,+26.4,+24.1,+24,+24.2,+23.7,+23.6,+24.6,+24.5,+24.3,+26,ESTP,0,0,+0,+0,+0.0167,+0,+0.0381,+0,+0,+0,07:27:01 22.03.2020
2643,+23,+26.3,+24.1,+24,+24.2,+23.7,+23.6,+24.6,+24.5,+24.3,+26,ESTP,0,0,+0,+0,+0.0167,+0,+0.0381,+0,+0,+0,07:28:01 22.03.2020
2644,+23,+26.3,+24.1,+24,+24.2,+23.6,+23.6,+24.6,+24.5,+24.3,+26,ESTP,0,0,+0,+0,+0.0167,+0,+0.0381,+0,+0,+0,07:29:01 22.03.2020
2645,+23,+26.3,+24.1,+24,+24.2,+23.6,+23.6,+24.6,+24.5,+24.3,+26,ESTP,0,0,+0,+0,+0.0167,+0,+0.0381,+0,+0,+0,07:30:01 22.03.2020
2646,+23,+26.1,+24.1,+24,+24.2,+23.6,+23.6,+24.6,+24.5,+24.3,+26,ESTP,0,0,+0,+0,+0.0167,+0,+0.0381,+0,+0,+0,07:31:01 22.03.2020
2647,+23,+26,+24.1,+24,+24.2,+23.6,+23.6,+24.6,+24.5,+24.3,+26,ESTP,0,0,+0,+0,+0.0167,+0,+0.0381,+0,+0,+0,07:32:01 22.03.2020
2648,+23,+26,+24.1,+24,+24.2,+23.6,+23.6,+24.6,+24.5,+24.3,+26,ESTP,0,0,+0,+0,+0.0167,+0,+0.0381,+0,+0,+0,07:33:01 22.03.2020
2649,+23,+26,+24.1,+24,+24.2,+23.6,+23.6,+24.6,+24.5,+24.3,+26,ESTP,0,0,+0,+0,+0.0167,+0,+0.0381,+0,+0,+0,07:34:01 22.03.2020
2650,+23,+26,+24.1,+24,+24.2,+23.6,+23.6,+24.6,+24.5,+24.3,+26,ESTP,0,0,+0,+0,+0.0167,+0,+0.0381,+0,+0,+0,07:35:01 22.03.2020
2651,+23,+26,+24.1,+24,+24.2,+23.6,+23.6,+24.6,+24.5,+24.3,+26,ESTP,0,0,+0,+0,+0.0167,+0,+0.0381,+0,+0,+0,07:36:01 22.03.2020
2652,+23,+25.9,+24.1,+24,+24.2,+23.6,+23.6,+24.6,+24.5,+24.3,+26,ESTP,0,0,+0,+0,+0.0167,+0,+0.0381,+0,+0,+0,07:37:01 22.03.2020
2653,+23,+25.9,+24.1,+24,+24.2,+23.6,+23.6,+24.6,+24.5,+24.3,+26,ESTP,0,0,+0,+0,+0.0167,+0,+0.0381,+0,+0,+0,07:38:01 22.03.2020
2654,+23,+25.9,+24.1,+23.9,+24.2,+23.6,+23.6,+24.6,+24.5,+24.3,+26,ESTP,0,0,+0,+0,+0.0167,+0,+0.0381,+0,+0,+0,07:39:01 22.03.2020
2655,+23,+25.9,+24.1,+24,+24.2,+23.6,+23.6,+24.6,+24.5,+24.3,+26,ESTP,0,0,+0,+0,+0.0167,+0,+0.0381,+0,+0,+0,07:40:01 22.03.2020
2656,+23,+25.9,+24.1,+23.9,+24.2,+23.6,+23.6,+24.6,+24.5,+24.3,+26,ESTP,0,0,+0,+0,+0.0167,+0,+0.0381,+0,+0,+0,07:41:01 22.03.2020
2657,+23,+25.8,+24.1,+23.9,+24.2,+23.6,+23.6,+24.6,+24.5,+24.3,+26,ESTP,0,0,+0,+0,+0.0167,+0,+0.0381,+0,+0,+0,07:42:01 22.03.2020
2658,+23,+25.8,+24.1,+23.9,+24.2,+23.6,+23.6,+24.6,+24.5,+24.3,+26,ESTP,0,0,+0,+0,+0.0167,+0,+0.0381,+0,+0,+0,07:43:01 22.03.2020
2659,+23,+25.8,+24.1,+23.9,+24.2,+23.6,+23.6,+24.6,+24.5,+24.3,+26,ESTP,0,0,+0,+0,+0.0167,+0,+0.0381,+0,+0,+0,07:44:01 22.03.2020
2660,+23,+25.8,+24.1,+23.9,+24.2,+23.6,+23.6,+24.6,+24.5,+24.3,+26,ESTP,0,0,+0,+0,+0.0167,+0,+0.0381,+0,+0,+0,07:45:01 22.03.2020
2661,+23,+25.8,+24.1,+23.9,+24.2,+23.6,+23.6,+24.6,+24.5,+24.3,+26,ESTP,0,0,+0,+0,+0.0167,+0,+0.0381,+0,+0,+0,07:46:01 22.03.2020
2662,+23,+25.7,+24.1,+23.9,+24.2,+23.6,+23.6,+24.6,+24.5,+24.3,+26,ESTP,0,0,+0,+0,+0.0167,+0,+0.0381,+0,+0,+0,07:47:01 22.03.2020
2663,+23,+25.7,+24.1,+23.9,+24.2,+23.6,+23.6,+24.6,+24.5,+24.3,+26,ESTP,0,0,+0,+0,+0.0167,+0,+0.0381,+0,+0,+0,07:48:01 22.03.2020
2664,+23,+25.7,+24.1,+23.9,+24.2,+23.6,+23.6,+24.6,+24.5,+24.3,+26,ESTP,0,0,+0,+0,+0.0167,+0,+0.0381,+0,+0,+0,07:49:01 22.03.2020
2665,+23,+25.7,+24.1,+23.9,+24.2,+23.6,+23.6,+24.6,+24.5,+24.3,+26,ESTP,0,0,+0,+0,+0.0167,+0,+0.0381,+0,+0,+0,07:50:01 22.03.2020
2666,+23,+25.7,+24.1,+23.9,+24.2,+23.6,+23.6,+24.6,+24.5,+24.3,+26,ESTP,0,0,+0,+0,+0.0167,+0,+0.0381,+0,+0,+0,07:51:01 22.03.2020
2667,+23,+25.7,+24.1,+23.9,+24.2,+23.6,+23.6,+24.6,+24.5,+24.3,+26,ESTP,0,0,+0,+0,+0.0167,+0,+0.0381,+0,+0,+0,07:52:01 22.03.2020
2668,+23,+25.6,+24.1,+23.9,+24.2,+23.6,+23.6,+24.6,+24.5,+24.2,+26,ESTP,0,0,+0,+0,+0.0167,+0,+0.0381,+0,+0,+0,07:53:01 22.03.2020
2669,+23,+25.6,+24.1,+23.9,+24.2,+23.6,+23.6,+24.6,+24.5,+24.2,+26,ESTP,0,0,+0,+0,+0.0167,+0,+0.0381,+0,+0,+0,07:54:01 22.03.2020
2670,+23,+25.6,+24.1,+23.9,+24.2,+23.6,+23.6,+24.6,+24.5,+24.2,+26,ESTP,0,0,+0,+0,+0.0167,+0,+0.0381,+0,+0,+0,07:55:01 22.03.2020
2671,+23,+25.6,+24.1,+23.9,+24.2,+23.6,+23.6,+24.6,+24.5,+24.2,+26,ESTP,0,0,+0,+0,+0.0167,+0,+0.0381,+0,+0,+0,07:56:01 22.03.2020
2672,+23,+25.6,+24.1,+23.9,+24.2,+23.6,+23.5,+24.6,+24.5,+24.2,+26,ESTP,0,0,+0,+0,+0.0167,+0,+0.0381,+0,+0,+0,07:57:01 22.03.2020
2673,+23,+25.6,+24.1,+23.9,+24.2,+23.6,+23.5,+24.6,+24.5,+24.2,+26,ESTP,0,0,+0,+0,+0.0167,+0,+0.0381,+0,+0,+0,07:58:01 22.03.2020
2674,+23,+25.6,+24.1,+23.9,+24.2,+23.6,+23.5,+24.6,+24.5,+24.2,+26,ESTP,0,0,+0,+0,+0.0167,+0,+0.0381,+0,+0,+0,07:59:01 22.03.2020
2675,+23,+25.6,+24.1,+23.9,+24.2,+23.6,+23.5,+24.6,+24.5,+24.2,+26,ESTP,0,0,+0,+0,+0.0167,+0,+0.0381,+0,+0,+0,08:00:01 22.03.2020
2676,+23,+25.6,+24.1,+23.9,+24.2,+23.6,+23.5,+24.6,+24.5,+24.2,+26,ESTP,0,0,+0,+0,+0.0167,+0,+0.0381,+0,+0,+0,08:01:01 22.03.2020
2677,+23,+25.6,+24.1,+23.9,+24.2,+23.6,+23.5,+24.6,+24.5,+24.2,+26,ESTP,0,0,+0,+0,+0.0167,+0,+0.0381,+0,+0,+0,08:02:01 22.03.2020
2678,+23,+25.6,+24.1,+23.9,+24.2,+23.6,+23.5,+24.6,+24.5,+24.2,+26,ESTP,0,0,+0,+0,+0.0167,+0,+0.0381,+0,+0,+0,08:03:01 22.03.2020
2679,+23,+25.6,+24.1,+23.9,+24.2,+23.6,+23.5,+24.6,+24.5,+24.2,+26,ESTP,0,0,+0,+0,+0.0167,+0,+0.0381,+0,+0,+0,08:04:01 22.03.2020
2680,+23,+25.6,+24.1,+23.9,+24.2,+23.6,+23.5,+24.6,+24.5,+24.2,+26,ESTP,0,0,+0,+0,+0.0167,+0,+0.0381,+0,+0,+0,08:05:01 22.03.2020
2681,+23,+25.6,+24.1,+23.9,+24.2,+23.6,+23.5,+24.6,+24.5,+24.2,+26,ESTP,0,0,+0,+0,+0.0167,+0,+0.0381,+0,+0,+0,08:06:01 22.03.2020
2682,+23,+25.6,+24.1,+23.9,+24.2,+23.6,+23.5,+24.6,+24.5,+24.2,+26,ESTP,0,0,+0,+0,+0.0167,+0,+0.0381,+0,+0,+0,08:07:01 22.03.2020
2683,+23,+25.6,+24.1,+23.9,+24.2,+23.6,+23.5,+24.6,+24.5,+24.2,+26,ESTP,0,0,+0,+0,+0.0167,+0,+0.0381,+0,+0,+0,08:08:01 22.03.2020
2684,+23,+25.6,+24.1,+23.9,+24.2,+23.6,+23.5,+24.6,+24.5,+24.2,+26,ESTP,0,0,+0,+0,+0.0167,+0,+0.0381,+0,+0,+0,08:09:01 22.03.2020
2685,+23,+25.6,+24.1,+23.9,+24.2,+23.6,+23.5,+24.6,+24.5,+24.2,+26,ESTP,0,0,+0,+0,+0.0167,+0,+0.0381,+0,+0,+0,08:10:01 22.03.2020
2686,+23,+25.6,+24.1,+23.9,+24.2,+23.6,+23.5,+24.6,+24.5,+24.2,+26,ESTP,0,0,+0,+0,+0.0167,+0,+0.0381,+0,+0,+0,08:11:01 22.03.2020
2687,+23,+25.5,+24.1,+23.9,+24.1,+23.6,+23.5,+24.6,+24.4,+24.2,+26,ESTP,0,0,+0,+0,+0.0167,+0,+0.0381,+0,+0,+0,08:12:01 22.03.2020
2688,+23,+25.5,+24.1,+23.9,+24.1,+23.6,+23.5,+24.6,+24.5,+24.2,+26,ESTP,0,0,+0,+0,+0.0167,+0,+0.0381,+0,+0,+0,08:13:01 22.03.2020
2689,+23,+25.5,+24.1,+23.9,+24.1,+23.6,+23.5,+24.6,+24.5,+24.2,+26,ESTP,0,0,+0,+0,+0.0167,+0,+0.0381,+0,+0,+0,08:14:01 22.03.2020
2690,+23,+25.5,+24.1,+23.9,+24.1,+23.6,+23.5,+24.6,+24.4,+24.2,+26,ESTP,0,0,+0,+0,+0.0167,+0,+0.0381,+0,+0,+0,08:15:01 22.03.2020
2691,+23,+25.4,+24.1,+23.9,+24.1,+23.6,+23.5,+24.6,+24.5,+24.2,+26,ESTP,0,0,+0,+0,+0.0167,+0,+0.0381,+0,+0,+0,08:16:01 22.03.2020
2692,+23,+25.4,+24.1,+23.9,+24.1,+23.6,+23.5,+24.6,+24.5,+24.2,+26,ESTP,0,0,+0,+0,+0.0167,+0,+0.0381,+0,+0,+0,08:17:01 22.03.2020
2693,+23,+25.4,+24.1,+23.9,+24.1,+23.6,+23.5,+24.6,+24.5,+24.2,+26,ESTP,0,0,+0,+0,+0.0167,+0,+0.0381,+0,+0,+0,08:18:01 22.03.2020
2694,+23,+25.4,+24.1,+23.9,+24.1,+23.6,+23.5,+24.6,+24.4,+24.2,+26,ESTP,0,0,+0,+0,+0.0167,+0,+0.0381,+0,+0,+0,08:19:01 22.03.2020
2695,+23,+25.4,+24.1,+23.9,+24.1,+23.6,+23.5,+24.6,+24.4,+24.2,+26,ESTP,0,0,+0,+0,+0.0167,+0,+0.0381,+0,+0,+0,08:20:01 22.03.2020
2696,+23,+25.3,+24.1,+23.9,+24.1,+23.6,+23.5,+24.6,+24.4,+24.2,+26,ESTP,0,0,+0,+0,+0.0167,+0,+0.0381,+0,+0,+0,08:21:01 22.03.2020
2697,+23,+25.3,+24.1,+23.9,+24.1,+23.6,+23.5,+24.6,+24.4,+24.2,+26,ESTP,0,0,+0,+0,+0.0167,+0,+0.0381,+0,+0,+0,08:22:01 22.03.2020
2698,+23,+25.3,+24.1,+23.9,+24.1,+23.6,+23.5,+24.6,+24.4,+24.2,+26,ESTP,0,0,+0,+0,+0.0167,+0,+0.0381,+0,+0,+0,08:23:01 22.03.2020
2699,+23,+25.2,+24.1,+23.9,+24.1,+23.6,+23.5,+24.6,+24.4,+24.2,+26,ESTP,0,0,+0,+0,+0.0167,+0,+0.0381,+0,+0,+0,08:24:01 22.03.2020
2700,+23,+25.2,+24.1,+23.9,+24.1,+23.6,+23.5,+24.6,+24.4,+24.2,+26,ESTP,0,0,+0,+0,+0.0167,+0,+0.0381,+0,+0,+0,08:25:01 22.03.2020
2701,+23,+25.2,+24.1,+23.9,+24.1,+23.6,+23.5,+24.6,+24.4,+24.2,+26,ESTP,0,0,+0,+0,+0.0167,+0,+0.0381,+0,+0,+0,08:26:01 22.03.2020
2702,+23,+25.1,+24.1,+23.9,+24.1,+23.6,+23.5,+24.6,+24.4,+24.2,+26,ESTP,0,0,+0,+0,+0.0167,+0,+0.0381,+0,+0,+0,08:27:01 22.03.2020
2703,+23,+25.1,+24.1,+23.9,+24.1,+23.6,+23.5,+24.6,+24.4,+24.2,+26,ESTP,0,0,+0,+0,+0.0167,+0,+0.0381,+0,+0,+0,08:28:01 22.03.2020
2704,+23.1,+25.1,+24.1,+23.9,+24.1,+23.6,+23.5,+24.6,+24.4,+24.2,+26,ESTP,0,0,+0,+0,+0.0167,+0,+0.0381,+0,+0,+0,08:29:01 22.03.2020
2705,+23,+25.1,+24.1,+23.9,+24.1,+23.6,+23.5,+24.6,+24.4,+24.2,+26,ESTP,0,0,+0,+0,+0.0167,+0,+0.0381,+0,+0,+0,08:30:01 22.03.2020
2706,+23.1,+25.2,+24.1,+23.9,+24.1,+23.6,+23.5,+24.6,+24.4,+24.2,+26,ESTP,0,0,+0,+0,+0.0167,+0,+0.0381,+0,+0,+0,08:31:01 22.03.2020
2707,+23.1,+25.1,+24.1,+23.9,+24.1,+23.6,+23.5,+24.6,+24.4,+24.1,+26,ESTP,0,0,+0,+0,+0.0167,+0,+0.0381,+0,+0,+0,08:32:01 22.03.2020
2708,+23.1,+25,+24.1,+23.9,+24.1,+23.6,+23.5,+24.6,+24.4,+24.1,+26,ESTP,0,0,+0,+0,+0.0167,+0,+0.0381,+0,+0,+0,08:33:01 22.03.2020
2709,+23.1,+24.9,+24.1,+23.9,+24.1,+23.6,+23.5,+24.6,+24.4,+24.1,+26,ESTP,0,0,+0,+0,+0.0167,+0,+0.0381,+0,+0,+0,08:34:01 22.03.2020
2710,+23.1,+24.8,+24.1,+23.9,+24.1,+23.6,+23.5,+24.6,+24.4,+24.1,+26,ESTP,0,0,+0,+0,+0.0167,+0,+0.0381,+0,+0,+0,08:35:01 22.03.2020
2711,+23.1,+24.7,+24.1,+23.9,+24.1,+23.6,+23.5,+24.6,+24.4,+24.1,+26,ESTP,0,0,+0,+0,+0.0167,+0,+0.0381,+0,+0,+0,08:36:01 22.03.2020
2712,+23.1,+24.7,+24.1,+23.9,+24.1,+23.6,+23.5,+24.6,+24.4,+24.1,+26,ESTP,0,0,+0,+0,+0.0167,+0,+0.0381,+0,+0,+0,08:37:01 22.03.2020
2713,+23.1,+24.6,+24.1,+23.9,+24.1,+23.6,+23.5,+24.5,+24.4,+24.1,+26,ESTP,0,0,+0,+0,+0.0166,+0,+0.0382,+0,+0,+0,08:38:01 22.03.2020
2714,+23.1,+24.6,+24.1,+23.9,+24.1,+23.6,+23.5,+24.6,+24.4,+24.1,+26,ESTP,0,0,+0,+0,+0.0167,+0,+0.0382,+0,+0,+0,08:39:01 22.03.2020
2715,+23.1,+24.5,+24.1,+23.9,+24.1,+23.6,+23.5,+24.5,+24.4,+24.1,+26,ESTP,0,0,+0,+0,+0.0166,+0,+0.0382,+0,+0,+0,08:40:01 22.03.2020
2716,+23.1,+24.5,+24.1,+23.9,+24.1,+23.6,+23.5,+24.5,+24.4,+24.1,+26,ESTP,0,0,+0,+0,+0.0166,+0,+0.0382,+0,+0,+0,08:41:01 22.03.2020
2717,+23.1,+24.5,+24.1,+23.9,+24.1,+23.6,+23.5,+24.6,+24.4,+24.1,+26,ESTP,0,0,+0,+0,+0.0167,+0,+0.0382,+0,+0,+0,08:42:01 22.03.2020
2718,+23.1,+24.4,+24.1,+23.9,+24.1,+23.6,+23.5,+24.5,+24.4,+24.1,+26,ESTP,0,0,+0,+0,+0.0166,+0,+0.0382,+0,+0,+0,08:43:01 22.03.2020
2719,+23.1,+24.4,+24.1,+23.9,+24.1,+23.6,+23.5,+24.5,+24.4,+24.1,+26,ESTP,0,0,+0,+0,+0.0166,+0,+0.0382,+0,+0,+0,08:44:01 22.03.2020
2720,+23.1,+24.4,+24.1,+23.9,+24.1,+23.6,+23.5,+24.5,+24.4,+24.1,+26,ESTP,0,0,+0,+0,+0.0166,+0,+0.0382,+0,+0,+0,08:45:01 22.03.2020
2721,+23.1,+24.3,+24.1,+23.9,+24.1,+23.6,+23.5,+24.5,+24.4,+24.1,+26,ESTP,0,0,+0,+0,+0.0166,+0,+0.0382,+0,+0,+0,08:46:01 22.03.2020
2722,+23.1,+24.3,+24.1,+23.9,+24.1,+23.6,+23.5,+24.5,+24.4,+24.1,+26,ESTP,0,0,+0,+0,+0.0166,+0,+0.0382,+0,+0,+0,08:47:01 22.03.2020
2723,+23.1,+24.3,+24.1,+23.9,+24.1,+23.5,+23.5,+24.5,+24.4,+24.1,+26,ESTP,0,0,+0,+0,+0.0166,+0,+0.0382,+0,+0,+0,08:48:01 22.03.2020
2724,+23.1,+24.3,+24.1,+23.9,+24.1,+23.5,+23.5,+24.5,+24.4,+24.1,+26,ESTP,0,0,+0,+0,+0.0166,+0,+0.0382,+0,+0,+0,08:49:01 22.03.2020
2725,+23.1,+24.3,+24.1,+23.9,+24.1,+23.6,+23.5,+24.5,+24.4,+24.1,+26,ESTP,0,0,+0,+0,+0.0166,+0,+0.0382,+0,+0,+0,08:50:01 22.03.2020
2726,+23.1,+24.2,+24.1,+23.9,+24.1,+23.5,+23.5,+24.5,+24.4,+24.1,+26,ESTP,0,0,+0,+0,+0.0166,+0,+0.0382,+0,+0,+0,08:51:01 22.03.2020
2727,+23.1,+24.2,+24.1,+23.9,+24.1,+23.5,+23.5,+24.5,+24.4,+24.1,+26,ESTP,0,0,+0,+0,+0.0166,+0,+0.0382,+0,+0,+0,08:52:01 22.03.2020
2728,+23.1,+24.2,+24.1,+23.9,+24.1,+23.5,+23.5,+24.5,+24.4,+24.1,+26,ESTP,0,0,+0,+0,+0.0166,+0,+0.0382,+0,+0,+0,08:53:01 22.03.2020
2729,+23.1,+24.2,+24.1,+23.9,+24.1,+23.5,+23.5,+24.5,+24.4,+24.1,+26,ESTP,0,0,+0,+0,+0.0166,+0,+0.0382,+0,+0,+0,08:54:01 22.03.2020
2730,+23.1,+24.1,+24.1,+23.9,+24.1,+23.5,+23.5,+24.5,+24.4,+24.1,+26,ESTP,0,0,+0,+0,+0.0166,+0,+0.0382,+0,+0,+0,08:55:01 22.03.2020
2731,+23.1,+24.1,+24.1,+23.9,+24.1,+23.5,+23.5,+24.5,+24.4,+24.1,+26,ESTP,0,0,+0,+0,+0.0166,+0,+0.0382,+0,+0,+0,08:56:01 22.03.2020
2732,+23.1,+24.1,+24.1,+23.9,+24.1,+23.5,+23.5,+24.5,+24.4,+24.1,+26,ESTP,0,0,+0,+0,+0.0166,+0,+0.0382,+0,+0,+0,08:57:01 22.03.2020
2733,+23.1,+24.1,+24.1,+23.9,+24.1,+23.5,+23.5,+24.5,+24.4,+24.1,+26,ESTP,0,0,+0,+0,+0.0166,+0,+0.0382,+0,+0,+0,08:58:01 22.03.2020
2734,+23.1,+24.1,+24.1,+23.9,+24.1,+23.5,+23.5,+24.5,+24.4,+24.1,+26,ESTP,0,0,+0,+0,+0.0166,+0,+0.0382,+0,+0,+0,08:59:01 22.03.2020
2735,+23.1,+24.1,+24.1,+23.9,+24.1,+23.5,+23.5,+24.5,+24.4,+24.1,+26,ESTP,0,0,+0,+0,+0.0166,+0,+0.0382,+0,+0,+0,09:00:01 22.03.2020
2736,+23.1,+24,+24.1,+23.9,+24.1,+23.5,+23.5,+24.5,+24.4,+24.1,+26,ESTP,0,0,+0,+0,+0.0166,+0,+0.0382,+0,+0,+0,09:01:01 22.03.2020
2737,+23.1,+24,+24.1,+23.9,+24.1,+23.5,+23.5,+24.5,+24.4,+24.1,+26,ESTP,0,0,+0,+0,+0.0166,+0,+0.0382,+0,+0,+0,09:02:01 22.03.2020
2738,+23.1,+24,+24.1,+23.9,+24.1,+23.5,+23.5,+24.5,+24.4,+24.1,+26,ESTP,0,0,+0,+0,+0.0166,+0,+0.0382,+0,+0,+0,09:03:01 22.03.2020
2739,+23.1,+24,+24.1,+23.9,+24.1,+23.5,+23.5,+24.5,+24.4,+24.1,+26,ESTP,0,0,+0,+0,+0.0166,+0,+0.0382,+0,+0,+0,09:04:01 22.03.2020
2740,+23.1,+23.9,+24.1,+23.9,+24.1,+23.5,+23.5,+24.5,+24.4,+24.1,+26,ESTP,0,0,+0,+0,+0.0166,+0,+0.0382,+0,+0,+0,09:05:01 22.03.2020
2741,+23.1,+23.9,+24.1,+23.9,+24.1,+23.5,+23.5,+24.5,+24.4,+24.1,+26,ESTP,0,0,+0,+0,+0.0166,+0,+0.0382,+0,+0,+0,09:06:01 22.03.2020
2742,+23.1,+23.9,+24.1,+23.9,+24.1,+23.5,+23.5,+24.5,+24.4,+24.1,+26,ESTP,0,0,+0,+0,+0.0166,+0,+0.0382,+0,+0,+0,09:07:01 22.03.2020
2743,+23.1,+23.9,+24.1,+23.9,+24.1,+23.5,+23.4,+24.5,+24.4,+24.1,+26,ESTP,0,0,+0,+0,+0.0166,+0,+0.0382,+0,+0,+0,09:08:01 22.03.2020
2744,+23.1,+23.8,+24.1,+23.9,+24.1,+23.5,+23.5,+24.5,+24.4,+24.1,+26,ESTP,0,0,+0,+0,+0.0166,+0,+0.0382,+0,+0,+0,09:09:01 22.03.2020
2745,+23.1,+23.8,+24.1,+23.9,+24.1,+23.5,+23.5,+24.5,+24.4,+24.1,+26,ESTP,0,0,+0,+0,+0.0166,+0,+0.0382,+0,+0,+0,09:10:01 22.03.2020
2746,+23.1,+23.8,+24.1,+23.9,+24.1,+23.5,+23.5,+24.5,+24.4,+24.1,+26,ESTP,0,0,+0,+0,+0.0166,+0,+0.0382,+0,+0,+0,09:11:01 22.03.2020
2747,+23.1,+23.8,+24.1,+23.9,+24.1,+23.5,+23.5,+24.5,+24.4,+24.1,+26,ESTP,0,0,+0,+0,+0.0166,+0,+0.0382,+0,+0,+0,09:12:01 22.03.2020
2748,+23.1,+23.8,+24.1,+23.9,+24.1,+23.5,+23.5,+24.5,+24.4,+24.1,+26,ESTP,0,0,+0,+0,+0.0166,+0,+0.0382,+0,+0,+0,09:13:01 22.03.2020
2749,+23.1,+23.8,+24.1,+23.9,+24.1,+23.5,+23.5,+24.5,+24.4,+24.1,+26,ESTP,0,0,+0,+0,+0.0166,+0,+0.0382,+0,+0,+0,09:14:01 22.03.2020
2750,+23.1,+23.7,+24.1,+23.9,+24.1,+23.5,+23.5,+24.5,+24.4,+24.1,+26,ESTP,0,0,+0,+0,+0.0166,+0,+0.0382,+0,+0,+0,09:15:01 22.03.2020
2751,+23.1,+23.7,+24.1,+23.9,+24.1,+23.5,+23.4,+24.5,+24.4,+24.1,+26,ESTP,0,0,+0,+0,+0.0166,+0,+0.0382,+0,+0,+0,09:16:01 22.03.2020
2752,+23.1,+23.7,+24.1,+23.9,+24.1,+23.5,+23.4,+24.5,+24.4,+24.1,+26,ESTP,0,0,+0,+0,+0.0166,+0,+0.0382,+0,+0,+0,09:17:01 22.03.2020
2753,+23.1,+23.7,+24.1,+23.9,+24.1,+23.5,+23.5,+24.5,+24.4,+24.1,+26,ESTP,0,0,+0,+0,+0.0166,+0,+0.0382,+0,+0,+0,09:18:01 22.03.2020
2754,+23.1,+23.6,+24.1,+23.9,+24.1,+23.5,+23.4,+24.5,+24.4,+24.1,+26,ESTP,0,0,+0,+0,+0.0166,+0,+0.0382,+0,+0,+0,09:19:01 22.03.2020
2755,+23.2,+23.6,+24.1,+23.9,+24.1,+23.5,+23.4,+24.5,+24.4,+24.1,+26,ESTP,0,0,+0,+0,+0.0166,+0,+0.0382,+0,+0,+0,09:20:01 22.03.2020
2756,+23.2,+23.6,+24.1,+23.9,+24.1,+23.5,+23.4,+24.5,+24.4,+24.1,+26,ESTP,0,0,+0,+0,+0.0166,+0,+0.0382,+0,+0,+0,09:21:01 22.03.2020
2757,+23.2,+23.6,+24.1,+23.9,+24.1,+23.5,+23.4,+24.5,+24.4,+24.1,+26,ESTP,0,0,+0,+0,+0.0166,+0,+0.0382,+0,+0,+0,09:22:01 22.03.2020
2758,+23.2,+23.6,+24.1,+23.9,+24.1,+23.5,+23.4,+24.5,+24.4,+24.1,+26,ESTP,0,0,+0,+0,+0.0166,+0,+0.0382,+0,+0,+0,09:23:01 22.03.2020
2759,+23.2,+23.6,+24.1,+23.9,+24.1,+23.5,+23.4,+24.5,+24.4,+24.1,+26,ESTP,0,0,+0,+0,+0.0166,+0,+0.0382,+0,+0,+0,09:24:01 22.03.2020
2760,+23.2,+23.6,+24.1,+23.9,+24.1,+23.5,+23.4,+24.5,+24.4,+24.1,+26,ESTP,0,0,+0,+0,+0.0166,+0,+0.0382,+0,+0,+0,09:25:01 22.03.2020
2761,+23.2,+23.5,+24.1,+23.9,+24.1,+23.5,+23.4,+24.5,+24.4,+24.1,+26,ESTP,0,0,+0,+0,+0.0166,+0,+0.0382,+0,+0,+0,09:26:01 22.03.2020
2762,+23.2,+23.5,+24.1,+23.9,+24.1,+23.5,+23.4,+24.5,+24.4,+24.1,+26,ESTP,0,0,+0,+0,+0.0166,+0,+0.0382,+0,+0,+0,09:27:01 22.03.2020
2763,+23.2,+23.5,+24.1,+23.9,+24.1,+23.5,+23.4,+24.5,+24.3,+24.1,+26,ESTP,0,0,+0,+0,+0.0166,+0,+0.0382,+0,+0,+0,09:28:01 22.03.2020
2764,+23.2,+23.5,+24.1,+23.9,+24.1,+23.5,+23.4,+24.5,+24.4,+24.1,+26,ESTP,0,0,+0,+0,+0.0166,+0,+0.0382,+0,+0,+0,09:29:01 22.03.2020
2765,+23.2,+23.4,+24.1,+23.9,+24.1,+23.5,+23.4,+24.5,+24.3,+24.1,+26,ESTP,0,0,+0,+0,+0.0166,+0,+0.0382,+0,+0,+0,09:30:01 22.03.2020
2766,+23.2,+23.6,+24.1,+23.9,+24.1,+23.5,+23.4,+24.5,+24.4,+24.1,+26,ESTP,0,0,+0,+0,+0.0166,+0,+0.0382,+0,+0,+0,09:31:01 22.03.2020
2767,+23.2,+23.6,+24.1,+23.9,+24.1,+23.5,+23.4,+24.5,+24.4,+24.1,+26,ESTP,0,0,+0,+0,+0.0166,+0,+0.0382,+0,+0,+0,09:32:01 22.03.2020
2768,+23.2,+23.5,+24.1,+23.9,+24.1,+23.5,+23.4,+24.5,+24.3,+24.1,+26,ESTP,0,0,+0,+0,+0.0166,+0,+0.0382,+0,+0,+0,09:33:01 22.03.2020
2769,+23.2,+23.4,+24.1,+23.9,+24.1,+23.5,+23.4,+24.5,+24.3,+24.1,+26,ESTP,0,0,+0,+0,+0.0166,+0,+0.0382,+0,+0,+0,09:34:01 22.03.2020
2770,+23.2,+23.3,+24.1,+23.9,+24.1,+23.5,+23.4,+24.5,+24.3,+24.1,+26,ESTP,0,0,+0,+0,+0.0166,+0,+0.0382,+0,+0,+0,09:35:01 22.03.2020
2771,+23.2,+23.3,+24.1,+23.9,+24.1,+23.5,+23.4,+24.5,+24.3,+24.1,+26,ESTP,0,0,+0,+0,+0.0166,+0,+0.0382,+0,+0,+0,09:36:01 22.03.2020
2772,+23.2,+23.2,+24.1,+23.9,+24.1,+23.5,+23.4,+24.5,+24.3,+24.1,+26,ESTP,0,0,+0,+0,+0.0166,+0,+0.0382,+0,+0,+0,09:37:01 22.03.2020
2773,+23.2,+23.2,+24.1,+23.9,+24.1,+23.5,+23.4,+24.5,+24.3,+24.1,+26,ESTP,0,0,+0,+0,+0.0166,+0,+0.0382,+0,+0,+0,09:38:01 22.03.2020
2774,+23.2,+23.1,+24.1,+23.9,+24.1,+23.5,+23.4,+24.5,+24.3,+24.1,+26,ESTP,0,0,+0,+0,+0.0166,+0,+0.0382,+0,+0,+0,09:39:01 22.03.2020
2775,+23.2,+23.1,+24.1,+23.9,+24.1,+23.5,+23.4,+24.5,+24.3,+24.1,+26,ESTP,0,0,+0,+0,+0.0166,+0,+0.0382,+0,+0,+0,09:40:01 22.03.2020
2776,+23.2,+23.1,+24.1,+23.9,+24.1,+23.5,+23.4,+24.5,+24.3,+24.1,+26,ESTP,0,0,+0,+0,+0.0166,+0,+0.0382,+0,+0,+0,09:41:01 22.03.2020
2777,+23.2,+23,+24.1,+23.9,+24.1,+23.5,+23.4,+24.5,+24.3,+24.1,+26,ESTP,0,0,+0,+0,+0.0166,+0,+0.0382,+0,+0,+0,09:42:01 22.03.2020
2778,+23.2,+23,+24.1,+23.9,+24.1,+23.5,+23.4,+24.5,+24.3,+24.1,+26,ESTP,0,0,+0,+0,+0.0166,+0,+0.0383,+0,+0,+0,09:43:01 22.03.2020
2779,+23.2,+23,+24.1,+23.9,+24.1,+23.5,+23.4,+24.5,+24.3,+24.1,+26,ESTP,0,0,+0,+0,+0.0166,+0,+0.0382,+0,+0,+0,09:44:01 22.03.2020
2780,+23.2,+23,+24.1,+23.9,+24.1,+23.5,+23.4,+24.5,+24.3,+24.1,+26,ESTP,0,0,+0,+0,+0.0166,+0,+0.0384,+0,+0,+0,09:45:01 22.03.2020
2781,+23.2,+23,+24.1,+23.9,+24.1,+23.5,+23.4,+24.5,+24.3,+24.1,+26,ESTP,0,0,+0,+0,+0.0166,+0,+0.0384,+0,+0,+0,09:46:01 22.03.2020
2782,+23.2,+22.9,+24.1,+23.9,+24.1,+23.5,+23.4,+24.5,+24.3,+24.1,+26,ESTP,0,0,+0,+0,+0.0166,+0,+0.0384,+0,+0,+0,09:47:01 22.03.2020
2783,+23.2,+22.9,+24.1,+23.9,+24.1,+23.5,+23.4,+24.5,+24.3,+24.1,+26,ESTP,0,0,+0,+0,+0.0166,+0,+0.0384,+0,+0,+0,09:48:01 22.03.2020
2784,+23.2,+22.9,+24.1,+23.9,+24.1,+23.5,+23.4,+24.5,+24.3,+24.1,+26,ESTP,0,0,+0,+0,+0.0166,+0,+0.0384,+0,+0,+0,09:49:01 22.03.2020
2785,+23.2,+22.9,+24.1,+23.9,+24.1,+23.5,+23.4,+24.4,+24.3,+24.1,+26,ESTP,0,0,+0,+0,+0.0165,+0,+0.0384,+0,+0,+0,09:50:01 22.03.2020
2786,+23.2,+22.9,+24.1,+23.9,+24.1,+23.5,+23.4,+24.5,+24.3,+24.1,+26,ESTP,0,0,+0,+0,+0.0166,+0,+0.0384,+0,+0,+0,09:51:01 22.03.2020
2787,+23.2,+22.8,+24.1,+23.9,+24.1,+23.5,+23.4,+24.5,+24.3,+24.1,+26,ESTP,0,0,+0,+0,+0.0166,+0,+0.0384,+0,+0,+0,09:52:01 22.03.2020
2788,+23.2,+22.8,+24.1,+23.9,+24.1,+23.5,+23.4,+24.5,+24.3,+24.1,+26,ESTP,0,0,+0,+0,+0.0166,+0,+0.0384,+0,+0,+0,09:53:01 22.03.2020
2789,+23.2,+22.8,+24.1,+23.9,+24.1,+23.5,+23.4,+24.5,+24.3,+24.1,+26,ESTP,0,0,+0,+0,+0.0166,+0,+0.0384,+0,+0,+0,09:54:01 22.03.2020
2790,+23.2,+22.8,+24.1,+23.9,+24.1,+23.5,+23.4,+24.4,+24.3,+24.1,+26,ESTP,0,0,+0,+0,+0.0165,+0,+0.0384,+0,+0,+0,09:55:01 22.03.2020
2791,+23.2,+22.8,+24.1,+23.9,+24.1,+23.5,+23.4,+24.5,+24.3,+24.1,+26,ESTP,0,0,+0,+0,+0.0166,+0,+0.0384,+0,+0,+0,09:56:01 22.03.2020
2792,+23.2,+22.8,+24.1,+23.9,+24.1,+23.5,+23.4,+24.4,+24.3,+24.1,+26,ESTP,0,0,+0,+0,+0.0165,+0,+0.0384,+0,+0,+0,09:57:01 22.03.2020
2793,+23.2,+22.7,+24.1,+23.9,+24.1,+23.5,+23.4,+24.4,+24.3,+24.1,+26,ESTP,0,0,+0,+0,+0.0165,+0,+0.0384,+0,+0,+0,09:58:01 22.03.2020
2794,+23.2,+22.7,+24.1,+23.9,+24.1,+23.5,+23.4,+24.4,+24.3,+24,+26,ESTP,0,0,+0,+0,+0.0165,+0,+0.0384,+0,+0,+0,09:59:01 22.03.2020
2795,+23.2,+22.7,+24.1,+23.9,+24.1,+23.5,+23.4,+24.4,+24.3,+24.1,+26,ESTP,0,0,+0,+0,+0.0165,+0,+0.0384,+0,+0,+0,10:00:01 22.03.2020
2796,+23.2,+22.7,+24.1,+23.9,+24.1,+23.5,+23.4,+24.4,+24.3,+24,+26,ESTP,0,0,+0,+0,+0.0165,+0,+0.0384,+0,+0,+0,10:01:01 22.03.2020
2797,+23.2,+22.7,+24.1,+23.9,+24.1,+23.5,+23.4,+24.4,+24.3,+24,+26,ESTP,0,0,+0,+0,+0.0165,+0,+0.0384,+0,+0,+0,10:02:01 22.03.2020
2798,+23.2,+22.7,+24.1,+23.9,+24.1,+23.5,+23.4,+24.4,+24.3,+24,+26,ESTP,0,0,+0,+0,+0.0165,+0,+0.0384,+0,+0,+0,10:03:01 22.03.2020
2799,+23.2,+22.6,+24.1,+23.9,+24.1,+23.5,+23.4,+24.4,+24.3,+24,+26,ESTP,0,0,+0,+0,+0.0165,+0,+0.0384,+0,+0,+0,10:04:01 22.03.2020
2800,+23.2,+22.6,+24.1,+23.9,+24.1,+23.5,+23.4,+24.4,+24.3,+24,+26,ESTP,0,0,+0,+0,+0.0165,+0,+0.0384,+0,+0,+0,10:05:01 22.03.2020
2801,+23.2,+22.6,+24.1,+23.9,+24.1,+23.5,+23.4,+24.4,+24.3,+24,+26,ESTP,0,0,+0,+0,+0.0165,+0,+0.0384,+0,+0,+0,10:06:01 22.03.2020
2802,+23.2,+22.6,+24.1,+23.9,+24.1,+23.5,+23.4,+24.4,+24.3,+24,+26,ESTP,0,0,+0,+0,+0.0165,+0,+0.0384,+0,+0,+0,10:07:01 22.03.2020
2803,+23.2,+22.6,+24.1,+23.9,+24.1,+23.5,+23.4,+24.4,+24.3,+24,+26,ESTP,0,0,+0,+0,+0.0165,+0,+0.0384,+0,+0,+0,10:08:01 22.03.2020
2804,+23.2,+22.6,+24.1,+23.9,+24.1,+23.5,+23.4,+24.4,+24.3,+24,+26,ESTP,0,0,+0,+0,+0.0165,+0,+0.0384,+0,+0,+0,10:09:01 22.03.2020
2805,+23.2,+22.5,+24.1,+23.9,+24.1,+23.5,+23.4,+24.4,+24.3,+24,+26,ESTP,0,0,+0,+0,+0.0165,+0,+0.0384,+0,+0,+0,10:10:01 22.03.2020
2806,+23.2,+22.5,+24.1,+23.9,+24.1,+23.5,+23.4,+24.4,+24.3,+24,+26,ESTP,0,0,+0,+0,+0.0165,+0,+0.0384,+0,+0,+0,10:11:01 22.03.2020
2807,+23.2,+22.5,+24.1,+23.9,+24.1,+23.5,+23.4,+24.4,+24.3,+24,+26,ESTP,0,0,+0,+0,+0.0165,+0,+0.0384,+0,+0,+0,10:12:01 22.03.2020
2808,+23.2,+22.5,+24.1,+23.9,+24,+23.5,+23.4,+24.4,+24.3,+24,+26,ESTP,0,0,+0,+0,+0.0165,+0,+0.0384,+0,+0,+0,10:13:01 22.03.2020
2809,+23.2,+22.5,+24,+23.9,+24.1,+23.5,+23.4,+24.4,+24.3,+24,+26,ESTP,0,0,+0,+0,+0.0165,+0,+0.0384,+0,+0,+0,10:14:01 22.03.2020
2810,+23.3,+22.5,+24.1,+23.9,+24.1,+23.5,+23.4,+24.4,+24.3,+24,+26,ESTP,0,0,+0,+0,+0.0165,+0,+0.0384,+0,+0,+0,10:15:01 22.03.2020
2811,+23.2,+22.5,+24.1,+23.9,+24.1,+23.5,+23.4,+24.4,+24.3,+24,+26,ESTP,0,0,+0,+0,+0.0165,+0,+0.0384,+0,+0,+0,10:16:01 22.03.2020
2812,+23.3,+22.4,+24.1,+23.9,+24.1,+23.5,+23.4,+24.4,+24.3,+24,+26,ESTP,0,0,+0,+0,+0.0165,+0,+0.0384,+0,+0,+0,10:17:01 22.03.2020
2813,+23.3,+22.4,+24,+23.9,+24.1,+23.5,+23.4,+24.4,+24.3,+24,+26,ESTP,0,0,+0,+0,+0.0165,+0,+0.0384,+0,+0,+0,10:18:01 22.03.2020
2814,+23.3,+22.4,+24.1,+23.9,+24.1,+23.5,+23.4,+24.4,+24.3,+24,+26,ESTP,0,0,+0,+0,+0.0165,+0,+0.0384,+0,+0,+0,10:19:01 22.03.2020
2815,+23.3,+22.4,+24.1,+23.9,+24.1,+23.5,+23.4,+24.4,+24.3,+24,+26,ESTP,0,0,+0,+0,+0.0165,+0,+0.0384,+0,+0,+0,10:20:01 22.03.2020
2816,+23.3,+22.4,+24.1,+23.9,+24.1,+23.5,+23.4,+24.4,+24.3,+24,+26,ESTP,0,0,+0,+0,+0.0165,+0,+0.0384,+0,+0,+0,10:21:01 22.03.2020
2817,+23.3,+22.4,+24,+23.9,+24,+23.5,+23.4,+24.4,+24.3,+24,+26,ESTP,0,0,+0,+0,+0.0165,+0,+0.0384,+0,+0,+0,10:22:01 22.03.2020
2818,+23.3,+22.3,+24,+23.9,+24.1,+23.5,+23.4,+24.4,+24.3,+24,+26,ESTP,0,0,+0,+0,+0.0165,+0,+0.0384,+0,+0,+0,10:23:01 22.03.2020
2819,+23.3,+22.3,+24,+23.9,+24,+23.5,+23.4,+24.4,+24.3,+24,+26,ESTP,0,0,+0,+0,+0.0165,+0,+0.0384,+0,+0,+0,10:24:01 22.03.2020
2820,+23.3,+22.3,+24,+23.9,+24,+23.5,+23.4,+24.4,+24.3,+24,+26,ESTP,0,0,+0,+0,+0.0165,+0,+0.0384,+0,+0,+0,10:25:01 22.03.2020
2821,+23.3,+22.3,+24,+23.9,+24,+23.5,+23.4,+24.4,+24.3,+24,+26,ESTP,0,0,+0,+0,+0.0165,+0,+0.0384,+0,+0,+0,10:26:01 22.03.2020
2822,+23.3,+22.3,+24,+23.9,+24,+23.5,+23.4,+24.4,+24.3,+24,+26,ESTP,0,0,+0,+0,+0.0165,+0,+0.0384,+0,+0,+0,10:27:01 22.03.2020
2823,+23.3,+22.3,+24,+23.8,+24,+23.5,+23.4,+24.4,+24.3,+24,+26,ESTP,0,0,+0,+0,+0.0165,+0,+0.0384,+0,+0,+0,10:28:01 22.03.2020
2824,+23.3,+22.3,+24,+23.9,+24,+23.5,+23.4,+24.4,+24.3,+24,+26,ESTP,0,0,+0,+0,+0.0165,+0,+0.0384,+0,+0,+0,10:29:01 22.03.2020
2825,+23.3,+22.3,+24,+23.8,+24,+23.5,+23.4,+24.4,+24.3,+24,+26,ESTP,0,0,+0,+0,+0.0165,+0,+0.0384,+0,+0,+0,10:30:01 22.03.2020
2826,+23.3,+22.3,+24,+23.8,+24,+23.5,+23.4,+24.4,+24.3,+24,+26,ESTP,0,0,+0,+0,+0.0165,+0,+0.0384,+0,+0,+0,10:31:01 22.03.2020
2827,+23.3,+22.3,+24,+23.9,+24,+23.5,+23.4,+24.4,+24.3,+24,+26,ESTP,0,0,+0,+0,+0.0165,+0,+0.0384,+0,+0,+0,10:32:01 22.03.2020
2828,+23.3,+22.2,+24,+23.8,+24,+23.5,+23.4,+24.4,+24.3,+24,+26,ESTP,0,0,+0,+0,+0.0165,+0,+0.0384,+0,+0,+0,10:33:01 22.03.2020
2829,+23.3,+22.2,+24,+23.8,+24,+23.5,+23.4,+24.4,+24.3,+24,+26,ESTP,0,0,+0,+0,+0.0165,+0,+0.0384,+0,+0,+0,10:34:01 22.03.2020
2830,+23.3,+22.2,+24,+23.8,+24,+23.5,+23.4,+24.4,+24.3,+24,+26,ESTP,0,0,+0,+0,+0.0165,+0,+0.0384,+0,+0,+0,10:35:01 22.03.2020
2831,+23.3,+22.1,+24,+23.8,+24,+23.5,+23.4,+24.4,+24.3,+24,+26,ESTP,0,0,+0,+0,+0.0165,+0,+0.0384,+0,+0,+0,10:36:01 22.03.2020
2832,+23.3,+22.1,+24,+23.8,+24,+23.5,+23.4,+24.4,+24.3,+24,+26,ESTP,0,0,+0,+0,+0.0165,+0,+0.0386,+0,+0,+0,10:37:01 22.03.2020
2833,+23.3,+22.1,+24,+23.8,+24,+23.5,+23.4,+24.4,+24.3,+24,+26,ESTP,0,0,+0,+0,+0.0165,+0,+0.0386,+0,+0,+0,10:38:01 22.03.2020
2834,+23.3,+22,+24,+23.8,+24,+23.5,+23.4,+24.4,+24.3,+24,+26,ESTP,0,0,+0,+0,+0.0165,+0,+0.0386,+0,+0,+0,10:39:01 22.03.2020
2835,+23.3,+22,+24,+23.8,+24,+23.5,+23.4,+24.4,+24.3,+24,+26,ESTP,0,0,+0,+0,+0.0165,+0,+0.0386,+0,+0,+0,10:40:01 22.03.2020
2836,+23.3,+22,+24,+23.8,+24,+23.5,+23.4,+24.4,+24.3,+24,+26,ESTP,0,0,+0,+0,+0.0165,+0,+0.0386,+0,+0,+0,10:41:01 22.03.2020
2837,+23.3,+22,+24,+23.8,+24,+23.5,+23.4,+24.4,+24.3,+24,+26,ESTP,0,0,+0,+0,+0.0165,+0,+0.0386,+0,+0,+0,10:42:01 22.03.2020
2838,+23.3,+22,+24,+23.8,+24,+23.5,+23.4,+24.4,+24.3,+24,+26,ESTP,0,0,+0,+0,+0.0165,+0,+0.0386,+0,+0,+0,10:43:01 22.03.2020
2839,+23.3,+21.9,+24,+23.8,+24,+23.5,+23.4,+24.4,+24.3,+24,+26,ESTP,0,0,+0,+0,+0.0165,+0,+0.0386,+0,+0,+0,10:44:01 22.03.2020
2840,+23.3,+21.9,+24,+23.8,+24,+23.5,+23.4,+24.4,+24.3,+24,+26,ESTP,0,0,+0,+0,+0.0165,+0,+0.0386,+0,+0,+0,10:45:01 22.03.2020
2841,+23.3,+21.9,+24,+23.8,+24,+23.5,+23.4,+24.4,+24.3,+24,+26,ESTP,0,0,+0,+0,+0.0165,+0,+0.0386,+0,+0,+0,10:46:01 22.03.2020
2842,+23.3,+21.9,+24,+23.8,+24,+23.5,+23.4,+24.4,+24.3,+24,+26,ESTP,0,0,+0,+0,+0.0165,+0,+0.0386,+0,+0,+0,10:47:01 22.03.2020
2843,+23.3,+21.9,+24,+23.8,+24,+23.5,+23.4,+24.4,+24.3,+24,+26,ESTP,0,0,+0,+0,+0.0165,+0,+0.0386,+0,+0,+0,10:48:01 22.03.2020
2844,+23.3,+21.9,+24,+23.8,+24,+23.5,+23.4,+24.4,+24.3,+24,+26,ESTP,0,0,+0,+0,+0.0165,+0,+0.0386,+0,+0,+0,10:49:01 22.03.2020
2845,+23.3,+21.9,+24,+23.8,+24,+23.5,+23.4,+24.4,+24.3,+24,+26,ESTP,0,0,+0,+0,+0.0165,+0,+0.0386,+0,+0,+0,10:50:01 22.03.2020
2846,+23.3,+21.8,+24,+23.8,+24,+23.5,+23.4,+24.4,+24.3,+24,+26,ESTP,0,0,+0,+0,+0.0165,+0,+0.0386,+0,+0,+0,10:51:01 22.03.2020
2847,+23.3,+21.8,+24,+23.8,+24,+23.5,+23.4,+24.4,+24.3,+24,+26,ESTP,0,0,+0,+0,+0.0165,+0,+0.0386,+0,+0,+0,10:52:01 22.03.2020
2848,+23.3,+21.8,+24,+23.8,+24,+23.5,+23.4,+24.4,+24.3,+24,+26,ESTP,0,0,+0,+0,+0.0165,+0,+0.0386,+0,+0,+0,10:53:01 22.03.2020
2849,+23.3,+21.8,+24,+23.8,+24,+23.5,+23.4,+24.4,+24.3,+24,+26,ESTP,0,0,+0,+0,+0.0165,+0,+0.0386,+0,+0,+0,10:54:01 22.03.2020
2850,+23.3,+21.8,+24,+23.8,+24,+23.5,+23.4,+24.4,+24.3,+24,+26,ESTP,0,0,+0,+0,+0.0165,+0,+0.0386,+0,+0,+0,10:55:01 22.03.2020
2851,+23.3,+21.8,+24,+23.8,+24,+23.5,+23.4,+24.4,+24.3,+24,+26,ESTP,0,0,+0,+0,+0.0165,+0,+0.0386,+0,+0,+0,10:56:01 22.03.2020
2852,+23.3,+21.8,+24,+23.8,+24,+23.5,+23.4,+24.4,+24.3,+24,+26,ESTP,0,0,+0,+0,+0.0165,+0,+0.0386,+0,+0,+0,10:57:01 22.03.2020
2853,+23.3,+21.8,+24,+23.8,+24,+23.5,+23.4,+24.4,+24.3,+24,+26,ESTP,0,0,+0,+0,+0.0165,+0,+0.0386,+0,+0,+0,10:58:01 22.03.2020
2854,+23.3,+21.7,+24,+23.8,+24,+23.5,+23.4,+24.4,+24.3,+24,+26,ESTP,0,0,+0,+0,+0.0165,+0,+0.0386,+0,+0,+0,10:59:01 22.03.2020
2855,+23.3,+21.7,+24,+23.8,+24,+23.5,+23.4,+24.4,+24.3,+24,+26,ESTP,0,0,+0,+0,+0.0165,+0,+0.0386,+0,+0,+0,11:00:01 22.03.2020
2856,+23.3,+21.7,+24,+23.8,+24,+23.5,+23.4,+24.4,+24.3,+24,+26,ESTP,0,0,+0,+0,+0.0165,+0,+0.0386,+0,+0,+0,11:01:01 22.03.2020
2857,+23.3,+21.7,+24,+23.8,+24,+23.5,+23.4,+24.4,+24.3,+24,+26,ESTP,0,0,+0,+0,+0.0165,+0,+0.0386,+0,+0,+0,11:02:01 22.03.2020
2858,+23.3,+21.7,+24,+23.8,+24,+23.5,+23.4,+24.4,+24.3,+24,+26,ESTP,0,0,+0,+0,+0.0165,+0,+0.0386,+0,+0,+0,11:03:01 22.03.2020
2859,+23.3,+21.7,+24,+23.8,+24,+23.5,+23.4,+24.4,+24.3,+24,+26,ESTP,0,0,+0,+0,+0.0165,+0,+0.0386,+0,+0,+0,11:04:01 22.03.2020
2860,+23.3,+21.7,+24,+23.8,+24,+23.5,+23.4,+24.4,+24.3,+24,+26,ESTP,0,0,+0,+0,+0.0165,+0,+0.0386,+0,+0,+0,11:05:01 22.03.2020
2861,+23.3,+21.7,+24,+23.8,+24,+23.5,+23.4,+24.4,+24.3,+24,+26,ESTP,0,0,+0,+0,+0.0165,+0,+0.0386,+0,+0,+0,11:06:01 22.03.2020
2862,+23.3,+21.7,+24,+23.8,+24,+23.5,+23.4,+24.4,+24.3,+24,+26,ESTP,0,0,+0,+0,+0.0165,+0,+0.0386,+0,+0,+0,11:07:01 22.03.2020
2863,+23.3,+21.7,+24,+23.8,+24,+23.5,+23.4,+24.4,+24.3,+24,+26,ESTP,0,0,+0,+0,+0.0165,+0,+0.0386,+0,+0,+0,11:08:01 22.03.2020
2864,+23.3,+21.6,+24,+23.8,+24,+23.5,+23.4,+24.4,+24.3,+24,+26,ESTP,0,0,+0,+0,+0.0165,+0,+0.0386,+0,+0,+0,11:09:01 22.03.2020
2865,+23.3,+21.6,+24,+23.8,+24,+23.5,+23.4,+24.4,+24.3,+24,+26,ESTP,0,0,+0,+0,+0.0165,+0,+0.0386,+0,+0,+0,11:10:01 22.03.2020
2866,+23.3,+21.6,+24,+23.8,+24,+23.5,+23.4,+24.4,+24.3,+24,+26,ESTP,0,0,+0,+0,+0.0165,+0,+0.0386,+0,+0,+0,11:11:01 22.03.2020
2867,+23.3,+21.6,+24,+23.8,+24,+23.5,+23.4,+24.4,+24.3,+24,+26,ESTP,0,0,+0,+0,+0.0165,+0,+0.0386,+0,+0,+0,11:12:01 22.03.2020
2868,+23.3,+21.6,+24,+23.8,+24,+23.5,+23.4,+24.4,+24.3,+24,+26,ESTP,0,0,+0,+0,+0.0165,+0,+0.0386,+0,+0,+0,11:13:01 22.03.2020
2869,+23.3,+21.6,+24,+23.8,+24,+23.5,+23.4,+24.4,+24.3,+24,+26,ESTP,0,0,+0,+0,+0.0165,+0,+0.0386,+0,+0,+0,11:14:01 22.03.2020
2870,+23.3,+21.6,+24,+23.8,+24,+23.5,+23.4,+24.4,+24.3,+24,+26,ESTP,0,0,+0,+0,+0.0165,+0,+0.0386,+0,+0,+0,11:15:01 22.03.2020
2871,+23.3,+21.6,+24,+23.8,+24,+23.5,+23.4,+24.4,+24.3,+24,+26,ESTP,0,0,+0,+0,+0.0165,+0,+0.0386,+0,+0,+0,11:16:01 22.03.2020
2872,+23.3,+21.5,+24,+23.8,+24,+23.5,+23.4,+24.4,+24.3,+24,+26,ESTP,0,0,+0,+0,+0.0165,+0,+0.0386,+0,+0,+0,11:17:01 22.03.2020
2873,+23.3,+21.5,+24,+23.8,+24,+23.5,+23.4,+24.4,+24.3,+24,+26,ESTP,0,0,+0,+0,+0.0165,+0,+0.0386,+0,+0,+0,11:18:01 22.03.2020
2874,+23.3,+21.5,+24,+23.8,+24,+23.5,+23.4,+24.4,+24.3,+24,+26,ESTP,0,0,+0,+0,+0.0165,+0,+0.0386,+0,+0,+0,11:19:01 22.03.2020
2875,+23.3,+21.5,+24,+23.8,+24,+23.5,+23.4,+24.4,+24.3,+24,+26,ESTP,0,0,+0,+0,+0.0165,+0,+0.0386,+0,+0,+0,11:20:01 22.03.2020
2876,+23.3,+21.5,+24,+23.8,+24,+23.5,+23.4,+24.4,+24.3,+24,+26,ESTP,0,0,+0,+0,+0.0165,+0,+0.0386,+0,+0,+0,11:21:01 22.03.2020
2877,+23.4,+21.5,+24,+23.8,+24,+23.5,+23.4,+24.4,+24.3,+24,+26,ESTP,0,0,+0,+0,+0.0165,+0,+0.0386,+0,+0,+0,11:22:01 22.03.2020
2878,+23.4,+21.5,+24,+23.8,+24,+23.5,+23.4,+24.4,+24.3,+24,+26,ESTP,0,0,+0,+0,+0.0165,+0,+0.0386,+0,+0,+0,11:23:01 22.03.2020
2879,+23.4,+21.5,+24,+23.8,+24,+23.5,+23.4,+24.4,+24.3,+24,+26,ESTP,0,0,+0,+0,+0.0165,+0,+0.0386,+0,+0,+0,11:24:01 22.03.2020
2880,+23.4,+21.5,+24,+23.8,+24,+23.5,+23.4,+24.4,+24.3,+24,+26,ESTP,0,0,+0,+0,+0.0165,+0,+0.0386,+0,+0,+0,11:25:01 22.03.2020
2881,+23.4,+21.4,+24,+23.8,+24,+23.5,+23.4,+24.4,+24.3,+24,+26,ESTP,0,0,+0,+0,+0.0165,+0,+0.0386,+0,+0,+0,11:26:01 22.03.2020
2882,+23.4,+21.4,+24,+23.8,+24,+23.5,+23.4,+24.4,+24.3,+24,+26,ESTP,0,0,+0,+0,+0.0165,+0,+0.0386,+0,+0,+0,11:27:01 22.03.2020
2883,+23.4,+21.4,+24,+23.8,+24,+23.5,+23.4,+24.4,+24.3,+24,+26,ESTP,0,0,+0,+0,+0.0165,+0,+0.0386,+0,+0,+0,11:28:01 22.03.2020
2884,+23.4,+21.4,+24,+23.8,+24,+23.5,+23.4,+24.4,+24.3,+24,+26,ESTP,0,0,+0,+0,+0.0165,+0,+0.0386,+0,+0,+0,11:29:01 22.03.2020
2885,+23.4,+21.4,+24,+23.8,+24,+23.5,+23.4,+24.4,+24.3,+24,+26,ESTP,0,0,+0,+0,+0.0165,+0,+0.0386,+0,+0,+0,11:30:01 22.03.2020
2886,+23.4,+21.5,+24,+23.8,+24,+23.5,+23.4,+24.4,+24.3,+24,+26,ESTP,0,0,+0,+0,+0.0165,+0,+0.0386,+0,+0,+0,11:31:01 22.03.2020
2887,+23.4,+21.5,+24,+23.8,+24,+23.5,+23.4,+24.4,+24.3,+24,+26,ESTP,0,0,+0,+0,+0.0165,+0,+0.0386,+0,+0,+0,11:32:01 22.03.2020
2888,+23.4,+21.4,+24,+23.8,+24,+23.5,+23.4,+24.4,+24.3,+24,+26,ESTP,0,0,+0,+0,+0.0165,+0,+0.0387,+0,+0,+0,11:33:01 22.03.2020
2889,+23.4,+21.4,+24,+23.8,+24,+23.5,+23.4,+24.4,+24.3,+24,+26,ESTP,0,0,+0,+0,+0.0165,+0,+0.0387,+0,+0,+0,11:34:01 22.03.2020
2890,+23.4,+21.4,+24,+23.8,+24,+23.5,+23.4,+24.4,+24.3,+24,+26,ESTP,0,0,+0,+0,+0.0165,+0,+0.0387,+0,+0,+0,11:35:01 22.03.2020
2891,+23.4,+21.4,+24,+23.8,+24,+23.5,+23.4,+24.4,+24.3,+24,+26,ESTP,0,0,+0,+0,+0.0165,+0,+0.0387,+0,+0,+0,11:36:01 22.03.2020
2892,+23.4,+21.4,+24,+23.8,+24,+23.5,+23.4,+24.4,+24.3,+24,+26,ESTP,0,0,+0,+0,+0.0165,+0,+0.0387,+0,+0,+0,11:37:01 22.03.2020
2893,+23.4,+21.3,+24,+23.8,+24,+23.5,+23.4,+24.4,+24.3,+24,+26,ESTP,0,0,+0,+0,+0.0165,+0,+0.0387,+0,+0,+0,11:38:01 22.03.2020
2894,+23.4,+21.3,+24,+23.8,+24,+23.5,+23.4,+24.4,+24.3,+24,+26,ESTP,0,0,+0,+0,+0.0165,+0,+0.0387,+0,+0,+0,11:39:01 22.03.2020
2895,+23.4,+21.3,+24,+23.8,+24,+23.5,+23.4,+24.4,+24.3,+24,+26,ESTP,0,0,+0,+0,+0.0165,+0,+0.0387,+0,+0,+0,11:40:01 22.03.2020
2896,+23.4,+21.3,+24,+23.8,+24,+23.5,+23.4,+24.4,+24.3,+24,+26,ESTP,0,0,+0,+0,+0.0165,+0,+0.0387,+0,+0,+0,11:41:01 22.03.2020
2897,+23.4,+21.3,+24,+23.8,+24,+23.5,+23.4,+24.4,+24.3,+24,+26,ESTP,0,0,+0,+0,+0.0165,+0,+0.0387,+0,+0,+0,11:42:01 22.03.2020
2898,+23.4,+21.2,+24,+23.8,+24,+23.5,+23.4,+24.4,+24.3,+24,+26,ESTP,0,0,+0,+0,+0.0165,+0,+0.0387,+0,+0,+0,11:43:01 22.03.2020
2899,+23.4,+21.2,+24,+23.8,+24,+23.5,+23.4,+24.4,+24.3,+24,+26,ESTP,0,0,+0,+0,+0.0165,+0,+0.0387,+0,+0,+0,11:44:01 22.03.2020
2900,+23.4,+21.2,+24,+23.8,+24,+23.5,+23.4,+24.4,+24.3,+24,+26,ESTP,0,0,+0,+0,+0.0165,+0,+0.0387,+0,+0,+0,11:45:01 22.03.2020
2901,+23.4,+21.2,+24,+23.8,+24,+23.5,+23.4,+24.4,+24.3,+24,+26,ESTP,0,0,+0,+0,+0.0165,+0,+0.0387,+0,+0,+0,11:46:01 22.03.2020
2902,+23.4,+21.2,+24,+23.8,+24,+23.5,+23.4,+24.4,+24.3,+24,+26,ESTP,0,0,+0,+0,+0.0165,+0,+0.0387,+0,+0,+0,11:47:01 22.03.2020
2903,+23.4,+21.2,+24,+23.8,+24,+23.5,+23.4,+24.4,+24.3,+24,+26,ESTP,0,0,+0,+0,+0.0165,+0,+0.0387,+0,+0,+0,11:48:01 22.03.2020
2904,+23.4,+21.2,+24,+23.8,+24,+23.5,+23.4,+24.4,+24.3,+24,+26,ESTP,0,0,+0,+0,+0.0165,+0,+0.0387,+0,+0,+0,11:49:01 22.03.2020
2905,+23.4,+21.2,+24,+23.8,+24,+23.5,+23.4,+24.4,+24.3,+24,+26,ESTP,0,0,+0,+0,+0.0165,+0,+0.0387,+0,+0,+0,11:50:01 22.03.2020
2906,+23.4,+21.2,+24,+23.8,+24,+23.5,+23.4,+24.4,+24.3,+24,+26,ESTP,0,0,+0,+0,+0.0165,+0,+0.0387,+0,+0,+0,11:51:01 22.03.2020
2907,+23.4,+21.2,+24,+23.8,+24,+23.5,+23.4,+24.4,+24.3,+24,+26,ESTP,0,0,+0,+0,+0.0165,+0,+0.0387,+0,+0,+0,11:52:01 22.03.2020
2908,+23.4,+21.2,+24,+23.8,+24,+23.5,+23.4,+24.4,+24.3,+24,+26,ESTP,0,0,+0,+0,+0.0165,+0,+0.0387,+0,+0,+0,11:53:01 22.03.2020
2909,+23.4,+21.2,+24,+23.8,+24,+23.5,+23.4,+24.4,+24.3,+24,+26,ESTP,0,0,+0,+0,+0.0165,+0,+0.0387,+0,+0,+0,11:54:01 22.03.2020
2910,+23.4,+21.1,+24,+23.8,+24,+23.5,+23.4,+24.4,+24.3,+24,+26,ESTP,0,0,+0,+0,+0.0165,+0,+0.0387,+0,+0,+0,11:55:01 22.03.2020
2911,+23.4,+21.1,+24,+23.8,+24,+23.5,+23.4,+24.4,+24.3,+24,+26,ESTP,0,0,+0,+0,+0.0165,+0,+0.0387,+0,+0,+0,11:56:01 22.03.2020
2912,+23.4,+21.1,+24,+23.8,+24,+23.5,+23.4,+24.4,+24.3,+24,+26,ESTP,0,0,+0,+0,+0.0165,+0,+0.0387,+0,+0,+0,11:57:01 22.03.2020
2913,+23.4,+21.1,+24,+23.8,+24,+23.5,+23.4,+24.4,+24.3,+24,+26,ESTP,0,0,+0,+0,+0.0165,+0,+0.0387,+0,+0,+0,11:58:01 22.03.2020
2914,+23.4,+21.1,+24,+23.8,+24,+23.5,+23.4,+24.4,+24.3,+24,+26,ESTP,0,0,+0,+0,+0.0165,+0,+0.0387,+0,+0,+0,11:59:01 22.03.2020
2915,+23.4,+21.1,+24,+23.8,+24,+23.5,+23.4,+24.4,+24.3,+24,+26,ESTP,0,0,+0,+0,+0.0165,+0,+0.0387,+0,+0,+0,12:00:01 22.03.2020
2916,+23.4,+21.1,+24,+23.8,+24,+23.5,+23.4,+24.4,+24.3,+24,+26,ESTP,0,0,+0,+0,+0.0165,+0,+0.0387,+0,+0,+0,12:01:01 22.03.2020
2917,+23.4,+21.1,+24,+23.8,+24,+23.5,+23.4,+24.4,+24.3,+24,+26,ESTP,0,0,+0,+0,+0.0165,+0,+0.0387,+0,+0,+0,12:02:01 22.03.2020
2918,+23.4,+21.1,+24,+23.8,+24,+23.5,+23.4,+24.4,+24.3,+24,+26,ESTP,0,0,+0,+0,+0.0165,+0,+0.0387,+0,+0,+0,12:03:01 22.03.2020
2919,+23.4,+21.1,+24,+23.8,+24,+23.5,+23.4,+24.4,+24.3,+24,+26,ESTP,0,0,+0,+0,+0.0165,+0,+0.0387,+0,+0,+0,12:04:01 22.03.2020
2920,+23.4,+21.1,+24,+23.8,+24,+23.5,+23.4,+24.4,+24.3,+24,+26,ESTP,0,0,+0,+0,+0.0165,+0,+0.0387,+0,+0,+0,12:05:01 22.03.2020
2921,+23.4,+21.1,+24,+23.8,+23.9,+23.5,+23.4,+24.4,+24.3,+24,+26,ESTP,0,0,+0,+0,+0.0165,+0,+0.0387,+0,+0,+0,12:06:01 22.03.2020
2922,+23.5,+21,+24,+23.8,+24,+23.5,+23.4,+24.4,+24.3,+24,+26,ESTP,0,0,+0,+0,+0.0165,+0,+0.0387,+0,+0,+0,12:07:01 22.03.2020
2923,+23.5,+21,+24,+23.8,+23.9,+23.5,+23.4,+24.4,+24.3,+24,+26,ESTP,0,0,+0,+0,+0.0165,+0,+0.0387,+0,+0,+0,12:08:01 22.03.2020
2924,+23.5,+21,+24,+23.8,+23.9,+23.5,+23.4,+24.4,+24.3,+24.1,+26,ESTP,0,0,+0,+0,+0.0165,+0,+0.0387,+0,+0,+0,12:09:01 22.03.2020
2925,+23.5,+21,+24,+23.8,+23.9,+23.5,+23.4,+24.4,+24.3,+24,+26,ESTP,0,0,+0,+0,+0.0165,+0,+0.0387,+0,+0,+0,12:10:01 22.03.2020
2926,+23.5,+21,+24,+23.8,+23.9,+23.5,+23.4,+24.4,+24.3,+24.1,+26,ESTP,0,0,+0,+0,+0.0165,+0,+0.0387,+0,+0,+0,12:11:01 22.03.2020
2927,+23.5,+21,+24,+23.8,+23.9,+23.5,+23.4,+24.4,+24.3,+24.1,+26,ESTP,0,0,+0,+0,+0.0165,+0,+0.0387,+0,+0,+0,12:12:01 22.03.2020
2928,+23.5,+21,+24,+23.8,+23.9,+23.5,+23.4,+24.4,+24.3,+24,+26,ESTP,0,0,+0,+0,+0.0165,+0,+0.0387,+0,+0,+0,12:13:01 22.03.2020
2929,+23.5,+21,+24,+23.8,+23.9,+23.5,+23.4,+24.4,+24.3,+24,+26,ESTP,0,0,+0,+0,+0.0165,+0,+0.0387,+0,+0,+0,12:14:01 22.03.2020
2930,+23.5,+21,+24,+23.8,+23.9,+23.5,+23.4,+24.4,+24.3,+24,+26,ESTP,0,0,+0,+0,+0.0165,+0,+0.0387,+0,+0,+0,12:15:01 22.03.2020
2931,+23.5,+21,+24,+23.8,+23.9,+23.5,+23.4,+24.4,+24.3,+24,+26,ESTP,0,0,+0,+0,+0.0165,+0,+0.0387,+0,+0,+0,12:16:01 22.03.2020
2932,+23.5,+21,+24,+23.8,+23.9,+23.5,+23.4,+24.4,+24.3,+24.1,+26,ESTP,0,0,+0,+0,+0.0165,+0,+0.0387,+0,+0,+0,12:17:01 22.03.2020
2933,+23.5,+21,+24,+23.8,+23.9,+23.5,+23.4,+24.4,+24.3,+24.1,+26,ESTP,0,0,+0,+0,+0.0165,+0,+0.0387,+0,+0,+0,12:18:01 22.03.2020
2934,+23.5,+21,+24,+23.8,+23.9,+23.5,+23.4,+24.4,+24.3,+24.1,+26,ESTP,0,0,+0,+0,+0.0165,+0,+0.0387,+0,+0,+0,12:19:01 22.03.2020
2935,+23.5,+21,+24,+23.8,+23.9,+23.5,+23.4,+24.4,+24.3,+24.1,+26,ESTP,0,0,+0,+0,+0.0165,+0,+0.0387,+0,+0,+0,12:20:01 22.03.2020
2936,+23.5,+20.9,+24,+23.8,+23.9,+23.5,+23.4,+24.4,+24.3,+24.1,+26,ESTP,0,0,+0,+0,+0.0165,+0,+0.0387,+0,+0,+0,12:21:01 22.03.2020
2937,+23.5,+20.9,+24,+23.8,+23.9,+23.5,+23.4,+24.4,+24.3,+24.1,+26,ESTP,0,0,+0,+0,+0.0165,+0,+0.0387,+0,+0,+0,12:22:01 22.03.2020
2938,+23.5,+20.9,+24,+23.8,+23.9,+23.5,+23.4,+24.4,+24.3,+24.1,+26,ESTP,0,0,+0,+0,+0.0165,+0,+0.0387,+0,+0,+0,12:23:01 22.03.2020
2939,+23.5,+20.9,+24,+23.8,+23.9,+23.5,+23.4,+24.4,+24.3,+24.1,+26,ESTP,0,0,+0,+0,+0.0165,+0,+0.0387,+0,+0,+0,12:24:01 22.03.2020
2940,+23.5,+20.9,+24,+23.8,+23.9,+23.5,+23.4,+24.4,+24.3,+24.1,+26,ESTP,0,0,+0,+0,+0.0165,+0,+0.0387,+0,+0,+0,12:25:01 22.03.2020
2941,+23.5,+20.9,+24,+23.8,+23.9,+23.5,+23.4,+24.4,+24.3,+24.1,+26,ESTP,0,0,+0,+0,+0.0165,+0,+0.0387,+0,+0,+0,12:26:01 22.03.2020
2942,+23.5,+20.9,+24,+23.8,+23.9,+23.5,+23.4,+24.4,+24.3,+24.1,+26,ESTP,0,0,+0,+0,+0.0165,+0,+0.0387,+0,+0,+0,12:27:01 22.03.2020
2943,+23.5,+20.9,+24,+23.8,+23.9,+23.5,+23.4,+24.4,+24.3,+24.1,+26,ESTP,0,0,+0,+0,+0.0165,+0,+0.0387,+0,+0,+0,12:28:01 22.03.2020
2944,+23.5,+20.9,+24,+23.8,+23.9,+23.5,+23.4,+24.4,+24.3,+24.1,+26,ESTP,0,0,+0,+0,+0.0165,+0,+0.0387,+0,+0,+0,12:29:01 22.03.2020
2945,+23.5,+20.9,+24,+23.8,+23.9,+23.5,+23.4,+24.4,+24.3,+24.1,+26,ESTP,0,0,+0,+0,+0.0165,+0,+0.0387,+0,+0,+0,12:30:01 22.03.2020
2946,+23.5,+20.9,+24,+23.8,+23.9,+23.5,+23.4,+24.4,+24.3,+24.1,+26,ESTP,0,0,+0,+0,+0.0165,+0,+0.0387,+0,+0,+0,12:31:01 22.03.2020
2947,+23.5,+20.9,+24,+23.8,+23.9,+23.5,+23.4,+24.4,+24.3,+24.1,+26,ESTP,0,0,+0,+0,+0.0165,+0,+0.0387,+0,+0,+0,12:32:01 22.03.2020
2948,+23.5,+20.9,+24,+23.8,+23.9,+23.5,+23.4,+24.4,+24.3,+24.1,+26,ESTP,0,0,+0,+0,+0.0165,+0,+0.0387,+0,+0,+0,12:33:01 22.03.2020
2949,+23.5,+20.9,+24,+23.8,+23.9,+23.5,+23.4,+24.4,+24.3,+24.1,+26,ESTP,0,0,+0,+0,+0.0165,+0,+0.0387,+0,+0,+0,12:34:01 22.03.2020
2950,+23.5,+20.9,+23.9,+23.8,+23.9,+23.5,+23.4,+24.4,+24.3,+24.1,+26,ESTP,0,0,+0,+0,+0.0165,+0,+0.0387,+0,+0,+0,12:35:01 22.03.2020
2951,+23.5,+20.9,+24,+23.8,+23.9,+23.5,+23.4,+24.4,+24.3,+24.1,+26,ESTP,0,0,+0,+0,+0.0165,+0,+0.0387,+0,+0,+0,12:36:01 22.03.2020
2952,+23.5,+20.9,+24,+23.8,+23.9,+23.5,+23.4,+24.4,+24.3,+24.1,+26,ESTP,0,0,+0,+0,+0.0165,+0,+0.0387,+0,+0,+0,12:37:01 22.03.2020
2953,+23.5,+20.8,+24,+23.8,+23.9,+23.5,+23.4,+24.4,+24.3,+24.1,+26,ESTP,0,0,+0,+0,+0.0165,+0,+0.0387,+0,+0,+0,12:38:01 22.03.2020
2954,+23.5,+20.8,+24,+23.8,+23.9,+23.5,+23.4,+24.4,+24.3,+24.1,+26,ESTP,0,0,+0,+0,+0.0165,+0,+0.0387,+0,+0,+0,12:39:01 22.03.2020
2955,+23.5,+20.8,+23.9,+23.8,+23.9,+23.5,+23.4,+24.4,+24.3,+24.1,+26,ESTP,0,0,+0,+0,+0.0165,+0,+0.0387,+0,+0,+0,12:40:01 22.03.2020
2956,+23.5,+20.8,+23.9,+23.8,+23.9,+23.5,+23.4,+24.4,+24.3,+24.1,+26,ESTP,0,0,+0,+0,+0.0165,+0,+0.0387,+0,+0,+0,12:41:01 22.03.2020
2957,+23.5,+20.8,+23.9,+23.8,+23.9,+23.6,+23.4,+24.4,+24.3,+24.1,+26,ESTP,0,0,+0,+0,+0.0165,+0,+0.0387,+0,+0,+0,12:42:01 22.03.2020
2958,+23.5,+20.8,+23.9,+23.8,+23.9,+23.5,+23.4,+24.4,+24.3,+24.1,+26,ESTP,0,0,+0,+0,+0.0165,+0,+0.0387,+0,+0,+0,12:43:01 22.03.2020
2959,+23.5,+20.8,+24,+23.8,+23.9,+23.6,+23.4,+24.4,+24.3,+24.1,+26,ESTP,0,0,+0,+0,+0.0165,+0,+0.0387,+0,+0,+0,12:44:01 22.03.2020
2960,+23.5,+20.8,+23.9,+23.8,+23.9,+23.6,+23.4,+24.4,+24.3,+24.1,+26,ESTP,0,0,+0,+0,+0.0165,+0,+0.0389,+0,+0,+0,12:45:01 22.03.2020
2961,+23.6,+20.8,+23.9,+23.8,+23.9,+23.6,+23.4,+24.4,+24.3,+24.1,+26,ESTP,0,0,+0,+0,+0.0165,+0,+0.0389,+0,+0,+0,12:46:01 22.03.2020
2962,+23.6,+20.8,+23.9,+23.8,+23.9,+23.6,+23.4,+24.4,+24.3,+24.1,+26,ESTP,0,0,+0,+0,+0.0165,+0,+0.0389,+0,+0,+0,12:47:01 22.03.2020
2963,+23.6,+20.8,+23.9,+23.8,+23.9,+23.6,+23.4,+24.4,+24.3,+24.1,+26,ESTP,0,0,+0,+0,+0.0165,+0,+0.0388,+0,+0,+0,12:48:01 22.03.2020
2964,+23.6,+20.8,+23.9,+23.8,+23.9,+23.6,+23.4,+24.4,+24.3,+24.1,+26,ESTP,0,0,+0,+0,+0.0165,+0,+0.0389,+0,+0,+0,12:49:01 22.03.2020
2965,+23.6,+20.8,+23.9,+23.8,+23.9,+23.6,+23.4,+24.4,+24.3,+24.1,+26,ESTP,0,0,+0,+0,+0.0165,+0,+0.0389,+0,+0,+0,12:50:01 22.03.2020
2966,+23.6,+20.7,+23.9,+23.8,+23.9,+23.6,+23.4,+24.4,+24.3,+24.1,+26,ESTP,0,0,+0,+0,+0.0165,+0,+0.0389,+0,+0,+0,12:51:01 22.03.2020
2967,+23.6,+20.7,+23.9,+23.8,+23.9,+23.6,+23.4,+24.4,+24.3,+24.1,+26,ESTP,0,0,+0,+0,+0.0165,+0,+0.0389,+0,+0,+0,12:52:01 22.03.2020
2968,+23.6,+20.7,+23.9,+23.8,+23.9,+23.6,+23.4,+24.4,+24.3,+24.1,+26,ESTP,0,0,+0,+0,+0.0165,+0,+0.0389,+0,+0,+0,12:53:01 22.03.2020
2969,+23.6,+20.7,+23.9,+23.8,+23.9,+23.6,+23.4,+24.4,+24.3,+24.1,+26,ESTP,0,0,+0,+0,+0.0165,+0,+0.0389,+0,+0,+0,12:54:01 22.03.2020
2970,+23.6,+20.7,+23.9,+23.8,+23.9,+23.6,+23.4,+24.4,+24.3,+24.1,+26,ESTP,0,0,+0,+0,+0.0165,+0,+0.0389,+0,+0,+0,12:55:01 22.03.2020
2971,+23.6,+20.7,+23.9,+23.8,+23.9,+23.6,+23.4,+24.4,+24.3,+24.1,+26,ESTP,0,0,+0,+0,+0.0165,+0,+0.0389,+0,+0,+0,12:56:01 22.03.2020
2972,+23.6,+20.7,+23.9,+23.8,+23.9,+23.6,+23.4,+24.4,+24.3,+24.1,+26,ESTP,0,0,+0,+0,+0.0165,+0,+0.0389,+0,+0,+0,12:57:01 22.03.2020
2973,+23.6,+20.7,+23.9,+23.8,+23.9,+23.6,+23.4,+24.4,+24.3,+24.1,+26,ESTP,0,0,+0,+0,+0.0165,+0,+0.0389,+0,+0,+0,12:58:01 22.03.2020
2974,+23.6,+20.7,+23.9,+23.8,+23.9,+23.6,+23.4,+24.4,+24.3,+24.1,+26,ESTP,0,0,+0,+0,+0.0165,+0,+0.0389,+0,+0,+0,12:59:01 22.03.2020
2975,+23.6,+20.7,+23.9,+23.8,+23.9,+23.6,+23.4,+24.4,+24.3,+24.1,+26,ESTP,0,0,+0,+0,+0.0165,+0,+0.0389,+0,+0,+0,13:00:01 22.03.2020
2976,+23.6,+20.7,+23.9,+23.8,+23.9,+23.6,+23.4,+24.4,+24.3,+24.1,+26,ESTP,0,0,+0,+0,+0.0165,+0,+0.0389,+0,+0,+0,13:01:01 22.03.2020
2977,+23.6,+20.7,+23.9,+23.8,+23.9,+23.6,+23.4,+24.4,+24.3,+24.1,+26,ESTP,0,0,+0,+0,+0.0165,+0,+0.0389,+0,+0,+0,13:02:01 22.03.2020
2978,+23.6,+20.7,+23.9,+23.8,+23.9,+23.6,+23.4,+24.5,+24.3,+24.1,+26,ESTP,0,0,+0,+0,+0.0165,+0,+0.0389,+0,+0,+0,13:03:01 22.03.2020
2979,+23.6,+20.7,+23.9,+23.8,+23.9,+23.6,+23.4,+24.4,+24.3,+24.1,+26,ESTP,0,0,+0,+0,+0.0165,+0,+0.0389,+0,+0,+0,13:04:01 22.03.2020
2980,+23.6,+20.7,+23.9,+23.8,+23.9,+23.6,+23.5,+24.5,+24.3,+24.1,+26,ESTP,0,0,+0,+0,+0.0166,+0,+0.0389,+0,+0,+0,13:05:01 22.03.2020
2981,+23.6,+20.7,+23.9,+23.8,+23.9,+23.6,+23.5,+24.5,+24.3,+24.1,+26,ESTP,0,0,+0,+0,+0.0166,+0,+0.0389,+0,+0,+0,13:06:01 22.03.2020
2982,+23.6,+20.7,+23.9,+23.8,+23.9,+23.6,+23.5,+24.5,+24.3,+24.1,+26,ESTP,0,0,+0,+0,+0.0166,+0,+0.0389,+0,+0,+0,13:07:01 22.03.2020
2983,+23.6,+20.7,+23.9,+23.8,+23.9,+23.6,+23.5,+24.5,+24.3,+24.1,+26,ESTP,0,0,+0,+0,+0.0166,+0,+0.0389,+0,+0,+0,13:08:01 22.03.2020
2984,+23.6,+20.7,+23.9,+23.8,+23.9,+23.6,+23.5,+24.5,+24.3,+24.1,+26,ESTP,0,0,+0,+0,+0.0166,+0,+0.0389,+0,+0,+0,13:09:01 22.03.2020
2985,+23.6,+20.7,+23.9,+23.8,+23.9,+23.6,+23.5,+24.5,+24.3,+24.1,+26,ESTP,0,0,+0,+0,+0.0166,+0,+0.0389,+0,+0,+0,13:10:01 22.03.2020
2986,+23.6,+20.7,+23.9,+23.8,+23.9,+23.6,+23.5,+24.5,+24.3,+24.1,+26,ESTP,0,0,+0,+0,+0.0166,+0,+0.0389,+0,+0,+0,13:11:01 22.03.2020
2987,+23.6,+20.7,+23.9,+23.8,+23.9,+23.6,+23.5,+24.5,+24.3,+24.1,+26,ESTP,0,0,+0,+0,+0.0166,+0,+0.0389,+0,+0,+0,13:12:01 22.03.2020
2988,+23.6,+20.7,+23.9,+23.8,+23.9,+23.6,+23.5,+24.5,+24.3,+24.1,+26,ESTP,0,0,+0,+0,+0.0166,+0,+0.0389,+0,+0,+0,13:13:01 22.03.2020
2989,+23.6,+20.7,+23.9,+23.8,+23.9,+23.6,+23.5,+24.5,+24.3,+24.1,+26,ESTP,0,0,+0,+0,+0.0166,+0,+0.0389,+0,+0,+0,13:14:01 22.03.2020
2990,+23.6,+20.7,+23.9,+23.8,+23.9,+23.6,+23.5,+24.5,+24.3,+24.1,+26,ESTP,0,0,+0,+0,+0.0166,+0,+0.0389,+0,+0,+0,13:15:01 22.03.2020
2991,+23.7,+20.7,+23.9,+23.8,+23.9,+23.6,+23.5,+24.5,+24.3,+24.1,+26,ESTP,0,0,+0,+0,+0.0166,+0,+0.0389,+0,+0,+0,13:16:01 22.03.2020
2992,+23.7,+20.7,+23.9,+23.8,+23.9,+23.6,+23.5,+24.5,+24.3,+24.1,+26,ESTP,0,0,+0,+0,+0.0166,+0,+0.0389,+0,+0,+0,13:17:01 22.03.2020
2993,+23.7,+20.7,+23.9,+23.8,+23.9,+23.6,+23.5,+24.5,+24.4,+24.1,+26,ESTP,0,0,+0,+0,+0.0166,+0,+0.0389,+0,+0,+0,13:18:01 22.03.2020
2994,+23.7,+20.7,+23.9,+23.8,+23.9,+23.6,+23.5,+24.5,+24.4,+24.1,+26,ESTP,0,0,+0,+0,+0.0166,+0,+0.0389,+0,+0,+0,13:19:01 22.03.2020
2995,+23.7,+20.7,+23.9,+23.8,+23.9,+23.6,+23.5,+24.5,+24.4,+24.1,+26,ESTP,0,0,+0,+0,+0.0166,+0,+0.0389,+0,+0,+0,13:20:01 22.03.2020
2996,+23.7,+20.7,+23.9,+23.8,+23.9,+23.6,+23.5,+24.5,+24.4,+24.1,+26,ESTP,0,0,+0,+0,+0.0166,+0,+0.0389,+0,+0,+0,13:21:01 22.03.2020
2997,+23.7,+20.7,+23.9,+23.8,+23.9,+23.6,+23.5,+24.5,+24.4,+24.1,+26,ESTP,0,0,+0,+0,+0.0166,+0,+0.0391,+0,+0,+0,13:22:01 22.03.2020
2998,+23.7,+20.7,+23.9,+23.8,+23.9,+23.6,+23.5,+24.5,+24.4,+24.1,+26,ESTP,0,0,+0,+0,+0.0166,+0,+0.0391,+0,+0,+0,13:23:01 22.03.2020
2999,+23.7,+20.7,+23.9,+23.8,+23.9,+23.6,+23.5,+24.5,+24.4,+24.1,+26,ESTP,0,0,+0,+0,+0.0166,+0,+0.0391,+0,+0,+0,13:24:01 22.03.2020
3000,+23.7,+20.7,+23.9,+23.8,+23.9,+23.6,+23.5,+24.5,+24.4,+24.1,+26,ESTP,0,0,+0,+0,+0.0166,+0,+0.0391,+0,+0,+0,13:25:01 22.03.2020
3001,+23.7,+20.7,+23.9,+23.8,+23.9,+23.6,+23.5,+24.5,+24.4,+24.1,+26,ESTP,0,0,+0,+0,+0.0166,+0,+0.0391,+0,+0,+0,13:26:01 22.03.2020
3002,+23.7,+20.7,+23.9,+23.8,+23.9,+23.6,+23.5,+24.5,+24.4,+24.1,+26,ESTP,0,0,+0,+0,+0.0166,+0,+0.0391,+0,+0,+0,13:27:01 22.03.2020
3003,+23.7,+20.7,+23.9,+23.8,+23.9,+23.6,+23.5,+24.5,+24.4,+24.1,+26,ESTP,0,0,+0,+0,+0.0166,+0,+0.0391,+0,+0,+0,13:28:01 22.03.2020
3004,+23.7,+20.7,+23.9,+23.8,+23.9,+23.6,+23.5,+24.5,+24.4,+24.1,+26,ESTP,0,0,+0,+0,+0.0166,+0,+0.0391,+0,+0,+0,13:29:01 22.03.2020
3005,+23.7,+20.7,+23.9,+23.8,+23.9,+23.6,+23.5,+24.5,+24.4,+24.1,+26,ESTP,0,0,+0,+0,+0.0166,+0,+0.0391,+0,+0,+0,13:30:01 22.03.2020
3006,+23.7,+20.7,+23.9,+23.8,+23.9,+23.6,+23.5,+24.5,+24.4,+24.1,+26,ESTP,0,0,+0,+0,+0.0166,+0,+0.0391,+0,+0,+0,13:31:01 22.03.2020
3007,+23.7,+20.7,+23.9,+23.8,+23.9,+23.7,+23.5,+24.5,+24.4,+24.1,+26,ESTP,0,0,+0,+0,+0.0166,+0,+0.0391,+0,+0,+0,13:32:01 22.03.2020
3008,+23.7,+20.7,+23.9,+23.8,+23.9,+23.7,+23.5,+24.5,+24.4,+24.1,+26,ESTP,0,0,+0,+0,+0.0166,+0,+0.0391,+0,+0,+0,13:33:01 22.03.2020
3009,+23.7,+20.7,+23.9,+23.8,+23.9,+23.7,+23.5,+24.5,+24.4,+24.1,+26,ESTP,0,0,+0,+0,+0.0166,+0,+0.0391,+0,+0,+0,13:34:01 22.03.2020
3010,+23.7,+20.7,+23.9,+23.8,+23.9,+23.6,+23.5,+24.5,+24.4,+24.1,+26,ESTP,0,0,+0,+0,+0.0166,+0,+0.0391,+0,+0,+0,13:35:01 22.03.2020
3011,+23.7,+20.7,+23.9,+23.8,+23.9,+23.6,+23.5,+24.5,+24.4,+24.1,+26,ESTP,0,0,+0,+0,+0.0166,+0,+0.0391,+0,+0,+0,13:36:01 22.03.2020
3012,+23.7,+20.7,+23.9,+23.8,+23.9,+23.6,+23.5,+24.5,+24.4,+24.1,+26,ESTP,0,0,+0,+0,+0.0166,+0,+0.0389,+0,+0,+0,13:37:01 22.03.2020
3013,+23.7,+20.7,+23.9,+23.8,+23.9,+23.6,+23.5,+24.5,+24.4,+24.1,+26,ESTP,0,0,+0,+0,+0.0166,+0,+0.0389,+0,+0,+0,13:38:01 22.03.2020
3014,+23.7,+20.7,+23.9,+23.8,+23.9,+23.6,+23.5,+24.5,+24.4,+24.1,+26,ESTP,0,0,+0,+0,+0.0166,+0,+0.0389,+0,+0,+0,13:39:01 22.03.2020
3015,+23.7,+20.7,+23.9,+23.8,+23.9,+23.6,+23.5,+24.5,+24.4,+24.1,+26,ESTP,0,0,+0,+0,+0.0166,+0,+0.0389,+0,+0,+0,13:40:01 22.03.2020
3016,+23.7,+20.7,+23.9,+23.8,+23.9,+23.6,+23.5,+24.5,+24.4,+24.1,+26,ESTP,0,0,+0,+0,+0.0166,+0,+0.0389,+0,+0,+0,13:41:01 22.03.2020
3017,+23.7,+20.7,+23.9,+23.8,+23.9,+23.6,+23.5,+24.5,+24.4,+24.1,+26,ESTP,0,0,+0,+0,+0.0166,+0,+0.0389,+0,+0,+0,13:42:01 22.03.2020
3018,+23.7,+20.7,+23.9,+23.8,+23.9,+23.6,+23.5,+24.5,+24.4,+24.1,+26,ESTP,0,0,+0,+0,+0.0166,+0,+0.0389,+0,+0,+0,13:43:01 22.03.2020
3019,+23.8,+20.7,+23.9,+23.8,+23.9,+23.6,+23.5,+24.5,+24.4,+24.1,+26,ESTP,0,0,+0,+0,+0.0166,+0,+0.0389,+0,+0,+0,13:44:01 22.03.2020
3020,+23.8,+20.7,+23.9,+23.7,+23.9,+23.6,+23.5,+24.5,+24.4,+24.1,+26,ESTP,0,0,+0,+0,+0.0166,+0,+0.0391,+0,+0,+0,13:45:01 22.03.2020
3021,+23.8,+20.7,+23.9,+23.7,+23.9,+23.6,+23.5,+24.5,+24.4,+24.1,+26,ESTP,0,0,+0,+0,+0.0166,+0,+0.0391,+0,+0,+0,13:46:01 22.03.2020
3022,+23.8,+20.7,+23.9,+23.7,+23.9,+23.6,+23.5,+24.5,+24.4,+24.1,+26,ESTP,0,0,+0,+0,+0.0166,+0,+0.0391,+0,+0,+0,13:47:01 22.03.2020
3023,+23.8,+20.7,+23.9,+23.7,+23.9,+23.6,+23.5,+24.5,+24.4,+24.1,+26,ESTP,0,0,+0,+0,+0.0166,+0,+0.0391,+0,+0,+0,13:48:01 22.03.2020
3024,+23.8,+20.7,+23.9,+23.8,+23.9,+23.6,+23.5,+24.5,+24.4,+24.1,+26,ESTP,0,0,+0,+0,+0.0166,+0,+0.0391,+0,+0,+0,13:49:01 22.03.2020
3025,+23.8,+20.7,+23.9,+23.7,+23.9,+23.6,+23.5,+24.5,+24.4,+24.1,+26,ESTP,0,0,+0,+0,+0.0166,+0,+0.0391,+0,+0,+0,13:50:01 22.03.2020
3026,+23.8,+20.7,+23.9,+23.7,+23.9,+23.6,+23.5,+24.5,+24.4,+24.1,+26,ESTP,0,0,+0,+0,+0.0166,+0,+0.0391,+0,+0,+0,13:51:01 22.03.2020
3027,+23.8,+20.7,+23.9,+23.7,+23.9,+23.6,+23.5,+24.5,+24.4,+24.1,+26,ESTP,0,0,+0,+0,+0.0166,+0,+0.0391,+0,+0,+0,13:52:01 22.03.2020
3028,+23.8,+20.7,+23.9,+23.7,+23.9,+23.6,+23.5,+24.5,+24.4,+24.1,+26,ESTP,0,0,+0,+0,+0.0166,+0,+0.0391,+0,+0,+0,13:53:01 22.03.2020
3029,+23.8,+20.7,+23.9,+23.7,+23.9,+23.7,+23.5,+24.5,+24.4,+24.1,+26,ESTP,0,0,+0,+0,+0.0166,+0,+0.0391,+0,+0,+0,13:54:01 22.03.2020
3030,+23.8,+20.7,+23.9,+23.7,+23.9,+23.7,+23.5,+24.5,+24.4,+24.1,+26,ESTP,0,0,+0,+0,+0.0166,+0,+0.0391,+0,+0,+0,13:55:01 22.03.2020
3031,+23.8,+20.7,+23.9,+23.7,+23.9,+23.7,+23.5,+24.5,+24.4,+24.1,+26,ESTP,0,0,+0,+0,+0.0166,+0,+0.0391,+0,+0,+0,13:56:01 22.03.2020
3032,+23.8,+20.7,+23.9,+23.7,+23.9,+23.7,+23.5,+24.5,+24.4,+24.2,+26,ESTP,0,0,+0,+0,+0.0166,+0,+0.0391,+0,+0,+0,13:57:01 22.03.2020
3033,+23.8,+20.7,+23.9,+23.7,+23.9,+23.7,+23.5,+24.5,+24.4,+24.2,+26,ESTP,0,0,+0,+0,+0.0166,+0,+0.0391,+0,+0,+0,13:58:01 22.03.2020
3034,+23.8,+20.7,+23.9,+23.7,+23.9,+23.7,+23.5,+24.5,+24.4,+24.2,+26,ESTP,0,0,+0,+0,+0.0166,+0,+0.0391,+0,+0,+0,13:59:01 22.03.2020
3035,+23.8,+20.7,+23.9,+23.7,+23.9,+23.7,+23.5,+24.5,+24.4,+24.2,+26,ESTP,0,0,+0,+0,+0.0166,+0,+0.0391,+0,+0,+0,14:00:01 22.03.2020
3036,+23.8,+20.7,+23.9,+23.7,+23.9,+23.7,+23.5,+24.5,+24.4,+24.2,+26,ESTP,0,0,+0,+0,+0.0166,+0,+0.0391,+0,+0,+0,14:01:01 22.03.2020
3037,+23.8,+20.7,+23.9,+23.7,+23.9,+23.7,+23.5,+24.5,+24.4,+24.2,+26,ESTP,0,0,+0,+0,+0.0166,+0,+0.0391,+0,+0,+0,14:02:01 22.03.2020
3038,+23.8,+20.7,+23.9,+23.7,+23.9,+23.6,+23.5,+24.5,+24.4,+24.2,+26,ESTP,0,0,+0,+0,+0.0166,+0,+0.0391,+0,+0,+0,14:03:01 22.03.2020
3039,+23.8,+20.7,+23.9,+23.7,+23.9,+23.6,+23.5,+24.5,+24.4,+24.2,+26,ESTP,0,0,+0,+0,+0.0166,+0,+0.0391,+0,+0,+0,14:04:01 22.03.2020
3040,+23.8,+20.7,+23.9,+23.7,+23.9,+23.6,+23.5,+24.5,+24.4,+24.2,+26,ESTP,0,0,+0,+0,+0.0166,+0,+0.0391,+0,+0,+0,14:05:01 22.03.2020
3041,+23.8,+20.7,+23.9,+23.7,+23.8,+23.6,+23.5,+24.5,+24.4,+24.2,+26,ESTP,0,0,+0,+0,+0.0166,+0,+0.0391,+0,+0,+0,14:06:01 22.03.2020
3042,+23.8,+20.7,+23.9,+23.7,+23.9,+23.6,+23.5,+24.5,+24.4,+24.2,+26,ESTP,0,0,+0,+0,+0.0166,+0,+0.0391,+0,+0,+0,14:07:01 22.03.2020
3043,+23.8,+20.7,+23.9,+23.7,+23.9,+23.6,+23.5,+24.5,+24.4,+24.2,+26,ESTP,0,0,+0,+0,+0.0166,+0,+0.0391,+0,+0,+0,14:08:01 22.03.2020
3044,+23.8,+20.7,+23.9,+23.7,+23.9,+23.6,+23.5,+24.5,+24.4,+24.2,+26,ESTP,0,0,+0,+0,+0.0166,+0,+0.0391,+0,+0,+0,14:09:01 22.03.2020
3045,+23.8,+20.7,+23.9,+23.7,+23.9,+23.6,+23.5,+24.5,+24.4,+24.2,+26,ESTP,0,0,+0,+0,+0.0166,+0,+0.0391,+0,+0,+0,14:10:01 22.03.2020
3046,+23.8,+20.7,+23.9,+23.7,+23.9,+23.7,+23.5,+24.5,+24.4,+24.2,+26,ESTP,0,0,+0,+0,+0.0166,+0,+0.0391,+0,+0,+0,14:11:01 22.03.2020
3047,+23.8,+20.7,+23.9,+23.7,+23.9,+23.7,+23.5,+24.5,+24.4,+24.2,+26,ESTP,0,0,+0,+0,+0.0166,+0,+0.0391,+0,+0,+0,14:12:01 22.03.2020
3048,+23.8,+20.7,+23.9,+23.7,+23.8,+23.7,+23.5,+24.5,+24.4,+24.2,+26,ESTP,0,0,+0,+0,+0.0166,+0,+0.0391,+0,+0,+0,14:13:01 22.03.2020
3049,+23.8,+20.7,+23.9,+23.7,+23.8,+23.7,+23.5,+24.5,+24.4,+24.2,+26,ESTP,0,0,+0,+0,+0.0166,+0,+0.0391,+0,+0,+0,14:14:01 22.03.2020
3050,+23.8,+20.7,+23.9,+23.7,+23.9,+23.7,+23.5,+24.6,+24.4,+24.2,+26,ESTP,0,0,+0,+0,+0.0167,+0,+0.0391,+0,+0,+0,14:15:01 22.03.2020
3051,+23.8,+20.7,+23.9,+23.7,+23.8,+23.7,+23.5,+24.5,+24.4,+24.2,+26,ESTP,0,0,+0,+0,+0.0166,+0,+0.0391,+0,+0,+0,14:16:01 22.03.2020
3052,+23.8,+20.7,+23.9,+23.7,+23.8,+23.7,+23.6,+24.6,+24.4,+24.2,+26,ESTP,0,0,+0,+0,+0.0167,+0,+0.0391,+0,+0,+0,14:17:01 22.03.2020
3053,+23.8,+20.7,+23.9,+23.7,+23.8,+23.7,+23.5,+24.6,+24.4,+24.2,+26,ESTP,0,0,+0,+0,+0.0167,+0,+0.0391,+0,+0,+0,14:18:01 22.03.2020
3054,+23.8,+20.7,+23.9,+23.7,+23.8,+23.7,+23.6,+24.6,+24.4,+24.2,+26,ESTP,0,0,+0,+0,+0.0167,+0,+0.0391,+0,+0,+0,14:19:01 22.03.2020
3055,+23.8,+20.7,+23.9,+23.7,+23.8,+23.7,+23.5,+24.6,+24.4,+24.2,+26,ESTP,0,0,+0,+0,+0.0167,+0,+0.0391,+0,+0,+0,14:20:01 22.03.2020
3056,+23.8,+20.7,+23.9,+23.7,+23.8,+23.7,+23.6,+24.6,+24.4,+24.2,+26,ESTP,0,0,+0,+0,+0.0167,+0,+0.0391,+0,+0,+0,14:21:01 22.03.2020
3057,+23.8,+20.7,+23.9,+23.7,+23.8,+23.7,+23.6,+24.6,+24.4,+24.2,+26,ESTP,0,0,+0,+0,+0.0167,+0,+0.0391,+0,+0,+0,14:22:01 22.03.2020
3058,+23.8,+20.7,+23.9,+23.7,+23.8,+23.7,+23.6,+24.6,+24.4,+24.2,+26,ESTP,0,0,+0,+0,+0.0167,+0,+0.0391,+0,+0,+0,14:23:01 22.03.2020
3059,+23.8,+20.7,+23.9,+23.7,+23.8,+23.7,+23.6,+24.6,+24.4,+24.2,+26,ESTP,0,0,+0,+0,+0.0167,+0,+0.0391,+0,+0,+0,14:24:01 22.03.2020
3060,+23.8,+20.7,+23.9,+23.7,+23.8,+23.7,+23.6,+24.6,+24.4,+24.2,+26,ESTP,0,0,+0,+0,+0.0167,+0,+0.0391,+0,+0,+0,14:25:01 22.03.2020
3061,+23.8,+20.7,+23.9,+23.7,+23.8,+23.7,+23.6,+24.6,+24.4,+24.2,+26,ESTP,0,0,+0,+0,+0.0167,+0,+0.0391,+0,+0,+0,14:26:01 22.03.2020
3062,+23.8,+20.7,+23.9,+23.7,+23.8,+23.7,+23.6,+24.6,+24.4,+24.2,+26,ESTP,0,0,+0,+0,+0.0167,+0,+0.0392,+0,+0,+0,14:27:01 22.03.2020
3063,+23.8,+20.7,+23.9,+23.7,+23.8,+23.7,+23.6,+24.6,+24.4,+24.2,+26,ESTP,0,0,+0,+0,+0.0167,+0,+0.0392,+0,+0,+0,14:28:01 22.03.2020
3064,+23.8,+20.7,+23.9,+23.7,+23.8,+23.7,+23.6,+24.6,+24.4,+24.2,+26,ESTP,0,0,+0,+0,+0.0167,+0,+0.0392,+0,+0,+0,14:29:01 22.03.2020
3065,+23.8,+20.7,+23.9,+23.7,+23.8,+23.8,+23.6,+24.6,+24.4,+24.2,+26,ESTP,0,0,+0,+0,+0.0167,+0,+0.0392,+0,+0,+0,14:30:01 22.03.2020
3066,+23.8,+20.7,+23.9,+23.7,+23.8,+23.8,+23.6,+24.6,+24.4,+24.2,+26,ESTP,0,0,+0,+0,+0.0167,+0,+0.0392,+0,+0,+0,14:31:01 22.03.2020
3067,+23.8,+20.6,+23.9,+23.7,+23.8,+23.8,+23.6,+24.6,+24.4,+24.2,+26,ESTP,0,0,+0,+0,+0.0167,+0,+0.0392,+0,+0,+0,14:32:01 22.03.2020
3068,+23.8,+20.7,+23.9,+23.7,+23.8,+23.8,+23.6,+24.6,+24.5,+24.2,+26,ESTP,0,0,+0,+0,+0.0167,+0,+0.0392,+0,+0,+0,14:33:01 22.03.2020
3069,+23.7,+20.7,+23.9,+23.7,+23.8,+23.7,+23.6,+24.6,+24.5,+24.2,+26,ESTP,0,0,+0,+0,+0.0167,+0,+0.0391,+0,+0,+0,14:34:01 22.03.2020
3070,+23.7,+20.7,+23.9,+23.7,+23.8,+23.7,+23.6,+24.6,+24.5,+24.2,+26,ESTP,0,0,+0,+0,+0.0167,+0,+0.0391,+0,+0,+0,14:35:01 22.03.2020
3071,+23.7,+20.7,+23.9,+23.7,+23.8,+23.7,+23.6,+24.6,+24.4,+24.2,+26,ESTP,0,0,+0,+0,+0.0167,+0,+0.0391,+0,+0,+0,14:36:01 22.03.2020
3072,+23.7,+20.7,+23.9,+23.7,+23.8,+23.7,+23.6,+24.6,+24.4,+24.2,+26,ESTP,0,0,+0,+0,+0.0167,+0,+0.0391,+0,+0,+0,14:37:01 22.03.2020
3073,+23.7,+20.7,+23.9,+23.7,+23.8,+23.7,+23.6,+24.6,+24.5,+24.2,+26,ESTP,0,0,+0,+0,+0.0167,+0,+0.0391,+0,+0,+0,14:38:01 22.03.2020
3074,+23.7,+20.7,+23.9,+23.7,+23.8,+23.7,+23.6,+24.6,+24.5,+24.2,+26,ESTP,0,0,+0,+0,+0.0167,+0,+0.0391,+0,+0,+0,14:39:01 22.03.2020
3075,+23.7,+20.7,+23.9,+23.7,+23.8,+23.7,+23.6,+24.6,+24.5,+24.2,+26,ESTP,0,0,+0,+0,+0.0167,+0,+0.0391,+0,+0,+0,14:40:01 22.03.2020
3076,+23.7,+20.7,+23.9,+23.7,+23.8,+23.7,+23.6,+24.6,+24.5,+24.2,+26,ESTP,0,0,+0,+0,+0.0167,+0,+0.0392,+0,+0,+0,14:41:01 22.03.2020
3077,+23.7,+20.7,+23.9,+23.7,+23.8,+23.7,+23.6,+24.6,+24.5,+24.2,+26,ESTP,0,0,+0,+0,+0.0167,+0,+0.0392,+0,+0,+0,14:42:01 22.03.2020
3078,+23.7,+20.7,+23.9,+23.7,+23.8,+23.7,+23.6,+24.6,+24.5,+24.2,+26,ESTP,0,0,+0,+0,+0.0167,+0,+0.0392,+0,+0,+0,14:43:01 22.03.2020
3079,+23.7,+20.7,+23.9,+23.7,+23.8,+23.8,+23.6,+24.6,+24.5,+24.2,+26,ESTP,0,0,+0,+0,+0.0167,+0,+0.0392,+0,+0,+0,14:44:01 22.03.2020
3080,+23.7,+20.7,+23.9,+23.7,+23.8,+23.8,+23.6,+24.6,+24.5,+24.2,+26,ESTP,0,0,+0,+0,+0.0167,+0,+0.0392,+0,+0,+0,14:45:01 22.03.2020
3081,+23.7,+20.7,+23.9,+23.7,+23.8,+23.8,+23.6,+24.6,+24.5,+24.2,+26,ESTP,0,0,+0,+0,+0.0167,+0,+0.0392,+0,+0,+0,14:46:01 22.03.2020
3082,+23.7,+20.7,+23.9,+23.7,+23.8,+23.8,+23.6,+24.6,+24.5,+24.2,+26,ESTP,0,0,+0,+0,+0.0167,+0,+0.0392,+0,+0,+0,14:47:01 22.03.2020
3083,+23.7,+20.7,+23.9,+23.7,+23.8,+23.8,+23.6,+24.6,+24.5,+24.2,+26,ESTP,0,0,+0,+0,+0.0167,+0,+0.0392,+0,+0,+0,14:48:01 22.03.2020
3084,+23.7,+20.7,+23.9,+23.7,+23.8,+23.8,+23.6,+24.6,+24.5,+24.2,+26,ESTP,0,0,+0,+0,+0.0167,+0,+0.0392,+0,+0,+0,14:49:01 22.03.2020
3085,+23.7,+20.7,+23.9,+23.7,+23.8,+23.8,+23.6,+24.6,+24.5,+24.2,+26,ESTP,0,0,+0,+0,+0.0167,+0,+0.0392,+0,+0,+0,14:50:01 22.03.2020
3086,+23.7,+20.7,+23.9,+23.7,+23.8,+23.8,+23.6,+24.6,+24.5,+24.2,+26,ESTP,0,0,+0,+0,+0.0167,+0,+0.0392,+0,+0,+0,14:51:01 22.03.2020
3087,+23.7,+20.7,+23.9,+23.7,+23.8,+23.7,+23.6,+24.6,+24.5,+24.2,+26,ESTP,0,0,+0,+0,+0.0167,+0,+0.0392,+0,+0,+0,14:52:01 22.03.2020
3088,+23.6,+20.7,+23.9,+23.7,+23.8,+23.7,+23.6,+24.6,+24.5,+24.2,+26,ESTP,0,0,+0,+0,+0.0167,+0,+0.0392,+0,+0,+0,14:53:01 22.03.2020
3089,+23.6,+20.7,+23.9,+23.7,+23.8,+23.7,+23.6,+24.6,+24.5,+24.2,+26,ESTP,0,0,+0,+0,+0.0167,+0,+0.0391,+0,+0,+0,14:54:01 22.03.2020
3090,+23.6,+20.7,+23.9,+23.7,+23.8,+23.7,+23.6,+24.6,+24.5,+24.2,+26,ESTP,0,0,+0,+0,+0.0167,+0,+0.0391,+0,+0,+0,14:55:01 22.03.2020
3091,+23.6,+20.7,+23.9,+23.7,+23.8,+23.7,+23.6,+24.6,+24.5,+24.2,+26,ESTP,0,0,+0,+0,+0.0167,+0,+0.0392,+0,+0,+0,14:56:01 22.03.2020
3092,+23.6,+20.7,+23.9,+23.7,+23.8,+23.7,+23.6,+24.6,+24.5,+24.2,+26,ESTP,0,0,+0,+0,+0.0167,+0,+0.0392,+0,+0,+0,14:57:01 22.03.2020
3093,+23.6,+20.7,+23.9,+23.7,+23.8,+23.7,+23.6,+24.6,+24.5,+24.2,+26,ESTP,0,0,+0,+0,+0.0167,+0,+0.0392,+0,+0,+0,14:58:01 22.03.2020
3094,+23.6,+20.7,+23.9,+23.7,+23.8,+23.7,+23.6,+24.6,+24.5,+24.2,+26,ESTP,0,0,+0,+0,+0.0167,+0,+0.0392,+0,+0,+0,14:59:01 22.03.2020
3095,+23.6,+20.7,+23.9,+23.7,+23.8,+23.7,+23.6,+24.6,+24.5,+24.2,+26,ESTP,0,0,+0,+0,+0.0167,+0,+0.0392,+0,+0,+0,15:00:01 22.03.2020
3096,+23.6,+20.7,+23.9,+23.7,+23.8,+23.7,+23.6,+24.6,+24.5,+24.2,+26,ESTP,0,0,+0,+0,+0.0167,+0,+0.0392,+0,+0,+0,15:01:01 22.03.2020
3097,+23.6,+20.7,+23.9,+23.7,+23.8,+23.8,+23.6,+24.6,+24.5,+24.2,+26,ESTP,0,0,+0,+0,+0.0167,+0,+0.0392,+0,+0,+0,15:02:01 22.03.2020
3098,+23.6,+20.7,+23.8,+23.7,+23.8,+23.8,+23.6,+24.6,+24.5,+24.2,+26,ESTP,0,0,+0,+0,+0.0167,+0,+0.0392,+0,+0,+0,15:03:01 22.03.2020
3099,+23.6,+20.7,+23.9,+23.7,+23.8,+23.8,+23.6,+24.6,+24.5,+24.2,+26,ESTP,0,0,+0,+0,+0.0167,+0,+0.0392,+0,+0,+0,15:04:01 22.03.2020
3100,+23.6,+20.7,+23.9,+23.7,+23.8,+23.8,+23.6,+24.6,+24.5,+24.2,+26,ESTP,0,0,+0,+0,+0.0167,+0,+0.0392,+0,+0,+0,15:05:01 22.03.2020
3101,+23.6,+20.7,+23.8,+23.7,+23.8,+23.8,+23.6,+24.6,+24.5,+24.2,+26,ESTP,0,0,+0,+0,+0.0167,+0,+0.0392,+0,+0,+0,15:06:01 22.03.2020
3102,+23.6,+20.7,+23.9,+23.7,+23.8,+23.8,+23.6,+24.6,+24.5,+24.2,+26,ESTP,0,0,+0,+0,+0.0167,+0,+0.0392,+0,+0,+0,15:07:01 22.03.2020
3103,+23.6,+20.7,+23.9,+23.7,+23.8,+23.8,+23.6,+24.6,+24.5,+24.2,+26,ESTP,0,0,+0,+0,+0.0167,+0,+0.0392,+0,+0,+0,15:08:01 22.03.2020
3104,+23.6,+20.7,+23.8,+23.7,+23.8,+23.8,+23.6,+24.6,+24.5,+24.2,+26,ESTP,0,0,+0,+0,+0.0167,+0,+0.0392,+0,+0,+0,15:09:01 22.03.2020
3105,+23.6,+20.7,+23.9,+23.7,+23.8,+23.8,+23.6,+24.6,+24.5,+24.2,+26,ESTP,0,0,+0,+0,+0.0167,+0,+0.0392,+0,+0,+0,15:10:01 22.03.2020
3106,+23.6,+20.7,+23.9,+23.7,+23.8,+23.8,+23.6,+24.6,+24.5,+24.2,+26,ESTP,0,0,+0,+0,+0.0167,+0,+0.0392,+0,+0,+0,15:11:01 22.03.2020
3107,+23.6,+20.7,+23.8,+23.7,+23.8,+23.8,+23.6,+24.6,+24.5,+24.2,+26,ESTP,0,0,+0,+0,+0.0167,+0,+0.0392,+0,+0,+0,15:12:01 22.03.2020
3108,+23.5,+20.7,+23.8,+23.7,+23.8,+23.7,+23.6,+24.6,+24.5,+24.2,+26,ESTP,0,0,+0,+0,+0.0167,+0,+0.0391,+0,+0,+0,15:13:01 22.03.2020
3109,+23.5,+20.7,+23.8,+23.7,+23.8,+23.7,+23.6,+24.6,+24.5,+24.2,+26,ESTP,0,0,+0,+0,+0.0167,+0,+0.0391,+0,+0,+0,15:14:01 22.03.2020
3110,+23.5,+20.7,+23.8,+23.7,+23.8,+23.7,+23.6,+24.6,+24.5,+24.2,+26,ESTP,0,0,+0,+0,+0.0167,+0,+0.0392,+0,+0,+0,15:15:01 22.03.2020
3111,+23.5,+20.7,+23.8,+23.7,+23.8,+23.7,+23.6,+24.6,+24.5,+24.2,+26,ESTP,0,0,+0,+0,+0.0167,+0,+0.0391,+0,+0,+0,15:16:01 22.03.2020
3112,+23.5,+20.7,+23.8,+23.7,+23.8,+23.7,+23.6,+24.6,+24.5,+24.2,+26,ESTP,0,0,+0,+0,+0.0167,+0,+0.0392,+0,+0,+0,15:17:01 22.03.2020
3113,+23.5,+20.7,+23.8,+23.7,+23.8,+23.7,+23.6,+24.6,+24.5,+24.2,+26,ESTP,0,0,+0,+0,+0.0167,+0,+0.0392,+0,+0,+0,15:18:01 22.03.2020
3114,+23.5,+20.7,+23.8,+23.7,+23.8,+23.7,+23.6,+24.6,+24.5,+24.2,+26,ESTP,0,0,+0,+0,+0.0167,+0,+0.0392,+0,+0,+0,15:19:01 22.03.2020
3115,+23.5,+20.7,+23.8,+23.7,+23.8,+23.7,+23.6,+24.6,+24.5,+24.2,+26,ESTP,0,0,+0,+0,+0.0167,+0,+0.0392,+0,+0,+0,15:20:01 22.03.2020
3116,+23.5,+20.7,+23.8,+23.7,+23.8,+23.7,+23.6,+24.6,+24.5,+24.2,+26,ESTP,0,0,+0,+0,+0.0167,+0,+0.0392,+0,+0,+0,15:21:01 22.03.2020
3117,+23.5,+20.7,+23.8,+23.7,+23.8,+23.7,+23.6,+24.6,+24.5,+24.2,+26,ESTP,0,0,+0,+0,+0.0167,+0,+0.0392,+0,+0,+0,15:22:01 22.03.2020
3118,+23.5,+20.7,+23.8,+23.7,+23.8,+23.8,+23.6,+24.6,+24.5,+24.2,+26,ESTP,0,0,+0,+0,+0.0167,+0,+0.0392,+0,+0,+0,15:23:01 22.03.2020
3119,+23.5,+20.7,+23.8,+23.7,+23.8,+23.8,+23.6,+24.6,+24.5,+24.2,+26,ESTP,0,0,+0,+0,+0.0167,+0,+0.0392,+0,+0,+0,15:24:01 22.03.2020
3120,+23.5,+20.7,+23.8,+23.7,+23.8,+23.8,+23.6,+24.6,+24.5,+24.2,+26,ESTP,0,0,+0,+0,+0.0167,+0,+0.0392,+0,+0,+0,15:25:01 22.03.2020
3121,+23.5,+20.7,+23.8,+23.7,+23.8,+23.8,+23.6,+24.6,+24.5,+24.2,+26,ESTP,0,0,+0,+0,+0.0167,+0,+0.0392,+0,+0,+0,15:26:01 22.03.2020
3122,+23.5,+20.7,+23.8,+23.7,+23.8,+23.8,+23.6,+24.6,+24.5,+24.2,+26,ESTP,0,0,+0,+0,+0.0167,+0,+0.0392,+0,+0,+0,15:27:01 22.03.2020
3123,+23.5,+20.7,+23.8,+23.7,+23.8,+23.8,+23.6,+24.6,+24.5,+24.2,+26,ESTP,0,0,+0,+0,+0.0167,+0,+0.0392,+0,+0,+0,15:28:01 22.03.2020
3124,+23.5,+20.7,+23.8,+23.7,+23.8,+23.8,+23.6,+24.6,+24.5,+24.3,+26,ESTP,0,0,+0,+0,+0.0167,+0,+0.0392,+0,+0,+0,15:29:01 22.03.2020
3125,+23.5,+20.7,+23.8,+23.7,+23.8,+23.8,+23.6,+24.6,+24.5,+24.3,+26,ESTP,0,0,+0,+0,+0.0167,+0,+0.0392,+0,+0,+0,15:30:01 22.03.2020
3126,+23.5,+20.7,+23.8,+23.7,+23.8,+23.8,+23.6,+24.6,+24.5,+24.2,+26,ESTP,0,0,+0,+0,+0.0167,+0,+0.0392,+0,+0,+0,15:31:01 22.03.2020
3127,+23.4,+20.7,+23.8,+23.7,+23.8,+23.8,+23.6,+24.6,+24.5,+24.3,+26,ESTP,0,0,+0,+0,+0.0167,+0,+0.0392,+0,+0,+0,15:32:01 22.03.2020
3128,+23.4,+20.7,+23.8,+23.7,+23.8,+23.8,+23.6,+24.6,+24.5,+24.3,+26,ESTP,0,0,+0,+0,+0.0167,+0,+0.0392,+0,+0,+0,15:33:01 22.03.2020
3129,+23.4,+20.7,+23.8,+23.7,+23.8,+23.8,+23.6,+24.6,+24.5,+24.3,+26,ESTP,0,0,+0,+0,+0.0167,+0,+0.0392,+0,+0,+0,15:34:01 22.03.2020
3130,+23.4,+20.7,+23.8,+23.7,+23.8,+23.8,+23.6,+24.6,+24.5,+24.3,+26,ESTP,0,0,+0,+0,+0.0167,+0,+0.0394,+0,+0,+0,15:35:01 22.03.2020
3131,+23.4,+20.7,+23.8,+23.7,+23.8,+23.8,+23.6,+24.6,+24.5,+24.3,+26,ESTP,0,0,+0,+0,+0.0167,+0,+0.0394,+0,+0,+0,15:36:01 22.03.2020
3132,+23.4,+20.7,+23.8,+23.7,+23.8,+23.8,+23.6,+24.6,+24.5,+24.3,+26,ESTP,0,0,+0,+0,+0.0167,+0,+0.0394,+0,+0,+0,15:37:01 22.03.2020
3133,+23.4,+20.7,+23.8,+23.7,+23.8,+23.8,+23.6,+24.6,+24.5,+24.3,+26,ESTP,0,0,+0,+0,+0.0167,+0,+0.0394,+0,+0,+0,15:38:01 22.03.2020
3134,+23.4,+20.7,+23.8,+23.7,+23.8,+23.8,+23.6,+24.6,+24.5,+24.3,+26,ESTP,0,0,+0,+0,+0.0167,+0,+0.0394,+0,+0,+0,15:39:01 22.03.2020
3135,+23.4,+20.7,+23.8,+23.7,+23.8,+23.8,+23.6,+24.6,+24.5,+24.3,+26,ESTP,0,0,+0,+0,+0.0167,+0,+0.0394,+0,+0,+0,15:40:01 22.03.2020
3136,+23.4,+20.7,+23.8,+23.7,+23.8,+23.8,+23.6,+24.6,+24.5,+24.3,+26,ESTP,0,0,+0,+0,+0.0167,+0,+0.0394,+0,+0,+0,15:41:01 22.03.2020
3137,+23.4,+20.7,+23.8,+23.7,+23.8,+23.8,+23.6,+24.6,+24.5,+24.3,+26,ESTP,0,0,+0,+0,+0.0167,+0,+0.0394,+0,+0,+0,15:42:01 22.03.2020
3138,+23.4,+20.7,+23.8,+23.7,+23.8,+23.8,+23.6,+24.6,+24.5,+24.3,+26,ESTP,0,0,+0,+0,+0.0167,+0,+0.0394,+0,+0,+0,15:43:01 22.03.2020
3139,+23.4,+20.7,+23.8,+23.7,+23.8,+23.8,+23.6,+24.6,+24.5,+24.3,+26,ESTP,0,0,+0,+0,+0.0167,+0,+0.0394,+0,+0,+0,15:44:01 22.03.2020
3140,+23.4,+20.7,+23.8,+23.7,+23.8,+23.8,+23.6,+24.6,+24.5,+24.3,+26,ESTP,0,0,+0,+0,+0.0167,+0,+0.0394,+0,+0,+0,15:45:01 22.03.2020
3141,+23.4,+20.7,+23.8,+23.7,+23.8,+23.8,+23.6,+24.6,+24.5,+24.3,+26,ESTP,0,0,+0,+0,+0.0167,+0,+0.0394,+0,+0,+0,15:46:01 22.03.2020
3142,+23.4,+20.7,+23.8,+23.7,+23.8,+23.8,+23.6,+24.6,+24.5,+24.3,+26,ESTP,0,0,+0,+0,+0.0167,+0,+0.0394,+0,+0,+0,15:47:01 22.03.2020
3143,+23.3,+20.7,+23.8,+23.7,+23.8,+23.8,+23.6,+24.6,+24.5,+24.3,+26,ESTP,0,0,+0,+0,+0.0167,+0,+0.0394,+0,+0,+0,15:48:01 22.03.2020
3144,+23.3,+20.7,+23.8,+23.7,+23.8,+23.8,+23.6,+24.6,+24.5,+24.3,+26,ESTP,0,0,+0,+0,+0.0167,+0,+0.0394,+0,+0,+0,15:49:01 22.03.2020
3145,+23.3,+20.7,+23.8,+23.7,+23.8,+23.8,+23.6,+24.6,+24.5,+24.3,+26,ESTP,0,0,+0,+0,+0.0167,+0,+0.0394,+0,+0,+0,15:50:01 22.03.2020
3146,+23.3,+20.7,+23.8,+23.7,+23.8,+23.8,+23.6,+24.6,+24.5,+24.3,+26,ESTP,0,0,+0,+0,+0.0167,+0,+0.0394,+0,+0,+0,15:51:01 22.03.2020
3147,+23.3,+20.7,+23.8,+23.7,+23.8,+23.8,+23.6,+24.6,+24.5,+24.3,+26,ESTP,0,0,+0,+0,+0.0167,+0,+0.0392,+0,+0,+0,15:52:01 22.03.2020
3148,+23.3,+20.7,+23.8,+23.7,+23.8,+23.8,+23.6,+24.6,+24.5,+24.3,+26,ESTP,0,0,+0,+0,+0.0167,+0,+0.0394,+0,+0,+0,15:53:01 22.03.2020
3149,+23.3,+20.7,+23.8,+23.7,+23.8,+23.8,+23.6,+24.6,+24.5,+24.3,+26,ESTP,0,0,+0,+0,+0.0167,+0,+0.0394,+0,+0,+0,15:54:01 22.03.2020
3150,+23.3,+20.7,+23.8,+23.7,+23.8,+23.8,+23.7,+24.6,+24.5,+24.3,+26,ESTP,0,0,+0,+0,+0.0167,+0,+0.0394,+0,+0,+0,15:55:01 22.03.2020
3151,+23.3,+20.7,+23.8,+23.7,+23.8,+23.8,+23.7,+24.6,+24.5,+24.3,+26,ESTP,0,0,+0,+0,+0.0167,+0,+0.0394,+0,+0,+0,15:56:01 22.03.2020
3152,+23.3,+20.7,+23.8,+23.7,+23.8,+23.8,+23.7,+24.6,+24.5,+24.3,+26,ESTP,0,0,+0,+0,+0.0167,+0,+0.0394,+0,+0,+0,15:57:01 22.03.2020
3153,+23.3,+20.7,+23.8,+23.7,+23.8,+23.8,+23.7,+24.6,+24.5,+24.3,+26,ESTP,0,0,+0,+0,+0.0167,+0,+0.0394,+0,+0,+0,15:58:01 22.03.2020
3154,+23.3,+20.7,+23.8,+23.7,+23.8,+23.8,+23.6,+24.6,+24.5,+24.3,+26,ESTP,0,0,+0,+0,+0.0167,+0,+0.0394,+0,+0,+0,15:59:01 22.03.2020
3155,+23.3,+20.7,+23.8,+23.7,+23.8,+23.8,+23.7,+24.6,+24.5,+24.3,+26,ESTP,0,0,+0,+0,+0.0167,+0,+0.0394,+0,+0,+0,16:00:01 22.03.2020
3156,+23.3,+20.7,+23.8,+23.7,+23.8,+23.8,+23.7,+24.6,+24.6,+24.3,+26,ESTP,0,0,+0,+0,+0.0167,+0,+0.0394,+0,+0,+0,16:01:01 22.03.2020
3157,+23.3,+20.7,+23.8,+23.7,+23.8,+23.8,+23.7,+24.6,+24.6,+24.3,+26,ESTP,0,0,+0,+0,+0.0167,+0,+0.0394,+0,+0,+0,16:02:01 22.03.2020
3158,+23.3,+20.6,+23.8,+23.7,+23.8,+23.8,+23.7,+24.6,+24.6,+24.3,+26,ESTP,0,0,+0,+0,+0.0167,+0,+0.0394,+0,+0,+0,16:03:01 22.03.2020
3159,+23.3,+20.7,+23.8,+23.7,+23.8,+23.8,+23.7,+24.6,+24.6,+24.3,+26,ESTP,0,0,+0,+0,+0.0167,+0,+0.0394,+0,+0,+0,16:04:01 22.03.2020
3160,+23.3,+20.6,+23.8,+23.7,+23.8,+23.8,+23.7,+24.6,+24.6,+24.3,+26,ESTP,0,0,+0,+0,+0.0167,+0,+0.0394,+0,+0,+0,16:05:01 22.03.2020
3161,+23.3,+20.6,+23.8,+23.7,+23.8,+23.8,+23.7,+24.6,+24.6,+24.3,+26,ESTP,0,0,+0,+0,+0.0167,+0,+0.0394,+0,+0,+0,16:06:01 22.03.2020
3162,+23.3,+20.6,+23.8,+23.7,+23.8,+23.8,+23.7,+24.6,+24.6,+24.3,+26,ESTP,0,0,+0,+0,+0.0167,+0,+0.0394,+0,+0,+0,16:07:01 22.03.2020
3163,+23.3,+20.6,+23.8,+23.7,+23.8,+23.8,+23.7,+24.7,+24.6,+24.3,+26,ESTP,0,0,+0,+0,+0.0167,+0,+0.0394,+0,+0,+0,16:08:01 22.03.2020
3164,+23.3,+20.6,+23.8,+23.7,+23.8,+23.9,+23.7,+24.7,+24.6,+24.3,+26,ESTP,0,0,+0,+0,+0.0167,+0,+0.0394,+0,+0,+0,16:09:01 22.03.2020
3165,+23.3,+20.6,+23.8,+23.7,+23.8,+23.9,+23.7,+24.7,+24.6,+24.3,+26,ESTP,0,0,+0,+0,+0.0167,+0,+0.0394,+0,+0,+0,16:10:01 22.03.2020
3166,+23.3,+20.6,+23.8,+23.7,+23.8,+23.9,+23.7,+24.7,+24.6,+24.3,+26,ESTP,0,0,+0,+0,+0.0167,+0,+0.0394,+0,+0,+0,16:11:01 22.03.2020
3167,+23.3,+20.6,+23.8,+23.7,+23.8,+23.9,+23.7,+24.7,+24.6,+24.3,+26,ESTP,0,0,+0,+0,+0.0167,+0,+0.0394,+0,+0,+0,16:12:01 22.03.2020
3168,+23.3,+20.6,+23.8,+23.7,+23.8,+23.9,+23.7,+24.7,+24.6,+24.3,+26,ESTP,0,0,+0,+0,+0.0167,+0,+0.0394,+0,+0,+0,16:13:01 22.03.2020
3169,+23.3,+20.6,+23.8,+23.7,+23.8,+23.9,+23.7,+24.7,+24.6,+24.3,+26,ESTP,0,0,+0,+0,+0.0167,+0,+0.0394,+0,+0,+0,16:14:01 22.03.2020
3170,+23.2,+20.6,+23.8,+23.7,+23.8,+23.9,+23.7,+24.7,+24.6,+24.3,+26,ESTP,0,0,+0,+0,+0.0167,+0,+0.0396,+0,+0,+0,16:15:01 22.03.2020
3171,+23.2,+20.6,+23.8,+23.7,+23.8,+23.9,+23.7,+24.7,+24.6,+24.3,+26,ESTP,0,0,+0,+0,+0.0167,+0,+0.0394,+0,+0,+0,16:16:01 22.03.2020
3172,+23.2,+20.6,+23.8,+23.7,+23.8,+23.9,+23.7,+24.7,+24.6,+24.3,+26,ESTP,0,0,+0,+0,+0.0167,+0,+0.0396,+0,+0,+0,16:17:01 22.03.2020
3173,+23.2,+20.6,+23.8,+23.7,+23.8,+23.9,+23.7,+24.7,+24.6,+24.3,+26,ESTP,0,0,+0,+0,+0.0167,+0,+0.0396,+0,+0,+0,16:18:01 22.03.2020
3174,+23.2,+20.6,+23.8,+23.7,+23.8,+23.9,+23.7,+24.7,+24.6,+24.3,+26,ESTP,0,0,+0,+0,+0.0167,+0,+0.0396,+0,+0,+0,16:19:01 22.03.2020
3175,+23.2,+20.6,+23.8,+23.6,+23.8,+23.9,+23.7,+24.7,+24.6,+24.3,+26,ESTP,0,0,+0,+0,+0.0167,+0,+0.0396,+0,+0,+0,16:20:01 22.03.2020
3176,+23.2,+20.6,+23.8,+23.7,+23.8,+23.9,+23.7,+24.7,+24.6,+24.3,+26,ESTP,0,0,+0,+0,+0.0167,+0,+0.0396,+0,+0,+0,16:21:01 22.03.2020
3177,+23.2,+20.6,+23.8,+23.7,+23.8,+23.9,+23.7,+24.7,+24.6,+24.3,+26,ESTP,0,0,+0,+0,+0.0167,+0,+0.0394,+0,+0,+0,16:22:01 22.03.2020
3178,+23.2,+20.6,+23.8,+23.7,+23.8,+23.8,+23.7,+24.7,+24.6,+24.3,+26,ESTP,0,0,+0,+0,+0.0167,+0,+0.0394,+0,+0,+0,16:23:01 22.03.2020
3179,+23.2,+20.6,+23.8,+23.7,+23.8,+23.8,+23.7,+24.7,+24.6,+24.3,+26,ESTP,0,0,+0,+0,+0.0167,+0,+0.0394,+0,+0,+0,16:24:01 22.03.2020
3180,+23.2,+20.6,+23.8,+23.7,+23.8,+23.8,+23.7,+24.7,+24.6,+24.3,+26,ESTP,0,0,+0,+0,+0.0167,+0,+0.0394,+0,+0,+0,16:25:01 22.03.2020
3181,+23.2,+20.6,+23.8,+23.7,+23.8,+23.8,+23.7,+24.7,+24.6,+24.3,+26,ESTP,0,0,+0,+0,+0.0167,+0,+0.0394,+0,+0,+0,16:26:01 22.03.2020
3182,+23.2,+20.6,+23.8,+23.7,+23.8,+23.8,+23.7,+24.7,+24.6,+24.3,+26,ESTP,0,0,+0,+0,+0.0167,+0,+0.0394,+0,+0,+0,16:27:01 22.03.2020
3183,+23.2,+20.6,+23.8,+23.6,+23.8,+23.8,+23.7,+24.7,+24.6,+24.3,+26,ESTP,0,0,+0,+0,+0.0167,+0,+0.0394,+0,+0,+0,16:28:01 22.03.2020
3184,+23.2,+20.6,+23.8,+23.7,+23.8,+23.8,+23.7,+24.7,+24.6,+24.3,+26,ESTP,0,0,+0,+0,+0.0167,+0,+0.0394,+0,+0,+0,16:29:01 22.03.2020
3185,+23.2,+20.6,+23.8,+23.6,+23.8,+23.8,+23.7,+24.7,+24.6,+24.3,+26,ESTP,0,0,+0,+0,+0.0167,+0,+0.0394,+0,+0,+0,16:30:01 22.03.2020
3186,+23.1,+20.6,+23.8,+23.6,+23.8,+23.8,+23.7,+24.7,+24.6,+24.3,+26,ESTP,0,0,+0,+0,+0.0167,+0,+0.0394,+0,+0,+0,16:31:01 22.03.2020
3187,+23.1,+20.6,+23.8,+23.7,+23.8,+23.8,+23.7,+24.7,+24.6,+24.3,+26,ESTP,0,0,+0,+0,+0.0167,+0,+0.0394,+0,+0,+0,16:32:01 22.03.2020
3188,+23.1,+20.6,+23.8,+23.6,+23.8,+23.8,+23.7,+24.7,+24.6,+24.3,+26,ESTP,0,0,+0,+0,+0.0167,+0,+0.0394,+0,+0,+0,16:33:01 22.03.2020
3189,+23.1,+20.6,+23.8,+23.6,+23.8,+23.8,+23.7,+24.7,+24.6,+24.3,+26,ESTP,0,0,+0,+0,+0.0167,+0,+0.0394,+0,+0,+0,16:34:01 22.03.2020
3190,+23.1,+20.6,+23.8,+23.6,+23.8,+23.8,+23.7,+24.7,+24.6,+24.3,+26,ESTP,0,0,+0,+0,+0.0167,+0,+0.0394,+0,+0,+0,16:35:01 22.03.2020
3191,+23.1,+20.6,+23.8,+23.6,+23.8,+23.8,+23.7,+24.7,+24.6,+24.3,+26,ESTP,0,0,+0,+0,+0.0167,+0,+0.0394,+0,+0,+0,16:36:01 22.03.2020
3192,+23.1,+20.6,+23.8,+23.6,+23.8,+23.8,+23.7,+24.7,+24.6,+24.3,+26,ESTP,0,0,+0,+0,+0.0167,+0,+0.0394,+0,+0,+0,16:37:01 22.03.2020
3193,+23.1,+20.6,+23.8,+23.6,+23.8,+23.8,+23.7,+24.7,+24.6,+24.3,+26,ESTP,0,0,+0,+0,+0.0167,+0,+0.0394,+0,+0,+0,16:38:01 22.03.2020
3194,+23.1,+20.6,+23.8,+23.6,+23.8,+23.9,+23.7,+24.7,+24.6,+24.3,+26,ESTP,0,0,+0,+0,+0.0167,+0,+0.0394,+0,+0,+0,16:39:01 22.03.2020
3195,+23.1,+20.6,+23.8,+23.6,+23.8,+23.9,+23.7,+24.7,+24.6,+24.3,+26,ESTP,0,0,+0,+0,+0.0167,+0,+0.0394,+0,+0,+0,16:40:01 22.03.2020
3196,+23.1,+20.6,+23.8,+23.6,+23.8,+23.8,+23.7,+24.7,+24.6,+24.3,+26,ESTP,0,0,+0,+0,+0.0167,+0,+0.0394,+0,+0,+0,16:41:01 22.03.2020
3197,+23.1,+20.6,+23.8,+23.6,+23.8,+23.9,+23.7,+24.7,+24.6,+24.3,+26,ESTP,0,0,+0,+0,+0.0167,+0,+0.0394,+0,+0,+0,16:42:01 22.03.2020
3198,+23.1,+20.6,+23.8,+23.6,+23.8,+23.9,+23.7,+24.7,+24.6,+24.3,+26,ESTP,0,0,+0,+0,+0.0167,+0,+0.0394,+0,+0,+0,16:43:01 22.03.2020
3199,+23.1,+20.6,+23.8,+23.6,+23.8,+23.9,+23.7,+24.7,+24.6,+24.3,+26,ESTP,0,0,+0,+0,+0.0167,+0,+0.0395,+0,+0,+0,16:44:01 22.03.2020
3200,+23.1,+20.6,+23.8,+23.6,+23.8,+23.9,+23.7,+24.7,+24.6,+24.3,+26,ESTP,0,0,+0,+0,+0.0167,+0,+0.0394,+0,+0,+0,16:45:01 22.03.2020
3201,+23.1,+20.6,+23.8,+23.6,+23.8,+23.9,+23.7,+24.7,+24.6,+24.3,+26,ESTP,0,0,+0,+0,+0.0167,+0,+0.0396,+0,+0,+0,16:46:01 22.03.2020
3202,+23.1,+20.6,+23.8,+23.6,+23.8,+23.9,+23.7,+24.7,+24.6,+24.3,+26,ESTP,0,0,+0,+0,+0.0167,+0,+0.0396,+0,+0,+0,16:47:01 22.03.2020
3203,+23.1,+20.6,+23.8,+23.6,+23.8,+23.9,+23.7,+24.7,+24.6,+24.3,+26,ESTP,0,0,+0,+0,+0.0167,+0,+0.0396,+0,+0,+0,16:48:01 22.03.2020
3204,+23.1,+20.6,+23.8,+23.6,+23.8,+23.9,+23.7,+24.7,+24.6,+24.3,+26,ESTP,0,0,+0,+0,+0.0167,+0,+0.0396,+0,+0,+0,16:49:01 22.03.2020
3205,+23.1,+20.6,+23.8,+23.6,+23.8,+23.9,+23.7,+24.7,+24.6,+24.3,+26,ESTP,0,0,+0,+0,+0.0167,+0,+0.0396,+0,+0,+0,16:50:01 22.03.2020
3206,+23.1,+20.6,+23.8,+23.6,+23.8,+23.9,+23.7,+24.7,+24.6,+24.3,+26,ESTP,0,0,+0,+0,+0.0167,+0,+0.0396,+0,+0,+0,16:51:01 22.03.2020
3207,+23.1,+20.6,+23.8,+23.6,+23.8,+23.9,+23.7,+24.7,+24.6,+24.3,+26,ESTP,0,0,+0,+0,+0.0167,+0,+0.0396,+0,+0,+0,16:52:01 22.03.2020
3208,+23.1,+20.6,+23.8,+23.6,+23.8,+23.9,+23.7,+24.7,+24.6,+24.3,+26,ESTP,0,0,+0,+0,+0.0167,+0,+0.0396,+0,+0,+0,16:53:01 22.03.2020
3209,+23.1,+20.6,+23.8,+23.6,+23.8,+23.9,+23.7,+24.7,+24.6,+24.3,+26,ESTP,0,0,+0,+0,+0.0167,+0,+0.0396,+0,+0,+0,16:54:01 22.03.2020
3210,+23,+20.5,+23.8,+23.6,+23.8,+23.9,+23.7,+24.7,+24.6,+24.3,+26,ESTP,0,0,+0,+0,+0.0167,+0,+0.0396,+0,+0,+0,16:55:01 22.03.2020
3211,+23,+20.5,+23.8,+23.6,+23.8,+23.9,+23.7,+24.7,+24.6,+24.3,+26,ESTP,0,0,+0,+0,+0.0167,+0,+0.0396,+0,+0,+0,16:56:01 22.03.2020
3212,+23,+20.5,+23.8,+23.6,+23.8,+23.9,+23.7,+24.7,+24.6,+24.3,+26,ESTP,0,0,+0,+0,+0.0167,+0,+0.0396,+0,+0,+0,16:57:01 22.03.2020
3213,+23,+20.5,+23.8,+23.6,+23.8,+23.9,+23.7,+24.7,+24.6,+24.3,+26,ESTP,0,0,+0,+0,+0.0167,+0,+0.0396,+0,+0,+0,16:58:01 22.03.2020
3214,+23,+20.5,+23.8,+23.6,+23.8,+23.9,+23.7,+24.7,+24.6,+24.3,+26,ESTP,0,0,+0,+0,+0.0167,+0,+0.0396,+0,+0,+0,16:59:01 22.03.2020
3215,+23,+20.5,+23.8,+23.6,+23.8,+23.9,+23.7,+24.7,+24.6,+24.3,+26,ESTP,0,0,+0,+0,+0.0167,+0,+0.0396,+0,+0,+0,17:00:01 22.03.2020
3216,+23,+20.5,+23.8,+23.6,+23.8,+23.9,+23.7,+24.7,+24.6,+24.3,+26,ESTP,0,0,+0,+0,+0.0167,+0,+0.0396,+0,+0,+0,17:01:01 22.03.2020
3217,+23,+20.5,+23.8,+23.6,+23.8,+23.9,+23.7,+24.7,+24.6,+24.3,+26,ESTP,0,0,+0,+0,+0.0167,+0,+0.0396,+0,+0,+0,17:02:01 22.03.2020
3218,+23,+20.5,+23.8,+23.6,+23.8,+23.9,+23.7,+24.7,+24.6,+24.3,+26,ESTP,0,0,+0,+0,+0.0167,+0,+0.0396,+0,+0,+0,17:03:01 22.03.2020
3219,+23,+20.5,+23.8,+23.6,+23.8,+23.9,+23.7,+24.7,+24.6,+24.3,+26,ESTP,0,0,+0,+0,+0.0167,+0,+0.0396,+0,+0,+0,17:04:01 22.03.2020
3220,+23,+20.5,+23.8,+23.6,+23.8,+23.9,+23.7,+24.7,+24.6,+24.4,+26,ESTP,0,0,+0,+0,+0.0167,+0,+0.0396,+0,+0,+0,17:05:01 22.03.2020
3221,+23,+20.5,+23.8,+23.6,+23.8,+23.9,+23.7,+24.7,+24.6,+24.3,+26,ESTP,0,0,+0,+0,+0.0167,+0,+0.0396,+0,+0,+0,17:06:01 22.03.2020
3222,+23,+20.5,+23.8,+23.6,+23.8,+23.9,+23.7,+24.7,+24.6,+24.4,+26,ESTP,0,0,+0,+0,+0.0167,+0,+0.0396,+0,+0,+0,17:07:01 22.03.2020
3223,+23,+20.5,+23.8,+23.6,+23.8,+23.9,+23.7,+24.7,+24.6,+24.4,+26,ESTP,0,0,+0,+0,+0.0167,+0,+0.0396,+0,+0,+0,17:08:01 22.03.2020
3224,+23,+20.5,+23.8,+23.6,+23.8,+23.9,+23.7,+24.7,+24.6,+24.4,+26,ESTP,0,0,+0,+0,+0.0167,+0,+0.0396,+0,+0,+0,17:09:01 22.03.2020
3225,+23,+20.5,+23.8,+23.6,+23.8,+23.9,+23.7,+24.7,+24.6,+24.4,+26,ESTP,0,0,+0,+0,+0.0167,+0,+0.0396,+0,+0,+0,17:10:01 22.03.2020
3226,+23,+20.5,+23.8,+23.6,+23.8,+23.9,+23.7,+24.7,+24.6,+24.4,+26,ESTP,0,0,+0,+0,+0.0167,+0,+0.0396,+0,+0,+0,17:11:01 22.03.2020
3227,+23,+20.5,+23.8,+23.6,+23.8,+23.9,+23.7,+24.7,+24.6,+24.4,+26,ESTP,0,0,+0,+0,+0.0167,+0,+0.0396,+0,+0,+0,17:12:01 22.03.2020
3228,+23,+20.5,+23.8,+23.6,+23.8,+23.9,+23.7,+24.7,+24.6,+24.4,+26,ESTP,0,0,+0,+0,+0.0167,+0,+0.0396,+0,+0,+0,17:13:01 22.03.2020
3229,+23,+20.5,+23.8,+23.6,+23.8,+23.9,+23.7,+24.7,+24.6,+24.4,+26,ESTP,0,0,+0,+0,+0.0167,+0,+0.0396,+0,+0,+0,17:14:01 22.03.2020
3230,+23,+20.5,+23.8,+23.6,+23.8,+23.9,+23.7,+24.7,+24.6,+24.4,+26,ESTP,0,0,+0,+0,+0.0167,+0,+0.0396,+0,+0,+0,17:15:01 22.03.2020
3231,+23,+20.5,+23.8,+23.6,+23.8,+23.9,+23.7,+24.7,+24.6,+24.4,+26,ESTP,0,0,+0,+0,+0.0167,+0,+0.0394,+0,+0,+0,17:16:01 22.03.2020
3232,+23,+20.5,+23.8,+23.6,+23.8,+23.8,+23.7,+24.7,+24.6,+24.4,+26,ESTP,0,0,+0,+0,+0.0167,+0,+0.0394,+0,+0,+0,17:17:01 22.03.2020
3233,+23,+20.5,+23.8,+23.6,+23.8,+23.8,+23.7,+24.7,+24.6,+24.4,+26,ESTP,0,0,+0,+0,+0.0167,+0,+0.0394,+0,+0,+0,17:18:01 22.03.2020
3234,+23,+20.5,+23.8,+23.6,+23.8,+23.8,+23.7,+24.7,+24.6,+24.4,+26,ESTP,0,0,+0,+0,+0.0167,+0,+0.0394,+0,+0,+0,17:19:01 22.03.2020
3235,+23,+20.5,+23.8,+23.6,+23.8,+23.8,+23.7,+24.7,+24.6,+24.4,+26,ESTP,0,0,+0,+0,+0.0167,+0,+0.0394,+0,+0,+0,17:20:01 22.03.2020
3236,+23,+20.5,+23.8,+23.6,+23.8,+23.8,+23.7,+24.7,+24.6,+24.4,+26,ESTP,0,0,+0,+0,+0.0167,+0,+0.0394,+0,+0,+0,17:21:01 22.03.2020
3237,+23,+20.5,+23.8,+23.6,+23.8,+23.8,+23.7,+24.7,+24.6,+24.4,+26,ESTP,0,0,+0,+0,+0.0167,+0,+0.0394,+0,+0,+0,17:22:01 22.03.2020
3238,+23,+20.5,+23.8,+23.6,+23.8,+23.8,+23.7,+24.7,+24.6,+24.4,+26,ESTP,0,0,+0,+0,+0.0167,+0,+0.0394,+0,+0,+0,17:23:01 22.03.2020
3239,+23,+20.5,+23.8,+23.6,+23.8,+23.8,+23.7,+24.7,+24.6,+24.4,+26,ESTP,0,0,+0,+0,+0.0167,+0,+0.0394,+0,+0,+0,17:24:01 22.03.2020
3240,+23,+20.5,+23.8,+23.6,+23.8,+23.8,+23.7,+24.7,+24.6,+24.4,+26,ESTP,0,0,+0,+0,+0.0167,+0,+0.0394,+0,+0,+0,17:25:01 22.03.2020
3241,+23,+20.5,+23.8,+23.6,+23.8,+23.8,+23.7,+24.7,+24.6,+24.4,+26,ESTP,0,0,+0,+0,+0.0167,+0,+0.0395,+0,+0,+0,17:26:01 22.03.2020
3242,+23,+20.5,+23.8,+23.6,+23.8,+23.8,+23.7,+24.7,+24.6,+24.4,+26,ESTP,0,0,+0,+0,+0.0167,+0,+0.0396,+0,+0,+0,17:27:01 22.03.2020
3243,+23,+20.5,+23.8,+23.6,+23.8,+23.8,+23.7,+24.7,+24.6,+24.4,+26,ESTP,0,0,+0,+0,+0.0167,+0,+0.0396,+0,+0,+0,17:28:01 22.03.2020
3244,+23,+20.5,+23.8,+23.6,+23.8,+23.8,+23.7,+24.7,+24.6,+24.4,+26,ESTP,0,0,+0,+0,+0.0167,+0,+0.0396,+0,+0,+0,17:29:01 22.03.2020
3245,+23,+20.5,+23.8,+23.6,+23.8,+23.8,+23.7,+24.7,+24.6,+24.4,+26,ESTP,0,0,+0,+0,+0.0167,+0,+0.0396,+0,+0,+0,17:30:01 22.03.2020
3246,+23,+20.5,+23.8,+23.6,+23.8,+23.8,+23.7,+24.7,+24.6,+24.4,+26,ESTP,0,0,+0,+0,+0.0167,+0,+0.0396,+0,+0,+0,17:31:01 22.03.2020
3247,+23,+20.5,+23.8,+23.6,+23.7,+23.8,+23.7,+24.7,+24.6,+24.4,+26,ESTP,0,0,+0,+0,+0.0167,+0,+0.0396,+0,+0,+0,17:32:01 22.03.2020
3248,+23,+20.5,+23.8,+23.6,+23.8,+23.8,+23.7,+24.7,+24.6,+24.4,+26,ESTP,0,0,+0,+0,+0.0167,+0,+0.0396,+0,+0,+0,17:33:01 22.03.2020
3249,+23,+20.5,+23.8,+23.6,+23.8,+23.9,+23.7,+24.7,+24.6,+24.4,+26,ESTP,0,0,+0,+0,+0.0167,+0,+0.0396,+0,+0,+0,17:34:01 22.03.2020
3250,+23,+20.5,+23.8,+23.6,+23.7,+23.8,+23.7,+24.7,+24.6,+24.4,+26,ESTP,0,0,+0,+0,+0.0167,+0,+0.0396,+0,+0,+0,17:35:01 22.03.2020
3251,+23,+20.5,+23.8,+23.6,+23.7,+23.9,+23.7,+24.7,+24.6,+24.4,+26,ESTP,0,0,+0,+0,+0.0167,+0,+0.0396,+0,+0,+0,17:36:01 22.03.2020
3252,+23,+20.4,+23.8,+23.6,+23.7,+23.9,+23.7,+24.7,+24.6,+24.4,+26,ESTP,0,0,+0,+0,+0.0167,+0,+0.0396,+0,+0,+0,17:37:01 22.03.2020
3253,+23,+20.5,+23.8,+23.6,+23.7,+23.9,+23.7,+24.7,+24.6,+24.4,+26,ESTP,0,0,+0,+0,+0.0167,+0,+0.0396,+0,+0,+0,17:38:01 22.03.2020
3254,+23,+20.4,+23.8,+23.6,+23.8,+23.9,+23.7,+24.7,+24.6,+24.4,+26,ESTP,0,0,+0,+0,+0.0167,+0,+0.0396,+0,+0,+0,17:39:01 22.03.2020
3255,+23,+20.4,+23.8,+23.6,+23.7,+23.9,+23.7,+24.7,+24.6,+24.4,+26,ESTP,0,0,+0,+0,+0.0167,+0,+0.0396,+0,+0,+0,17:40:01 22.03.2020
3256,+23,+20.4,+23.8,+23.6,+23.7,+23.9,+23.7,+24.7,+24.6,+24.4,+26,ESTP,0,0,+0,+0,+0.0167,+0,+0.0396,+0,+0,+0,17:41:01 22.03.2020
3257,+23.1,+20.4,+23.8,+23.6,+23.7,+23.9,+23.7,+24.7,+24.6,+24.4,+26,ESTP,0,0,+0,+0,+0.0167,+0,+0.0396,+0,+0,+0,17:42:01 22.03.2020
3258,+23.1,+20.4,+23.8,+23.6,+23.7,+23.9,+23.7,+24.7,+24.6,+24.4,+26,ESTP,0,0,+0,+0,+0.0167,+0,+0.0396,+0,+0,+0,17:43:01 22.03.2020
3259,+23.1,+20.4,+23.8,+23.6,+23.8,+23.9,+23.7,+24.7,+24.6,+24.4,+26,ESTP,0,0,+0,+0,+0.0167,+0,+0.0396,+0,+0,+0,17:44:01 22.03.2020
3260,+23.1,+20.4,+23.8,+23.6,+23.7,+23.9,+23.7,+24.7,+24.6,+24.4,+26,ESTP,0,0,+0,+0,+0.0167,+0,+0.0396,+0,+0,+0,17:45:01 22.03.2020
3261,+23.1,+20.4,+23.8,+23.6,+23.7,+23.9,+23.7,+24.7,+24.6,+24.4,+26,ESTP,0,0,+0,+0,+0.0167,+0,+0.0396,+0,+0,+0,17:46:01 22.03.2020
3262,+23.1,+20.4,+23.8,+23.6,+23.7,+23.9,+23.7,+24.7,+24.6,+24.4,+26,ESTP,0,0,+0,+0,+0.0167,+0,+0.0396,+0,+0,+0,17:47:01 22.03.2020
3263,+23.1,+20.4,+23.8,+23.6,+23.7,+23.9,+23.7,+24.7,+24.6,+24.4,+26,ESTP,0,0,+0,+0,+0.0167,+0,+0.0396,+0,+0,+0,17:48:01 22.03.2020
3264,+23.1,+20.4,+23.8,+23.6,+23.7,+23.9,+23.7,+24.7,+24.6,+24.4,+26,ESTP,0,0,+0,+0,+0.0167,+0,+0.0396,+0,+0,+0,17:49:01 22.03.2020
3265,+23.1,+20.4,+23.8,+23.6,+23.7,+23.9,+23.7,+24.7,+24.6,+24.4,+26,ESTP,0,0,+0,+0,+0.0167,+0,+0.0396,+0,+0,+0,17:50:01 22.03.2020
3266,+23.1,+20.4,+23.8,+23.6,+23.7,+23.9,+23.7,+24.7,+24.6,+24.4,+26,ESTP,0,0,+0,+0,+0.0167,+0,+0.0396,+0,+0,+0,17:51:01 22.03.2020
3267,+23.1,+20.4,+23.8,+23.6,+23.7,+23.9,+23.7,+24.7,+24.6,+24.4,+26,ESTP,0,0,+0,+0,+0.0167,+0,+0.0396,+0,+0,+0,17:52:01 22.03.2020
3268,+23.1,+20.4,+23.8,+23.6,+23.7,+23.9,+23.7,+24.7,+24.6,+24.4,+26,ESTP,0,0,+0,+0,+0.0167,+0,+0.0396,+0,+0,+0,17:53:01 22.03.2020
3269,+23.1,+20.4,+23.8,+23.6,+23.7,+23.9,+23.7,+24.7,+24.6,+24.4,+26,ESTP,0,0,+0,+0,+0.0167,+0,+0.0396,+0,+0,+0,17:54:01 22.03.2020
3270,+23.1,+20.4,+23.8,+23.6,+23.7,+23.9,+23.7,+24.7,+24.6,+24.4,+26,ESTP,0,0,+0,+0,+0.0167,+0,+0.0396,+0,+0,+0,17:55:01 22.03.2020
3271,+23.1,+20.4,+23.8,+23.6,+23.7,+23.9,+23.7,+24.8,+24.6,+24.4,+26,ESTP,0,0,+0,+0,+0.0168,+0,+0.0396,+0,+0,+0,17:56:01 22.03.2020
3272,+23.1,+20.4,+23.8,+23.6,+23.7,+23.9,+23.7,+24.8,+24.6,+24.4,+26,ESTP,0,0,+0,+0,+0.0168,+0,+0.0396,+0,+0,+0,17:57:01 22.03.2020
3273,+23.1,+20.4,+23.8,+23.6,+23.7,+23.9,+23.7,+24.8,+24.6,+24.4,+26,ESTP,0,0,+0,+0,+0.0168,+0,+0.0396,+0,+0,+0,17:58:01 22.03.2020
3274,+23.1,+20.4,+23.8,+23.6,+23.7,+23.9,+23.7,+24.8,+24.6,+24.4,+26,ESTP,0,0,+0,+0,+0.0168,+0,+0.0396,+0,+0,+0,17:59:01 22.03.2020
3275,+23.1,+20.4,+23.8,+23.6,+23.7,+23.9,+23.7,+24.8,+24.6,+24.4,+26,ESTP,0,0,+0,+0,+0.0168,+0,+0.0396,+0,+0,+0,18:00:01 22.03.2020
3276,+23.1,+20.4,+23.8,+23.6,+23.7,+23.9,+23.7,+24.8,+24.6,+24.4,+26,ESTP,0,0,+0,+0,+0.0168,+0,+0.0396,+0,+0,+0,18:01:01 22.03.2020
3277,+23.1,+20.4,+23.8,+23.6,+23.7,+23.9,+23.7,+24.8,+24.6,+24.4,+26,ESTP,0,0,+0,+0,+0.0168,+0,+0.0396,+0,+0,+0,18:02:01 22.03.2020
3278,+23.1,+20.4,+23.8,+23.6,+23.7,+23.9,+23.7,+24.8,+24.6,+24.4,+26,ESTP,0,0,+0,+0,+0.0168,+0,+0.0396,+0,+0,+0,18:03:01 22.03.2020
3279,+23.1,+20.4,+23.8,+23.6,+23.7,+23.9,+23.7,+24.8,+24.6,+24.4,+26,ESTP,0,0,+0,+0,+0.0168,+0,+0.0396,+0,+0,+0,18:04:01 22.03.2020
3280,+23.1,+20.4,+23.8,+23.6,+23.7,+23.9,+23.7,+24.8,+24.7,+24.4,+26,ESTP,0,0,+0,+0,+0.0168,+0,+0.0396,+0,+0,+0,18:05:01 22.03.2020
3281,+23.2,+20.4,+23.8,+23.6,+23.7,+23.9,+23.7,+24.8,+24.6,+24.4,+26,ESTP,0,0,+0,+0,+0.0168,+0,+0.0396,+0,+0,+0,18:06:01 22.03.2020
3282,+23.2,+20.4,+23.8,+23.6,+23.7,+23.9,+23.7,+24.8,+24.6,+24.4,+26,ESTP,0,0,+0,+0,+0.0168,+0,+0.0396,+0,+0,+0,18:07:01 22.03.2020
3283,+23.2,+20.4,+23.8,+23.6,+23.7,+23.9,+23.7,+24.8,+24.7,+24.4,+26,ESTP,0,0,+0,+0,+0.0168,+0,+0.0396,+0,+0,+0,18:08:01 22.03.2020
3284,+23.2,+20.4,+23.8,+23.6,+23.7,+23.9,+23.7,+24.8,+24.7,+24.4,+26,ESTP,0,0,+0,+0,+0.0168,+0,+0.0396,+0,+0,+0,18:09:01 22.03.2020
3285,+23.2,+20.4,+23.8,+23.6,+23.7,+23.9,+23.7,+24.8,+24.7,+24.4,+26,ESTP,0,0,+0,+0,+0.0168,+0,+0.0396,+0,+0,+0,18:10:01 22.03.2020
3286,+23.2,+20.4,+23.8,+23.6,+23.7,+23.9,+23.7,+24.8,+24.7,+24.4,+26,ESTP,0,0,+0,+0,+0.0168,+0,+0.0396,+0,+0,+0,18:11:01 22.03.2020
3287,+23.2,+20.4,+23.8,+23.6,+23.7,+23.9,+23.7,+24.8,+24.7,+24.4,+26,ESTP,0,0,+0,+0,+0.0168,+0,+0.0396,+0,+0,+0,18:12:01 22.03.2020
3288,+23.2,+20.4,+23.8,+23.6,+23.7,+23.9,+23.7,+24.8,+24.7,+24.4,+26,ESTP,0,0,+0,+0,+0.0168,+0,+0.0396,+0,+0,+0,18:13:01 22.03.2020
3289,+23.2,+20.4,+23.8,+23.6,+23.7,+23.9,+23.7,+24.8,+24.7,+24.4,+26,ESTP,0,0,+0,+0,+0.0168,+0,+0.0396,+0,+0,+0,18:14:01 22.03.2020
3290,+23.2,+20.4,+23.8,+23.6,+23.7,+23.9,+23.7,+24.8,+24.7,+24.4,+26,ESTP,0,0,+0,+0,+0.0168,+0,+0.0396,+0,+0,+0,18:15:01 22.03.2020
3291,+23.2,+20.3,+23.8,+23.6,+23.7,+23.9,+23.7,+24.8,+24.7,+24.4,+26,ESTP,0,0,+0,+0,+0.0168,+0,+0.0396,+0,+0,+0,18:16:01 22.03.2020
3292,+23.2,+20.3,+23.8,+23.6,+23.7,+23.9,+23.7,+24.8,+24.7,+24.4,+26,ESTP,0,0,+0,+0,+0.0168,+0,+0.0396,+0,+0,+0,18:17:01 22.03.2020
3293,+23.2,+20.3,+23.8,+23.6,+23.7,+23.9,+23.7,+24.8,+24.7,+24.4,+26,ESTP,0,0,+0,+0,+0.0168,+0,+0.0396,+0,+0,+0,18:18:01 22.03.2020
3294,+23.2,+20.3,+23.8,+23.6,+23.7,+23.9,+23.7,+24.8,+24.7,+24.4,+26,ESTP,0,0,+0,+0,+0.0168,+0,+0.0396,+0,+0,+0,18:19:01 22.03.2020
3295,+23.2,+20.3,+23.8,+23.6,+23.7,+23.9,+23.7,+24.8,+24.7,+24.4,+26,ESTP,0,0,+0,+0,+0.0168,+0,+0.0396,+0,+0,+0,18:20:01 22.03.2020
3296,+23.2,+20.3,+23.8,+23.6,+23.7,+23.9,+23.7,+24.8,+24.7,+24.4,+26,ESTP,0,0,+0,+0,+0.0168,+0,+0.0396,+0,+0,+0,18:21:01 22.03.2020
3297,+23.2,+20.3,+23.8,+23.6,+23.7,+23.9,+23.7,+24.8,+24.7,+24.4,+26,ESTP,0,0,+0,+0,+0.0168,+0,+0.0396,+0,+0,+0,18:22:01 22.03.2020
3298,+23.2,+20.3,+23.8,+23.6,+23.7,+23.9,+23.7,+24.8,+24.7,+24.4,+26,ESTP,0,0,+0,+0,+0.0168,+0,+0.0396,+0,+0,+0,18:23:01 22.03.2020
3299,+23.2,+20.3,+23.8,+23.6,+23.7,+23.9,+23.7,+24.8,+24.7,+24.4,+26,ESTP,0,0,+0,+0,+0.0168,+0,+0.0396,+0,+0,+0,18:24:01 22.03.2020
3300,+23.2,+20.3,+23.8,+23.6,+23.7,+23.9,+23.7,+24.8,+24.7,+24.4,+26,ESTP,0,0,+0,+0,+0.0168,+0,+0.0396,+0,+0,+0,18:25:01 22.03.2020
3301,+23.2,+20.3,+23.8,+23.6,+23.7,+23.9,+23.7,+24.8,+24.7,+24.4,+26,ESTP,0,0,+0,+0,+0.0168,+0,+0.0396,+0,+0,+0,18:26:01 22.03.2020
3302,+23.2,+20.3,+23.8,+23.6,+23.7,+23.9,+23.7,+24.8,+24.7,+24.4,+26,ESTP,0,0,+0,+0,+0.0168,+0,+0.0396,+0,+0,+0,18:27:01 22.03.2020
3303,+23.2,+20.3,+23.8,+23.6,+23.7,+23.9,+23.7,+24.8,+24.7,+24.4,+26,ESTP,0,0,+0,+0,+0.0168,+0,+0.0396,+0,+0,+0,18:28:01 22.03.2020
3304,+23.3,+20.3,+23.8,+23.6,+23.7,+23.9,+23.7,+24.8,+24.7,+24.4,+26,ESTP,0,0,+0,+0,+0.0168,+0,+0.0396,+0,+0,+0,18:29:01 22.03.2020
3305,+23.3,+20.3,+23.8,+23.6,+23.7,+23.9,+23.7,+24.8,+24.7,+24.4,+26,ESTP,0,0,+0,+0,+0.0168,+0,+0.0396,+0,+0,+0,18:30:01 22.03.2020
3306,+23.3,+20.3,+23.8,+23.6,+23.7,+23.9,+23.7,+24.8,+24.7,+24.4,+26,ESTP,0,0,+0,+0,+0.0168,+0,+0.0396,+0,+0,+0,18:31:01 22.03.2020
3307,+23.3,+20.3,+23.8,+23.6,+23.7,+23.9,+23.7,+24.8,+24.7,+24.4,+26,ESTP,0,0,+0,+0,+0.0168,+0,+0.0396,+0,+0,+0,18:32:01 22.03.2020
3308,+23.3,+20.3,+23.8,+23.6,+23.7,+23.9,+23.7,+24.8,+24.7,+24.4,+26,ESTP,0,0,+0,+0,+0.0168,+0,+0.0396,+0,+0,+0,18:33:01 22.03.2020
3309,+23.3,+20.3,+23.8,+23.6,+23.7,+23.9,+23.7,+24.8,+24.7,+24.4,+26,ESTP,0,0,+0,+0,+0.0168,+0,+0.0396,+0,+0,+0,18:34:01 22.03.2020
3310,+23.3,+20.3,+23.8,+23.6,+23.7,+23.9,+23.7,+24.8,+24.7,+24.4,+26,ESTP,0,0,+0,+0,+0.0168,+0,+0.0396,+0,+0,+0,18:35:01 22.03.2020
3311,+23.3,+20.3,+23.8,+23.6,+23.7,+23.9,+23.7,+24.8,+24.7,+24.4,+26,ESTP,0,0,+0,+0,+0.0168,+0,+0.0396,+0,+0,+0,18:36:01 22.03.2020
3312,+23.3,+20.3,+23.8,+23.6,+23.7,+23.9,+23.7,+24.8,+24.7,+24.4,+26,ESTP,0,0,+0,+0,+0.0168,+0,+0.0396,+0,+0,+0,18:37:01 22.03.2020
3313,+23.3,+20.2,+23.8,+23.6,+23.7,+23.9,+23.7,+24.8,+24.7,+24.4,+26,ESTP,0,0,+0,+0,+0.0168,+0,+0.0396,+0,+0,+0,18:38:01 22.03.2020
3314,+23.3,+20.2,+23.8,+23.6,+23.7,+23.9,+23.7,+24.8,+24.7,+24.4,+26,ESTP,0,0,+0,+0,+0.0168,+0,+0.0396,+0,+0,+0,18:39:01 22.03.2020
3315,+23.3,+20.2,+23.7,+23.6,+23.7,+23.9,+23.7,+24.8,+24.7,+24.4,+26,ESTP,0,0,+0,+0,+0.0168,+0,+0.0396,+0,+0,+0,18:40:01 22.03.2020
3316,+23.3,+20.2,+23.7,+23.6,+23.7,+23.9,+23.7,+24.8,+24.7,+24.4,+26,ESTP,0,0,+0,+0,+0.0168,+0,+0.0396,+0,+0,+0,18:41:01 22.03.2020
3317,+23.3,+20.2,+23.8,+23.6,+23.7,+23.9,+23.7,+24.8,+24.7,+24.4,+26,ESTP,0,0,+0,+0,+0.0168,+0,+0.0396,+0,+0,+0,18:42:01 22.03.2020
3318,+23.3,+20.2,+23.7,+23.6,+23.7,+23.9,+23.7,+24.8,+24.7,+24.4,+26,ESTP,0,0,+0,+0,+0.0168,+0,+0.0396,+0,+0,+0,18:43:01 22.03.2020
3319,+23.3,+20.2,+23.7,+23.6,+23.7,+23.9,+23.7,+24.8,+24.7,+24.4,+26,ESTP,0,0,+0,+0,+0.0168,+0,+0.0396,+0,+0,+0,18:44:01 22.03.2020
3320,+23.3,+20.2,+23.7,+23.6,+23.7,+23.9,+23.7,+24.8,+24.7,+24.5,+26,ESTP,0,0,+0,+0,+0.0168,+0,+0.0396,+0,+0,+0,18:45:01 22.03.2020
3321,+23.3,+20.2,+23.7,+23.6,+23.7,+23.9,+23.7,+24.8,+24.7,+24.5,+26,ESTP,0,0,+0,+0,+0.0168,+0,+0.0396,+0,+0,+0,18:46:01 22.03.2020
3322,+23.3,+20.2,+23.7,+23.6,+23.7,+23.9,+23.7,+24.8,+24.7,+24.5,+26,ESTP,0,0,+0,+0,+0.0168,+0,+0.0396,+0,+0,+0,18:47:01 22.03.2020
3323,+23.3,+20.2,+23.7,+23.6,+23.7,+23.9,+23.7,+24.8,+24.7,+24.5,+26,ESTP,0,0,+0,+0,+0.0168,+0,+0.0396,+0,+0,+0,18:48:01 22.03.2020
3324,+23.3,+20.2,+23.7,+23.6,+23.7,+23.9,+23.7,+24.8,+24.7,+24.5,+26,ESTP,0,0,+0,+0,+0.0168,+0,+0.0396,+0,+0,+0,18:49:01 22.03.2020
3325,+23.3,+20.2,+23.7,+23.6,+23.7,+23.9,+23.7,+24.8,+24.7,+24.5,+26,ESTP,0,0,+0,+0,+0.0168,+0,+0.0396,+0,+0,+0,18:50:01 22.03.2020
3326,+23.3,+20.2,+23.7,+23.6,+23.7,+23.9,+23.7,+24.8,+24.7,+24.5,+26,ESTP,0,0,+0,+0,+0.0168,+0,+0.0396,+0,+0,+0,18:51:01 22.03.2020
3327,+23.3,+20.2,+23.7,+23.6,+23.7,+23.9,+23.7,+24.8,+24.7,+24.5,+26,ESTP,0,0,+0,+0,+0.0168,+0,+0.0396,+0,+0,+0,18:52:01 22.03.2020
3328,+23.3,+20.2,+23.7,+23.6,+23.7,+23.9,+23.7,+24.8,+24.7,+24.4,+26,ESTP,0,0,+0,+0,+0.0168,+0,+0.0396,+0,+0,+0,18:53:01 22.03.2020
3329,+23.3,+20.2,+23.7,+23.6,+23.7,+23.9,+23.7,+24.8,+24.7,+24.5,+26,ESTP,0,0,+0,+0,+0.0168,+0,+0.0396,+0,+0,+0,18:54:01 22.03.2020
3330,+23.3,+20.2,+23.7,+23.6,+23.7,+23.9,+23.7,+24.8,+24.7,+24.5,+26,ESTP,0,0,+0,+0,+0.0168,+0,+0.0396,+0,+0,+0,18:55:01 22.03.2020
3331,+23.3,+20.2,+23.7,+23.6,+23.7,+23.9,+23.7,+24.8,+24.7,+24.5,+26,ESTP,0,0,+0,+0,+0.0168,+0,+0.0396,+0,+0,+0,18:56:01 22.03.2020
3332,+23.3,+20.2,+23.7,+23.6,+23.7,+23.9,+23.7,+24.8,+24.7,+24.5,+26,ESTP,0,0,+0,+0,+0.0168,+0,+0.0396,+0,+0,+0,18:57:01 22.03.2020
3333,+23.3,+20.2,+23.7,+23.6,+23.7,+23.9,+23.7,+24.8,+24.7,+24.5,+26,ESTP,0,0,+0,+0,+0.0168,+0,+0.0396,+0,+0,+0,18:58:01 22.03.2020
3334,+23.3,+20.2,+23.7,+23.6,+23.7,+23.9,+23.7,+24.8,+24.7,+24.5,+26,ESTP,0,0,+0,+0,+0.0168,+0,+0.0396,+0,+0,+0,18:59:01 22.03.2020
3335,+23.3,+20.2,+23.7,+23.6,+23.7,+23.9,+23.7,+24.8,+24.7,+24.5,+26,ESTP,0,0,+0,+0,+0.0168,+0,+0.0396,+0,+0,+0,19:00:01 22.03.2020
3336,+23.3,+20.2,+23.7,+23.6,+23.7,+23.9,+23.8,+24.8,+24.7,+24.5,+26,ESTP,0,0,+0,+0,+0.0168,+0,+0.0396,+0,+0,+0,19:01:01 22.03.2020
3337,+23.3,+20.2,+23.7,+23.6,+23.7,+23.9,+23.7,+24.8,+24.7,+24.5,+26,ESTP,0,0,+0,+0,+0.0168,+0,+0.0396,+0,+0,+0,19:02:01 22.03.2020
3338,+23.3,+20.2,+23.7,+23.6,+23.7,+23.9,+23.7,+24.8,+24.7,+24.5,+26,ESTP,0,0,+0,+0,+0.0168,+0,+0.0396,+0,+0,+0,19:03:01 22.03.2020
3339,+23.3,+20.1,+23.7,+23.6,+23.7,+23.9,+23.7,+24.8,+24.7,+24.5,+26,ESTP,0,0,+0,+0,+0.0168,+0,+0.0396,+0,+0,+0,19:04:01 22.03.2020
3340,+23.4,+20.2,+23.7,+23.6,+23.7,+23.9,+23.7,+24.8,+24.7,+24.5,+26,ESTP,0,0,+0,+0,+0.0168,+0,+0.0396,+0,+0,+0,19:05:01 22.03.2020
3341,+23.4,+20.1,+23.7,+23.6,+23.7,+23.9,+23.7,+24.8,+24.7,+24.5,+26,ESTP,0,0,+0,+0,+0.0168,+0,+0.0396,+0,+0,+0,19:06:01 22.03.2020
3342,+23.4,+20.1,+23.7,+23.6,+23.7,+23.9,+23.7,+24.8,+24.7,+24.5,+26,ESTP,0,0,+0,+0,+0.0168,+0,+0.0396,+0,+0,+0,19:07:01 22.03.2020
3343,+23.4,+20.1,+23.7,+23.6,+23.7,+23.9,+23.7,+24.8,+24.7,+24.5,+26,ESTP,0,0,+0,+0,+0.0168,+0,+0.0396,+0,+0,+0,19:08:01 22.03.2020
3344,+23.4,+20.1,+23.7,+23.6,+23.7,+23.9,+23.7,+24.8,+24.7,+24.5,+26,ESTP,0,0,+0,+0,+0.0168,+0,+0.0396,+0,+0,+0,19:09:01 22.03.2020
3345,+23.4,+20.1,+23.7,+23.6,+23.7,+23.9,+23.7,+24.8,+24.7,+24.5,+26,ESTP,0,0,+0,+0,+0.0168,+0,+0.0396,+0,+0,+0,19:10:01 22.03.2020
3346,+23.4,+20.1,+23.7,+23.6,+23.7,+23.9,+23.7,+24.8,+24.7,+24.5,+26,ESTP,0,0,+0,+0,+0.0168,+0,+0.0396,+0,+0,+0,19:11:01 22.03.2020
3347,+23.4,+20.1,+23.7,+23.6,+23.7,+23.9,+23.7,+24.8,+24.7,+24.5,+26,ESTP,0,0,+0,+0,+0.0168,+0,+0.0396,+0,+0,+0,19:12:01 22.03.2020
3348,+23.4,+20.1,+23.7,+23.6,+23.7,+23.9,+23.7,+24.8,+24.7,+24.5,+26,ESTP,0,0,+0,+0,+0.0168,+0,+0.0396,+0,+0,+0,19:13:01 22.03.2020
3349,+23.4,+20.1,+23.7,+23.6,+23.7,+23.9,+23.7,+24.8,+24.7,+24.5,+26,ESTP,0,0,+0,+0,+0.0168,+0,+0.0396,+0,+0,+0,19:14:01 22.03.2020
3350,+23.4,+20.1,+23.7,+23.6,+23.7,+23.9,+23.7,+24.8,+24.7,+24.5,+26,ESTP,0,0,+0,+0,+0.0168,+0,+0.0396,+0,+0,+0,19:15:01 22.03.2020
3351,+23.4,+20.1,+23.7,+23.6,+23.7,+23.9,+23.7,+24.8,+24.7,+24.5,+26,ESTP,0,0,+0,+0,+0.0168,+0,+0.0396,+0,+0,+0,19:16:01 22.03.2020
3352,+23.4,+20.1,+23.7,+23.6,+23.7,+23.9,+23.7,+24.8,+24.7,+24.5,+26,ESTP,0,0,+0,+0,+0.0168,+0,+0.0396,+0,+0,+0,19:17:01 22.03.2020
3353,+23.4,+20.1,+23.7,+23.6,+23.7,+23.9,+23.7,+24.8,+24.7,+24.5,+26,ESTP,0,0,+0,+0,+0.0168,+0,+0.0396,+0,+0,+0,19:18:01 22.03.2020
3354,+23.4,+20.1,+23.7,+23.6,+23.7,+23.9,+23.7,+24.8,+24.7,+24.5,+26,ESTP,0,0,+0,+0,+0.0168,+0,+0.0396,+0,+0,+0,19:19:01 22.03.2020
3355,+23.4,+20.1,+23.7,+23.6,+23.7,+23.9,+23.7,+24.8,+24.7,+24.5,+26,ESTP,0,0,+0,+0,+0.0168,+0,+0.0396,+0,+0,+0,19:20:01 22.03.2020
3356,+23.4,+20.1,+23.7,+23.6,+23.7,+23.9,+23.7,+24.8,+24.7,+24.5,+26,ESTP,0,0,+0,+0,+0.0168,+0,+0.0396,+0,+0,+0,19:21:01 22.03.2020
3357,+23.4,+20.1,+23.7,+23.6,+23.7,+23.9,+23.7,+24.8,+24.7,+24.5,+26,ESTP,0,0,+0,+0,+0.0168,+0,+0.0396,+0,+0,+0,19:22:01 22.03.2020
3358,+23.4,+20.1,+23.7,+23.6,+23.7,+23.9,+23.7,+24.8,+24.7,+24.5,+26,ESTP,0,0,+0,+0,+0.0168,+0,+0.0396,+0,+0,+0,19:23:01 22.03.2020
3359,+23.4,+20.1,+23.7,+23.6,+23.7,+23.9,+23.7,+24.8,+24.7,+24.5,+26,ESTP,0,0,+0,+0,+0.0168,+0,+0.0396,+0,+0,+0,19:24:01 22.03.2020
3360,+23.4,+20.1,+23.7,+23.6,+23.7,+23.9,+23.7,+24.8,+24.7,+24.5,+26,ESTP,0,0,+0,+0,+0.0168,+0,+0.0396,+0,+0,+0,19:25:01 22.03.2020
3361,+23.4,+20.1,+23.7,+23.6,+23.7,+23.9,+23.7,+24.8,+24.7,+24.5,+26,ESTP,0,0,+0,+0,+0.0168,+0,+0.0396,+0,+0,+0,19:26:01 22.03.2020
3362,+23.4,+20,+23.7,+23.6,+23.7,+23.9,+23.7,+24.8,+24.7,+24.5,+26,ESTP,0,0,+0,+0,+0.0168,+0,+0.0396,+0,+0,+0,19:27:01 22.03.2020
3363,+23.4,+20,+23.7,+23.6,+23.7,+23.9,+23.7,+24.8,+24.7,+24.5,+26,ESTP,0,0,+0,+0,+0.0168,+0,+0.0396,+0,+0,+0,19:28:01 22.03.2020
3364,+23.4,+20,+23.7,+23.6,+23.7,+23.9,+23.7,+24.8,+24.7,+24.5,+26,ESTP,0,0,+0,+0,+0.0168,+0,+0.0396,+0,+0,+0,19:29:01 22.03.2020
3365,+23.4,+20,+23.7,+23.6,+23.7,+23.9,+23.7,+24.8,+24.7,+24.5,+26,ESTP,0,0,+0,+0,+0.0168,+0,+0.0396,+0,+0,+0,19:30:01 22.03.2020
3366,+23.4,+20.1,+23.7,+23.6,+23.7,+23.9,+23.7,+24.8,+24.7,+24.5,+26,ESTP,0,0,+0,+0,+0.0168,+0,+0.0396,+0,+0,+0,19:31:01 22.03.2020
3367,+23.4,+20,+23.7,+23.6,+23.7,+23.9,+23.7,+24.8,+24.7,+24.5,+26,ESTP,0,0,+0,+0,+0.0168,+0,+0.0396,+0,+0,+0,19:32:01 22.03.2020
3368,+23.4,+20,+23.7,+23.6,+23.7,+23.9,+23.7,+24.8,+24.7,+24.5,+26,ESTP,0,0,+0,+0,+0.0168,+0,+0.0396,+0,+0,+0,19:33:01 22.03.2020
3369,+23.4,+20,+23.7,+23.6,+23.7,+23.9,+23.7,+24.8,+24.7,+24.5,+26,ESTP,0,0,+0,+0,+0.0168,+0,+0.0396,+0,+0,+0,19:34:01 22.03.2020
3370,+23.4,+20,+23.7,+23.6,+23.7,+23.9,+23.7,+24.8,+24.7,+24.5,+26,ESTP,0,0,+0,+0,+0.0168,+0,+0.0396,+0,+0,+0,19:35:01 22.03.2020
3371,+23.4,+20,+23.7,+23.6,+23.7,+23.9,+23.7,+24.8,+24.7,+24.5,+26,ESTP,0,0,+0,+0,+0.0168,+0,+0.0396,+0,+0,+0,19:36:01 22.03.2020
3372,+23.4,+20,+23.7,+23.6,+23.7,+23.9,+23.7,+24.8,+24.7,+24.5,+26,ESTP,0,0,+0,+0,+0.0168,+0,+0.0396,+0,+0,+0,19:37:01 22.03.2020
3373,+23.4,+20,+23.7,+23.6,+23.7,+23.9,+23.7,+24.8,+24.7,+24.5,+26,ESTP,0,0,+0,+0,+0.0168,+0,+0.0396,+0,+0,+0,19:38:01 22.03.2020
3374,+23.5,+20,+23.7,+23.6,+23.7,+23.9,+23.7,+24.8,+24.7,+24.5,+26,ESTP,0,0,+0,+0,+0.0168,+0,+0.0396,+0,+0,+0,19:39:01 22.03.2020
3375,+23.4,+20,+23.7,+23.6,+23.7,+23.9,+23.7,+24.8,+24.7,+24.5,+26,ESTP,0,0,+0,+0,+0.0168,+0,+0.0396,+0,+0,+0,19:40:01 22.03.2020
3376,+23.4,+20,+23.7,+23.6,+23.7,+23.9,+23.7,+24.8,+24.7,+24.5,+26,ESTP,0,0,+0,+0,+0.0168,+0,+0.0396,+0,+0,+0,19:41:01 22.03.2020
3377,+23.5,+20,+23.7,+23.6,+23.7,+23.9,+23.7,+24.8,+24.7,+24.5,+26,ESTP,0,0,+0,+0,+0.0168,+0,+0.0396,+0,+0,+0,19:42:01 22.03.2020
3378,+23.5,+20,+23.7,+23.6,+23.7,+23.9,+23.7,+24.8,+24.7,+24.5,+26,ESTP,0,0,+0,+0,+0.0168,+0,+0.0396,+0,+0,+0,19:43:01 22.03.2020
3379,+23.5,+20,+23.7,+23.6,+23.7,+23.9,+23.7,+24.8,+24.7,+24.5,+26,ESTP,0,0,+0,+0,+0.0168,+0,+0.0396,+0,+0,+0,19:44:01 22.03.2020
3380,+23.5,+20,+23.7,+23.6,+23.7,+23.9,+23.7,+24.8,+24.7,+24.5,+26,ESTP,0,0,+0,+0,+0.0168,+0,+0.0396,+0,+0,+0,19:45:01 22.03.2020
3381,+23.5,+19.9,+23.7,+23.6,+23.7,+23.9,+23.7,+24.8,+24.7,+24.5,+26,ESTP,0,0,+0,+0,+0.0168,+0,+0.0396,+0,+0,+0,19:46:01 22.03.2020
3382,+23.5,+19.9,+23.7,+23.6,+23.7,+23.9,+23.7,+24.8,+24.7,+24.5,+26,ESTP,0,0,+0,+0,+0.0168,+0,+0.0396,+0,+0,+0,19:47:01 22.03.2020
3383,+23.5,+19.9,+23.7,+23.6,+23.7,+23.9,+23.7,+24.8,+24.7,+24.5,+26,ESTP,0,0,+0,+0,+0.0168,+0,+0.0396,+0,+0,+0,19:48:01 22.03.2020
3384,+23.5,+19.9,+23.7,+23.6,+23.7,+23.9,+23.7,+24.8,+24.7,+24.5,+26,ESTP,0,0,+0,+0,+0.0168,+0,+0.0396,+0,+0,+0,19:49:01 22.03.2020
3385,+23.5,+19.9,+23.7,+23.6,+23.7,+23.9,+23.7,+24.8,+24.7,+24.5,+26,ESTP,0,0,+0,+0,+0.0168,+0,+0.0396,+0,+0,+0,19:50:01 22.03.2020
3386,+23.5,+19.9,+23.7,+23.6,+23.7,+23.9,+23.7,+24.8,+24.7,+24.5,+26,ESTP,0,0,+0,+0,+0.0168,+0,+0.0396,+0,+0,+0,19:51:01 22.03.2020
3387,+23.5,+19.9,+23.7,+23.6,+23.7,+23.9,+23.7,+24.8,+24.7,+24.5,+26,ESTP,0,0,+0,+0,+0.0168,+0,+0.0396,+0,+0,+0,19:52:01 22.03.2020
3388,+23.5,+19.9,+23.7,+23.6,+23.7,+23.9,+23.7,+24.8,+24.7,+24.5,+26,ESTP,0,0,+0,+0,+0.0168,+0,+0.0396,+0,+0,+0,19:53:01 22.03.2020
3389,+23.5,+19.9,+23.7,+23.6,+23.7,+23.9,+23.7,+24.8,+24.7,+24.5,+26,ESTP,0,0,+0,+0,+0.0168,+0,+0.0396,+0,+0,+0,19:54:01 22.03.2020
3390,+23.5,+19.9,+23.7,+23.6,+23.7,+23.9,+23.7,+24.8,+24.7,+24.5,+26,ESTP,0,0,+0,+0,+0.0168,+0,+0.0396,+0,+0,+0,19:55:01 22.03.2020
3391,+23.5,+19.9,+23.7,+23.6,+23.7,+23.9,+23.7,+24.8,+24.7,+24.5,+26,ESTP,0,0,+0,+0,+0.0168,+0,+0.0396,+0,+0,+0,19:56:01 22.03.2020
3392,+23.5,+19.9,+23.7,+23.6,+23.7,+23.9,+23.7,+24.8,+24.7,+24.5,+26,ESTP,0,0,+0,+0,+0.0168,+0,+0.0396,+0,+0,+0,19:57:01 22.03.2020
3393,+23.5,+19.9,+23.7,+23.6,+23.7,+23.9,+23.7,+24.8,+24.7,+24.5,+26,ESTP,0,0,+0,+0,+0.0168,+0,+0.0396,+0,+0,+0,19:58:01 22.03.2020
3394,+23.5,+19.9,+23.7,+23.6,+23.7,+23.8,+23.7,+24.8,+24.7,+24.5,+26,ESTP,0,0,+0,+0,+0.0168,+0,+0.0396,+0,+0,+0,19:59:01 22.03.2020
3395,+23.5,+19.9,+23.7,+23.6,+23.7,+23.9,+23.7,+24.8,+24.7,+24.5,+26,ESTP,0,0,+0,+0,+0.0168,+0,+0.0396,+0,+0,+0,20:00:01 22.03.2020
3396,+23.5,+19.9,+23.7,+23.6,+23.7,+23.9,+23.7,+24.8,+24.7,+24.5,+26,ESTP,0,0,+0,+0,+0.0168,+0,+0.0396,+0,+0,+0,20:01:01 22.03.2020
3397,+23.5,+19.9,+23.7,+23.6,+23.7,+23.8,+23.7,+24.8,+24.7,+24.5,+26,ESTP,0,0,+0,+0,+0.0168,+0,+0.0396,+0,+0,+0,20:02:01 22.03.2020
3398,+23.5,+19.9,+23.7,+23.6,+23.7,+23.9,+23.7,+24.8,+24.7,+24.5,+26,ESTP,0,0,+0,+0,+0.0168,+0,+0.0396,+0,+0,+0,20:03:01 22.03.2020
3399,+23.5,+19.9,+23.7,+23.6,+23.7,+23.9,+23.7,+24.8,+24.7,+24.5,+26,ESTP,0,0,+0,+0,+0.0168,+0,+0.0396,+0,+0,+0,20:04:01 22.03.2020
3400,+23.5,+19.9,+23.7,+23.6,+23.7,+23.9,+23.7,+24.8,+24.7,+24.5,+26,ESTP,0,0,+0,+0,+0.0168,+0,+0.0396,+0,+0,+0,20:05:01 22.03.2020
3401,+23.5,+19.9,+23.7,+23.6,+23.7,+23.8,+23.7,+24.8,+24.7,+24.5,+26,ESTP,0,0,+0,+0,+0.0168,+0,+0.0396,+0,+0,+0,20:06:01 22.03.2020
3402,+23.5,+19.9,+23.7,+23.6,+23.7,+23.9,+23.7,+24.8,+24.7,+24.5,+26,ESTP,0,0,+0,+0,+0.0168,+0,+0.0396,+0,+0,+0,20:07:01 22.03.2020
3403,+23.5,+19.9,+23.7,+23.6,+23.7,+23.8,+23.7,+24.8,+24.7,+24.5,+26,ESTP,0,0,+0,+0,+0.0168,+0,+0.0397,+0,+0,+0,20:08:01 22.03.2020
3404,+23.5,+19.9,+23.7,+23.6,+23.7,+23.8,+23.7,+24.8,+24.7,+24.5,+26,ESTP,0,0,+0,+0,+0.0168,+0,+0.0396,+0,+0,+0,20:09:01 22.03.2020
3405,+23.5,+19.9,+23.7,+23.6,+23.7,+23.9,+23.7,+24.8,+24.7,+24.5,+26,ESTP,0,0,+0,+0,+0.0168,+0,+0.0397,+0,+0,+0,20:10:01 22.03.2020
3406,+23.5,+19.9,+23.7,+23.6,+23.7,+23.8,+23.7,+24.8,+24.7,+24.5,+26,ESTP,0,0,+0,+0,+0.0168,+0,+0.0396,+0,+0,+0,20:11:01 22.03.2020
3407,+23.5,+19.9,+23.7,+23.6,+23.7,+23.8,+23.7,+24.8,+24.7,+24.5,+26,ESTP,0,0,+0,+0,+0.0168,+0,+0.0396,+0,+0,+0,20:12:01 22.03.2020
3408,+23.5,+19.8,+23.7,+23.6,+23.7,+23.8,+23.7,+24.8,+24.7,+24.5,+26,ESTP,0,0,+0,+0,+0.0168,+0,+0.0396,+0,+0,+0,20:13:01 22.03.2020
3409,+23.5,+19.8,+23.7,+23.6,+23.7,+23.8,+23.7,+24.8,+24.7,+24.5,+26,ESTP,0,0,+0,+0,+0.0168,+0,+0.0396,+0,+0,+0,20:14:01 22.03.2020
3410,+23.5,+19.8,+23.7,+23.6,+23.7,+23.8,+23.7,+24.8,+24.7,+24.5,+26,ESTP,0,0,+0,+0,+0.0168,+0,+0.0396,+0,+0,+0,20:15:01 22.03.2020
3411,+23.5,+19.8,+23.7,+23.6,+23.7,+23.8,+23.7,+24.8,+24.7,+24.5,+26,ESTP,0,0,+0,+0,+0.0168,+0,+0.0396,+0,+0,+0,20:16:01 22.03.2020
3412,+23.5,+19.8,+23.7,+23.6,+23.7,+23.8,+23.7,+24.8,+24.7,+24.5,+26,ESTP,0,0,+0,+0,+0.0168,+0,+0.0396,+0,+0,+0,20:17:01 22.03.2020
3413,+23.5,+19.8,+23.7,+23.6,+23.7,+23.8,+23.7,+24.8,+24.7,+24.5,+26,ESTP,0,0,+0,+0,+0.0168,+0,+0.0396,+0,+0,+0,20:18:01 22.03.2020
3414,+23.5,+19.8,+23.7,+23.6,+23.7,+23.8,+23.7,+24.8,+24.7,+24.5,+26,ESTP,0,0,+0,+0,+0.0168,+0,+0.0396,+0,+0,+0,20:19:01 22.03.2020
3415,+23.5,+19.8,+23.7,+23.6,+23.7,+23.8,+23.7,+24.8,+24.7,+24.5,+26,ESTP,0,0,+0,+0,+0.0168,+0,+0.0396,+0,+0,+0,20:20:01 22.03.2020
3416,+23.5,+19.8,+23.7,+23.6,+23.7,+23.8,+23.7,+24.8,+24.7,+24.5,+26,ESTP,0,0,+0,+0,+0.0168,+0,+0.0396,+0,+0,+0,20:21:01 22.03.2020
3417,+23.5,+19.8,+23.7,+23.6,+23.7,+23.8,+23.7,+24.8,+24.7,+24.5,+26,ESTP,0,0,+0,+0,+0.0168,+0,+0.0396,+0,+0,+0,20:22:01 22.03.2020
3418,+23.5,+19.8,+23.7,+23.6,+23.7,+23.8,+23.7,+24.8,+24.7,+24.5,+26,ESTP,0,0,+0,+0,+0.0168,+0,+0.0396,+0,+0,+0,20:23:01 22.03.2020
3419,+23.5,+19.8,+23.7,+23.6,+23.7,+23.8,+23.7,+24.8,+24.7,+24.5,+26,ESTP,0,0,+0,+0,+0.0168,+0,+0.0397,+0,+0,+0,20:24:01 22.03.2020
3420,+23.5,+19.8,+23.7,+23.6,+23.7,+23.8,+23.7,+24.8,+24.7,+24.5,+26,ESTP,0,0,+0,+0,+0.0168,+0,+0.0396,+0,+0,+0,20:25:01 22.03.2020
3421,+23.5,+19.8,+23.7,+23.6,+23.7,+23.8,+23.7,+24.8,+24.7,+24.5,+26,ESTP,0,0,+0,+0,+0.0168,+0,+0.0396,+0,+0,+0,20:26:01 22.03.2020
3422,+23.5,+19.8,+23.7,+23.6,+23.7,+23.8,+23.7,+24.8,+24.7,+24.5,+26,ESTP,0,0,+0,+0,+0.0168,+0,+0.0396,+0,+0,+0,20:27:01 22.03.2020
3423,+23.5,+19.8,+23.7,+23.6,+23.7,+23.8,+23.7,+24.8,+24.7,+24.5,+26,ESTP,0,0,+0,+0,+0.0168,+0,+0.0396,+0,+0,+0,20:28:01 22.03.2020
3424,+23.5,+19.8,+23.7,+23.6,+23.7,+23.8,+23.7,+24.8,+24.7,+24.5,+26,ESTP,0,0,+0,+0,+0.0168,+0,+0.0397,+0,+0,+0,20:29:01 22.03.2020
3425,+23.5,+19.8,+23.7,+23.6,+23.7,+23.8,+23.7,+24.8,+24.7,+24.5,+26,ESTP,0,0,+0,+0,+0.0168,+0,+0.0397,+0,+0,+0,20:30:01 22.03.2020
3426,+23.5,+19.8,+23.7,+23.6,+23.7,+23.8,+23.7,+24.8,+24.7,+24.5,+26,ESTP,0,0,+0,+0,+0.0168,+0,+0.0396,+0,+0,+0,20:31:01 22.03.2020
3427,+23.5,+19.8,+23.7,+23.6,+23.7,+23.8,+23.7,+24.8,+24.7,+24.5,+26,ESTP,0,0,+0,+0,+0.0168,+0,+0.0396,+0,+0,+0,20:32:01 22.03.2020
3428,+23.5,+19.8,+23.7,+23.6,+23.7,+23.8,+23.7,+24.8,+24.7,+24.5,+26,ESTP,0,0,+0,+0,+0.0168,+0,+0.0397,+0,+0,+0,20:33:01 22.03.2020
3429,+23.5,+19.7,+23.7,+23.6,+23.7,+23.8,+23.7,+24.8,+24.7,+24.5,+26,ESTP,0,0,+0,+0,+0.0168,+0,+0.0396,+0,+0,+0,20:34:01 22.03.2020
3430,+23.5,+19.7,+23.7,+23.6,+23.7,+23.8,+23.7,+24.8,+24.7,+24.5,+26,ESTP,0,0,+0,+0,+0.0168,+0,+0.0396,+0,+0,+0,20:35:01 22.03.2020
3431,+23.5,+19.7,+23.7,+23.6,+23.7,+23.8,+23.7,+24.8,+24.7,+24.5,+26,ESTP,0,0,+0,+0,+0.0168,+0,+0.0396,+0,+0,+0,20:36:01 22.03.2020
3432,+23.5,+19.7,+23.7,+23.6,+23.7,+23.8,+23.7,+24.8,+24.7,+24.5,+26,ESTP,0,0,+0,+0,+0.0168,+0,+0.0396,+0,+0,+0,20:37:01 22.03.2020
3433,+23.5,+19.7,+23.7,+23.6,+23.6,+23.8,+23.7,+24.8,+24.7,+24.5,+26,ESTP,0,0,+0,+0,+0.0168,+0,+0.0396,+0,+0,+0,20:38:01 22.03.2020
3434,+23.5,+19.7,+23.7,+23.6,+23.6,+23.8,+23.7,+24.8,+24.7,+24.5,+26,ESTP,0,0,+0,+0,+0.0168,+0,+0.0396,+0,+0,+0,20:39:01 22.03.2020
3435,+23.5,+19.7,+23.7,+23.6,+23.6,+23.8,+23.7,+24.8,+24.7,+24.5,+26,ESTP,0,0,+0,+0,+0.0168,+0,+0.0396,+0,+0,+0,20:40:01 22.03.2020
3436,+23.6,+19.7,+23.7,+23.6,+23.6,+23.8,+23.7,+24.8,+24.7,+24.5,+26,ESTP,0,0,+0,+0,+0.0168,+0,+0.0396,+0,+0,+0,20:41:01 22.03.2020
3437,+23.6,+19.7,+23.7,+23.6,+23.6,+23.8,+23.7,+24.8,+24.7,+24.5,+26,ESTP,0,0,+0,+0,+0.0168,+0,+0.0396,+0,+0,+0,20:42:01 22.03.2020
3438,+23.5,+19.7,+23.7,+23.6,+23.7,+23.8,+23.7,+24.8,+24.7,+24.5,+26,ESTP,0,0,+0,+0,+0.0168,+0,+0.0396,+0,+0,+0,20:43:01 22.03.2020
3439,+23.6,+19.7,+23.7,+23.6,+23.6,+23.8,+23.7,+24.8,+24.7,+24.5,+26,ESTP,0,0,+0,+0,+0.0168,+0,+0.0396,+0,+0,+0,20:44:01 22.03.2020
3440,+23.5,+19.7,+23.7,+23.6,+23.6,+23.8,+23.7,+24.8,+24.7,+24.5,+26,ESTP,0,0,+0,+0,+0.0168,+0,+0.0396,+0,+0,+0,20:45:01 22.03.2020
3441,+23.6,+19.7,+23.7,+23.6,+23.6,+23.8,+23.7,+24.8,+24.7,+24.5,+26,ESTP,0,0,+0,+0,+0.0168,+0,+0.0396,+0,+0,+0,20:46:01 22.03.2020
3442,+23.6,+19.7,+23.7,+23.6,+23.6,+23.8,+23.7,+24.8,+24.7,+24.5,+26,ESTP,0,0,+0,+0,+0.0168,+0,+0.0396,+0,+0,+0,20:47:01 22.03.2020
3443,+23.6,+19.7,+23.7,+23.6,+23.6,+23.8,+23.7,+24.8,+24.7,+24.5,+26,ESTP,0,0,+0,+0,+0.0168,+0,+0.0396,+0,+0,+0,20:48:01 22.03.2020
3444,+23.6,+19.7,+23.7,+23.6,+23.6,+23.8,+23.7,+24.8,+24.7,+24.5,+26,ESTP,0,0,+0,+0,+0.0168,+0,+0.0396,+0,+0,+0,20:49:01 22.03.2020
3445,+23.6,+19.7,+23.7,+23.6,+23.6,+23.8,+23.7,+24.8,+24.7,+24.5,+26,ESTP,0,0,+0,+0,+0.0168,+0,+0.0396,+0,+0,+0,20:50:01 22.03.2020
3446,+23.6,+19.7,+23.7,+23.6,+23.6,+23.8,+23.7,+24.8,+24.7,+24.5,+26,ESTP,0,0,+0,+0,+0.0168,+0,+0.0396,+0,+0,+0,20:51:01 22.03.2020
3447,+23.6,+19.7,+23.7,+23.6,+23.6,+23.8,+23.7,+24.8,+24.7,+24.5,+26,ESTP,0,0,+0,+0,+0.0168,+0,+0.0396,+0,+0,+0,20:52:01 22.03.2020
3448,+23.6,+19.7,+23.7,+23.6,+23.6,+23.8,+23.7,+24.8,+24.7,+24.5,+26,ESTP,0,0,+0,+0,+0.0168,+0,+0.0396,+0,+0,+0,20:53:01 22.03.2020
3449,+23.6,+19.6,+23.7,+23.6,+23.6,+23.8,+23.7,+24.8,+24.7,+24.5,+26,ESTP,0,0,+0,+0,+0.0168,+0,+0.0396,+0,+0,+0,20:54:01 22.03.2020
3450,+23.6,+19.6,+23.7,+23.6,+23.6,+23.8,+23.7,+24.8,+24.7,+24.5,+26,ESTP,0,0,+0,+0,+0.0168,+0,+0.0396,+0,+0,+0,20:55:01 22.03.2020
3451,+23.6,+19.6,+23.7,+23.6,+23.6,+23.8,+23.7,+24.8,+24.7,+24.5,+26,ESTP,0,0,+0,+0,+0.0168,+0,+0.0396,+0,+0,+0,20:56:01 22.03.2020
3452,+23.6,+19.6,+23.7,+23.6,+23.6,+23.8,+23.7,+24.8,+24.7,+24.5,+26,ESTP,0,0,+0,+0,+0.0168,+0,+0.0396,+0,+0,+0,20:57:01 22.03.2020
3453,+23.6,+19.6,+23.7,+23.6,+23.6,+23.8,+23.7,+24.8,+24.7,+24.5,+26,ESTP,0,0,+0,+0,+0.0168,+0,+0.0396,+0,+0,+0,20:58:01 22.03.2020
3454,+23.6,+19.6,+23.7,+23.6,+23.6,+23.8,+23.7,+24.8,+24.7,+24.5,+26,ESTP,0,0,+0,+0,+0.0168,+0,+0.0396,+0,+0,+0,20:59:01 22.03.2020
3455,+23.6,+19.6,+23.7,+23.6,+23.6,+23.8,+23.7,+24.8,+24.7,+24.5,+26,ESTP,0,0,+0,+0,+0.0168,+0,+0.0396,+0,+0,+0,21:00:01 22.03.2020
3456,+23.6,+19.6,+23.7,+23.5,+23.6,+23.8,+23.7,+24.8,+24.7,+24.5,+26,ESTP,0,0,+0,+0,+0.0168,+0,+0.0396,+0,+0,+0,21:01:01 22.03.2020
3457,+23.6,+19.6,+23.7,+23.6,+23.6,+23.8,+23.7,+24.8,+24.7,+24.5,+26,ESTP,0,0,+0,+0,+0.0168,+0,+0.0396,+0,+0,+0,21:02:01 22.03.2020
3458,+23.6,+19.6,+23.7,+23.5,+23.6,+23.8,+23.7,+24.8,+24.7,+24.5,+26,ESTP,0,0,+0,+0,+0.0168,+0,+0.0396,+0,+0,+0,21:03:01 22.03.2020
3459,+23.6,+19.6,+23.7,+23.6,+23.6,+23.8,+23.7,+24.8,+24.7,+24.5,+26,ESTP,0,0,+0,+0,+0.0168,+0,+0.0396,+0,+0,+0,21:04:01 22.03.2020
3460,+23.6,+19.6,+23.7,+23.6,+23.6,+23.8,+23.7,+24.8,+24.7,+24.5,+26,ESTP,0,0,+0,+0,+0.0168,+0,+0.0396,+0,+0,+0,21:05:01 22.03.2020
3461,+23.6,+19.6,+23.7,+23.6,+23.6,+23.8,+23.7,+24.8,+24.7,+24.5,+26,ESTP,0,0,+0,+0,+0.0168,+0,+0.0396,+0,+0,+0,21:06:01 22.03.2020
3462,+23.6,+19.6,+23.7,+23.6,+23.6,+23.8,+23.7,+24.8,+24.7,+24.5,+26,ESTP,0,0,+0,+0,+0.0168,+0,+0.0396,+0,+0,+0,21:07:01 22.03.2020
3463,+23.6,+19.6,+23.7,+23.5,+23.6,+23.8,+23.7,+24.8,+24.7,+24.5,+26,ESTP,0,0,+0,+0,+0.0168,+0,+0.0396,+0,+0,+0,21:08:01 22.03.2020
3464,+23.6,+19.6,+23.7,+23.5,+23.6,+23.8,+23.7,+24.8,+24.7,+24.5,+26,ESTP,0,0,+0,+0,+0.0168,+0,+0.0396,+0,+0,+0,21:09:01 22.03.2020
3465,+23.6,+19.6,+23.7,+23.6,+23.6,+23.8,+23.7,+24.8,+24.7,+24.5,+26,ESTP,0,0,+0,+0,+0.0168,+0,+0.0396,+0,+0,+0,21:10:01 22.03.2020
3466,+23.6,+19.6,+23.7,+23.5,+23.6,+23.8,+23.7,+24.8,+24.7,+24.5,+26,ESTP,0,0,+0,+0,+0.0168,+0,+0.0396,+0,+0,+0,21:11:01 22.03.2020
3467,+23.6,+19.6,+23.7,+23.5,+23.6,+23.8,+23.7,+24.8,+24.7,+24.5,+26,ESTP,0,0,+0,+0,+0.0168,+0,+0.0396,+0,+0,+0,21:12:01 22.03.2020
3468,+23.6,+19.5,+23.7,+23.5,+23.6,+23.8,+23.7,+24.8,+24.7,+24.5,+26,ESTP,0,0,+0,+0,+0.0168,+0,+0.0396,+0,+0,+0,21:13:01 22.03.2020
3469,+23.6,+19.5,+23.7,+23.6,+23.6,+23.8,+23.7,+24.8,+24.7,+24.5,+26,ESTP,0,0,+0,+0,+0.0168,+0,+0.0396,+0,+0,+0,21:14:01 22.03.2020
3470,+23.6,+19.5,+23.7,+23.5,+23.6,+23.8,+23.7,+24.8,+24.7,+24.5,+26,ESTP,0,0,+0,+0,+0.0168,+0,+0.0396,+0,+0,+0,21:15:01 22.03.2020
3471,+23.6,+19.5,+23.7,+23.5,+23.6,+23.8,+23.7,+24.8,+24.7,+24.5,+26,ESTP,0,0,+0,+0,+0.0168,+0,+0.0396,+0,+0,+0,21:16:01 22.03.2020
3472,+23.6,+19.5,+23.7,+23.5,+23.6,+23.8,+23.7,+24.8,+24.7,+24.5,+26,ESTP,0,0,+0,+0,+0.0168,+0,+0.0396,+0,+0,+0,21:17:01 22.03.2020
3473,+23.6,+19.5,+23.7,+23.5,+23.6,+23.8,+23.7,+24.8,+24.7,+24.5,+26,ESTP,0,0,+0,+0,+0.0168,+0,+0.0396,+0,+0,+0,21:18:01 22.03.2020
3474,+23.6,+19.5,+23.7,+23.5,+23.6,+23.8,+23.7,+24.8,+24.7,+24.5,+26,ESTP,0,0,+0,+0,+0.0168,+0,+0.0396,+0,+0,+0,21:19:01 22.03.2020
3475,+23.6,+19.5,+23.7,+23.5,+23.6,+23.8,+23.7,+24.8,+24.7,+24.5,+26,ESTP,0,0,+0,+0,+0.0168,+0,+0.0396,+0,+0,+0,21:20:01 22.03.2020
3476,+23.6,+19.5,+23.7,+23.5,+23.6,+23.8,+23.7,+24.8,+24.7,+24.5,+26,ESTP,0,0,+0,+0,+0.0168,+0,+0.0396,+0,+0,+0,21:21:01 22.03.2020
3477,+23.6,+19.5,+23.7,+23.5,+23.6,+23.8,+23.7,+24.8,+24.7,+24.5,+26,ESTP,0,0,+0,+0,+0.0168,+0,+0.0396,+0,+0,+0,21:22:01 22.03.2020
3478,+23.6,+19.5,+23.7,+23.5,+23.6,+23.8,+23.7,+24.8,+24.7,+24.5,+26,ESTP,0,0,+0,+0,+0.0168,+0,+0.0396,+0,+0,+0,21:23:01 22.03.2020
3479,+23.6,+19.5,+23.7,+23.5,+23.6,+23.8,+23.7,+24.8,+24.7,+24.5,+26,ESTP,0,0,+0,+0,+0.0168,+0,+0.0396,+0,+0,+0,21:24:01 22.03.2020
3480,+23.6,+19.5,+23.7,+23.5,+23.6,+23.8,+23.7,+24.8,+24.7,+24.5,+26,ESTP,0,0,+0,+0,+0.0168,+0,+0.0396,+0,+0,+0,21:25:01 22.03.2020
3481,+23.6,+19.5,+23.7,+23.5,+23.6,+23.8,+23.7,+24.8,+24.7,+24.5,+26,ESTP,0,0,+0,+0,+0.0168,+0,+0.0396,+0,+0,+0,21:26:01 22.03.2020
3482,+23.6,+19.5,+23.7,+23.5,+23.6,+23.8,+23.7,+24.8,+24.7,+24.5,+26,ESTP,0,0,+0,+0,+0.0168,+0,+0.0396,+0,+0,+0,21:27:01 22.03.2020
3483,+23.6,+19.5,+23.7,+23.5,+23.6,+23.8,+23.7,+24.8,+24.7,+24.5,+26,ESTP,0,0,+0,+0,+0.0168,+0,+0.0396,+0,+0,+0,21:28:01 22.03.2020
3484,+23.6,+19.5,+23.7,+23.5,+23.6,+23.8,+23.7,+24.8,+24.7,+24.5,+26,ESTP,0,0,+0,+0,+0.0168,+0,+0.0396,+0,+0,+0,21:29:01 22.03.2020
3485,+23.6,+19.5,+23.7,+23.5,+23.6,+23.8,+23.7,+24.8,+24.7,+24.5,+26,ESTP,0,0,+0,+0,+0.0168,+0,+0.0396,+0,+0,+0,21:30:01 22.03.2020
3486,+23.6,+19.5,+23.7,+23.5,+23.6,+23.8,+23.7,+24.8,+24.7,+24.5,+26,ESTP,0,0,+0,+0,+0.0168,+0,+0.0396,+0,+0,+0,21:31:01 22.03.2020
3487,+23.6,+19.5,+23.7,+23.5,+23.6,+23.8,+23.7,+24.8,+24.7,+24.5,+26,ESTP,0,0,+0,+0,+0.0168,+0,+0.0396,+0,+0,+0,21:32:01 22.03.2020
3488,+23.6,+19.5,+23.7,+23.5,+23.6,+23.8,+23.7,+24.8,+24.7,+24.5,+26,ESTP,0,0,+0,+0,+0.0168,+0,+0.0396,+0,+0,+0,21:33:01 22.03.2020
3489,+23.6,+19.5,+23.7,+23.5,+23.6,+23.8,+23.7,+24.8,+24.7,+24.5,+26,ESTP,0,0,+0,+0,+0.0168,+0,+0.0396,+0,+0,+0,21:34:01 22.03.2020
3490,+23.6,+19.5,+23.7,+23.5,+23.6,+23.8,+23.7,+24.8,+24.7,+24.5,+26,ESTP,0,0,+0,+0,+0.0168,+0,+0.0396,+0,+0,+0,21:35:01 22.03.2020
3491,+23.6,+19.5,+23.7,+23.5,+23.6,+23.8,+23.7,+24.8,+24.7,+24.5,+26,ESTP,0,0,+0,+0,+0.0168,+0,+0.0396,+0,+0,+0,21:36:01 22.03.2020
3492,+23.6,+19.4,+23.7,+23.5,+23.6,+23.8,+23.7,+24.8,+24.7,+24.5,+26,ESTP,0,0,+0,+0,+0.0168,+0,+0.0396,+0,+0,+0,21:37:01 22.03.2020
3493,+23.6,+19.4,+23.7,+23.5,+23.6,+23.8,+23.7,+24.8,+24.7,+24.5,+26,ESTP,0,0,+0,+0,+0.0168,+0,+0.0396,+0,+0,+0,21:38:01 22.03.2020
3494,+23.6,+19.4,+23.7,+23.5,+23.6,+23.8,+23.7,+24.8,+24.7,+24.5,+26,ESTP,0,0,+0,+0,+0.0168,+0,+0.0396,+0,+0,+0,21:39:01 22.03.2020
3495,+23.6,+19.4,+23.7,+23.5,+23.6,+23.8,+23.7,+24.8,+24.7,+24.5,+26,ESTP,0,0,+0,+0,+0.0168,+0,+0.0396,+0,+0,+0,21:40:01 22.03.2020
3496,+23.6,+19.4,+23.7,+23.5,+23.6,+23.8,+23.7,+24.8,+24.7,+24.5,+26,ESTP,0,0,+0,+0,+0.0168,+0,+0.0396,+0,+0,+0,21:41:01 22.03.2020
3497,+23.6,+19.4,+23.7,+23.5,+23.6,+23.8,+23.7,+24.8,+24.7,+24.5,+26,ESTP,0,0,+0,+0,+0.0168,+0,+0.0396,+0,+0,+0,21:42:01 22.03.2020
3498,+23.6,+19.4,+23.7,+23.5,+23.6,+23.8,+23.7,+24.8,+24.7,+24.5,+26,ESTP,0,0,+0,+0,+0.0168,+0,+0.0396,+0,+0,+0,21:43:01 22.03.2020
3499,+23.6,+19.4,+23.7,+23.5,+23.6,+23.8,+23.7,+24.8,+24.7,+24.5,+26,ESTP,0,0,+0,+0,+0.0168,+0,+0.0396,+0,+0,+0,21:44:01 22.03.2020
3500,+23.6,+19.4,+23.7,+23.5,+23.6,+23.8,+23.7,+24.8,+24.7,+24.5,+26,ESTP,0,0,+0,+0,+0.0168,+0,+0.0396,+0,+0,+0,21:45:01 22.03.2020
3501,+23.6,+19.4,+23.7,+23.5,+23.6,+23.8,+23.7,+24.8,+24.7,+24.5,+26,ESTP,0,0,+0,+0,+0.0168,+0,+0.0396,+0,+0,+0,21:46:01 22.03.2020
3502,+23.6,+19.4,+23.7,+23.5,+23.6,+23.8,+23.7,+24.8,+24.7,+24.5,+26,ESTP,0,0,+0,+0,+0.0168,+0,+0.0396,+0,+0,+0,21:47:01 22.03.2020
3503,+23.6,+19.4,+23.7,+23.5,+23.6,+23.8,+23.7,+24.8,+24.7,+24.5,+26,ESTP,0,0,+0,+0,+0.0168,+0,+0.0396,+0,+0,+0,21:48:01 22.03.2020
3504,+23.6,+19.4,+23.7,+23.5,+23.6,+23.8,+23.7,+24.8,+24.7,+24.5,+26,ESTP,0,0,+0,+0,+0.0168,+0,+0.0396,+0,+0,+0,21:49:01 22.03.2020
3505,+23.6,+19.4,+23.7,+23.5,+23.6,+23.8,+23.7,+24.8,+24.7,+24.5,+26,ESTP,0,0,+0,+0,+0.0168,+0,+0.0396,+0,+0,+0,21:50:01 22.03.2020
3506,+23.6,+19.4,+23.7,+23.5,+23.6,+23.8,+23.7,+24.8,+24.7,+24.5,+26,ESTP,0,0,+0,+0,+0.0168,+0,+0.0396,+0,+0,+0,21:51:01 22.03.2020
3507,+23.6,+19.3,+23.7,+23.5,+23.6,+23.8,+23.7,+24.8,+24.7,+24.5,+26,ESTP,0,0,+0,+0,+0.0168,+0,+0.0396,+0,+0,+0,21:52:01 22.03.2020
3508,+23.6,+19.3,+23.7,+23.5,+23.6,+23.8,+23.7,+24.8,+24.7,+24.4,+26,ESTP,0,0,+0,+0,+0.0168,+0,+0.0396,+0,+0,+0,21:53:01 22.03.2020
3509,+23.6,+19.3,+23.7,+23.5,+23.6,+23.8,+23.7,+24.8,+24.7,+24.5,+26,ESTP,0,0,+0,+0,+0.0168,+0,+0.0396,+0,+0,+0,21:54:01 22.03.2020
3510,+23.6,+19.3,+23.7,+23.5,+23.6,+23.8,+23.7,+24.8,+24.7,+24.5,+26,ESTP,0,0,+0,+0,+0.0168,+0,+0.0396,+0,+0,+0,21:55:01 22.03.2020
3511,+23.6,+19.3,+23.7,+23.5,+23.6,+23.8,+23.7,+24.8,+24.7,+24.4,+26,ESTP,0,0,+0,+0,+0.0168,+0,+0.0396,+0,+0,+0,21:56:01 22.03.2020
3512,+23.6,+19.3,+23.7,+23.5,+23.6,+23.8,+23.7,+24.8,+24.7,+24.5,+26,ESTP,0,0,+0,+0,+0.0168,+0,+0.0396,+0,+0,+0,21:57:01 22.03.2020
3513,+23.6,+19.3,+23.7,+23.5,+23.6,+23.8,+23.7,+24.8,+24.7,+24.4,+26,ESTP,0,0,+0,+0,+0.0168,+0,+0.0396,+0,+0,+0,21:58:01 22.03.2020
3514,+23.6,+19.3,+23.6,+23.5,+23.6,+23.8,+23.7,+24.8,+24.7,+24.5,+26,ESTP,0,0,+0,+0,+0.0168,+0,+0.0396,+0,+0,+0,21:59:01 22.03.2020
3515,+23.6,+19.3,+23.7,+23.5,+23.6,+23.8,+23.7,+24.8,+24.7,+24.4,+26,ESTP,0,0,+0,+0,+0.0168,+0,+0.0396,+0,+0,+0,22:00:01 22.03.2020
3516,+23.6,+19.3,+23.7,+23.5,+23.6,+23.8,+23.7,+24.8,+24.7,+24.4,+26,ESTP,0,0,+0,+0,+0.0168,+0,+0.0396,+0,+0,+0,22:01:01 22.03.2020
3517,+23.6,+19.3,+23.7,+23.5,+23.6,+23.8,+23.7,+24.8,+24.7,+24.4,+26,ESTP,0,0,+0,+0,+0.0168,+0,+0.0396,+0,+0,+0,22:02:01 22.03.2020
3518,+23.6,+19.3,+23.6,+23.5,+23.6,+23.8,+23.7,+24.8,+24.7,+24.4,+26,ESTP,0,0,+0,+0,+0.0168,+0,+0.0396,+0,+0,+0,22:03:01 22.03.2020
3519,+23.6,+19.3,+23.6,+23.5,+23.6,+23.8,+23.7,+24.8,+24.7,+24.4,+26,ESTP,0,0,+0,+0,+0.0168,+0,+0.0396,+0,+0,+0,22:04:01 22.03.2020
3520,+23.6,+19.3,+23.6,+23.5,+23.6,+23.8,+23.7,+24.8,+24.7,+24.4,+26,ESTP,0,0,+0,+0,+0.0168,+0,+0.0396,+0,+0,+0,22:05:01 22.03.2020
3521,+23.6,+19.3,+23.7,+23.5,+23.6,+23.8,+23.7,+24.8,+24.7,+24.4,+26,ESTP,0,0,+0,+0,+0.0168,+0,+0.0396,+0,+0,+0,22:06:01 22.03.2020
3522,+23.6,+19.3,+23.7,+23.5,+23.6,+23.8,+23.7,+24.8,+24.7,+24.4,+26,ESTP,0,0,+0,+0,+0.0168,+0,+0.0396,+0,+0,+0,22:07:01 22.03.2020
3523,+23.6,+19.2,+23.6,+23.5,+23.6,+23.8,+23.7,+24.8,+24.7,+24.4,+26,ESTP,0,0,+0,+0,+0.0168,+0,+0.0396,+0,+0,+0,22:08:01 22.03.2020
3524,+23.6,+19.2,+23.6,+23.5,+23.6,+23.8,+23.7,+24.8,+24.7,+24.4,+26,ESTP,0,0,+0,+0,+0.0168,+0,+0.0396,+0,+0,+0,22:09:01 22.03.2020
3525,+23.6,+19.2,+23.6,+23.5,+23.6,+23.8,+23.7,+24.8,+24.7,+24.4,+26,ESTP,0,0,+0,+0,+0.0168,+0,+0.0396,+0,+0,+0,22:10:01 22.03.2020
3526,+23.6,+19.2,+23.6,+23.5,+23.6,+23.8,+23.7,+24.8,+24.7,+24.4,+26,ESTP,0,0,+0,+0,+0.0168,+0,+0.0396,+0,+0,+0,22:11:01 22.03.2020
3527,+23.6,+19.2,+23.6,+23.5,+23.6,+23.8,+23.7,+24.8,+24.7,+24.4,+26,ESTP,0,0,+0,+0,+0.0168,+0,+0.0396,+0,+0,+0,22:12:01 22.03.2020
3528,+23.6,+19.2,+23.6,+23.5,+23.6,+23.8,+23.7,+24.8,+24.7,+24.4,+26,ESTP,0,0,+0,+0,+0.0168,+0,+0.0396,+0,+0,+0,22:13:01 22.03.2020
3529,+23.6,+19.2,+23.6,+23.5,+23.6,+23.8,+23.7,+24.8,+24.7,+24.4,+26,ESTP,0,0,+0,+0,+0.0168,+0,+0.0396,+0,+0,+0,22:14:01 22.03.2020
3530,+23.5,+19.2,+23.6,+23.5,+23.6,+23.8,+23.7,+24.8,+24.7,+24.4,+26,ESTP,0,0,+0,+0,+0.0168,+0,+0.0396,+0,+0,+0,22:15:01 22.03.2020
3531,+23.6,+19.2,+23.6,+23.5,+23.6,+23.8,+23.7,+24.8,+24.7,+24.4,+26,ESTP,0,0,+0,+0,+0.0168,+0,+0.0396,+0,+0,+0,22:16:01 22.03.2020
3532,+23.5,+19.2,+23.6,+23.5,+23.6,+23.8,+23.7,+24.8,+24.7,+24.4,+26,ESTP,0,0,+0,+0,+0.0168,+0,+0.0396,+0,+0,+0,22:17:01 22.03.2020
3533,+23.6,+19.2,+23.6,+23.5,+23.6,+23.8,+23.7,+24.8,+24.7,+24.4,+26,ESTP,0,0,+0,+0,+0.0168,+0,+0.0396,+0,+0,+0,22:18:01 22.03.2020
3534,+23.5,+19.2,+23.6,+23.5,+23.6,+23.8,+23.7,+24.8,+24.7,+24.4,+26,ESTP,0,0,+0,+0,+0.0168,+0,+0.0396,+0,+0,+0,22:19:01 22.03.2020
3535,+23.5,+19.2,+23.6,+23.5,+23.6,+23.8,+23.7,+24.8,+24.7,+24.4,+26,ESTP,0,0,+0,+0,+0.0168,+0,+0.0396,+0,+0,+0,22:20:01 22.03.2020
3536,+23.6,+19.2,+23.6,+23.5,+23.6,+23.8,+23.7,+24.8,+24.7,+24.4,+26,ESTP,0,0,+0,+0,+0.0168,+0,+0.0396,+0,+0,+0,22:21:01 22.03.2020
3537,+23.6,+19.2,+23.6,+23.5,+23.6,+23.8,+23.7,+24.8,+24.7,+24.4,+26,ESTP,0,0,+0,+0,+0.0168,+0,+0.0396,+0,+0,+0,22:22:01 22.03.2020
3538,+23.5,+19.2,+23.6,+23.5,+23.6,+23.8,+23.7,+24.8,+24.7,+24.4,+26,ESTP,0,0,+0,+0,+0.0168,+0,+0.0396,+0,+0,+0,22:23:01 22.03.2020
3539,+23.6,+19.2,+23.6,+23.5,+23.6,+23.8,+23.7,+24.8,+24.7,+24.4,+26,ESTP,0,0,+0,+0,+0.0168,+0,+0.0396,+0,+0,+0,22:24:01 22.03.2020
3540,+23.5,+19.2,+23.6,+23.5,+23.6,+23.8,+23.7,+24.8,+24.7,+24.4,+26,ESTP,0,0,+0,+0,+0.0168,+0,+0.0396,+0,+0,+0,22:25:01 22.03.2020
3541,+23.6,+19.2,+23.6,+23.5,+23.6,+23.8,+23.7,+24.8,+24.7,+24.4,+26,ESTP,0,0,+0,+0,+0.0168,+0,+0.0396,+0,+0,+0,22:26:01 22.03.2020
3542,+23.5,+19.2,+23.6,+23.5,+23.6,+23.8,+23.7,+24.8,+24.7,+24.4,+26,ESTP,0,0,+0,+0,+0.0168,+0,+0.0396,+0,+0,+0,22:27:01 22.03.2020
3543,+23.5,+19.1,+23.6,+23.5,+23.6,+23.8,+23.7,+24.8,+24.7,+24.4,+26,ESTP,0,0,+0,+0,+0.0168,+0,+0.0396,+0,+0,+0,22:28:01 22.03.2020
3544,+23.5,+19.1,+23.6,+23.5,+23.6,+23.8,+23.7,+24.8,+24.7,+24.4,+26,ESTP,0,0,+0,+0,+0.0168,+0,+0.0396,+0,+0,+0,22:29:01 22.03.2020
3545,+23.5,+19.1,+23.6,+23.5,+23.6,+23.8,+23.7,+24.8,+24.7,+24.4,+26,ESTP,0,0,+0,+0,+0.0168,+0,+0.0396,+0,+0,+0,22:30:01 22.03.2020
3546,+23.5,+19.2,+23.6,+23.5,+23.6,+23.8,+23.7,+24.8,+24.7,+24.4,+26,ESTP,0,0,+0,+0,+0.0168,+0,+0.0396,+0,+0,+0,22:31:01 22.03.2020
3547,+23.5,+19.2,+23.6,+23.5,+23.6,+23.8,+23.7,+24.8,+24.7,+24.4,+26,ESTP,0,0,+0,+0,+0.0168,+0,+0.0396,+0,+0,+0,22:32:01 22.03.2020
3548,+23.5,+19.2,+23.6,+23.5,+23.6,+23.8,+23.7,+24.8,+24.7,+24.4,+26,ESTP,0,0,+0,+0,+0.0168,+0,+0.0396,+0,+0,+0,22:33:01 22.03.2020
3549,+23.5,+19.1,+23.6,+23.5,+23.6,+23.8,+23.7,+24.7,+24.7,+24.4,+26,ESTP,0,0,+0,+0,+0.0168,+0,+0.0396,+0,+0,+0,22:34:01 22.03.2020
3550,+23.5,+19.1,+23.6,+23.5,+23.6,+23.8,+23.7,+24.7,+24.7,+24.4,+26,ESTP,0,0,+0,+0,+0.0168,+0,+0.0396,+0,+0,+0,22:35:01 22.03.2020
3551,+23.5,+19.1,+23.6,+23.5,+23.6,+23.8,+23.7,+24.7,+24.7,+24.4,+26,ESTP,0,0,+0,+0,+0.0168,+0,+0.0396,+0,+0,+0,22:36:01 22.03.2020
3552,+23.5,+19.1,+23.6,+23.5,+23.6,+23.8,+23.7,+24.7,+24.7,+24.4,+26,ESTP,0,0,+0,+0,+0.0168,+0,+0.0396,+0,+0,+0,22:37:01 22.03.2020
3553,+23.5,+19.1,+23.6,+23.5,+23.6,+23.8,+23.7,+24.7,+24.7,+24.4,+26,ESTP,0,0,+0,+0,+0.0168,+0,+0.0396,+0,+0,+0,22:38:01 22.03.2020
3554,+23.5,+19.1,+23.6,+23.5,+23.6,+23.8,+23.6,+24.7,+24.7,+24.4,+26,ESTP,0,0,+0,+0,+0.0168,+0,+0.0396,+0,+0,+0,22:39:01 22.03.2020
3555,+23.5,+19.1,+23.6,+23.5,+23.6,+23.8,+23.6,+24.7,+24.7,+24.4,+26,ESTP,0,0,+0,+0,+0.0168,+0,+0.0396,+0,+0,+0,22:40:01 22.03.2020
3556,+23.5,+19.1,+23.6,+23.5,+23.6,+23.8,+23.7,+24.7,+24.7,+24.4,+26,ESTP,0,0,+0,+0,+0.0168,+0,+0.0396,+0,+0,+0,22:41:01 22.03.2020
3557,+23.5,+19,+23.6,+23.5,+23.6,+23.8,+23.6,+24.7,+24.7,+24.4,+26,ESTP,0,0,+0,+0,+0.0168,+0,+0.0396,+0,+0,+0,22:42:01 22.03.2020
3558,+23.5,+19,+23.6,+23.5,+23.6,+23.8,+23.6,+24.7,+24.7,+24.4,+26,ESTP,0,0,+0,+0,+0.0168,+0,+0.0396,+0,+0,+0,22:43:01 22.03.2020
3559,+23.5,+19,+23.6,+23.5,+23.6,+23.8,+23.6,+24.7,+24.7,+24.4,+26,ESTP,0,0,+0,+0,+0.0168,+0,+0.0396,+0,+0,+0,22:44:01 22.03.2020
3560,+23.5,+19,+23.6,+23.5,+23.6,+23.8,+23.6,+24.7,+24.7,+24.4,+26,ESTP,0,0,+0,+0,+0.0168,+0,+0.0396,+0,+0,+0,22:45:01 22.03.2020
3561,+23.5,+19,+23.6,+23.5,+23.6,+23.8,+23.7,+24.7,+24.7,+24.4,+26,ESTP,0,0,+0,+0,+0.0168,+0,+0.0396,+0,+0,+0,22:46:01 22.03.2020
3562,+23.5,+19,+23.6,+23.5,+23.6,+23.8,+23.6,+24.7,+24.7,+24.4,+26,ESTP,0,0,+0,+0,+0.0168,+0,+0.0396,+0,+0,+0,22:47:01 22.03.2020
3563,+23.5,+19,+23.6,+23.5,+23.6,+23.8,+23.6,+24.7,+24.7,+24.4,+26,ESTP,0,0,+0,+0,+0.0168,+0,+0.0396,+0,+0,+0,22:48:01 22.03.2020
3564,+23.5,+19,+23.6,+23.5,+23.6,+23.8,+23.6,+24.7,+24.7,+24.4,+26,ESTP,0,0,+0,+0,+0.0168,+0,+0.0396,+0,+0,+0,22:49:01 22.03.2020
3565,+23.5,+19,+23.6,+23.5,+23.6,+23.8,+23.6,+24.7,+24.7,+24.4,+26,ESTP,0,0,+0,+0,+0.0167,+0,+0.0396,+0,+0,+0,22:50:01 22.03.2020
3566,+23.5,+19,+23.6,+23.5,+23.6,+23.8,+23.6,+24.7,+24.6,+24.4,+26,ESTP,0,0,+0,+0,+0.0168,+0,+0.0396,+0,+0,+0,22:51:01 22.03.2020
3567,+23.5,+19,+23.6,+23.5,+23.6,+23.7,+23.6,+24.7,+24.6,+24.4,+26,ESTP,0,0,+0,+0,+0.0167,+0,+0.0396,+0,+0,+0,22:52:01 22.03.2020
3568,+23.5,+19,+23.6,+23.5,+23.6,+23.8,+23.6,+24.7,+24.6,+24.4,+26,ESTP,0,0,+0,+0,+0.0167,+0,+0.0396,+0,+0,+0,22:53:01 22.03.2020
3569,+23.5,+18.9,+23.6,+23.5,+23.6,+23.8,+23.6,+24.7,+24.7,+24.4,+26,ESTP,0,0,+0,+0,+0.0168,+0,+0.0396,+0,+0,+0,22:54:01 22.03.2020
3570,+23.5,+18.9,+23.6,+23.5,+23.6,+23.7,+23.6,+24.7,+24.6,+24.4,+26,ESTP,0,0,+0,+0,+0.0167,+0,+0.0396,+0,+0,+0,22:55:01 22.03.2020
3571,+23.5,+18.9,+23.6,+23.5,+23.6,+23.7,+23.6,+24.7,+24.6,+24.4,+26,ESTP,0,0,+0,+0,+0.0167,+0,+0.0396,+0,+0,+0,22:56:01 22.03.2020
3572,+23.5,+18.9,+23.6,+23.5,+23.6,+23.7,+23.6,+24.7,+24.6,+24.4,+26,ESTP,0,0,+0,+0,+0.0167,+0,+0.0396,+0,+0,+0,22:57:01 22.03.2020
3573,+23.5,+18.9,+23.6,+23.5,+23.6,+23.8,+23.6,+24.7,+24.6,+24.4,+26,ESTP,0,0,+0,+0,+0.0167,+0,+0.0396,+0,+0,+0,22:58:01 22.03.2020
3574,+23.5,+18.9,+23.6,+23.5,+23.6,+23.7,+23.6,+24.7,+24.6,+24.4,+26,ESTP,0,0,+0,+0,+0.0167,+0,+0.0396,+0,+0,+0,22:59:01 22.03.2020
3575,+23.5,+18.9,+23.6,+23.5,+23.6,+23.7,+23.6,+24.7,+24.6,+24.4,+26,ESTP,0,0,+0,+0,+0.0167,+0,+0.0396,+0,+0,+0,23:00:01 22.03.2020
3576,+23.5,+18.9,+23.6,+23.5,+23.6,+23.7,+23.6,+24.7,+24.6,+24.4,+26,ESTP,0,0,+0,+0,+0.0167,+0,+0.0396,+0,+0,+0,23:01:01 22.03.2020
3577,+23.5,+18.9,+23.6,+23.5,+23.6,+23.7,+23.6,+24.7,+24.6,+24.4,+26,ESTP,0,0,+0,+0,+0.0167,+0,+0.0396,+0,+0,+0,23:02:01 22.03.2020
3578,+23.5,+18.9,+23.6,+23.5,+23.6,+23.7,+23.6,+24.7,+24.6,+24.4,+26,ESTP,0,0,+0,+0,+0.0167,+0,+0.0396,+0,+0,+0,23:03:01 22.03.2020
3579,+23.5,+18.9,+23.6,+23.5,+23.6,+23.7,+23.6,+24.7,+24.6,+24.4,+26,ESTP,0,0,+0,+0,+0.0167,+0,+0.0396,+0,+0,+0,23:04:01 22.03.2020
3580,+23.5,+18.9,+23.6,+23.5,+23.6,+23.7,+23.6,+24.7,+24.6,+24.4,+26,ESTP,0,0,+0,+0,+0.0167,+0,+0.0396,+0,+0,+0,23:05:01 22.03.2020
3581,+23.5,+18.9,+23.6,+23.5,+23.6,+23.7,+23.6,+24.7,+24.6,+24.4,+26,ESTP,0,0,+0,+0,+0.0167,+0,+0.0396,+0,+0,+0,23:06:01 22.03.2020
3582,+23.5,+18.9,+23.6,+23.5,+23.6,+23.7,+23.6,+24.7,+24.6,+24.4,+26,ESTP,0,0,+0,+0,+0.0167,+0,+0.0396,+0,+0,+0,23:07:01 22.03.2020
3583,+23.5,+18.9,+23.6,+23.5,+23.6,+23.7,+23.6,+24.7,+24.6,+24.4,+26,ESTP,0,0,+0,+0,+0.0167,+0,+0.0396,+0,+0,+0,23:08:01 22.03.2020
3584,+23.5,+18.9,+23.6,+23.5,+23.6,+23.7,+23.6,+24.7,+24.6,+24.4,+26,ESTP,0,0,+0,+0,+0.0167,+0,+0.0396,+0,+0,+0,23:09:01 22.03.2020
3585,+23.5,+18.9,+23.6,+23.5,+23.6,+23.7,+23.6,+24.7,+24.6,+24.4,+26,ESTP,0,0,+0,+0,+0.0167,+0,+0.0396,+0,+0,+0,23:10:01 22.03.2020
3586,+23.5,+18.9,+23.6,+23.5,+23.6,+23.7,+23.6,+24.7,+24.6,+24.4,+26,ESTP,0,0,+0,+0,+0.0167,+0,+0.0396,+0,+0,+0,23:11:01 22.03.2020
3587,+23.5,+18.9,+23.6,+23.5,+23.6,+23.7,+23.6,+24.7,+24.6,+24.4,+26,ESTP,0,0,+0,+0,+0.0167,+0,+0.0396,+0,+0,+0,23:12:01 22.03.2020
3588,+23.5,+18.9,+23.6,+23.5,+23.6,+23.7,+23.6,+24.7,+24.6,+24.4,+26,ESTP,0,0,+0,+0,+0.0167,+0,+0.0396,+0,+0,+0,23:13:01 22.03.2020
3589,+23.5,+18.8,+23.6,+23.5,+23.6,+23.7,+23.6,+24.7,+24.6,+24.4,+26,ESTP,0,0,+0,+0,+0.0167,+0,+0.0396,+0,+0,+0,23:14:01 22.03.2020
3590,+23.5,+18.8,+23.6,+23.5,+23.6,+23.7,+23.6,+24.7,+24.6,+24.4,+26,ESTP,0,0,+0,+0,+0.0167,+0,+0.0396,+0,+0,+0,23:15:01 22.03.2020
3591,+23.5,+18.8,+23.6,+23.5,+23.6,+23.7,+23.6,+24.7,+24.6,+24.4,+26,ESTP,0,0,+0,+0,+0.0167,+0,+0.0396,+0,+0,+0,23:16:01 22.03.2020
3592,+23.5,+18.8,+23.6,+23.5,+23.6,+23.7,+23.6,+24.7,+24.6,+24.4,+26,ESTP,0,0,+0,+0,+0.0167,+0,+0.0396,+0,+0,+0,23:17:01 22.03.2020
3593,+23.5,+18.8,+23.6,+23.5,+23.6,+23.7,+23.6,+24.7,+24.6,+24.4,+26,ESTP,0,0,+0,+0,+0.0167,+0,+0.0396,+0,+0,+0,23:18:01 22.03.2020
3594,+23.5,+18.8,+23.6,+23.5,+23.6,+23.7,+23.6,+24.7,+24.6,+24.4,+26,ESTP,0,0,+0,+0,+0.0167,+0,+0.0396,+0,+0,+0,23:19:01 22.03.2020
3595,+23.5,+18.8,+23.6,+23.5,+23.6,+23.7,+23.6,+24.7,+24.6,+24.4,+26,ESTP,0,0,+0,+0,+0.0167,+0,+0.0396,+0,+0,+0,23:20:01 22.03.2020
3596,+23.5,+18.8,+23.6,+23.5,+23.6,+23.7,+23.6,+24.7,+24.6,+24.4,+26,ESTP,0,0,+0,+0,+0.0167,+0,+0.0396,+0,+0,+0,23:21:01 22.03.2020
3597,+23.5,+18.8,+23.6,+23.5,+23.6,+23.7,+23.6,+24.7,+24.6,+24.4,+26,ESTP,0,0,+0,+0,+0.0167,+0,+0.0396,+0,+0,+0,23:22:01 22.03.2020
3598,+23.5,+18.8,+23.6,+23.5,+23.6,+23.7,+23.6,+24.7,+24.6,+24.4,+26,ESTP,0,0,+0,+0,+0.0167,+0,+0.0396,+0,+0,+0,23:23:01 22.03.2020
3599,+23.5,+18.8,+23.6,+23.5,+23.6,+23.7,+23.6,+24.7,+24.6,+24.4,+26,ESTP,0,0,+0,+0,+0.0167,+0,+0.0396,+0,+0,+0,23:24:01 22.03.2020
3600,+23.5,+18.8,+23.6,+23.5,+23.6,+23.7,+23.6,+24.7,+24.6,+24.4,+26,ESTP,0,0,+0,+0,+0.0167,+0,+0.0396,+0,+0,+0,23:25:01 22.03.2020
3601,+23.5,+18.8,+23.6,+23.5,+23.6,+23.7,+23.6,+24.7,+24.6,+24.4,+26,ESTP,0,0,+0,+0,+0.0167,+0,+0.0396,+0,+0,+0,23:26:01 22.03.2020
3602,+23.5,+18.8,+23.6,+23.5,+23.6,+23.7,+23.6,+24.7,+24.6,+24.4,+26,ESTP,0,0,+0,+0,+0.0167,+0,+0.0396,+0,+0,+0,23:27:01 22.03.2020
3603,+23.5,+18.8,+23.6,+23.5,+23.6,+23.7,+23.6,+24.7,+24.6,+24.4,+26,ESTP,0,0,+0,+0,+0.0167,+0,+0.0396,+0,+0,+0,23:28:01 22.03.2020
3604,+23.5,+18.7,+23.6,+23.5,+23.6,+23.7,+23.6,+24.7,+24.6,+24.4,+26,ESTP,0,0,+0,+0,+0.0167,+0,+0.0396,+0,+0,+0,23:29:01 22.03.2020
3605,+23.5,+18.7,+23.6,+23.5,+23.6,+23.7,+23.6,+24.7,+24.6,+24.3,+26,ESTP,0,0,+0,+0,+0.0167,+0,+0.0396,+0,+0,+0,23:30:01 22.03.2020
3606,+23.5,+18.8,+23.6,+23.5,+23.6,+23.7,+23.6,+24.7,+24.6,+24.3,+26,ESTP,0,0,+0,+0,+0.0167,+0,+0.0396,+0,+0,+0,23:31:01 22.03.2020
3607,+23.4,+18.8,+23.6,+23.5,+23.6,+23.7,+23.6,+24.7,+24.6,+24.3,+26,ESTP,0,0,+0,+0,+0.0167,+0,+0.0396,+0,+0,+0,23:32:01 22.03.2020
3608,+23.4,+18.8,+23.6,+23.5,+23.6,+23.7,+23.6,+24.7,+24.6,+24.3,+26,ESTP,0,0,+0,+0,+0.0167,+0,+0.0396,+0,+0,+0,23:33:01 22.03.2020
3609,+23.4,+18.8,+23.6,+23.5,+23.6,+23.7,+23.6,+24.7,+24.6,+24.3,+26,ESTP,0,0,+0,+0,+0.0167,+0,+0.0396,+0,+0,+0,23:34:01 22.03.2020
3610,+23.4,+18.7,+23.6,+23.5,+23.6,+23.7,+23.6,+24.7,+24.6,+24.3,+26,ESTP,0,0,+0,+0,+0.0167,+0,+0.0396,+0,+0,+0,23:35:01 22.03.2020
3611,+23.4,+18.7,+23.6,+23.5,+23.6,+23.7,+23.6,+24.7,+24.6,+24.3,+26,ESTP,0,0,+0,+0,+0.0167,+0,+0.0396,+0,+0,+0,23:36:01 22.03.2020
3612,+23.4,+18.7,+23.6,+23.5,+23.6,+23.7,+23.6,+24.7,+24.6,+24.3,+26,ESTP,0,0,+0,+0,+0.0167,+0,+0.0396,+0,+0,+0,23:37:01 22.03.2020
3613,+23.4,+18.7,+23.6,+23.5,+23.6,+23.7,+23.6,+24.7,+24.6,+24.3,+26,ESTP,0,0,+0,+0,+0.0167,+0,+0.0396,+0,+0,+0,23:38:01 22.03.2020
3614,+23.4,+18.7,+23.6,+23.5,+23.6,+23.7,+23.6,+24.7,+24.6,+24.3,+26,ESTP,0,0,+0,+0,+0.0167,+0,+0.0396,+0,+0,+0,23:39:01 22.03.2020
3615,+23.4,+18.7,+23.6,+23.5,+23.6,+23.7,+23.6,+24.7,+24.6,+24.3,+26,ESTP,0,0,+0,+0,+0.0167,+0,+0.0396,+0,+0,+0,23:40:01 22.03.2020
3616,+23.4,+18.7,+23.6,+23.5,+23.6,+23.7,+23.6,+24.7,+24.6,+24.3,+26,ESTP,0,0,+0,+0,+0.0167,+0,+0.0396,+0,+0,+0,23:41:01 22.03.2020
3617,+23.4,+18.7,+23.6,+23.5,+23.6,+23.7,+23.6,+24.7,+24.6,+24.3,+26,ESTP,0,0,+0,+0,+0.0167,+0,+0.0396,+0,+0,+0,23:42:01 22.03.2020
3618,+23.4,+18.7,+23.6,+23.5,+23.6,+23.7,+23.6,+24.7,+24.6,+24.3,+26,ESTP,0,0,+0,+0,+0.0167,+0,+0.0396,+0,+0,+0,23:43:01 22.03.2020
3619,+23.4,+18.7,+23.6,+23.5,+23.6,+23.7,+23.6,+24.7,+24.6,+24.3,+26,ESTP,0,0,+0,+0,+0.0167,+0,+0.0396,+0,+0,+0,23:44:01 22.03.2020
3620,+23.4,+18.7,+23.6,+23.5,+23.6,+23.7,+23.6,+24.7,+24.6,+24.3,+26,ESTP,0,0,+0,+0,+0.0167,+0,+0.0396,+0,+0,+0,23:45:01 22.03.2020
3621,+23.4,+18.7,+23.6,+23.5,+23.6,+23.7,+23.6,+24.7,+24.6,+24.3,+26,ESTP,0,0,+0,+0,+0.0167,+0,+0.0396,+0,+0,+0,23:46:01 22.03.2020
3622,+23.4,+18.6,+23.6,+23.5,+23.6,+23.7,+23.6,+24.7,+24.6,+24.3,+26,ESTP,0,0,+0,+0,+0.0167,+0,+0.0396,+0,+0,+0,23:47:01 22.03.2020
3623,+23.4,+18.6,+23.6,+23.5,+23.6,+23.7,+23.6,+24.7,+24.6,+24.3,+26,ESTP,0,0,+0,+0,+0.0167,+0,+0.0396,+0,+0,+0,23:48:01 22.03.2020
3624,+23.4,+18.6,+23.6,+23.5,+23.6,+23.7,+23.6,+24.7,+24.6,+24.3,+26,ESTP,0,0,+0,+0,+0.0167,+0,+0.0396,+0,+0,+0,23:49:01 22.03.2020
3625,+23.4,+18.6,+23.6,+23.5,+23.6,+23.7,+23.6,+24.7,+24.6,+24.3,+26,ESTP,0,0,+0,+0,+0.0167,+0,+0.0396,+0,+0,+0,23:50:01 22.03.2020
3626,+23.4,+18.6,+23.6,+23.5,+23.6,+23.7,+23.6,+24.7,+24.6,+24.3,+26,ESTP,0,0,+0,+0,+0.0167,+0,+0.0394,+0,+0,+0,23:51:01 22.03.2020
3627,+23.4,+18.6,+23.6,+23.5,+23.6,+23.7,+23.6,+24.7,+24.6,+24.3,+26,ESTP,0,0,+0,+0,+0.0167,+0,+0.0396,+0,+0,+0,23:52:01 22.03.2020
3628,+23.4,+18.6,+23.6,+23.5,+23.6,+23.7,+23.6,+24.6,+24.6,+24.3,+26,ESTP,0,0,+0,+0,+0.0167,+0,+0.0396,+0,+0,+0,23:53:01 22.03.2020
3629,+23.4,+18.6,+23.6,+23.5,+23.6,+23.7,+23.6,+24.6,+24.6,+24.3,+26,ESTP,0,0,+0,+0,+0.0167,+0,+0.0396,+0,+0,+0,23:54:01 22.03.2020
3630,+23.4,+18.6,+23.6,+23.5,+23.6,+23.7,+23.6,+24.6,+24.6,+24.3,+26,ESTP,0,0,+0,+0,+0.0167,+0,+0.0395,+0,+0,+0,23:55:01 22.03.2020
3631,+23.4,+18.6,+23.6,+23.5,+23.6,+23.7,+23.6,+24.6,+24.6,+24.3,+26,ESTP,0,0,+0,+0,+0.0167,+0,+0.0396,+0,+0,+0,23:56:01 22.03.2020
3632,+23.4,+18.6,+23.6,+23.4,+23.6,+23.7,+23.6,+24.6,+24.6,+24.3,+26,ESTP,0,0,+0,+0,+0.0167,+0,+0.0395,+0,+0,+0,23:57:01 22.03.2020
3633,+23.4,+18.6,+23.6,+23.4,+23.6,+23.7,+23.6,+24.7,+24.6,+24.3,+26,ESTP,0,0,+0,+0,+0.0167,+0,+0.0395,+0,+0,+0,23:58:01 22.03.2020
3634,+23.4,+18.6,+23.6,+23.4,+23.5,+23.7,+23.6,+24.6,+24.6,+24.3,+26,ESTP,0,0,+0,+0,+0.0167,+0,+0.0394,+0,+0,+0,23:59:01 22.03.2020
3635,+23.4,+18.6,+23.6,+23.4,+23.6,+23.7,+23.6,+24.6,+24.6,+24.3,+26,ESTP,0,0,+0,+0,+0.0167,+0,+0.0396,+0,+0,+0,00:00:01 23.03.2020
3636,+23.4,+18.6,+23.6,+23.4,+23.5,+23.7,+23.6,+24.6,+24.6,+24.3,+26,ESTP,0,0,+0,+0,+0.0167,+0,+0.0394,+0,+0,+0,00:01:01 23.03.2020
3637,+23.4,+18.6,+23.6,+23.4,+23.6,+23.7,+23.6,+24.6,+24.6,+24.3,+26,ESTP,0,0,+0,+0,+0.0167,+0,+0.0394,+0,+0,+0,00:02:01 23.03.2020
3638,+23.4,+18.5,+23.6,+23.4,+23.5,+23.7,+23.6,+24.6,+24.6,+24.3,+26,ESTP,0,0,+0,+0,+0.0167,+0,+0.0394,+0,+0,+0,00:03:01 23.03.2020
3639,+23.4,+18.5,+23.6,+23.5,+23.5,+23.7,+23.6,+24.6,+24.6,+24.3,+26,ESTP,0,0,+0,+0,+0.0167,+0,+0.0394,+0,+0,+0,00:04:01 23.03.2020
3640,+23.4,+18.5,+23.6,+23.4,+23.6,+23.7,+23.6,+24.6,+24.6,+24.3,+26,ESTP,0,0,+0,+0,+0.0167,+0,+0.0394,+0,+0,+0,00:05:01 23.03.2020
3641,+23.4,+18.5,+23.6,+23.4,+23.5,+23.7,+23.6,+24.6,+24.6,+24.3,+26,ESTP,0,0,+0,+0,+0.0167,+0,+0.0394,+0,+0,+0,00:06:01 23.03.2020
3642,+23.4,+18.5,+23.6,+23.4,+23.5,+23.7,+23.6,+24.6,+24.6,+24.3,+26,ESTP,0,0,+0,+0,+0.0167,+0,+0.0394,+0,+0,+0,00:07:01 23.03.2020
3643,+23.4,+18.5,+23.6,+23.4,+23.5,+23.7,+23.6,+24.6,+24.6,+24.3,+26,ESTP,0,0,+0,+0,+0.0167,+0,+0.0394,+0,+0,+0,00:08:01 23.03.2020
3644,+23.4,+18.5,+23.6,+23.4,+23.5,+23.7,+23.6,+24.6,+24.6,+24.3,+26,ESTP,0,0,+0,+0,+0.0167,+0,+0.0394,+0,+0,+0,00:09:01 23.03.2020
3645,+23.4,+18.5,+23.6,+23.4,+23.5,+23.7,+23.6,+24.6,+24.6,+24.3,+26,ESTP,0,0,+0,+0,+0.0167,+0,+0.0394,+0,+0,+0,00:10:01 23.03.2020
3646,+23.4,+18.5,+23.6,+23.4,+23.5,+23.7,+23.6,+24.6,+24.6,+24.3,+26,ESTP,0,0,+0,+0,+0.0167,+0,+0.0394,+0,+0,+0,00:11:01 23.03.2020
3647,+23.4,+18.5,+23.6,+23.4,+23.5,+23.6,+23.6,+24.6,+24.6,+24.3,+26,ESTP,0,0,+0,+0,+0.0167,+0,+0.0394,+0,+0,+0,00:12:01 23.03.2020
3648,+23.4,+18.5,+23.6,+23.4,+23.5,+23.6,+23.6,+24.6,+24.6,+24.3,+26,ESTP,0,0,+0,+0,+0.0167,+0,+0.0394,+0,+0,+0,00:13:01 23.03.2020
3649,+23.4,+18.5,+23.6,+23.4,+23.5,+23.6,+23.6,+24.6,+24.6,+24.3,+26,ESTP,0,0,+0,+0,+0.0167,+0,+0.0394,+0,+0,+0,00:14:01 23.03.2020
3650,+23.4,+18.5,+23.6,+23.4,+23.5,+23.6,+23.6,+24.6,+24.6,+24.3,+26,ESTP,0,0,+0,+0,+0.0167,+0,+0.0394,+0,+0,+0,00:15:01 23.03.2020
3651,+23.4,+18.5,+23.6,+23.4,+23.5,+23.6,+23.6,+24.6,+24.6,+24.3,+26,ESTP,0,0,+0,+0,+0.0167,+0,+0.0394,+0,+0,+0,00:16:01 23.03.2020
3652,+23.4,+18.5,+23.6,+23.4,+23.5,+23.6,+23.6,+24.6,+24.6,+24.3,+26,ESTP,0,0,+0,+0,+0.0167,+0,+0.0394,+0,+0,+0,00:17:01 23.03.2020
3653,+23.4,+18.5,+23.6,+23.4,+23.5,+23.6,+23.6,+24.6,+24.6,+24.3,+26,ESTP,0,0,+0,+0,+0.0167,+0,+0.0394,+0,+0,+0,00:18:01 23.03.2020
3654,+23.4,+18.4,+23.6,+23.4,+23.5,+23.6,+23.6,+24.6,+24.6,+24.3,+26,ESTP,0,0,+0,+0,+0.0167,+0,+0.0394,+0,+0,+0,00:19:01 23.03.2020
3655,+23.4,+18.4,+23.6,+23.4,+23.5,+23.6,+23.6,+24.6,+24.6,+24.3,+26,ESTP,0,0,+0,+0,+0.0167,+0,+0.0394,+0,+0,+0,00:20:01 23.03.2020
3656,+23.4,+18.4,+23.6,+23.4,+23.5,+23.6,+23.6,+24.6,+24.6,+24.3,+26,ESTP,0,0,+0,+0,+0.0167,+0,+0.0394,+0,+0,+0,00:21:01 23.03.2020
3657,+23.4,+18.4,+23.6,+23.4,+23.5,+23.6,+23.6,+24.6,+24.6,+24.3,+26,ESTP,0,0,+0,+0,+0.0167,+0,+0.0394,+0,+0,+0,00:22:01 23.03.2020
3658,+23.4,+18.4,+23.6,+23.4,+23.5,+23.6,+23.6,+24.6,+24.6,+24.3,+26,ESTP,0,0,+0,+0,+0.0167,+0,+0.0394,+0,+0,+0,00:23:01 23.03.2020
3659,+23.4,+18.4,+23.6,+23.4,+23.5,+23.6,+23.6,+24.6,+24.6,+24.3,+26,ESTP,0,0,+0,+0,+0.0167,+0,+0.0394,+0,+0,+0,00:24:01 23.03.2020
3660,+23.4,+18.4,+23.6,+23.4,+23.5,+23.6,+23.6,+24.6,+24.6,+24.3,+26,ESTP,0,0,+0,+0,+0.0167,+0,+0.0394,+0,+0,+0,00:25:01 23.03.2020
3661,+23.4,+18.4,+23.6,+23.4,+23.5,+23.6,+23.6,+24.6,+24.6,+24.3,+26,ESTP,0,0,+0,+0,+0.0167,+0,+0.0394,+0,+0,+0,00:26:01 23.03.2020
3662,+23.4,+18.4,+23.6,+23.4,+23.5,+23.6,+23.6,+24.6,+24.6,+24.3,+26,ESTP,0,0,+0,+0,+0.0167,+0,+0.0394,+0,+0,+0,00:27:01 23.03.2020
3663,+23.4,+18.4,+23.6,+23.4,+23.5,+23.6,+23.6,+24.6,+24.6,+24.3,+26,ESTP,0,0,+0,+0,+0.0167,+0,+0.0394,+0,+0,+0,00:28:01 23.03.2020
3664,+23.3,+18.4,+23.6,+23.4,+23.5,+23.6,+23.5,+24.6,+24.6,+24.3,+26,ESTP,0,0,+0,+0,+0.0167,+0,+0.0394,+0,+0,+0,00:29:01 23.03.2020
3665,+23.3,+18.4,+23.6,+23.4,+23.5,+23.6,+23.5,+24.6,+24.6,+24.3,+26,ESTP,0,0,+0,+0,+0.0167,+0,+0.0394,+0,+0,+0,00:30:01 23.03.2020
3666,+23.3,+18.4,+23.6,+23.4,+23.5,+23.6,+23.5,+24.6,+24.6,+24.3,+26,ESTP,0,0,+0,+0,+0.0167,+0,+0.0394,+0,+0,+0,00:31:01 23.03.2020
3667,+23.3,+18.4,+23.6,+23.4,+23.5,+23.6,+23.5,+24.6,+24.5,+24.3,+26,ESTP,0,0,+0,+0,+0.0167,+0,+0.0394,+0,+0,+0,00:32:01 23.03.2020
3668,+23.3,+18.4,+23.6,+23.4,+23.5,+23.6,+23.5,+24.6,+24.6,+24.3,+26,ESTP,0,0,+0,+0,+0.0167,+0,+0.0394,+0,+0,+0,00:33:01 23.03.2020
3669,+23.3,+18.4,+23.6,+23.4,+23.5,+23.6,+23.5,+24.6,+24.6,+24.3,+26,ESTP,0,0,+0,+0,+0.0167,+0,+0.0394,+0,+0,+0,00:34:01 23.03.2020
3670,+23.3,+18.4,+23.6,+23.4,+23.5,+23.6,+23.5,+24.6,+24.5,+24.3,+26,ESTP,0,0,+0,+0,+0.0167,+0,+0.0394,+0,+0,+0,00:35:01 23.03.2020
3671,+23.3,+18.4,+23.6,+23.4,+23.5,+23.6,+23.5,+24.6,+24.5,+24.3,+26,ESTP,0,0,+0,+0,+0.0167,+0,+0.0394,+0,+0,+0,00:36:01 23.03.2020
3672,+23.3,+18.4,+23.6,+23.4,+23.5,+23.6,+23.5,+24.6,+24.5,+24.3,+26,ESTP,0,0,+0,+0,+0.0167,+0,+0.0394,+0,+0,+0,00:37:01 23.03.2020
3673,+23.3,+18.3,+23.6,+23.4,+23.5,+23.6,+23.5,+24.6,+24.5,+24.3,+26,ESTP,0,0,+0,+0,+0.0167,+0,+0.0394,+0,+0,+0,00:38:01 23.03.2020
3674,+23.3,+18.3,+23.6,+23.4,+23.5,+23.6,+23.5,+24.6,+24.5,+24.3,+26,ESTP,0,0,+0,+0,+0.0167,+0,+0.0394,+0,+0,+0,00:39:01 23.03.2020
3675,+23.3,+18.3,+23.6,+23.4,+23.5,+23.6,+23.5,+24.6,+24.5,+24.3,+26,ESTP,0,0,+0,+0,+0.0167,+0,+0.0394,+0,+0,+0,00:40:01 23.03.2020
3676,+23.3,+18.3,+23.6,+23.4,+23.5,+23.6,+23.5,+24.6,+24.5,+24.3,+26,ESTP,0,0,+0,+0,+0.0167,+0,+0.0394,+0,+0,+0,00:41:01 23.03.2020
3677,+23.3,+18.3,+23.6,+23.4,+23.5,+23.6,+23.5,+24.6,+24.5,+24.3,+26,ESTP,0,0,+0,+0,+0.0167,+0,+0.0394,+0,+0,+0,00:42:01 23.03.2020
3678,+23.3,+18.3,+23.6,+23.4,+23.5,+23.6,+23.5,+24.6,+24.5,+24.3,+26,ESTP,0,0,+0,+0,+0.0167,+0,+0.0394,+0,+0,+0,00:43:01 23.03.2020
3679,+23.3,+18.3,+23.6,+23.4,+23.5,+23.6,+23.5,+24.6,+24.5,+24.3,+26,ESTP,0,0,+0,+0,+0.0167,+0,+0.0394,+0,+0,+0,00:44:01 23.03.2020
3680,+23.3,+18.3,+23.6,+23.4,+23.5,+23.6,+23.5,+24.6,+24.5,+24.3,+26,ESTP,0,0,+0,+0,+0.0167,+0,+0.0394,+0,+0,+0,00:45:01 23.03.2020
3681,+23.3,+18.3,+23.6,+23.4,+23.5,+23.6,+23.5,+24.6,+24.5,+24.3,+26,ESTP,0,0,+0,+0,+0.0167,+0,+0.0394,+0,+0,+0,00:46:01 23.03.2020
3682,+23.3,+18.3,+23.6,+23.4,+23.5,+23.6,+23.5,+24.6,+24.5,+24.3,+26,ESTP,0,0,+0,+0,+0.0167,+0,+0.0394,+0,+0,+0,00:47:01 23.03.2020
3683,+23.3,+18.3,+23.6,+23.4,+23.5,+23.6,+23.5,+24.6,+24.5,+24.3,+26,ESTP,0,0,+0,+0,+0.0167,+0,+0.0394,+0,+0,+0,00:48:01 23.03.2020
3684,+23.3,+18.3,+23.6,+23.4,+23.5,+23.6,+23.5,+24.6,+24.5,+24.3,+26,ESTP,0,0,+0,+0,+0.0167,+0,+0.0394,+0,+0,+0,00:49:01 23.03.2020
3685,+23.3,+18.3,+23.6,+23.4,+23.5,+23.6,+23.5,+24.6,+24.5,+24.3,+26,ESTP,0,0,+0,+0,+0.0167,+0,+0.0394,+0,+0,+0,00:50:01 23.03.2020
3686,+23.3,+18.3,+23.6,+23.4,+23.5,+23.6,+23.5,+24.6,+24.5,+24.3,+26,ESTP,0,0,+0,+0,+0.0167,+0,+0.0394,+0,+0,+0,00:51:01 23.03.2020
3687,+23.3,+18.2,+23.6,+23.4,+23.5,+23.6,+23.5,+24.6,+24.5,+24.3,+26,ESTP,0,0,+0,+0,+0.0167,+0,+0.0394,+0,+0,+0,00:52:01 23.03.2020
3688,+23.3,+18.2,+23.6,+23.4,+23.5,+23.6,+23.5,+24.6,+24.5,+24.3,+26,ESTP,0,0,+0,+0,+0.0167,+0,+0.0394,+0,+0,+0,00:53:01 23.03.2020
3689,+23.3,+18.2,+23.6,+23.4,+23.5,+23.6,+23.5,+24.6,+24.5,+24.3,+26,ESTP,0,0,+0,+0,+0.0167,+0,+0.0394,+0,+0,+0,00:54:01 23.03.2020
3690,+23.3,+18.2,+23.6,+23.4,+23.5,+23.6,+23.5,+24.6,+24.5,+24.3,+26,ESTP,0,0,+0,+0,+0.0167,+0,+0.0394,+0,+0,+0,00:55:01 23.03.2020
3691,+23.3,+18.2,+23.6,+23.4,+23.5,+23.6,+23.5,+24.6,+24.5,+24.3,+26,ESTP,0,0,+0,+0,+0.0167,+0,+0.0394,+0,+0,+0,00:56:01 23.03.2020
3692,+23.3,+18.2,+23.6,+23.4,+23.5,+23.6,+23.5,+24.6,+24.5,+24.3,+26,ESTP,0,0,+0,+0,+0.0167,+0,+0.0394,+0,+0,+0,00:57:01 23.03.2020
3693,+23.3,+18.2,+23.6,+23.4,+23.5,+23.6,+23.5,+24.6,+24.5,+24.2,+26,ESTP,0,0,+0,+0,+0.0167,+0,+0.0394,+0,+0,+0,00:58:01 23.03.2020
3694,+23.3,+18.2,+23.6,+23.4,+23.5,+23.6,+23.5,+24.6,+24.5,+24.3,+26,ESTP,0,0,+0,+0,+0.0167,+0,+0.0394,+0,+0,+0,00:59:01 23.03.2020
3695,+23.3,+18.2,+23.6,+23.4,+23.5,+23.6,+23.5,+24.6,+24.5,+24.3,+26,ESTP,0,0,+0,+0,+0.0167,+0,+0.0394,+0,+0,+0,01:00:01 23.03.2020
3696,+23.3,+18.2,+23.6,+23.4,+23.5,+23.6,+23.5,+24.6,+24.5,+24.3,+26,ESTP,0,0,+0,+0,+0.0167,+0,+0.0394,+0,+0,+0,01:01:01 23.03.2020
3697,+23.3,+18.2,+23.6,+23.4,+23.5,+23.6,+23.5,+24.6,+24.5,+24.2,+26,ESTP,0,0,+0,+0,+0.0167,+0,+0.0394,+0,+0,+0,01:02:01 23.03.2020
3698,+23.3,+18.2,+23.6,+23.4,+23.5,+23.6,+23.5,+24.6,+24.5,+24.2,+26,ESTP,0,0,+0,+0,+0.0167,+0,+0.0394,+0,+0,+0,01:03:01 23.03.2020
3699,+23.3,+18.2,+23.6,+23.4,+23.5,+23.6,+23.5,+24.6,+24.5,+24.2,+26,ESTP,0,0,+0,+0,+0.0167,+0,+0.0394,+0,+0,+0,01:04:01 23.03.2020
3700,+23.3,+18.2,+23.6,+23.4,+23.5,+23.6,+23.5,+24.6,+24.5,+24.2,+26,ESTP,0,0,+0,+0,+0.0167,+0,+0.0394,+0,+0,+0,01:05:01 23.03.2020
3701,+23.3,+18.2,+23.6,+23.4,+23.5,+23.6,+23.5,+24.6,+24.5,+24.2,+26,ESTP,0,0,+0,+0,+0.0167,+0,+0.0394,+0,+0,+0,01:06:01 23.03.2020
3702,+23.3,+18.2,+23.6,+23.4,+23.5,+23.6,+23.5,+24.6,+24.5,+24.2,+26,ESTP,0,0,+0,+0,+0.0167,+0,+0.0394,+0,+0,+0,01:07:01 23.03.2020
3703,+23.3,+18.2,+23.6,+23.4,+23.5,+23.6,+23.5,+24.6,+24.5,+24.2,+26,ESTP,0,0,+0,+0,+0.0167,+0,+0.0394,+0,+0,+0,01:08:01 23.03.2020
3704,+23.3,+18.2,+23.6,+23.4,+23.5,+23.6,+23.5,+24.6,+24.5,+24.2,+26,ESTP,0,0,+0,+0,+0.0167,+0,+0.0394,+0,+0,+0,01:09:01 23.03.2020
3705,+23.3,+18.2,+23.6,+23.4,+23.5,+23.6,+23.5,+24.6,+24.5,+24.2,+26,ESTP,0,0,+0,+0,+0.0167,+0,+0.0394,+0,+0,+0,01:10:01 23.03.2020
3706,+23.3,+18.2,+23.6,+23.4,+23.5,+23.6,+23.5,+24.6,+24.5,+24.2,+26,ESTP,0,0,+0,+0,+0.0167,+0,+0.0394,+0,+0,+0,01:11:01 23.03.2020
3707,+23.3,+18.2,+23.6,+23.4,+23.5,+23.6,+23.5,+24.6,+24.5,+24.2,+26,ESTP,0,0,+0,+0,+0.0167,+0,+0.0394,+0,+0,+0,01:12:01 23.03.2020
3708,+23.3,+18.2,+23.6,+23.4,+23.5,+23.6,+23.5,+24.6,+24.5,+24.2,+26,ESTP,0,0,+0,+0,+0.0167,+0,+0.0394,+0,+0,+0,01:13:01 23.03.2020
3709,+23.3,+18.1,+23.6,+23.4,+23.5,+23.6,+23.5,+24.6,+24.5,+24.2,+26,ESTP,0,0,+0,+0,+0.0167,+0,+0.0394,+0,+0,+0,01:14:01 23.03.2020
3710,+23.3,+18.1,+23.6,+23.4,+23.5,+23.6,+23.5,+24.6,+24.5,+24.2,+26,ESTP,0,0,+0,+0,+0.0167,+0,+0.0394,+0,+0,+0,01:15:01 23.03.2020
3711,+23.3,+18.1,+23.6,+23.4,+23.5,+23.6,+23.5,+24.6,+24.5,+24.2,+26,ESTP,0,0,+0,+0,+0.0167,+0,+0.0394,+0,+0,+0,01:16:01 23.03.2020
3712,+23.3,+18.1,+23.6,+23.4,+23.5,+23.6,+23.5,+24.6,+24.5,+24.2,+26,ESTP,0,0,+0,+0,+0.0167,+0,+0.0394,+0,+0,+0,01:17:01 23.03.2020
3713,+23.3,+18.1,+23.6,+23.4,+23.5,+23.6,+23.5,+24.6,+24.5,+24.2,+26,ESTP,0,0,+0,+0,+0.0167,+0,+0.0394,+0,+0,+0,01:18:01 23.03.2020
3714,+23.3,+18.1,+23.6,+23.4,+23.5,+23.6,+23.5,+24.6,+24.5,+24.2,+26,ESTP,0,0,+0,+0,+0.0167,+0,+0.0394,+0,+0,+0,01:19:01 23.03.2020
3715,+23.3,+18.1,+23.6,+23.4,+23.5,+23.6,+23.5,+24.6,+24.5,+24.2,+26,ESTP,0,0,+0,+0,+0.0167,+0,+0.0394,+0,+0,+0,01:20:01 23.03.2020
3716,+23.3,+18.1,+23.6,+23.4,+23.5,+23.6,+23.5,+24.6,+24.5,+24.2,+26,ESTP,0,0,+0,+0,+0.0167,+0,+0.0394,+0,+0,+0,01:21:01 23.03.2020
3717,+23.3,+18.1,+23.6,+23.4,+23.5,+23.6,+23.5,+24.6,+24.5,+24.2,+26,ESTP,0,0,+0,+0,+0.0167,+0,+0.0394,+0,+0,+0,01:22:01 23.03.2020
3718,+23.3,+18.1,+23.6,+23.4,+23.5,+23.6,+23.5,+24.6,+24.5,+24.2,+26,ESTP,0,0,+0,+0,+0.0167,+0,+0.0394,+0,+0,+0,01:23:01 23.03.2020
3719,+23.3,+18.1,+23.6,+23.4,+23.5,+23.6,+23.5,+24.5,+24.5,+24.2,+26,ESTP,0,0,+0,+0,+0.0167,+0,+0.0392,+0,+0,+0,01:24:01 23.03.2020
3720,+23.3,+18.1,+23.6,+23.4,+23.5,+23.6,+23.5,+24.6,+24.5,+24.2,+26,ESTP,0,0,+0,+0,+0.0167,+0,+0.0393,+0,+0,+0,01:25:01 23.03.2020
3721,+23.3,+18.1,+23.6,+23.4,+23.5,+23.6,+23.5,+24.5,+24.5,+24.2,+26,ESTP,0,0,+0,+0,+0.0167,+0,+0.0392,+0,+0,+0,01:26:01 23.03.2020
3722,+23.3,+18.1,+23.6,+23.4,+23.5,+23.6,+23.5,+24.5,+24.5,+24.2,+26,ESTP,0,0,+0,+0,+0.0167,+0,+0.0392,+0,+0,+0,01:27:01 23.03.2020
3723,+23.3,+18.1,+23.6,+23.4,+23.5,+23.6,+23.5,+24.5,+24.5,+24.2,+26,ESTP,0,0,+0,+0,+0.0167,+0,+0.0392,+0,+0,+0,01:28:01 23.03.2020
3724,+23.3,+18.1,+23.6,+23.4,+23.5,+23.6,+23.5,+24.5,+24.5,+24.2,+26,ESTP,0,0,+0,+0,+0.0167,+0,+0.0392,+0,+0,+0,01:29:01 23.03.2020
3725,+23.3,+18,+23.6,+23.4,+23.5,+23.6,+23.5,+24.5,+24.5,+24.2,+26,ESTP,0,0,+0,+0,+0.0167,+0,+0.0392,+0,+0,+0,01:30:01 23.03.2020
3726,+23.3,+18.1,+23.6,+23.4,+23.5,+23.6,+23.5,+24.5,+24.5,+24.2,+26,ESTP,0,0,+0,+0,+0.0167,+0,+0.0392,+0,+0,+0,01:31:01 23.03.2020
3727,+23.3,+18.1,+23.6,+23.4,+23.5,+23.6,+23.5,+24.5,+24.5,+24.2,+26,ESTP,0,0,+0,+0,+0.0167,+0,+0.0392,+0,+0,+0,01:32:01 23.03.2020
3728,+23.3,+18.1,+23.6,+23.4,+23.5,+23.6,+23.5,+24.5,+24.5,+24.2,+26,ESTP,0,0,+0,+0,+0.0167,+0,+0.0392,+0,+0,+0,01:33:01 23.03.2020
3729,+23.3,+18.1,+23.6,+23.4,+23.5,+23.6,+23.5,+24.5,+24.5,+24.2,+26,ESTP,0,0,+0,+0,+0.0167,+0,+0.0392,+0,+0,+0,01:34:01 23.03.2020
3730,+23.3,+18.1,+23.6,+23.4,+23.5,+23.6,+23.4,+24.5,+24.5,+24.2,+26,ESTP,0,0,+0,+0,+0.0167,+0,+0.0392,+0,+0,+0,01:35:01 23.03.2020
3731,+23.3,+18,+23.5,+23.4,+23.5,+23.6,+23.4,+24.5,+24.5,+24.2,+26,ESTP,0,0,+0,+0,+0.0167,+0,+0.0392,+0,+0,+0,01:36:01 23.03.2020
3732,+23.3,+18,+23.5,+23.4,+23.5,+23.6,+23.4,+24.5,+24.5,+24.2,+26,ESTP,0,0,+0,+0,+0.0167,+0,+0.0392,+0,+0,+0,01:37:01 23.03.2020
3733,+23.3,+18,+23.5,+23.4,+23.5,+23.6,+23.4,+24.5,+24.5,+24.2,+26,ESTP,0,0,+0,+0,+0.0167,+0,+0.0392,+0,+0,+0,01:38:01 23.03.2020
3734,+23.3,+18,+23.5,+23.4,+23.5,+23.6,+23.4,+24.5,+24.5,+24.2,+26,ESTP,0,0,+0,+0,+0.0167,+0,+0.0394,+0,+0,+0,01:39:01 23.03.2020
3735,+23.3,+18,+23.6,+23.4,+23.5,+23.6,+23.4,+24.5,+24.5,+24.2,+26,ESTP,0,0,+0,+0,+0.0167,+0,+0.0394,+0,+0,+0,01:40:01 23.03.2020
3736,+23.3,+18,+23.6,+23.4,+23.5,+23.6,+23.4,+24.6,+24.5,+24.2,+26,ESTP,0,0,+0,+0,+0.0167,+0,+0.0394,+0,+0,+0,01:41:01 23.03.2020
3737,+23.4,+18,+23.5,+23.4,+23.5,+23.6,+23.4,+24.6,+24.5,+24.2,+26,ESTP,0,0,+0,+0,+0.0167,+0,+0.0394,+0,+0,+0,01:42:01 23.03.2020
3738,+23.4,+18,+23.5,+23.4,+23.5,+23.6,+23.4,+24.6,+24.5,+24.2,+26,ESTP,0,0,+0,+0,+0.0167,+0,+0.0394,+0,+0,+0,01:43:01 23.03.2020
3739,+23.4,+18,+23.5,+23.4,+23.5,+23.6,+23.4,+24.6,+24.5,+24.2,+26,ESTP,0,0,+0,+0,+0.0167,+0,+0.0394,+0,+0,+0,01:44:01 23.03.2020
3740,+23.4,+17.9,+23.5,+23.4,+23.5,+23.6,+23.4,+24.6,+24.5,+24.2,+26,ESTP,0,0,+0,+0,+0.0167,+0,+0.0394,+0,+0,+0,01:45:01 23.03.2020
3741,+23.4,+17.9,+23.5,+23.4,+23.5,+23.6,+23.4,+24.6,+24.5,+24.2,+26,ESTP,0,0,+0,+0,+0.0167,+0,+0.0394,+0,+0,+0,01:46:01 23.03.2020
3742,+23.4,+17.9,+23.5,+23.4,+23.5,+23.6,+23.4,+24.6,+24.5,+24.2,+26,ESTP,0,0,+0,+0,+0.0167,+0,+0.0394,+0,+0,+0,01:47:01 23.03.2020
3743,+23.4,+17.9,+23.5,+23.4,+23.5,+23.6,+23.4,+24.6,+24.5,+24.2,+26,ESTP,0,0,+0,+0,+0.0167,+0,+0.0394,+0,+0,+0,01:48:01 23.03.2020
3744,+23.4,+17.9,+23.5,+23.4,+23.5,+23.6,+23.4,+24.6,+24.5,+24.2,+26,ESTP,0,0,+0,+0,+0.0167,+0,+0.0394,+0,+0,+0,01:49:01 23.03.2020
3745,+23.4,+17.9,+23.5,+23.4,+23.5,+23.6,+23.4,+24.6,+24.5,+24.2,+26,ESTP,0,0,+0,+0,+0.0167,+0,+0.0394,+0,+0,+0,01:50:01 23.03.2020
3746,+23.4,+17.9,+23.5,+23.4,+23.5,+23.6,+23.4,+24.6,+24.5,+24.2,+26,ESTP,0,0,+0,+0,+0.0167,+0,+0.0394,+0,+0,+0,01:51:01 23.03.2020
3747,+23.4,+17.9,+23.5,+23.4,+23.5,+23.6,+23.4,+24.6,+24.5,+24.2,+26,ESTP,0,0,+0,+0,+0.0167,+0,+0.0394,+0,+0,+0,01:52:01 23.03.2020
3748,+23.4,+17.9,+23.5,+23.4,+23.5,+23.6,+23.5,+24.6,+24.5,+24.2,+26,ESTP,0,0,+0,+0,+0.0167,+0,+0.0394,+0,+0,+0,01:53:01 23.03.2020
3749,+23.4,+17.9,+23.5,+23.4,+23.5,+23.6,+23.4,+24.6,+24.5,+24.2,+26,ESTP,0,0,+0,+0,+0.0167,+0,+0.0394,+0,+0,+0,01:54:01 23.03.2020
3750,+23.4,+17.9,+23.5,+23.4,+23.5,+23.6,+23.4,+24.6,+24.5,+24.2,+26,ESTP,0,0,+0,+0,+0.0167,+0,+0.0394,+0,+0,+0,01:55:01 23.03.2020
3751,+23.4,+17.9,+23.5,+23.4,+23.4,+23.6,+23.4,+24.6,+24.5,+24.2,+26,ESTP,0,0,+0,+0,+0.0167,+0,+0.0394,+0,+0,+0,01:56:01 23.03.2020
3752,+23.4,+17.9,+23.5,+23.4,+23.5,+23.6,+23.4,+24.6,+24.5,+24.2,+26,ESTP,0,0,+0,+0,+0.0167,+0,+0.0394,+0,+0,+0,01:57:01 23.03.2020
3753,+23.5,+17.9,+23.5,+23.4,+23.4,+23.6,+23.4,+24.6,+24.5,+24.3,+26,ESTP,0,0,+0,+0,+0.0167,+0,+0.0394,+0,+0,+0,01:58:01 23.03.2020
3754,+23.5,+17.9,+23.5,+23.4,+23.5,+23.6,+23.4,+24.6,+24.5,+24.3,+26,ESTP,0,0,+0,+0,+0.0167,+0,+0.0394,+0,+0,+0,01:59:01 23.03.2020
3755,+23.5,+17.9,+23.5,+23.3,+23.5,+23.6,+23.4,+24.6,+24.5,+24.3,+26,ESTP,0,0,+0,+0,+0.0167,+0,+0.0394,+0,+0,+0,02:00:01 23.03.2020
3756,+23.5,+17.9,+23.5,+23.4,+23.5,+23.6,+23.4,+24.6,+24.5,+24.3,+26,ESTP,0,0,+0,+0,+0.0167,+0,+0.0394,+0,+0,+0,02:01:01 23.03.2020
3757,+23.5,+17.9,+23.5,+23.3,+23.4,+23.6,+23.4,+24.6,+24.5,+24.3,+26,ESTP,0,0,+0,+0,+0.0167,+0,+0.0394,+0,+0,+0,02:02:01 23.03.2020
3758,+23.5,+17.9,+23.5,+23.3,+23.4,+23.6,+23.5,+24.6,+24.5,+24.3,+26,ESTP,0,0,+0,+0,+0.0167,+0,+0.0394,+0,+0,+0,02:03:01 23.03.2020
3759,+23.5,+17.9,+23.5,+23.4,+23.4,+23.6,+23.4,+24.6,+24.5,+24.3,+26,ESTP,0,0,+0,+0,+0.0167,+0,+0.0394,+0,+0,+0,02:04:01 23.03.2020
3760,+23.5,+17.8,+23.5,+23.3,+23.4,+23.6,+23.5,+24.6,+24.5,+24.3,+26,ESTP,0,0,+0,+0,+0.0167,+0,+0.0394,+0,+0,+0,02:05:01 23.03.2020
3761,+23.5,+17.8,+23.5,+23.3,+23.4,+23.6,+23.5,+24.6,+24.5,+24.3,+26,ESTP,0,0,+0,+0,+0.0167,+0,+0.0394,+0,+0,+0,02:06:01 23.03.2020
3762,+23.5,+17.8,+23.5,+23.3,+23.4,+23.6,+23.4,+24.6,+24.5,+24.3,+26,ESTP,0,0,+0,+0,+0.0167,+0,+0.0394,+0,+0,+0,02:07:01 23.03.2020
3763,+23.5,+17.8,+23.5,+23.3,+23.4,+23.6,+23.4,+24.6,+24.6,+24.3,+26,ESTP,0,0,+0,+0,+0.0167,+0,+0.0394,+0,+0,+0,02:08:01 23.03.2020
3764,+23.5,+17.8,+23.5,+23.3,+23.4,+23.6,+23.5,+24.6,+24.5,+24.3,+26,ESTP,0,0,+0,+0,+0.0167,+0,+0.0394,+0,+0,+0,02:09:01 23.03.2020
3765,+23.5,+17.8,+23.5,+23.3,+23.4,+23.6,+23.5,+24.6,+24.6,+24.3,+26,ESTP,0,0,+0,+0,+0.0167,+0,+0.0394,+0,+0,+0,02:10:01 23.03.2020
3766,+23.5,+17.8,+23.5,+23.3,+23.4,+23.6,+23.5,+24.6,+24.5,+24.3,+26,ESTP,0,0,+0,+0,+0.0167,+0,+0.0394,+0,+0,+0,02:11:01 23.03.2020
3767,+23.5,+17.8,+23.5,+23.3,+23.4,+23.6,+23.5,+24.6,+24.6,+24.3,+26,ESTP,0,0,+0,+0,+0.0167,+0,+0.0394,+0,+0,+0,02:12:01 23.03.2020
3768,+23.5,+17.8,+23.5,+23.3,+23.4,+23.6,+23.5,+24.6,+24.6,+24.3,+26,ESTP,0,0,+0,+0,+0.0167,+0,+0.0394,+0,+0,+0,02:13:01 23.03.2020
3769,+23.5,+17.8,+23.5,+23.3,+23.4,+23.6,+23.5,+24.6,+24.6,+24.3,+26,ESTP,0,0,+0,+0,+0.0167,+0,+0.0394,+0,+0,+0,02:14:01 23.03.2020
3770,+23.5,+17.8,+23.5,+23.3,+23.4,+23.6,+23.5,+24.6,+24.6,+24.3,+26,ESTP,0,0,+0,+0,+0.0167,+0,+0.0394,+0,+0,+0,02:15:01 23.03.2020
3771,+23.6,+17.8,+23.5,+23.3,+23.4,+23.6,+23.5,+24.6,+24.6,+24.3,+26,ESTP,0,0,+0,+0,+0.0167,+0,+0.0394,+0,+0,+0,02:16:01 23.03.2020
3772,+23.6,+17.8,+23.5,+23.3,+23.4,+23.6,+23.5,+24.6,+24.6,+24.3,+26,ESTP,0,0,+0,+0,+0.0167,+0,+0.0394,+0,+0,+0,02:17:01 23.03.2020
3773,+23.6,+17.8,+23.5,+23.3,+23.4,+23.6,+23.5,+24.6,+24.6,+24.3,+26,ESTP,0,0,+0,+0,+0.0167,+0,+0.0394,+0,+0,+0,02:18:01 23.03.2020
3774,+23.6,+17.8,+23.5,+23.3,+23.4,+23.6,+23.5,+24.6,+24.6,+24.3,+26,ESTP,0,0,+0,+0,+0.0167,+0,+0.0394,+0,+0,+0,02:19:01 23.03.2020
3775,+23.6,+17.8,+23.5,+23.3,+23.4,+23.7,+23.5,+24.6,+24.6,+24.3,+26,ESTP,0,0,+0,+0,+0.0167,+0,+0.0394,+0,+0,+0,02:20:01 23.03.2020
3776,+23.6,+17.8,+23.5,+23.3,+23.4,+23.7,+23.5,+24.7,+24.6,+24.3,+26,ESTP,0,0,+0,+0,+0.0167,+0,+0.0394,+0,+0,+0,02:21:01 23.03.2020
3777,+23.6,+17.8,+23.5,+23.3,+23.4,+23.7,+23.5,+24.7,+24.6,+24.3,+26,ESTP,0,0,+0,+0,+0.0167,+0,+0.0394,+0,+0,+0,02:22:01 23.03.2020
3778,+23.6,+17.8,+23.5,+23.3,+23.4,+23.7,+23.5,+24.7,+24.6,+24.3,+26,ESTP,0,0,+0,+0,+0.0167,+0,+0.0394,+0,+0,+0,02:23:01 23.03.2020
3779,+23.6,+17.7,+23.5,+23.3,+23.4,+23.7,+23.5,+24.7,+24.6,+24.3,+26,ESTP,0,0,+0,+0,+0.0167,+0,+0.0394,+0,+0,+0,02:24:01 23.03.2020
3780,+23.6,+17.7,+23.5,+23.3,+23.4,+23.7,+23.5,+24.7,+24.6,+24.3,+26,ESTP,0,0,+0,+0,+0.0167,+0,+0.0394,+0,+0,+0,02:25:01 23.03.2020
3781,+23.6,+17.7,+23.5,+23.3,+23.4,+23.7,+23.5,+24.7,+24.6,+24.3,+26,ESTP,0,0,+0,+0,+0.0167,+0,+0.0394,+0,+0,+0,02:26:01 23.03.2020
3782,+23.6,+17.7,+23.5,+23.3,+23.4,+23.7,+23.5,+24.7,+24.6,+24.3,+26,ESTP,0,0,+0,+0,+0.0167,+0,+0.0394,+0,+0,+0,02:27:01 23.03.2020
3783,+23.6,+17.7,+23.5,+23.3,+23.4,+23.7,+23.5,+24.7,+24.6,+24.3,+26,ESTP,0,0,+0,+0,+0.0167,+0,+0.0394,+0,+0,+0,02:28:01 23.03.2020
3784,+23.6,+17.7,+23.5,+23.3,+23.4,+23.7,+23.5,+24.7,+24.6,+24.3,+26,ESTP,0,0,+0,+0,+0.0167,+0,+0.0394,+0,+0,+0,02:29:01 23.03.2020
3785,+23.6,+17.7,+23.5,+23.3,+23.4,+23.6,+23.5,+24.7,+24.6,+24.3,+26,ESTP,0,0,+0,+0,+0.0167,+0,+0.0394,+0,+0,+0,02:30:01 23.03.2020
3786,+23.6,+17.7,+23.5,+23.3,+23.4,+23.6,+23.5,+24.7,+24.6,+24.3,+26,ESTP,0,0,+0,+0,+0.0167,+0,+0.0394,+0,+0,+0,02:31:01 23.03.2020
3787,+23.6,+17.7,+23.5,+23.3,+23.4,+23.6,+23.5,+24.7,+24.6,+24.3,+26,ESTP,0,0,+0,+0,+0.0167,+0,+0.0394,+0,+0,+0,02:32:01 23.03.2020
3788,+23.6,+17.7,+23.5,+23.3,+23.4,+23.6,+23.5,+24.7,+24.6,+24.3,+26,ESTP,0,0,+0,+0,+0.0167,+0,+0.0394,+0,+0,+0,02:33:01 23.03.2020
3789,+23.6,+17.7,+23.5,+23.3,+23.4,+23.7,+23.5,+24.7,+24.6,+24.3,+26,ESTP,0,0,+0,+0,+0.0167,+0,+0.0394,+0,+0,+0,02:34:01 23.03.2020
3790,+23.6,+17.7,+23.5,+23.3,+23.4,+23.7,+23.5,+24.7,+24.6,+24.3,+26,ESTP,0,0,+0,+0,+0.0167,+0,+0.0394,+0,+0,+0,02:35:01 23.03.2020
3791,+23.6,+17.7,+23.5,+23.3,+23.4,+23.7,+23.5,+24.7,+24.6,+24.3,+26,ESTP,0,0,+0,+0,+0.0167,+0,+0.0394,+0,+0,+0,02:36:01 23.03.2020
3792,+23.6,+17.7,+23.5,+23.3,+23.4,+23.7,+23.5,+24.7,+24.6,+24.3,+26,ESTP,0,0,+0,+0,+0.0167,+0,+0.0394,+0,+0,+0,02:37:01 23.03.2020
3793,+23.6,+17.7,+23.5,+23.3,+23.4,+23.7,+23.5,+24.7,+24.6,+24.3,+26,ESTP,0,0,+0,+0,+0.0167,+0,+0.0394,+0,+0,+0,02:38:01 23.03.2020
3794,+23.6,+17.7,+23.5,+23.3,+23.4,+23.7,+23.5,+24.7,+24.6,+24.3,+26,ESTP,0,0,+0,+0,+0.0167,+0,+0.0394,+0,+0,+0,02:39:01 23.03.2020
3795,+23.6,+17.7,+23.5,+23.3,+23.4,+23.7,+23.5,+24.7,+24.6,+24.3,+26,ESTP,0,0,+0,+0,+0.0167,+0,+0.0394,+0,+0,+0,02:40:01 23.03.2020
3796,+23.6,+17.7,+23.5,+23.3,+23.4,+23.7,+23.5,+24.7,+24.6,+24.3,+26,ESTP,0,0,+0,+0,+0.0167,+0,+0.0394,+0,+0,+0,02:41:01 23.03.2020
3797,+23.7,+17.7,+23.5,+23.3,+23.4,+23.7,+23.5,+24.7,+24.6,+24.3,+26,ESTP,0,0,+0,+0,+0.0167,+0,+0.0394,+0,+0,+0,02:42:01 23.03.2020
3798,+23.6,+17.7,+23.5,+23.3,+23.4,+23.7,+23.5,+24.7,+24.6,+24.3,+26,ESTP,0,0,+0,+0,+0.0167,+0,+0.0394,+0,+0,+0,02:43:01 23.03.2020
3799,+23.6,+17.7,+23.5,+23.3,+23.4,+23.7,+23.5,+24.7,+24.6,+24.3,+26,ESTP,0,0,+0,+0,+0.0167,+0,+0.0394,+0,+0,+0,02:44:01 23.03.2020
3800,+23.6,+17.6,+23.5,+23.3,+23.4,+23.7,+23.5,+24.7,+24.6,+24.3,+26,ESTP,0,0,+0,+0,+0.0167,+0,+0.0394,+0,+0,+0,02:45:01 23.03.2020
3801,+23.7,+17.6,+23.5,+23.3,+23.4,+23.7,+23.5,+24.7,+24.6,+24.3,+26,ESTP,0,0,+0,+0,+0.0167,+0,+0.0394,+0,+0,+0,02:46:01 23.03.2020
3802,+23.6,+17.6,+23.5,+23.3,+23.4,+23.7,+23.5,+24.7,+24.6,+24.3,+26,ESTP,0,0,+0,+0,+0.0167,+0,+0.0394,+0,+0,+0,02:47:01 23.03.2020
3803,+23.7,+17.6,+23.5,+23.3,+23.4,+23.7,+23.5,+24.7,+24.6,+24.3,+26,ESTP,0,0,+0,+0,+0.0167,+0,+0.0394,+0,+0,+0,02:48:01 23.03.2020
3804,+23.7,+17.6,+23.5,+23.3,+23.4,+23.7,+23.5,+24.7,+24.6,+24.3,+26,ESTP,0,0,+0,+0,+0.0167,+0,+0.0394,+0,+0,+0,02:49:01 23.03.2020
3805,+23.7,+17.6,+23.5,+23.3,+23.4,+23.7,+23.5,+24.7,+24.6,+24.3,+26,ESTP,0,0,+0,+0,+0.0167,+0,+0.0394,+0,+0,+0,02:50:01 23.03.2020
3806,+23.7,+17.6,+23.5,+23.3,+23.4,+23.7,+23.5,+24.7,+24.6,+24.3,+26,ESTP,0,0,+0,+0,+0.0167,+0,+0.0394,+0,+0,+0,02:51:01 23.03.2020
3807,+23.7,+17.6,+23.5,+23.3,+23.4,+23.7,+23.5,+24.7,+24.6,+24.3,+26,ESTP,0,0,+0,+0,+0.0167,+0,+0.0394,+0,+0,+0,02:52:01 23.03.2020
3808,+23.7,+17.6,+23.5,+23.3,+23.4,+23.7,+23.5,+24.7,+24.6,+24.3,+26,ESTP,0,0,+0,+0,+0.0167,+0,+0.0394,+0,+0,+0,02:53:01 23.03.2020
3809,+23.7,+17.6,+23.5,+23.3,+23.4,+23.7,+23.5,+24.7,+24.6,+24.3,+26,ESTP,0,0,+0,+0,+0.0167,+0,+0.0394,+0,+0,+0,02:54:01 23.03.2020
3810,+23.7,+17.6,+23.5,+23.3,+23.4,+23.7,+23.5,+24.7,+24.6,+24.3,+26,ESTP,0,0,+0,+0,+0.0167,+0,+0.0394,+0,+0,+0,02:55:01 23.03.2020
3811,+23.7,+17.6,+23.5,+23.3,+23.4,+23.7,+23.5,+24.7,+24.6,+24.3,+26,ESTP,0,0,+0,+0,+0.0167,+0,+0.0394,+0,+0,+0,02:56:01 23.03.2020
3812,+23.7,+17.6,+23.5,+23.3,+23.4,+23.7,+23.5,+24.7,+24.6,+24.3,+26,ESTP,0,0,+0,+0,+0.0167,+0,+0.0394,+0,+0,+0,02:57:01 23.03.2020
3813,+23.7,+17.5,+23.5,+23.3,+23.4,+23.7,+23.5,+24.7,+24.6,+24.3,+26,ESTP,0,0,+0,+0,+0.0167,+0,+0.0394,+0,+0,+0,02:58:01 23.03.2020
3814,+23.7,+17.5,+23.5,+23.3,+23.4,+23.7,+23.5,+24.7,+24.6,+24.3,+26,ESTP,0,0,+0,+0,+0.0167,+0,+0.0394,+0,+0,+0,02:59:01 23.03.2020
3815,+23.7,+17.5,+23.5,+23.3,+23.4,+23.7,+23.5,+24.7,+24.6,+24.3,+26,ESTP,0,0,+0,+0,+0.0167,+0,+0.0394,+0,+0,+0,03:00:01 23.03.2020
3816,+23.7,+17.5,+23.5,+23.3,+23.4,+23.7,+23.5,+24.7,+24.6,+24.3,+26,ESTP,0,0,+0,+0,+0.0167,+0,+0.0394,+0,+0,+0,03:01:01 23.03.2020
3817,+23.7,+17.5,+23.5,+23.3,+23.4,+23.7,+23.5,+24.7,+24.6,+24.3,+26,ESTP,0,0,+0,+0,+0.0167,+0,+0.0394,+0,+0,+0,03:02:01 23.03.2020
3818,+23.7,+17.5,+23.5,+23.3,+23.4,+23.7,+23.5,+24.7,+24.6,+24.3,+26,ESTP,0,0,+0,+0,+0.0167,+0,+0.0394,+0,+0,+0,03:03:01 23.03.2020
3819,+23.7,+17.5,+23.5,+23.3,+23.4,+23.7,+23.5,+24.7,+24.6,+24.3,+26,ESTP,0,0,+0,+0,+0.0167,+0,+0.0394,+0,+0,+0,03:04:01 23.03.2020
3820,+23.7,+17.5,+23.5,+23.3,+23.4,+23.7,+23.5,+24.7,+24.6,+24.3,+26,ESTP,0,0,+0,+0,+0.0167,+0,+0.0394,+0,+0,+0,03:05:01 23.03.2020
3821,+23.7,+17.5,+23.5,+23.3,+23.4,+23.7,+23.5,+24.7,+24.6,+24.3,+26,ESTP,0,0,+0,+0,+0.0167,+0,+0.0394,+0,+0,+0,03:06:01 23.03.2020
3822,+23.7,+17.5,+23.5,+23.3,+23.4,+23.7,+23.5,+24.7,+24.6,+24.3,+26,ESTP,0,0,+0,+0,+0.0167,+0,+0.0394,+0,+0,+0,03:07:01 23.03.2020
3823,+23.8,+17.5,+23.5,+23.3,+23.4,+23.7,+23.5,+24.7,+24.6,+24.3,+26,ESTP,0,0,+0,+0,+0.0167,+0,+0.0394,+0,+0,+0,03:08:01 23.03.2020
3824,+23.8,+17.5,+23.5,+23.3,+23.4,+23.7,+23.5,+24.7,+24.6,+24.3,+26,ESTP,0,0,+0,+0,+0.0167,+0,+0.0394,+0,+0,+0,03:09:01 23.03.2020
3825,+23.8,+17.5,+23.5,+23.3,+23.4,+23.7,+23.5,+24.7,+24.6,+24.4,+26,ESTP,0,0,+0,+0,+0.0167,+0,+0.0394,+0,+0,+0,03:10:01 23.03.2020
3826,+23.8,+17.5,+23.5,+23.3,+23.4,+23.7,+23.5,+24.7,+24.6,+24.4,+26,ESTP,0,0,+0,+0,+0.0167,+0,+0.0394,+0,+0,+0,03:11:01 23.03.2020
3827,+23.8,+17.5,+23.5,+23.3,+23.4,+23.7,+23.5,+24.7,+24.6,+24.4,+26,ESTP,0,0,+0,+0,+0.0167,+0,+0.0394,+0,+0,+0,03:12:01 23.03.2020
3828,+23.8,+17.5,+23.5,+23.3,+23.4,+23.7,+23.5,+24.7,+24.6,+24.4,+26,ESTP,0,0,+0,+0,+0.0167,+0,+0.0394,+0,+0,+0,03:13:01 23.03.2020
3829,+23.8,+17.5,+23.5,+23.3,+23.4,+23.7,+23.5,+24.7,+24.6,+24.4,+26,ESTP,0,0,+0,+0,+0.0167,+0,+0.0394,+0,+0,+0,03:14:01 23.03.2020
3830,+23.8,+17.4,+23.5,+23.3,+23.4,+23.7,+23.5,+24.7,+24.6,+24.4,+26,ESTP,0,0,+0,+0,+0.0167,+0,+0.0394,+0,+0,+0,03:15:01 23.03.2020
3831,+23.8,+17.4,+23.5,+23.3,+23.4,+23.7,+23.5,+24.7,+24.6,+24.4,+26,ESTP,0,0,+0,+0,+0.0167,+0,+0.0394,+0,+0,+0,03:16:01 23.03.2020
3832,+23.8,+17.4,+23.5,+23.3,+23.4,+23.7,+23.5,+24.7,+24.6,+24.4,+26,ESTP,0,0,+0,+0,+0.0167,+0,+0.0394,+0,+0,+0,03:17:01 23.03.2020
3833,+23.8,+17.4,+23.5,+23.3,+23.4,+23.7,+23.5,+24.7,+24.6,+24.4,+26,ESTP,0,0,+0,+0,+0.0167,+0,+0.0394,+0,+0,+0,03:18:01 23.03.2020
3834,+23.8,+17.4,+23.5,+23.3,+23.4,+23.7,+23.5,+24.7,+24.6,+24.4,+26,ESTP,0,0,+0,+0,+0.0167,+0,+0.0394,+0,+0,+0,03:19:01 23.03.2020
3835,+23.8,+17.4,+23.5,+23.3,+23.4,+23.7,+23.5,+24.7,+24.6,+24.4,+26,ESTP,0,0,+0,+0,+0.0167,+0,+0.0394,+0,+0,+0,03:20:01 23.03.2020
3836,+23.8,+17.4,+23.5,+23.3,+23.4,+23.7,+23.5,+24.7,+24.6,+24.4,+26,ESTP,0,0,+0,+0,+0.0167,+0,+0.0394,+0,+0,+0,03:21:01 23.03.2020
3837,+23.8,+17.4,+23.5,+23.3,+23.4,+23.7,+23.5,+24.7,+24.6,+24.4,+26,ESTP,0,0,+0,+0,+0.0167,+0,+0.0394,+0,+0,+0,03:22:01 23.03.2020
3838,+23.8,+17.4,+23.5,+23.3,+23.4,+23.7,+23.5,+24.7,+24.6,+24.4,+26,ESTP,0,0,+0,+0,+0.0167,+0,+0.0394,+0,+0,+0,03:23:01 23.03.2020
3839,+23.8,+17.4,+23.5,+23.3,+23.4,+23.7,+23.5,+24.7,+24.6,+24.4,+26,ESTP,0,0,+0,+0,+0.0167,+0,+0.0394,+0,+0,+0,03:24:01 23.03.2020
3840,+23.8,+17.4,+23.5,+23.3,+23.4,+23.7,+23.5,+24.7,+24.6,+24.4,+26,ESTP,0,0,+0,+0,+0.0167,+0,+0.0394,+0,+0,+0,03:25:01 23.03.2020
3841,+23.8,+17.4,+23.5,+23.3,+23.4,+23.7,+23.5,+24.7,+24.6,+24.4,+26,ESTP,0,0,+0,+0,+0.0167,+0,+0.0394,+0,+0,+0,03:26:01 23.03.2020
3842,+23.8,+17.4,+23.5,+23.3,+23.4,+23.7,+23.5,+24.7,+24.6,+24.4,+26,ESTP,0,0,+0,+0,+0.0167,+0,+0.0394,+0,+0,+0,03:27:01 23.03.2020
3843,+23.8,+17.4,+23.5,+23.3,+23.4,+23.7,+23.5,+24.7,+24.6,+24.4,+26,ESTP,0,0,+0,+0,+0.0167,+0,+0.0394,+0,+0,+0,03:28:01 23.03.2020
3844,+23.8,+17.4,+23.5,+23.3,+23.4,+23.7,+23.5,+24.7,+24.6,+24.4,+26,ESTP,0,0,+0,+0,+0.0167,+0,+0.0395,+0,+0,+0,03:29:01 23.03.2020
3845,+23.8,+17.4,+23.5,+23.3,+23.4,+23.8,+23.5,+24.7,+24.6,+24.4,+26,ESTP,0,0,+0,+0,+0.0167,+0,+0.0396,+0,+0,+0,03:30:01 23.03.2020
3846,+23.8,+17.4,+23.5,+23.3,+23.4,+23.8,+23.5,+24.7,+24.6,+24.4,+26,ESTP,0,0,+0,+0,+0.0167,+0,+0.0395,+0,+0,+0,03:31:01 23.03.2020
3847,+23.8,+17.4,+23.5,+23.3,+23.4,+23.8,+23.5,+24.7,+24.6,+24.4,+26,ESTP,0,0,+0,+0,+0.0167,+0,+0.0394,+0,+0,+0,03:32:01 23.03.2020
3848,+23.8,+17.4,+23.5,+23.3,+23.4,+23.7,+23.5,+24.7,+24.6,+24.4,+26,ESTP,0,0,+0,+0,+0.0167,+0,+0.0394,+0,+0,+0,03:33:01 23.03.2020
3849,+23.8,+17.4,+23.5,+23.3,+23.4,+23.7,+23.5,+24.7,+24.6,+24.4,+26,ESTP,0,0,+0,+0,+0.0167,+0,+0.0396,+0,+0,+0,03:34:01 23.03.2020
3850,+23.8,+17.4,+23.5,+23.3,+23.4,+23.7,+23.5,+24.7,+24.6,+24.4,+26,ESTP,0,0,+0,+0,+0.0167,+0,+0.0394,+0,+0,+0,03:35:01 23.03.2020
3851,+23.8,+17.4,+23.5,+23.3,+23.4,+23.7,+23.5,+24.7,+24.6,+24.4,+26,ESTP,0,0,+0,+0,+0.0167,+0,+0.0396,+0,+0,+0,03:36:01 23.03.2020
3852,+23.8,+17.4,+23.5,+23.3,+23.4,+23.7,+23.5,+24.7,+24.6,+24.4,+26,ESTP,0,0,+0,+0,+0.0167,+0,+0.0394,+0,+0,+0,03:37:01 23.03.2020
3853,+23.8,+17.4,+23.4,+23.3,+23.4,+23.7,+23.5,+24.7,+24.6,+24.4,+26,ESTP,0,0,+0,+0,+0.0167,+0,+0.0394,+0,+0,+0,03:38:01 23.03.2020
3854,+23.8,+17.4,+23.4,+23.3,+23.4,+23.7,+23.5,+24.7,+24.6,+24.4,+26,ESTP,0,0,+0,+0,+0.0167,+0,+0.0394,+0,+0,+0,03:39:01 23.03.2020
3855,+23.9,+17.4,+23.5,+23.3,+23.4,+23.7,+23.5,+24.7,+24.6,+24.4,+26,ESTP,0,0,+0,+0,+0.0167,+0,+0.0394,+0,+0,+0,03:40:01 23.03.2020
3856,+23.9,+17.3,+23.4,+23.3,+23.4,+23.8,+23.5,+24.7,+24.6,+24.4,+26,ESTP,0,0,+0,+0,+0.0167,+0,+0.0394,+0,+0,+0,03:41:01 23.03.2020
3857,+23.9,+17.3,+23.5,+23.3,+23.4,+23.8,+23.5,+24.8,+24.6,+24.4,+26,ESTP,0,0,+0,+0,+0.0168,+0,+0.0396,+0,+0,+0,03:42:01 23.03.2020
3858,+23.8,+17.3,+23.4,+23.3,+23.4,+23.8,+23.5,+24.8,+24.7,+24.4,+26,ESTP,0,0,+0,+0,+0.0168,+0,+0.0396,+0,+0,+0,03:43:01 23.03.2020
3859,+23.8,+17.3,+23.5,+23.3,+23.4,+23.8,+23.5,+24.8,+24.7,+24.4,+26,ESTP,0,0,+0,+0,+0.0168,+0,+0.0396,+0,+0,+0,03:44:01 23.03.2020
3860,+23.8,+17.3,+23.4,+23.3,+23.4,+23.8,+23.5,+24.8,+24.7,+24.4,+26,ESTP,0,0,+0,+0,+0.0168,+0,+0.0396,+0,+0,+0,03:45:01 23.03.2020
3861,+23.8,+17.3,+23.4,+23.3,+23.4,+23.8,+23.5,+24.8,+24.7,+24.4,+26,ESTP,0,0,+0,+0,+0.0168,+0,+0.0396,+0,+0,+0,03:46:01 23.03.2020
3862,+23.8,+17.3,+23.4,+23.3,+23.4,+23.8,+23.5,+24.8,+24.7,+24.4,+26,ESTP,0,0,+0,+0,+0.0168,+0,+0.0396,+0,+0,+0,03:47:01 23.03.2020
3863,+23.8,+17.3,+23.4,+23.3,+23.4,+23.8,+23.5,+24.8,+24.7,+24.4,+26,ESTP,0,0,+0,+0,+0.0168,+0,+0.0396,+0,+0,+0,03:48:01 23.03.2020
3864,+23.8,+17.3,+23.4,+23.3,+23.3,+23.8,+23.5,+24.8,+24.7,+24.4,+26,ESTP,0,0,+0,+0,+0.0168,+0,+0.0396,+0,+0,+0,03:49:01 23.03.2020
3865,+23.8,+17.3,+23.4,+23.3,+23.4,+23.8,+23.5,+24.8,+24.7,+24.4,+26,ESTP,0,0,+0,+0,+0.0168,+0,+0.0396,+0,+0,+0,03:50:01 23.03.2020
3866,+23.8,+17.3,+23.4,+23.3,+23.3,+23.8,+23.5,+24.8,+24.7,+24.4,+26,ESTP,0,0,+0,+0,+0.0168,+0,+0.0396,+0,+0,+0,03:51:01 23.03.2020
3867,+23.7,+17.3,+23.4,+23.3,+23.3,+23.8,+23.5,+24.8,+24.7,+24.4,+26,ESTP,0,0,+0,+0,+0.0168,+0,+0.0396,+0,+0,+0,03:52:01 23.03.2020
3868,+23.7,+17.3,+23.4,+23.3,+23.3,+23.8,+23.5,+24.8,+24.7,+24.4,+26,ESTP,0,0,+0,+0,+0.0168,+0,+0.0394,+0,+0,+0,03:53:01 23.03.2020
3869,+23.7,+17.3,+23.4,+23.3,+23.3,+23.8,+23.5,+24.8,+24.7,+24.4,+26,ESTP,0,0,+0,+0,+0.0168,+0,+0.0394,+0,+0,+0,03:54:01 23.03.2020
3870,+23.7,+17.2,+23.4,+23.3,+23.3,+23.8,+23.5,+24.8,+24.7,+24.4,+26,ESTP,0,0,+0,+0,+0.0168,+0,+0.0394,+0,+0,+0,03:55:01 23.03.2020
3871,+23.7,+17.2,+23.4,+23.3,+23.3,+23.8,+23.5,+24.8,+24.7,+24.4,+26,ESTP,0,0,+0,+0,+0.0168,+0,+0.0394,+0,+0,+0,03:56:01 23.03.2020
3872,+23.7,+17.2,+23.4,+23.3,+23.3,+23.8,+23.5,+24.8,+24.7,+24.4,+26,ESTP,0,0,+0,+0,+0.0168,+0,+0.0396,+0,+0,+0,03:57:01 23.03.2020
3873,+23.7,+17.2,+23.4,+23.3,+23.3,+23.8,+23.5,+24.8,+24.7,+24.4,+26,ESTP,0,0,+0,+0,+0.0168,+0,+0.0396,+0,+0,+0,03:58:01 23.03.2020
3874,+23.7,+17.2,+23.4,+23.3,+23.3,+23.8,+23.5,+24.8,+24.7,+24.4,+26,ESTP,0,0,+0,+0,+0.0168,+0,+0.0396,+0,+0,+0,03:59:01 23.03.2020
3875,+23.7,+17.2,+23.4,+23.3,+23.3,+23.9,+23.5,+24.8,+24.7,+24.4,+26,ESTP,0,0,+0,+0,+0.0168,+0,+0.0396,+0,+0,+0,04:00:01 23.03.2020
3876,+23.7,+17.2,+23.4,+23.3,+23.3,+23.9,+23.5,+24.8,+24.7,+24.4,+26,ESTP,0,0,+0,+0,+0.0168,+0,+0.0396,+0,+0,+0,04:01:01 23.03.2020
3877,+23.7,+17.2,+23.4,+23.3,+23.3,+23.9,+23.5,+24.8,+24.7,+24.4,+26,ESTP,0,0,+0,+0,+0.0168,+0,+0.0396,+0,+0,+0,04:02:01 23.03.2020
3878,+23.7,+17.2,+23.4,+23.3,+23.3,+23.8,+23.5,+24.8,+24.7,+24.4,+26,ESTP,0,0,+0,+0,+0.0168,+0,+0.0396,+0,+0,+0,04:03:01 23.03.2020
3879,+23.7,+17.2,+23.4,+23.3,+23.3,+23.8,+23.5,+24.8,+24.7,+24.4,+26,ESTP,0,0,+0,+0,+0.0168,+0,+0.0396,+0,+0,+0,04:04:01 23.03.2020
3880,+23.6,+17.2,+23.4,+23.3,+23.3,+23.8,+23.5,+24.8,+24.7,+24.4,+26,ESTP,0,0,+0,+0,+0.0168,+0,+0.0396,+0,+0,+0,04:05:01 23.03.2020
3881,+23.6,+17.2,+23.4,+23.3,+23.3,+23.8,+23.5,+24.8,+24.7,+24.4,+26,ESTP,0,0,+0,+0,+0.0168,+0,+0.0396,+0,+0,+0,04:06:01 23.03.2020
3882,+23.6,+17.2,+23.4,+23.3,+23.3,+23.8,+23.5,+24.8,+24.7,+24.4,+26,ESTP,0,0,+0,+0,+0.0168,+0,+0.0396,+0,+0,+0,04:07:01 23.03.2020
3883,+23.6,+17.2,+23.4,+23.3,+23.3,+23.8,+23.5,+24.8,+24.7,+24.4,+26,ESTP,0,0,+0,+0,+0.0168,+0,+0.0396,+0,+0,+0,04:08:01 23.03.2020
3884,+23.6,+17.2,+23.4,+23.3,+23.3,+23.8,+23.5,+24.8,+24.7,+24.4,+26,ESTP,0,0,+0,+0,+0.0168,+0,+0.0396,+0,+0,+0,04:09:01 23.03.2020
3885,+23.6,+17.2,+23.4,+23.3,+23.3,+23.8,+23.5,+24.8,+24.7,+24.4,+26,ESTP,0,0,+0,+0,+0.0168,+0,+0.0394,+0,+0,+0,04:10:01 23.03.2020
3886,+23.6,+17.2,+23.4,+23.3,+23.3,+23.8,+23.5,+24.8,+24.7,+24.4,+26,ESTP,0,0,+0,+0,+0.0168,+0,+0.0394,+0,+0,+0,04:11:01 23.03.2020
3887,+23.6,+17.2,+23.4,+23.3,+23.3,+23.8,+23.5,+24.8,+24.7,+24.4,+26,ESTP,0,0,+0,+0,+0.0168,+0,+0.0396,+0,+0,+0,04:12:01 23.03.2020
3888,+23.6,+17.2,+23.4,+23.3,+23.3,+23.8,+23.5,+24.8,+24.7,+24.4,+26,ESTP,0,0,+0,+0,+0.0168,+0,+0.0396,+0,+0,+0,04:13:01 23.03.2020
3889,+23.6,+17.2,+23.4,+23.3,+23.3,+23.8,+23.5,+24.8,+24.7,+24.4,+26,ESTP,0,0,+0,+0,+0.0168,+0,+0.0396,+0,+0,+0,04:14:01 23.03.2020
3890,+23.6,+17.1,+23.4,+23.3,+23.3,+23.9,+23.5,+24.8,+24.7,+24.4,+26,ESTP,0,0,+0,+0,+0.0168,+0,+0.0396,+0,+0,+0,04:15:01 23.03.2020
3891,+23.6,+17.1,+23.4,+23.3,+23.3,+23.9,+23.5,+24.8,+24.7,+24.4,+26,ESTP,0,0,+0,+0,+0.0168,+0,+0.0396,+0,+0,+0,04:16:01 23.03.2020
3892,+23.6,+17.1,+23.4,+23.3,+23.3,+23.9,+23.5,+24.8,+24.7,+24.4,+26,ESTP,0,0,+0,+0,+0.0168,+0,+0.0396,+0,+0,+0,04:17:01 23.03.2020
3893,+23.6,+17.1,+23.4,+23.3,+23.3,+23.9,+23.5,+24.8,+24.7,+24.4,+26,ESTP,0,0,+0,+0,+0.0168,+0,+0.0396,+0,+0,+0,04:18:01 23.03.2020
3894,+23.5,+17.1,+23.4,+23.3,+23.3,+23.9,+23.5,+24.8,+24.7,+24.4,+26,ESTP,0,0,+0,+0,+0.0168,+0,+0.0396,+0,+0,+0,04:19:01 23.03.2020
3895,+23.5,+17.1,+23.4,+23.3,+23.3,+23.9,+23.5,+24.8,+24.7,+24.4,+26,ESTP,0,0,+0,+0,+0.0168,+0,+0.0396,+0,+0,+0,04:20:01 23.03.2020
3896,+23.5,+17.1,+23.4,+23.2,+23.3,+23.9,+23.5,+24.8,+24.7,+24.4,+26,ESTP,0,0,+0,+0,+0.0168,+0,+0.0396,+0,+0,+0,04:21:01 23.03.2020
3897,+23.5,+17.1,+23.4,+23.2,+23.3,+23.9,+23.5,+24.8,+24.7,+24.4,+26,ESTP,0,0,+0,+0,+0.0168,+0,+0.0396,+0,+0,+0,04:22:01 23.03.2020
3898,+23.5,+17.1,+23.4,+23.2,+23.3,+23.8,+23.5,+24.8,+24.7,+24.4,+26,ESTP,0,0,+0,+0,+0.0168,+0,+0.0396,+0,+0,+0,04:23:01 23.03.2020
3899,+23.5,+17.1,+23.4,+23.2,+23.3,+23.8,+23.5,+24.8,+24.7,+24.4,+26,ESTP,0,0,+0,+0,+0.0168,+0,+0.0396,+0,+0,+0,04:24:01 23.03.2020
3900,+23.4,+17.1,+23.4,+23.2,+23.3,+23.8,+23.5,+24.8,+24.7,+24.4,+26,ESTP,0,0,+0,+0,+0.0168,+0,+0.0396,+0,+0,+0,04:25:01 23.03.2020
3901,+23.4,+17.1,+23.4,+23.2,+23.3,+23.8,+23.5,+24.8,+24.7,+24.4,+26,ESTP,0,0,+0,+0,+0.0168,+0,+0.0396,+0,+0,+0,04:26:01 23.03.2020
3902,+23.4,+17.1,+23.4,+23.2,+23.3,+23.8,+23.5,+24.8,+24.7,+24.4,+26,ESTP,0,0,+0,+0,+0.0168,+0,+0.0396,+0,+0,+0,04:27:01 23.03.2020
3903,+23.4,+17.1,+23.4,+23.2,+23.3,+23.8,+23.5,+24.8,+24.7,+24.4,+26,ESTP,0,0,+0,+0,+0.0168,+0,+0.0396,+0,+0,+0,04:28:01 23.03.2020
3904,+23.4,+17.1,+23.4,+23.2,+23.3,+23.8,+23.5,+24.8,+24.7,+24.4,+26,ESTP,0,0,+0,+0,+0.0168,+0,+0.0396,+0,+0,+0,04:29:01 23.03.2020
3905,+23.4,+17.1,+23.4,+23.2,+23.3,+23.8,+23.5,+24.8,+24.7,+24.4,+26,ESTP,0,0,+0,+0,+0.0168,+0,+0.0396,+0,+0,+0,04:30:01 23.03.2020
3906,+23.4,+17.1,+23.4,+23.2,+23.3,+23.9,+23.5,+24.8,+24.7,+24.4,+26,ESTP,0,0,+0,+0,+0.0168,+0,+0.0396,+0,+0,+0,04:31:01 23.03.2020
3907,+23.4,+17.1,+23.4,+23.2,+23.3,+23.9,+23.5,+24.8,+24.7,+24.4,+26,ESTP,0,0,+0,+0,+0.0168,+0,+0.0396,+0,+0,+0,04:32:01 23.03.2020
3908,+23.4,+17.1,+23.4,+23.2,+23.3,+23.9,+23.5,+24.8,+24.7,+24.4,+26,ESTP,0,0,+0,+0,+0.0168,+0,+0.0396,+0,+0,+0,04:33:01 23.03.2020
3909,+23.4,+17.1,+23.4,+23.2,+23.3,+23.9,+23.5,+24.8,+24.7,+24.4,+26,ESTP,0,0,+0,+0,+0.0168,+0,+0.0396,+0,+0,+0,04:34:01 23.03.2020
3910,+23.4,+17.1,+23.4,+23.2,+23.3,+23.9,+23.5,+24.8,+24.7,+24.4,+26,ESTP,0,0,+0,+0,+0.0168,+0,+0.0396,+0,+0,+0,04:35:01 23.03.2020
3911,+23.3,+17.1,+23.4,+23.2,+23.3,+23.9,+23.5,+24.8,+24.7,+24.4,+26,ESTP,0,0,+0,+0,+0.0168,+0,+0.0396,+0,+0,+0,04:36:01 23.03.2020
3912,+23.3,+17,+23.4,+23.2,+23.3,+23.9,+23.5,+24.8,+24.7,+24.4,+26,ESTP,0,0,+0,+0,+0.0168,+0,+0.0396,+0,+0,+0,04:37:01 23.03.2020
3913,+23.3,+17,+23.4,+23.2,+23.3,+23.9,+23.5,+24.8,+24.7,+24.4,+26,ESTP,0,0,+0,+0,+0.0168,+0,+0.0396,+0,+0,+0,04:38:01 23.03.2020
3914,+23.3,+17,+23.4,+23.2,+23.3,+23.9,+23.5,+24.8,+24.7,+24.4,+26,ESTP,0,0,+0,+0,+0.0168,+0,+0.0396,+0,+0,+0,04:39:01 23.03.2020
3915,+23.3,+17,+23.4,+23.2,+23.3,+23.9,+23.5,+24.8,+24.7,+24.4,+26,ESTP,0,0,+0,+0,+0.0168,+0,+0.0396,+0,+0,+0,04:40:01 23.03.2020
3916,+23.3,+17,+23.4,+23.2,+23.3,+23.8,+23.5,+24.8,+24.7,+24.4,+26,ESTP,0,0,+0,+0,+0.0168,+0,+0.0396,+0,+0,+0,04:41:01 23.03.2020
3917,+23.3,+17,+23.4,+23.2,+23.3,+23.8,+23.5,+24.8,+24.7,+24.4,+26,ESTP,0,0,+0,+0,+0.0168,+0,+0.0395,+0,+0,+0,04:42:01 23.03.2020
3918,+23.3,+17,+23.4,+23.2,+23.3,+23.8,+23.5,+24.8,+24.7,+24.4,+26,ESTP,0,0,+0,+0,+0.0168,+0,+0.0394,+0,+0,+0,04:43:01 23.03.2020
3919,+23.3,+17,+23.4,+23.2,+23.3,+23.8,+23.5,+24.8,+24.7,+24.4,+26,ESTP,0,0,+0,+0,+0.0168,+0,+0.0394,+0,+0,+0,04:44:01 23.03.2020
3920,+23.3,+17,+23.4,+23.2,+23.3,+23.8,+23.5,+24.8,+24.7,+24.4,+26,ESTP,0,0,+0,+0,+0.0168,+0,+0.0394,+0,+0,+0,04:45:01 23.03.2020
3921,+23.3,+17,+23.4,+23.2,+23.3,+23.8,+23.5,+24.8,+24.7,+24.4,+26,ESTP,0,0,+0,+0,+0.0168,+0,+0.0396,+0,+0,+0,04:46:01 23.03.2020
3922,+23.3,+17,+23.4,+23.2,+23.3,+23.9,+23.5,+24.8,+24.7,+24.4,+26,ESTP,0,0,+0,+0,+0.0168,+0,+0.0396,+0,+0,+0,04:47:01 23.03.2020
3923,+23.3,+17,+23.4,+23.2,+23.3,+23.9,+23.5,+24.8,+24.7,+24.4,+26,ESTP,0,0,+0,+0,+0.0168,+0,+0.0396,+0,+0,+0,04:48:01 23.03.2020
3924,+23.2,+17,+23.4,+23.2,+23.3,+23.9,+23.5,+24.8,+24.7,+24.4,+26,ESTP,0,0,+0,+0,+0.0168,+0,+0.0396,+0,+0,+0,04:49:01 23.03.2020
3925,+23.2,+17,+23.4,+23.2,+23.3,+23.9,+23.5,+24.8,+24.7,+24.4,+26,ESTP,0,0,+0,+0,+0.0168,+0,+0.0396,+0,+0,+0,04:50:01 23.03.2020
3926,+23.2,+17,+23.4,+23.2,+23.3,+23.9,+23.5,+24.8,+24.7,+24.4,+26,ESTP,0,0,+0,+0,+0.0168,+0,+0.0396,+0,+0,+0,04:51:01 23.03.2020
3927,+23.2,+17,+23.4,+23.2,+23.3,+23.9,+23.5,+24.8,+24.7,+24.4,+26,ESTP,0,0,+0,+0,+0.0168,+0,+0.0396,+0,+0,+0,04:52:01 23.03.2020
3928,+23.2,+17,+23.4,+23.2,+23.3,+23.9,+23.5,+24.8,+24.7,+24.4,+26,ESTP,0,0,+0,+0,+0.0168,+0,+0.0396,+0,+0,+0,04:53:01 23.03.2020
3929,+23.2,+16.9,+23.4,+23.2,+23.3,+23.9,+23.5,+24.8,+24.7,+24.4,+26,ESTP,0,0,+0,+0,+0.0168,+0,+0.0396,+0,+0,+0,04:54:01 23.03.2020
3930,+23.1,+16.9,+23.4,+23.2,+23.3,+23.9,+23.5,+24.8,+24.7,+24.4,+26,ESTP,0,0,+0,+0,+0.0168,+0,+0.0396,+0,+0,+0,04:55:01 23.03.2020
3931,+23.1,+16.9,+23.4,+23.2,+23.3,+23.9,+23.5,+24.8,+24.7,+24.4,+26,ESTP,0,0,+0,+0,+0.0168,+0,+0.0396,+0,+0,+0,04:56:01 23.03.2020
3932,+23.1,+16.9,+23.4,+23.2,+23.3,+23.8,+23.5,+24.8,+24.7,+24.4,+26,ESTP,0,0,+0,+0,+0.0168,+0,+0.0396,+0,+0,+0,04:57:01 23.03.2020
3933,+23.1,+16.9,+23.4,+23.2,+23.3,+23.8,+23.5,+24.8,+24.7,+24.4,+26,ESTP,0,0,+0,+0,+0.0168,+0,+0.0394,+0,+0,+0,04:58:01 23.03.2020
3934,+23.1,+16.9,+23.4,+23.2,+23.3,+23.8,+23.5,+24.8,+24.7,+24.4,+26,ESTP,0,0,+0,+0,+0.0168,+0,+0.0394,+0,+0,+0,04:59:01 23.03.2020
3935,+23.1,+16.9,+23.4,+23.2,+23.3,+23.8,+23.5,+24.8,+24.7,+24.4,+26,ESTP,0,0,+0,+0,+0.0168,+0,+0.0394,+0,+0,+0,05:00:01 23.03.2020
3936,+23.1,+16.9,+23.4,+23.2,+23.3,+23.9,+23.5,+24.8,+24.7,+24.4,+26,ESTP,0,0,+0,+0,+0.0168,+0,+0.0396,+0,+0,+0,05:01:01 23.03.2020
3937,+23.1,+16.9,+23.4,+23.2,+23.3,+23.9,+23.5,+24.8,+24.7,+24.4,+26,ESTP,0,0,+0,+0,+0.0168,+0,+0.0396,+0,+0,+0,05:02:01 23.03.2020
3938,+23.1,+16.9,+23.4,+23.2,+23.3,+23.9,+23.5,+24.8,+24.7,+24.4,+26,ESTP,0,0,+0,+0,+0.0168,+0,+0.0396,+0,+0,+0,05:03:01 23.03.2020
3939,+23.1,+16.9,+23.4,+23.2,+23.3,+23.9,+23.5,+24.8,+24.7,+24.4,+26,ESTP,0,0,+0,+0,+0.0168,+0,+0.0396,+0,+0,+0,05:04:01 23.03.2020
3940,+23,+16.9,+23.4,+23.2,+23.3,+23.9,+23.5,+24.8,+24.7,+24.4,+26,ESTP,0,0,+0,+0,+0.0168,+0,+0.0396,+0,+0,+0,05:05:01 23.03.2020
3941,+23,+16.9,+23.4,+23.2,+23.3,+23.9,+23.5,+24.8,+24.7,+24.4,+26,ESTP,0,0,+0,+0,+0.0168,+0,+0.0396,+0,+0,+0,05:06:01 23.03.2020
3942,+23,+16.9,+23.4,+23.2,+23.3,+23.9,+23.5,+24.8,+24.7,+24.4,+26,ESTP,0,0,+0,+0,+0.0168,+0,+0.0396,+0,+0,+0,05:07:01 23.03.2020
3943,+23,+16.9,+23.4,+23.2,+23.3,+23.9,+23.5,+24.8,+24.7,+24.4,+26,ESTP,0,0,+0,+0,+0.0168,+0,+0.0396,+0,+0,+0,05:08:01 23.03.2020
3944,+23,+16.9,+23.4,+23.2,+23.3,+23.9,+23.5,+24.8,+24.7,+24.4,+26,ESTP,0,0,+0,+0,+0.0168,+0,+0.0396,+0,+0,+0,05:09:01 23.03.2020
3945,+23,+16.9,+23.4,+23.2,+23.3,+23.9,+23.5,+24.8,+24.7,+24.4,+26,ESTP,0,0,+0,+0,+0.0168,+0,+0.0396,+0,+0,+0,05:10:01 23.03.2020
3946,+23,+16.9,+23.4,+23.2,+23.3,+23.9,+23.5,+24.8,+24.7,+24.4,+26,ESTP,0,0,+0,+0,+0.0168,+0,+0.0396,+0,+0,+0,05:11:01 23.03.2020
3947,+23,+16.8,+23.4,+23.2,+23.3,+23.9,+23.5,+24.8,+24.7,+24.4,+26,ESTP,0,0,+0,+0,+0.0168,+0,+0.0396,+0,+0,+0,05:12:01 23.03.2020
3948,+23,+16.8,+23.4,+23.2,+23.3,+23.9,+23.5,+24.8,+24.7,+24.4,+26,ESTP,0,0,+0,+0,+0.0168,+0,+0.0396,+0,+0,+0,05:13:01 23.03.2020
3949,+23,+16.8,+23.4,+23.2,+23.3,+23.8,+23.5,+24.8,+24.7,+24.4,+26,ESTP,0,0,+0,+0,+0.0168,+0,+0.0396,+0,+0,+0,05:14:01 23.03.2020
3950,+23,+16.8,+23.4,+23.2,+23.3,+23.8,+23.5,+24.8,+24.7,+24.4,+26,ESTP,0,0,+0,+0,+0.0168,+0,+0.0396,+0,+0,+0,05:15:01 23.03.2020
3951,+23,+16.8,+23.4,+23.2,+23.3,+23.8,+23.5,+24.8,+24.7,+24.4,+26,ESTP,0,0,+0,+0,+0.0168,+0,+0.0394,+0,+0,+0,05:16:01 23.03.2020
3952,+23,+16.8,+23.4,+23.2,+23.3,+23.8,+23.5,+24.8,+24.7,+24.4,+26,ESTP,0,0,+0,+0,+0.0168,+0,+0.0396,+0,+0,+0,05:17:01 23.03.2020
3953,+23,+16.8,+23.4,+23.2,+23.3,+23.8,+23.5,+24.8,+24.7,+24.4,+26,ESTP,0,0,+0,+0,+0.0168,+0,+0.0394,+0,+0,+0,05:18:01 23.03.2020
3954,+23,+16.8,+23.4,+23.2,+23.3,+23.8,+23.5,+24.8,+24.7,+24.4,+26,ESTP,0,0,+0,+0,+0.0168,+0,+0.0396,+0,+0,+0,05:19:01 23.03.2020
3955,+23.1,+16.8,+23.4,+23.2,+23.3,+23.8,+23.5,+24.8,+24.7,+24.4,+26,ESTP,0,0,+0,+0,+0.0168,+0,+0.0396,+0,+0,+0,05:20:01 23.03.2020
3956,+23.1,+16.8,+23.4,+23.2,+23.3,+23.8,+23.5,+24.8,+24.7,+24.4,+26,ESTP,0,0,+0,+0,+0.0168,+0,+0.0396,+0,+0,+0,05:21:01 23.03.2020
3957,+23.1,+16.8,+23.4,+23.2,+23.3,+23.8,+23.5,+24.8,+24.7,+24.4,+26,ESTP,0,0,+0,+0,+0.0168,+0,+0.0396,+0,+0,+0,05:22:01 23.03.2020
3958,+23.1,+16.8,+23.4,+23.2,+23.3,+23.8,+23.5,+24.8,+24.7,+24.4,+26,ESTP,0,0,+0,+0,+0.0168,+0,+0.0396,+0,+0,+0,05:23:01 23.03.2020
3959,+23.1,+16.8,+23.4,+23.2,+23.3,+23.8,+23.5,+24.8,+24.7,+24.4,+26,ESTP,0,0,+0,+0,+0.0168,+0,+0.0396,+0,+0,+0,05:24:01 23.03.2020
3960,+23.1,+16.8,+23.4,+23.2,+23.3,+23.8,+23.5,+24.8,+24.7,+24.4,+26,ESTP,0,0,+0,+0,+0.0168,+0,+0.0396,+0,+0,+0,05:25:01 23.03.2020
3961,+23.1,+16.8,+23.4,+23.2,+23.3,+23.8,+23.5,+24.8,+24.7,+24.4,+26,ESTP,0,0,+0,+0,+0.0168,+0,+0.0396,+0,+0,+0,05:26:01 23.03.2020
3962,+23.1,+16.8,+23.4,+23.2,+23.3,+23.8,+23.5,+24.8,+24.7,+24.4,+26,ESTP,0,0,+0,+0,+0.0168,+0,+0.0396,+0,+0,+0,05:27:01 23.03.2020
3963,+23.1,+16.8,+23.4,+23.2,+23.3,+23.8,+23.5,+24.8,+24.7,+24.4,+26,ESTP,0,0,+0,+0,+0.0168,+0,+0.0396,+0,+0,+0,05:28:01 23.03.2020
3964,+23.1,+16.8,+23.4,+23.2,+23.3,+23.8,+23.5,+24.8,+24.7,+24.4,+26,ESTP,0,0,+0,+0,+0.0168,+0,+0.0396,+0,+0,+0,05:29:01 23.03.2020
3965,+23.1,+16.8,+23.4,+23.2,+23.3,+23.8,+23.5,+24.8,+24.7,+24.4,+26,ESTP,0,0,+0,+0,+0.0168,+0,+0.0396,+0,+0,+0,05:30:01 23.03.2020
3966,+23,+16.8,+23.4,+23.2,+23.3,+23.8,+23.5,+24.8,+24.7,+24.4,+26,ESTP,0,0,+0,+0,+0.0168,+0,+0.0396,+0,+0,+0,05:31:01 23.03.2020
3967,+23,+16.8,+23.4,+23.2,+23.3,+23.8,+23.5,+24.8,+24.7,+24.4,+26,ESTP,0,0,+0,+0,+0.0168,+0,+0.0394,+0,+0,+0,05:32:01 23.03.2020
3968,+23.1,+16.8,+23.3,+23.2,+23.3,+23.8,+23.5,+24.8,+24.7,+24.4,+26,ESTP,0,0,+0,+0,+0.0168,+0,+0.0394,+0,+0,+0,05:33:01 23.03.2020
3969,+23.1,+16.8,+23.3,+23.2,+23.3,+23.8,+23.5,+24.8,+24.7,+24.4,+26,ESTP,0,0,+0,+0,+0.0168,+0,+0.0396,+0,+0,+0,05:34:01 23.03.2020
3970,+23.1,+16.8,+23.3,+23.2,+23.3,+23.8,+23.5,+24.8,+24.7,+24.4,+26,ESTP,0,0,+0,+0,+0.0168,+0,+0.0396,+0,+0,+0,05:35:01 23.03.2020
3971,+23.1,+16.8,+23.3,+23.2,+23.3,+23.8,+23.5,+24.8,+24.7,+24.4,+26,ESTP,0,0,+0,+0,+0.0168,+0,+0.0396,+0,+0,+0,05:36:01 23.03.2020
3972,+23.1,+16.8,+23.3,+23.2,+23.3,+23.8,+23.5,+24.8,+24.7,+24.4,+26,ESTP,0,0,+0,+0,+0.0168,+0,+0.0396,+0,+0,+0,05:37:01 23.03.2020
3973,+23.1,+16.7,+23.3,+23.2,+23.3,+23.8,+23.5,+24.8,+24.7,+24.4,+26,ESTP,0,0,+0,+0,+0.0168,+0,+0.0396,+0,+0,+0,05:38:01 23.03.2020
3974,+23.1,+16.7,+23.3,+23.2,+23.3,+23.8,+23.5,+24.8,+24.7,+24.4,+26,ESTP,0,0,+0,+0,+0.0168,+0,+0.0396,+0,+0,+0,05:39:01 23.03.2020
3975,+23.1,+16.7,+23.3,+23.2,+23.3,+23.8,+23.5,+24.8,+24.7,+24.4,+26,ESTP,0,0,+0,+0,+0.0168,+0,+0.0396,+0,+0,+0,05:40:01 23.03.2020
3976,+23.1,+16.7,+23.3,+23.2,+23.3,+23.8,+23.5,+24.8,+24.7,+24.4,+26,ESTP,0,0,+0,+0,+0.0168,+0,+0.0396,+0,+0,+0,05:41:01 23.03.2020
3977,+23.1,+16.7,+23.3,+23.2,+23.3,+23.8,+23.5,+24.8,+24.7,+24.4,+26,ESTP,0,0,+0,+0,+0.0168,+0,+0.0396,+0,+0,+0,05:42:01 23.03.2020
3978,+23.1,+16.7,+23.3,+23.2,+23.3,+23.8,+23.5,+24.8,+24.7,+24.4,+26,ESTP,0,0,+0,+0,+0.0168,+0,+0.0396,+0,+0,+0,05:43:01 23.03.2020
3979,+23.1,+16.7,+23.3,+23.1,+23.3,+23.8,+23.5,+24.8,+24.7,+24.4,+26,ESTP,0,0,+0,+0,+0.0168,+0,+0.0396,+0,+0,+0,05:44:01 23.03.2020
3980,+23.1,+16.7,+23.3,+23.1,+23.3,+23.8,+23.5,+24.8,+24.7,+24.5,+26,ESTP,0,0,+0,+0,+0.0168,+0,+0.0396,+0,+0,+0,05:45:01 23.03.2020
3981,+23.1,+16.7,+23.3,+23.1,+23.3,+23.8,+23.5,+24.8,+24.7,+24.4,+26,ESTP,0,0,+0,+0,+0.0168,+0,+0.0396,+0,+0,+0,05:46:01 23.03.2020
3982,+23.1,+16.7,+23.3,+23.1,+23.3,+23.8,+23.5,+24.8,+24.7,+24.5,+26,ESTP,0,0,+0,+0,+0.0168,+0,+0.0396,+0,+0,+0,05:47:01 23.03.2020
3983,+23.1,+16.7,+23.3,+23.1,+23.3,+23.8,+23.5,+24.8,+24.7,+24.5,+26,ESTP,0,0,+0,+0,+0.0168,+0,+0.0396,+0,+0,+0,05:48:01 23.03.2020
3984,+23.1,+16.7,+23.3,+23.1,+23.3,+23.8,+23.5,+24.8,+24.7,+24.5,+26,ESTP,0,0,+0,+0,+0.0168,+0,+0.0396,+0,+0,+0,05:49:01 23.03.2020
3985,+23.1,+16.7,+23.3,+23.1,+23.3,+23.8,+23.5,+24.8,+24.7,+24.5,+26,ESTP,0,0,+0,+0,+0.0168,+0,+0.0396,+0,+0,+0,05:50:01 23.03.2020
3986,+23.2,+16.7,+23.3,+23.1,+23.3,+23.8,+23.5,+24.8,+24.7,+24.5,+26,ESTP,0,0,+0,+0,+0.0168,+0,+0.0396,+0,+0,+0,05:51:01 23.03.2020
3987,+23.2,+16.7,+23.3,+23.1,+23.3,+23.8,+23.5,+24.8,+24.7,+24.5,+26,ESTP,0,0,+0,+0,+0.0168,+0,+0.0396,+0,+0,+0,05:52:01 23.03.2020
3988,+23.2,+16.7,+23.3,+23.1,+23.2,+23.8,+23.5,+24.8,+24.7,+24.5,+26,ESTP,0,0,+0,+0,+0.0168,+0,+0.0396,+0,+0,+0,05:53:01 23.03.2020
3989,+23.2,+16.7,+23.3,+23.1,+23.2,+23.8,+23.5,+24.8,+24.7,+24.5,+26,ESTP,0,0,+0,+0,+0.0168,+0,+0.0396,+0,+0,+0,05:54:01 23.03.2020
3990,+23.2,+16.6,+23.3,+23.1,+23.2,+23.8,+23.5,+24.8,+24.7,+24.5,+26,ESTP,0,0,+0,+0,+0.0168,+0,+0.0396,+0,+0,+0,05:55:01 23.03.2020
3991,+23.2,+16.6,+23.3,+23.1,+23.3,+23.8,+23.5,+24.8,+24.7,+24.5,+26,ESTP,0,0,+0,+0,+0.0168,+0,+0.0396,+0,+0,+0,05:56:01 23.03.2020
3992,+23.2,+16.6,+23.3,+23.1,+23.2,+23.8,+23.5,+24.9,+24.8,+24.5,+26,ESTP,0,0,+0,+0,+0.0169,+0,+0.0396,+0,+0,+0,05:57:01 23.03.2020
3993,+23.2,+16.6,+23.3,+23.1,+23.2,+23.8,+23.5,+24.8,+24.8,+24.5,+26,ESTP,0,0,+0,+0,+0.0169,+0,+0.0396,+0,+0,+0,05:58:01 23.03.2020
3994,+23.2,+16.6,+23.3,+23.1,+23.2,+23.8,+23.5,+24.9,+24.8,+24.5,+26,ESTP,0,0,+0,+0,+0.0169,+0,+0.0396,+0,+0,+0,05:59:01 23.03.2020
3995,+23.2,+16.6,+23.3,+23.1,+23.2,+23.8,+23.5,+24.9,+24.8,+24.5,+26,ESTP,0,0,+0,+0,+0.0169,+0,+0.0396,+0,+0,+0,06:00:01 23.03.2020
3996,+23.2,+16.6,+23.3,+23.1,+23.2,+23.8,+23.5,+24.9,+24.8,+24.5,+26,ESTP,0,0,+0,+0,+0.0169,+0,+0.0396,+0,+0,+0,06:01:01 23.03.2020
3997,+23.2,+16.6,+23.3,+23.1,+23.2,+23.8,+23.5,+24.9,+24.8,+24.5,+26,ESTP,0,0,+0,+0,+0.0169,+0,+0.0396,+0,+0,+0,06:02:01 23.03.2020
3998,+23.2,+16.6,+23.3,+23.1,+23.2,+23.8,+23.5,+24.9,+24.8,+24.5,+26,ESTP,0,0,+0,+0,+0.0169,+0,+0.0396,+0,+0,+0,06:03:01 23.03.2020
3999,+23.2,+16.6,+23.3,+23.1,+23.2,+23.8,+23.5,+24.9,+24.8,+24.5,+26,ESTP,0,0,+0,+0,+0.0169,+0,+0.0396,+0,+0,+0,06:04:01 23.03.2020
4000,+23.2,+16.6,+23.3,+23.1,+23.2,+23.8,+23.5,+24.9,+24.8,+24.5,+26,ESTP,0,0,+0,+0,+0.0169,+0,+0.0396,+0,+0,+0,06:05:01 23.03.2020
4001,+23.2,+16.6,+23.3,+23.1,+23.2,+23.8,+23.5,+24.9,+24.8,+24.5,+26,ESTP,0,0,+0,+0,+0.0169,+0,+0.0396,+0,+0,+0,06:06:01 23.03.2020
4002,+23.2,+16.6,+23.3,+23.1,+23.2,+23.8,+23.5,+24.8,+24.8,+24.5,+26,ESTP,0,0,+0,+0,+0.0169,+0,+0.0396,+0,+0,+0,06:07:01 23.03.2020
4003,+23.3,+16.6,+23.3,+23.1,+23.2,+23.8,+23.5,+24.9,+24.8,+24.5,+26,ESTP,0,0,+0,+0,+0.0169,+0,+0.0396,+0,+0,+0,06:08:01 23.03.2020
4004,+23.3,+16.6,+23.3,+23.1,+23.2,+23.8,+23.5,+24.9,+24.8,+24.5,+26,ESTP,0,0,+0,+0,+0.0169,+0,+0.0396,+0,+0,+0,06:09:01 23.03.2020
4005,+23.3,+16.6,+23.3,+23.1,+23.2,+23.8,+23.5,+24.9,+24.8,+24.5,+26,ESTP,0,0,+0,+0,+0.0169,+0,+0.0396,+0,+0,+0,06:10:01 23.03.2020
4006,+23.3,+16.6,+23.3,+23.1,+23.2,+23.8,+23.5,+24.9,+24.8,+24.5,+26,ESTP,0,0,+0,+0,+0.0169,+0,+0.0396,+0,+0,+0,06:11:01 23.03.2020
4007,+23.3,+16.6,+23.3,+23.1,+23.2,+23.8,+23.5,+24.9,+24.8,+24.5,+26,ESTP,0,0,+0,+0,+0.0169,+0,+0.0396,+0,+0,+0,06:12:01 23.03.2020
4008,+23.3,+16.6,+23.3,+23.1,+23.2,+23.8,+23.5,+24.9,+24.8,+24.5,+26,ESTP,0,0,+0,+0,+0.0169,+0,+0.0396,+0,+0,+0,06:13:01 23.03.2020
4009,+23.3,+16.5,+23.3,+23.1,+23.2,+23.8,+23.5,+24.9,+24.8,+24.5,+26,ESTP,0,0,+0,+0,+0.0169,+0,+0.0396,+0,+0,+0,06:14:01 23.03.2020
4010,+23.3,+16.5,+23.3,+23.1,+23.2,+23.8,+23.5,+24.9,+24.8,+24.5,+26,ESTP,0,0,+0,+0,+0.0169,+0,+0.0396,+0,+0,+0,06:15:01 23.03.2020
4011,+23.3,+16.5,+23.3,+23.1,+23.2,+23.8,+23.5,+24.9,+24.8,+24.5,+26,ESTP,0,0,+0,+0,+0.0169,+0,+0.0396,+0,+0,+0,06:16:01 23.03.2020
4012,+23.3,+16.5,+23.3,+23.1,+23.2,+23.8,+23.5,+24.9,+24.8,+24.5,+26,ESTP,0,0,+0,+0,+0.0169,+0,+0.0396,+0,+0,+0,06:17:01 23.03.2020
4013,+23.3,+16.5,+23.3,+23.1,+23.2,+23.8,+23.5,+24.9,+24.8,+24.5,+26,ESTP,0,0,+0,+0,+0.0169,+0,+0.0396,+0,+0,+0,06:18:01 23.03.2020
4014,+23.3,+16.5,+23.3,+23.1,+23.2,+23.8,+23.5,+24.9,+24.8,+24.5,+26,ESTP,0,0,+0,+0,+0.0169,+0,+0.0396,+0,+0,+0,06:19:01 23.03.2020
4015,+23.3,+16.5,+23.3,+23.1,+23.2,+23.8,+23.5,+24.9,+24.8,+24.5,+26,ESTP,0,0,+0,+0,+0.0169,+0,+0.0396,+0,+0,+0,06:20:01 23.03.2020
4016,+23.3,+16.5,+23.3,+23.1,+23.2,+23.8,+23.5,+24.9,+24.8,+24.5,+26,ESTP,0,0,+0,+0,+0.0169,+0,+0.0396,+0,+0,+0,06:21:01 23.03.2020
4017,+23.3,+16.5,+23.3,+23.1,+23.2,+23.8,+23.5,+24.9,+24.8,+24.5,+26,ESTP,0,0,+0,+0,+0.0169,+0,+0.0396,+0,+0,+0,06:22:01 23.03.2020
4018,+23.3,+16.5,+23.3,+23.1,+23.2,+23.8,+23.5,+24.9,+24.8,+24.5,+26,ESTP,0,0,+0,+0,+0.0169,+0,+0.0396,+0,+0,+0,06:23:01 23.03.2020
4019,+23.3,+16.5,+23.3,+23.1,+23.2,+23.8,+23.5,+24.9,+24.8,+24.5,+26,ESTP,0,0,+0,+0,+0.0169,+0,+0.0396,+0,+0,+0,06:24:01 23.03.2020
4020,+23.3,+16.5,+23.3,+23.1,+23.2,+23.8,+23.5,+24.9,+24.8,+24.5,+26,ESTP,0,0,+0,+0,+0.0169,+0,+0.0396,+0,+0,+0,06:25:01 23.03.2020
4021,+23.4,+16.5,+23.3,+23.1,+23.2,+23.8,+23.5,+24.9,+24.8,+24.5,+26,ESTP,0,0,+0,+0,+0.0169,+0,+0.0396,+0,+0,+0,06:26:01 23.03.2020
4022,+23.4,+16.5,+23.3,+23.1,+23.2,+23.8,+23.5,+24.9,+24.8,+24.5,+26,ESTP,0,0,+0,+0,+0.0169,+0,+0.0396,+0,+0,+0,06:27:01 23.03.2020
4023,+23.4,+16.5,+23.3,+23.1,+23.2,+23.8,+23.5,+24.9,+24.8,+24.5,+26,ESTP,0,0,+0,+0,+0.0169,+0,+0.0396,+0,+0,+0,06:28:01 23.03.2020
4024,+23.4,+16.5,+23.3,+23.1,+23.2,+23.8,+23.5,+24.9,+24.8,+24.5,+26,ESTP,0,0,+0,+0,+0.0169,+0,+0.0396,+0,+0,+0,06:29:01 23.03.2020
4025,+23.4,+16.5,+23.3,+23.1,+23.2,+23.8,+23.5,+24.9,+24.8,+24.5,+26,ESTP,0,0,+0,+0,+0.0169,+0,+0.0396,+0,+0,+0,06:30:01 23.03.2020
4026,+23.4,+16.5,+23.3,+23.1,+23.2,+23.8,+23.5,+24.9,+24.8,+24.5,+26,ESTP,0,0,+0,+0,+0.0169,+0,+0.0396,+0,+0,+0,06:31:01 23.03.2020
4027,+23.4,+16.5,+23.3,+23.1,+23.2,+23.8,+23.5,+24.9,+24.8,+24.5,+26,ESTP,0,0,+0,+0,+0.0169,+0,+0.0396,+0,+0,+0,06:32:01 23.03.2020
4028,+23.4,+16.5,+23.3,+23.1,+23.2,+23.8,+23.5,+24.9,+24.8,+24.5,+26,ESTP,0,0,+0,+0,+0.0169,+0,+0.0396,+0,+0,+0,06:33:01 23.03.2020
4029,+23.4,+16.5,+23.3,+23.1,+23.2,+23.8,+23.5,+24.9,+24.8,+24.5,+26,ESTP,0,0,+0,+0,+0.0169,+0,+0.0396,+0,+0,+0,06:34:01 23.03.2020
4030,+23.4,+16.5,+23.3,+23.1,+23.2,+23.8,+23.5,+24.9,+24.8,+24.5,+26,ESTP,0,0,+0,+0,+0.0169,+0,+0.0396,+0,+0,+0,06:35:01 23.03.2020
4031,+23.4,+16.5,+23.3,+23.1,+23.2,+23.8,+23.5,+24.9,+24.8,+24.5,+26,ESTP,0,0,+0,+0,+0.0169,+0,+0.0396,+0,+0,+0,06:36:01 23.03.2020
4032,+23.4,+16.5,+23.3,+23.1,+23.2,+23.8,+23.5,+24.9,+24.8,+24.5,+26,ESTP,0,0,+0,+0,+0.0169,+0,+0.0396,+0,+0,+0,06:37:01 23.03.2020
4033,+23.4,+16.5,+23.3,+23.1,+23.2,+23.8,+23.5,+24.9,+24.8,+24.5,+26,ESTP,0,0,+0,+0,+0.0169,+0,+0.0396,+0,+0,+0,06:38:01 23.03.2020
4034,+23.4,+16.5,+23.3,+23.1,+23.2,+23.8,+23.5,+24.9,+24.8,+24.5,+26,ESTP,0,0,+0,+0,+0.0169,+0,+0.0396,+0,+0,+0,06:39:01 23.03.2020
4035,+23.4,+16.5,+23.3,+23.1,+23.2,+23.8,+23.5,+24.9,+24.8,+24.5,+26,ESTP,0,0,+0,+0,+0.0169,+0,+0.0396,+0,+0,+0,06:40:01 23.03.2020
4036,+23.4,+16.5,+23.3,+23.1,+23.2,+23.8,+23.5,+24.9,+24.8,+24.5,+26,ESTP,0,0,+0,+0,+0.0169,+0,+0.0396,+0,+0,+0,06:41:01 23.03.2020
4037,+23.5,+16.5,+23.3,+23.1,+23.2,+23.8,+23.5,+24.9,+24.8,+24.5,+26,ESTP,0,0,+0,+0,+0.0169,+0,+0.0396,+0,+0,+0,06:42:01 23.03.2020
4038,+23.5,+16.4,+23.3,+23.1,+23.2,+23.8,+23.5,+24.9,+24.8,+24.5,+26,ESTP,0,0,+0,+0,+0.0169,+0,+0.0396,+0,+0,+0,06:43:01 23.03.2020
4039,+23.4,+16.4,+23.3,+23.1,+23.2,+23.8,+23.5,+24.9,+24.8,+24.5,+26,ESTP,0,0,+0,+0,+0.0169,+0,+0.0396,+0,+0,+0,06:44:01 23.03.2020
4040,+23.5,+16.4,+23.3,+23.1,+23.2,+23.9,+23.5,+24.9,+24.8,+24.5,+26,ESTP,0,0,+0,+0,+0.0169,+0,+0.0396,+0,+0,+0,06:45:01 23.03.2020
4041,+23.5,+16.4,+23.3,+23.1,+23.2,+23.9,+23.5,+24.9,+24.8,+24.5,+26,ESTP,0,0,+0,+0,+0.0169,+0,+0.0396,+0,+0,+0,06:46:01 23.03.2020
4042,+23.5,+16.4,+23.3,+23.1,+23.2,+23.9,+23.5,+24.9,+24.8,+24.5,+26,ESTP,0,0,+0,+0,+0.0169,+0,+0.0396,+0,+0,+0,06:47:01 23.03.2020
4043,+23.5,+16.4,+23.3,+23.1,+23.2,+23.9,+23.5,+24.9,+24.8,+24.5,+26,ESTP,0,0,+0,+0,+0.0169,+0,+0.0396,+0,+0,+0,06:48:01 23.03.2020
4044,+23.5,+16.4,+23.3,+23.1,+23.2,+23.9,+23.5,+24.9,+24.8,+24.5,+26,ESTP,0,0,+0,+0,+0.0169,+0,+0.0396,+0,+0,+0,06:49:01 23.03.2020
4045,+23.5,+16.4,+23.3,+23.1,+23.2,+23.8,+23.5,+24.9,+24.8,+24.5,+26,ESTP,0,0,+0,+0,+0.0169,+0,+0.0396,+0,+0,+0,06:50:01 23.03.2020
4046,+23.5,+16.4,+23.3,+23.1,+23.2,+23.8,+23.5,+24.9,+24.8,+24.5,+26,ESTP,0,0,+0,+0,+0.0169,+0,+0.0396,+0,+0,+0,06:51:01 23.03.2020
4047,+23.5,+16.4,+23.3,+23.1,+23.2,+23.8,+23.5,+24.9,+24.8,+24.5,+26,ESTP,0,0,+0,+0,+0.0169,+0,+0.0396,+0,+0,+0,06:52:01 23.03.2020
4048,+23.5,+16.4,+23.3,+23.1,+23.2,+23.8,+23.5,+24.9,+24.8,+24.5,+26,ESTP,0,0,+0,+0,+0.0169,+0,+0.0396,+0,+0,+0,06:53:01 23.03.2020
4049,+23.5,+16.4,+23.3,+23.1,+23.2,+23.8,+23.5,+24.9,+24.8,+24.5,+26,ESTP,0,0,+0,+0,+0.0169,+0,+0.0396,+0,+0,+0,06:54:01 23.03.2020
4050,+23.5,+16.4,+23.3,+23.1,+23.2,+23.8,+23.5,+24.9,+24.8,+24.5,+26,ESTP,0,0,+0,+0,+0.0169,+0,+0.0396,+0,+0,+0,06:55:01 23.03.2020
4051,+23.5,+16.4,+23.3,+23.1,+23.2,+23.8,+23.5,+24.9,+24.8,+24.5,+26,ESTP,0,0,+0,+0,+0.0169,+0,+0.0396,+0,+0,+0,06:56:01 23.03.2020
4052,+23.5,+16.4,+23.3,+23.1,+23.2,+23.8,+23.5,+24.9,+24.8,+24.5,+26,ESTP,0,0,+0,+0,+0.0169,+0,+0.0396,+0,+0,+0,06:57:01 23.03.2020
4053,+23.5,+16.4,+23.3,+23.1,+23.2,+23.8,+23.5,+24.9,+24.8,+24.5,+26,ESTP,0,0,+0,+0,+0.0169,+0,+0.0396,+0,+0,+0,06:58:01 23.03.2020
4054,+23.5,+16.4,+23.3,+23.1,+23.2,+23.8,+23.5,+24.9,+24.8,+24.5,+26,ESTP,0,0,+0,+0,+0.0169,+0,+0.0396,+0,+0,+0,06:59:01 23.03.2020
4055,+23.5,+16.4,+23.3,+23.1,+23.2,+23.9,+23.5,+24.9,+24.8,+24.5,+26,ESTP,0,0,+0,+0,+0.0169,+0,+0.0396,+0,+0,+0,07:00:01 23.03.2020
4056,+23.5,+16.4,+23.3,+23.1,+23.2,+23.9,+23.5,+24.9,+24.8,+24.5,+26,ESTP,0,0,+0,+0,+0.0169,+0,+0.0396,+0,+0,+0,07:01:01 23.03.2020
4057,+23.5,+16.3,+23.3,+23.1,+23.2,+23.9,+23.5,+24.9,+24.8,+24.5,+26,ESTP,0,0,+0,+0,+0.0169,+0,+0.0396,+0,+0,+0,07:02:01 23.03.2020
4058,+23.5,+16.3,+23.3,+23.1,+23.2,+23.9,+23.5,+24.9,+24.8,+24.5,+26,ESTP,0,0,+0,+0,+0.0169,+0,+0.0396,+0,+0,+0,07:03:01 23.03.2020
4059,+23.5,+16.3,+23.3,+23.1,+23.2,+23.9,+23.5,+24.9,+24.8,+24.5,+26,ESTP,0,0,+0,+0,+0.0169,+0,+0.0396,+0,+0,+0,07:04:01 23.03.2020
4060,+23.5,+16.3,+23.3,+23.1,+23.2,+23.9,+23.5,+24.9,+24.8,+24.5,+26,ESTP,0,0,+0,+0,+0.0169,+0,+0.0396,+0,+0,+0,07:05:01 23.03.2020
4061,+23.5,+16.3,+23.3,+23.1,+23.2,+23.9,+23.5,+24.9,+24.8,+24.5,+26,ESTP,0,0,+0,+0,+0.0169,+0,+0.0396,+0,+0,+0,07:06:01 23.03.2020
4062,+23.5,+16.3,+23.3,+23.1,+23.2,+23.9,+23.5,+24.9,+24.8,+24.5,+26,ESTP,0,0,+0,+0,+0.0169,+0,+0.0396,+0,+0,+0,07:07:01 23.03.2020
4063,+23.5,+16.3,+23.3,+23.1,+23.2,+23.8,+23.5,+24.9,+24.8,+24.5,+26,ESTP,0,0,+0,+0,+0.0169,+0,+0.0396,+0,+0,+0,07:08:01 23.03.2020
4064,+23.5,+16.3,+23.3,+23,+23.2,+23.8,+23.5,+24.9,+24.8,+24.5,+26,ESTP,0,0,+0,+0,+0.0169,+0,+0.0396,+0,+0,+0,07:09:01 23.03.2020
4065,+23.6,+16.3,+23.3,+23,+23.2,+23.8,+23.5,+24.9,+24.8,+24.5,+26,ESTP,0,0,+0,+0,+0.0169,+0,+0.0396,+0,+0,+0,07:10:01 23.03.2020
4066,+23.6,+16.3,+23.3,+23,+23.2,+23.8,+23.5,+24.9,+24.8,+24.5,+26,ESTP,0,0,+0,+0,+0.0169,+0,+0.0396,+0,+0,+0,07:11:01 23.03.2020
4067,+23.6,+16.3,+23.3,+23,+23.2,+23.8,+23.5,+24.9,+24.8,+24.5,+26,ESTP,0,0,+0,+0,+0.0169,+0,+0.0396,+0,+0,+0,07:12:01 23.03.2020
4068,+23.6,+16.3,+23.3,+23,+23.2,+23.8,+23.5,+24.9,+24.8,+24.5,+26,ESTP,0,0,+0,+0,+0.0169,+0,+0.0396,+0,+0,+0,07:13:01 23.03.2020
4069,+23.6,+16.3,+23.3,+23,+23.2,+23.8,+23.5,+24.9,+24.8,+24.5,+26,ESTP,0,0,+0,+0,+0.0169,+0,+0.0396,+0,+0,+0,07:14:01 23.03.2020
4070,+23.6,+16.3,+23.3,+23,+23.2,+23.9,+23.5,+24.9,+24.8,+24.5,+26,ESTP,0,0,+0,+0,+0.0169,+0,+0.0396,+0,+0,+0,07:15:01 23.03.2020
4071,+23.6,+16.3,+23.3,+23,+23.2,+23.9,+23.5,+24.9,+24.8,+24.6,+26,ESTP,0,0,+0,+0,+0.0169,+0,+0.0396,+0,+0,+0,07:16:01 23.03.2020
4072,+23.6,+16.3,+23.3,+23,+23.2,+23.9,+23.5,+24.9,+24.8,+24.5,+26,ESTP,0,0,+0,+0,+0.0169,+0,+0.0396,+0,+0,+0,07:17:01 23.03.2020
4073,+23.6,+16.3,+23.3,+23,+23.2,+23.9,+23.5,+24.9,+24.8,+24.5,+26,ESTP,0,0,+0,+0,+0.0169,+0,+0.0396,+0,+0,+0,07:18:01 23.03.2020
4074,+23.6,+16.3,+23.3,+23,+23.2,+23.9,+23.5,+24.9,+24.8,+24.5,+26,ESTP,0,0,+0,+0,+0.0169,+0,+0.0396,+0,+0,+0,07:19:01 23.03.2020
4075,+23.6,+16.3,+23.3,+23,+23.1,+23.9,+23.5,+24.9,+24.8,+24.6,+26,ESTP,0,0,+0,+0,+0.0169,+0,+0.0396,+0,+0,+0,07:20:01 23.03.2020
4076,+23.6,+16.3,+23.3,+23,+23.1,+23.9,+23.5,+24.9,+24.8,+24.6,+26,ESTP,0,0,+0,+0,+0.0169,+0,+0.0396,+0,+0,+0,07:21:01 23.03.2020
4077,+23.6,+16.3,+23.3,+23,+23.1,+23.9,+23.5,+24.9,+24.9,+24.6,+26,ESTP,0,0,+0,+0,+0.0169,+0,+0.0396,+0,+0,+0,07:22:01 23.03.2020
4078,+23.6,+16.3,+23.3,+23,+23.2,+23.9,+23.5,+24.9,+24.8,+24.6,+26,ESTP,0,0,+0,+0,+0.0169,+0,+0.0396,+0,+0,+0,07:23:01 23.03.2020
4079,+23.6,+16.3,+23.3,+23,+23.1,+23.9,+23.5,+24.9,+24.9,+24.6,+26,ESTP,0,0,+0,+0,+0.0169,+0,+0.0396,+0,+0,+0,07:24:01 23.03.2020
4080,+23.6,+16.2,+23.3,+23,+23.1,+23.9,+23.5,+24.9,+24.8,+24.6,+26,ESTP,0,0,+0,+0,+0.0169,+0,+0.0396,+0,+0,+0,07:25:01 23.03.2020
4081,+23.6,+16.2,+23.3,+23,+23.1,+23.9,+23.5,+24.9,+24.9,+24.6,+26,ESTP,0,0,+0,+0,+0.0169,+0,+0.0396,+0,+0,+0,07:26:01 23.03.2020
4082,+23.6,+16.2,+23.3,+23,+23.1,+23.8,+23.5,+24.9,+24.8,+24.6,+26,ESTP,0,0,+0,+0,+0.0169,+0,+0.0396,+0,+0,+0,07:27:01 23.03.2020
4083,+23.6,+16.2,+23.3,+23,+23.1,+23.8,+23.5,+24.9,+24.8,+24.6,+26,ESTP,0,0,+0,+0,+0.0169,+0,+0.0396,+0,+0,+0,07:28:01 23.03.2020
4084,+23.6,+16.2,+23.3,+23,+23.1,+23.8,+23.5,+24.9,+24.8,+24.6,+26,FULL,0,0,+0,+0,+0.0169,+0,+0.0396,+0,+0,+0,07:29:01 23.03.2020
4085,+23.6,+16.3,+23.3,+23,+23.1,+23.8,+23.5,+24.1,+24.2,+22.9,+26,FULL,499,1,+0,+0,+0.0165,+0,+0.0396,+0,+0,+0,07:30:01 23.03.2020
4086,+23.6,+17.6,+23.2,+23,+23.1,+23.9,+23.5,+23.3,+23.2,+22.3,+25.1,FULL,500,1,+0,+0,+0.0158,+0,+0.0396,+0,+0,+0,07:31:01 23.03.2020
4087,+23.7,+18.8,+23.2,+23,+23,+23.9,+23.5,+22.8,+22.7,+22.1,+24.8,FULL,500,1,+0,+0,+0.0154,+0,+0.0396,+0,+0,+0,07:32:01 23.03.2020
4088,+23.7,+19.9,+23.1,+22.9,+23,+23.9,+23.5,+22.6,+22.4,+22,+24,FULL,500,1,+0,+0,+0.0153,+0,+0.0396,+0,+0,+0,07:33:01 23.03.2020
4089,+23.7,+20.1,+23,+22.9,+23,+24,+23.5,+22.5,+22.3,+22,+24,FULL,500,1,+0,+0,+0.0152,+0,+0.0397,+0,+0,+0,07:34:01 23.03.2020
4090,+23.7,+20.2,+23,+22.9,+23,+24,+23.5,+22.4,+22.2,+22.1,+24,FULL,499,1,+0,+0,+0.0152,+0,+0.0397,+0,+0,+0,07:35:01 23.03.2020
4091,+23.7,+20.8,+23,+22.8,+23,+24,+23.5,+22.4,+22.2,+22.1,+24,FULL,499,1,+0,+0,+0.0152,+0,+0.0397,+0,+0,+0,07:36:01 23.03.2020
4092,+23.7,+21.2,+22.9,+22.8,+23,+24,+23.5,+22.4,+22.3,+22.2,+24,FULL,499,1,+0,+0,+0.0152,+0,+0.0397,+0,+0,+0,07:37:01 23.03.2020
4093,+23.7,+21.3,+22.9,+22.8,+22.9,+24,+23.5,+22.5,+22.3,+22.3,+24,FULL,500,1,+0,+0,+0.0152,+0,+0.0397,+0,+0,+0,07:38:01 23.03.2020
4094,+23.7,+21.3,+22.9,+22.8,+22.9,+24,+23.5,+22.5,+22.3,+22.3,+24,FULL,500,1,+0,+0,+0.0152,+0,+0.0397,+0,+0,+0,07:39:01 23.03.2020
4095,+23.7,+21.5,+22.8,+22.8,+22.9,+24,+23.5,+22.6,+22.4,+22.4,+24,FULL,500,1,+0,+0,+0.0153,+0,+0.0397,+0,+0,+0,07:40:01 23.03.2020
4096,+23.7,+21.8,+22.8,+22.8,+22.9,+23.9,+23.5,+22.7,+22.5,+22.5,+24,FULL,500,1,+0,+0,+0.0153,+0,+0.0397,+0,+0,+0,07:41:01 23.03.2020
4097,+23.7,+21.8,+22.8,+22.8,+22.9,+23.9,+23.5,+22.7,+22.6,+22.5,+24.6,FULL,499,1,+0,+0,+0.0154,+0,+0.0397,+0,+0,+0,07:42:01 23.03.2020
4098,+23.6,+21.8,+22.8,+22.8,+22.9,+23.9,+23.5,+22.8,+22.7,+22.6,+25,FULL,499,1,+0,+0,+0.0154,+0,+0.0397,+0,+0,+0,07:43:01 23.03.2020
4099,+23.6,+22,+22.8,+22.8,+22.9,+23.9,+23.5,+22.9,+22.8,+22.7,+25,FULL,499,0,+0,+0,+0.0155,+0,+0.0396,+0,+0,+0,07:44:01 23.03.2020
4100,+23.6,+22.3,+22.8,+22.8,+22.9,+23.9,+23.5,+23,+22.8,+22.8,+25,FULL,500,1,+0,+0,+0.0156,+0,+0.0396,+0,+0,+0,07:45:01 23.03.2020
4101,+23.6,+22.3,+22.8,+22.8,+22.9,+23.9,+23.5,+23,+22.9,+22.9,+25,FULL,500,1,+0,+0,+0.0156,+0,+0.0396,+0,+0,+0,07:46:01 23.03.2020
4102,+23.6,+22.3,+22.8,+22.8,+22.9,+23.9,+23.5,+23.1,+23,+23,+25,FULL,500,1,+0,+0,+0.0156,+0,+0.0396,+0,+0,+0,07:47:01 23.03.2020
4103,+23.7,+22.5,+22.8,+22.7,+22.9,+23.9,+23.5,+23.2,+23.1,+23,+25,FULL,499,1,+0,+0,+0.0157,+0,+0.0396,+0,+0,+0,07:48:01 23.03.2020
4104,+23.7,+22.7,+22.8,+22.7,+22.9,+23.9,+23.5,+23.3,+23.2,+23.1,+25,FULL,499,1,+0,+0,+0.0158,+0,+0.0396,+0,+0,+0,07:49:01 23.03.2020
4105,+23.7,+22.7,+22.8,+22.7,+22.9,+23.9,+23.5,+23.4,+23.3,+23.2,+25,FULL,499,1,+0,+0,+0.0159,+0,+0.0396,+0,+0,+0,07:50:01 23.03.2020
4106,+23.7,+22.7,+22.8,+22.7,+22.9,+23.9,+23.5,+23.5,+23.4,+23.3,+25.2,FULL,499,0,+0,+0,+0.0159,+0,+0.0396,+0,+0,+0,07:51:01 23.03.2020
4107,+23.8,+22.9,+22.8,+22.7,+22.9,+23.9,+23.5,+23.6,+23.5,+23.4,+25.5,FULL,500,1,+0,+0,+0.016,+0,+0.0396,+0,+0,+0,07:52:01 23.03.2020
4108,+23.8,+23.1,+22.8,+22.7,+22.9,+23.9,+23.5,+23.6,+23.6,+23.4,+25.8,FULL,500,1,+0,+0,+0.0161,+0,+0.0396,+0,+0,+0,07:53:01 23.03.2020
4109,+23.8,+23.1,+22.8,+22.7,+22.9,+24,+23.5,+23.7,+23.6,+23.5,+26,FULL,500,1,+0,+0,+0.0161,+0,+0.0397,+0,+0,+0,07:54:01 23.03.2020
4110,+23.7,+23.1,+22.8,+22.7,+22.9,+24,+23.5,+23.8,+23.7,+23.6,+25.8,FULL,499,1,+0,+0,+0.0161,+0,+0.0396,+0,+0,+0,07:55:01 23.03.2020
4111,+23.7,+23.2,+22.8,+22.7,+22.9,+24,+23.5,+23.9,+23.8,+23.6,+26,FULL,499,1,+0,+0,+0.0162,+0,+0.0396,+0,+0,+0,07:56:01 23.03.2020
4112,+23.8,+23.4,+22.8,+22.7,+22.9,+24,+23.5,+24,+23.8,+23.7,+26,FULL,499,0,+0,+0,+0.0163,+0,+0.0396,+0,+0,+0,07:57:01 23.03.2020
4113,+23.7,+23.6,+22.8,+22.8,+22.9,+23.9,+23.5,+24,+23.9,+23.8,+26,FULL,500,1,+0,+0,+0.0163,+0,+0.0396,+0,+0,+0,07:58:01 23.03.2020
4114,+23.7,+23.7,+22.8,+22.8,+22.9,+23.9,+23.5,+24.1,+24,+23.9,+26,FULL,500,1,+0,+0,+0.0163,+0,+0.0396,+0,+0,+0,07:59:01 23.03.2020
4115,+23.7,+23.9,+22.8,+22.8,+22.9,+23.9,+23.5,+24.2,+24.1,+23.9,+26,FULL,500,1,+0,+0,+0.0164,+0,+0.0396,+0,+0,+0,08:00:01 23.03.2020
4116,+23.7,+24,+22.9,+22.8,+22.9,+23.9,+23.5,+24.2,+24.1,+23.9,+26,FULL,500,1,+0,+0,+0.0164,+0,+0.0396,+0,+0,+0,08:01:01 23.03.2020
4117,+23.7,+24.1,+22.9,+22.8,+23,+23.9,+23.5,+24.2,+24.2,+23.9,+26,FULL,500,1,+0,+0,+0.0165,+0,+0.0396,+0,+0,+0,08:02:01 23.03.2020
4118,+23.7,+24.2,+22.9,+22.8,+23,+23.9,+23.5,+24.3,+24.2,+23.9,+26,FULL,499,1,+0,+0,+0.0165,+0,+0.0396,+0,+0,+0,08:03:01 23.03.2020
4119,+23.7,+24.3,+22.9,+22.8,+23,+23.9,+23.5,+24.3,+24.2,+23.9,+26,FULL,499,0,+0,+0,+0.0165,+0,+0.0396,+0,+0,+0,08:04:01 23.03.2020
4120,+23.7,+24.4,+22.9,+22.8,+23,+23.9,+23.5,+24.3,+24.2,+23.9,+26,FULL,500,1,+0,+0,+0.0165,+0,+0.0394,+0,+0,+0,08:05:01 23.03.2020
4121,+23.7,+24.5,+23,+22.8,+23,+23.9,+23.5,+24.3,+24.2,+23.9,+26,FULL,500,1,+0,+0,+0.0165,+0,+0.0394,+0,+0,+0,08:06:01 23.03.2020
4122,+23.7,+24.5,+23,+22.8,+23,+23.9,+23.5,+24.3,+24.2,+23.9,+26,FULL,500,1,+0,+0,+0.0165,+0,+0.0394,+0,+0,+0,08:07:01 23.03.2020
4123,+23.8,+24.6,+23,+22.9,+23,+23.9,+23.5,+24.3,+24.2,+24,+26,FULL,500,1,+0,+0,+0.0165,+0,+0.0394,+0,+0,+0,08:08:01 23.03.2020
4124,+23.8,+24.6,+23,+22.9,+23,+23.9,+23.5,+24.3,+24.2,+24,+26,FULL,499,1,+0,+0,+0.0165,+0,+0.0394,+0,+0,+0,08:09:01 23.03.2020
4125,+23.8,+24.7,+23,+22.9,+23,+23.9,+23.5,+24.3,+24.2,+24,+26,FULL,499,1,+0,+0,+0.0165,+0,+0.0394,+0,+0,+0,08:10:01 23.03.2020
4126,+23.8,+24.7,+23,+22.9,+23,+23.9,+23.5,+24.3,+24.2,+24,+26,FULL,499,0,+0,+0,+0.0165,+0,+0.0394,+0,+0,+0,08:11:01 23.03.2020
4127,+23.8,+24.8,+23,+22.9,+23.1,+23.9,+23.5,+24.3,+24.2,+24,+26,FULL,499,0,+0,+0,+0.0165,+0,+0.0394,+0,+0,+0,08:12:01 23.03.2020
4128,+23.8,+24.8,+23,+22.9,+23.1,+23.9,+23.5,+24.3,+24.2,+24,+26,FULL,500,1,+0,+0,+0.0165,+0,+0.0394,+0,+0,+0,08:13:01 23.03.2020
4129,+23.8,+24.9,+23.1,+22.9,+23.1,+23.9,+23.5,+24.3,+24.2,+24,+26,FULL,500,1,+0,+0,+0.0165,+0,+0.0394,+0,+0,+0,08:14:01 23.03.2020
4130,+23.8,+24.9,+23.1,+22.9,+23.1,+23.9,+23.5,+24.3,+24.2,+24,+26,FULL,500,1,+0,+0,+0.0165,+0,+0.0394,+0,+0,+0,08:15:01 23.03.2020
4131,+23.8,+24.9,+23.1,+23,+23.1,+23.9,+23.5,+24.3,+24.2,+24,+26,FULL,499,1,+0,+0,+0.0165,+0,+0.0392,+0,+0,+0,08:16:01 23.03.2020
4132,+23.8,+24.9,+23.1,+23,+23.1,+23.9,+23.5,+24.3,+24.2,+24,+26,FULL,499,1,+0,+0,+0.0165,+0,+0.0392,+0,+0,+0,08:17:01 23.03.2020
4133,+23.8,+25,+23.1,+23,+23.1,+23.9,+23.5,+24.3,+24.2,+24,+26,FULL,499,0,+0,+0,+0.0165,+0,+0.0392,+0,+0,+0,08:18:01 23.03.2020
4134,+23.8,+25,+23.1,+23,+23.1,+23.9,+23.5,+24.3,+24.2,+24,+26.1,FULL,500,1,+0,+0,+0.0165,+0,+0.0392,+0,+0,+0,08:19:01 23.03.2020
4135,+23.8,+25,+23.1,+23,+23.1,+23.9,+23.5,+24.3,+24.2,+24,+26,FULL,500,1,+0,+0,+0.0165,+0,+0.0392,+0,+0,+0,08:20:01 23.03.2020
4136,+23.8,+25.1,+23.1,+23,+23.1,+23.9,+23.5,+24.3,+24.2,+24,+26,MANU,0,0,+0,+0,+0.0165,+0,+0.0392,+0,+0,+0,08:21:01 23.03.2020
4137,+23.8,+25.1,+23.2,+23,+23.2,+23.9,+23.5,+24.3,+24.2,+23.9,+26,MANU,0,0,+0,+0,+0.0165,+0,+0.0392,+0,+0,+0,08:22:01 23.03.2020
4138,+23.8,+25.1,+23.2,+23,+23.2,+23.9,+23.5,+24.2,+24.1,+24,+26,MANU,0,0,+0,+0,+0.0164,+0,+0.0392,+0,+0,+0,08:23:01 23.03.2020
4139,+23.8,+25.1,+23.2,+23,+23.2,+23.8,+23.5,+24.2,+24.1,+24,+26,MANU,0,0,+0,+0,+0.0164,+0,+0.0392,+0,+0,+0,08:24:01 23.03.2020
4140,+23.8,+25.1,+23.2,+23,+23.2,+23.8,+23.5,+24.2,+24.1,+24,+26,MANU,0,0,+0,+0,+0.0164,+0,+0.0392,+0,+0,+0,08:25:01 23.03.2020
4141,+23.8,+25.1,+23.2,+23,+23.1,+23.8,+23.5,+24.2,+24.1,+24.1,+26,MANU,0,0,+0,+0,+0.0164,+0,+0.0392,+0,+0,+0,08:26:01 23.03.2020
4142,+23.8,+25.1,+23.2,+23,+23.1,+23.8,+23.5,+24.2,+24.1,+24.1,+26,MANU,0,0,+0,+0,+0.0164,+0,+0.0391,+0,+0,+0,08:27:01 23.03.2020
4143,+23.8,+25.1,+23.2,+23,+23.1,+23.8,+23.5,+24.2,+24.1,+24.1,+26,MANU,0,0,+0,+0,+0.0164,+0,+0.0391,+0,+0,+0,08:28:01 23.03.2020
4144,+23.8,+25.1,+23.2,+23,+23.1,+23.8,+23.5,+24.2,+24.1,+24.1,+26,MANU,0,0,+0,+0,+0.0164,+0,+0.0391,+0,+0,+0,08:29:01 23.03.2020
4145,+23.8,+25.1,+23.2,+23,+23.1,+23.8,+23.5,+24.2,+24.1,+24.1,+26,MANU,0,0,+0,+0,+0.0164,+0,+0.0391,+0,+0,+0,08:30:01 23.03.2020
4146,+23.8,+25.1,+23.2,+23,+23.1,+23.8,+23.5,+24.2,+24.1,+24.1,+26,MANU,0,0,+0,+0,+0.0164,+0,+0.0391,+0,+0,+0,08:31:01 23.03.2020
4147,+23.8,+25.1,+23.2,+23,+23.1,+23.8,+23.5,+24.2,+24.1,+24.1,+26,MANU,0,0,+0,+0,+0.0164,+0,+0.0391,+0,+0,+0,08:32:01 23.03.2020
4148,+23.8,+25.1,+23.2,+23,+23.1,+23.8,+23.5,+24.2,+24.1,+24.1,+26,MANU,0,0,+0,+0,+0.0164,+0,+0.0389,+0,+0,+0,08:33:01 23.03.2020
4149,+23.8,+25.1,+23.2,+23,+23.1,+23.8,+23.5,+24.1,+24.1,+24.1,+26,MANU,0,0,+0,+0,+0.0164,+0,+0.0389,+0,+0,+0,08:34:01 23.03.2020
4150,+23.8,+25.1,+23.2,+23,+23.1,+23.8,+23.5,+24.1,+24.1,+24,+26,MANU,0,0,+0,+0,+0.0164,+0,+0.0389,+0,+0,+0,08:35:01 23.03.2020
4151,+23.8,+25.1,+23.2,+23,+23.1,+23.8,+23.5,+24.1,+24.1,+24,+26,MANU,0,0,+0,+0,+0.0164,+0,+0.0389,+0,+0,+0,08:36:01 23.03.2020
4152,+23.8,+25.1,+23.2,+23,+23.1,+23.8,+23.5,+24.1,+24.1,+24,+26,MANU,0,0,+0,+0,+0.0164,+0,+0.0389,+0,+0,+0,08:37:01 23.03.2020
4153,+23.9,+25.1,+23.2,+23,+23.1,+23.8,+23.5,+24.1,+24.1,+24,+26,MANU,0,0,+0,+0,+0.0164,+0,+0.0389,+0,+0,+0,08:38:01 23.03.2020
4154,+23.9,+25.1,+23.2,+23,+23.1,+23.8,+23.5,+24.1,+24.1,+24,+26,MANU,0,0,+0,+0,+0.0164,+0,+0.0389,+0,+0,+0,08:39:01 23.03.2020
4155,+23.9,+25.1,+23.2,+23,+23.1,+23.8,+23.5,+24.1,+24.1,+24,+26,MANU,0,0,+0,+0,+0.0164,+0,+0.0387,+0,+0,+0,08:40:01 23.03.2020
4156,+24,+25.1,+23.2,+23,+23.1,+23.8,+23.5,+24.1,+24,+24,+26,HWHE,0,0,+0,+0,+0.0163,+0,+0.0387,+0,+0,+0,08:41:01 23.03.2020
4157,+23.9,+25.1,+23.2,+23,+23.1,+23.8,+23.5,+24,+24,+24,+26,HWHE,0,0,+0,+0,+0.0163,+0,+0.0387,+0,+0,+0,08:42:01 23.03.2020
4158,+23.9,+25.1,+23.2,+23,+23.1,+23.8,+23.5,+24,+24,+24,+26,HWHE,0,0,+0,+0,+0.0163,+0,+0.0387,+0,+0,+0,08:43:01 23.03.2020
4159,+23.9,+25.1,+23.2,+23,+23.1,+23.8,+23.5,+24,+24,+24,+26,HWHE,0,0,+0,+0,+0.0163,+0,+0.0387,+0,+0,+0,08:44:01 23.03.2020
4160,+23.9,+25.1,+23.2,+23,+23.1,+23.8,+23.5,+24,+24,+24,+26,HWHE,0,0,+0,+0,+0.0163,+0,+0.0387,+0,+0,+0,08:45:01 23.03.2020
4161,+23.9,+25.1,+23.2,+23,+23.1,+23.7,+23.5,+24,+24,+24,+26,MANU,0,0,+0,+0,+0.0163,+0,+0.0387,+0,+0,+0,08:46:01 23.03.2020
4162,+23.9,+25.1,+23.2,+23,+23.1,+23.7,+23.5,+24,+24,+23.9,+26,MANU,0,0,+0,+0,+0.0163,+0,+0.0387,+0,+0,+0,08:47:01 23.03.2020
4163,+23.9,+25.1,+23.2,+23,+23.1,+23.7,+23.4,+24,+24,+23.9,+26,MANU,0,0,+0,+0,+0.0163,+0,+0.0387,+0,+0,+0,08:48:01 23.03.2020
4164,+23.9,+25.1,+23.2,+23,+23.1,+23.7,+23.4,+23.9,+23.9,+23.9,+26,MANU,0,0,+0,+0,+0.0163,+0,+0.0387,+0,+0,+0,08:49:01 23.03.2020
4165,+23.9,+25.1,+23.2,+23,+23.1,+23.7,+23.4,+23.9,+23.9,+23.9,+26,MANU,0,0,+0,+0,+0.0163,+0,+0.0387,+0,+0,+0,08:50:01 23.03.2020
4166,+23.9,+25.1,+23.2,+23,+23.1,+23.7,+23.4,+23.9,+23.9,+23.9,+25.7,ESTP,0,0,+0,+0,+0.0163,+0,+0.0387,+0,+0,+0,08:51:01 23.03.2020
4167,+23.9,+25.1,+23.2,+23,+23.1,+23.7,+23.4,+23.9,+24,+23.9,+25.5,ESTP,0,0,+0,+0,+0.0163,+0,+0.0386,+0,+0,+0,08:52:01 23.03.2020
4168,+23.9,+25.1,+23.2,+23,+23.1,+23.7,+23.4,+23.9,+23.9,+23.9,+25.5,ESTP,0,0,+0,+0,+0.0163,+0,+0.0386,+0,+0,+0,08:53:01 23.03.2020
4169,+23.9,+25,+23.2,+23,+23.1,+23.7,+23.4,+23.9,+23.9,+23.9,+25.7,MANU,0,0,+0,+0,+0.0163,+0,+0.0386,+0,+0,+0,08:54:01 23.03.2020
4170,+23.9,+25,+23.2,+23,+23.1,+23.7,+23.4,+23.9,+23.9,+23.9,+25.7,MANU,0,0,+0,+0,+0.0163,+0,+0.0386,+0,+0,+0,08:55:01 23.03.2020
4171,+24,+25,+23.2,+23,+23.1,+23.7,+23.4,+23.9,+23.9,+23.9,+25.2,MANU,0,0,+0,+0,+0.0163,+0,+0.0386,+0,+0,+0,08:56:01 23.03.2020
4172,+24,+25,+23.2,+23,+23.1,+23.7,+23.4,+23.9,+23.9,+23.9,+25.2,MANU,0,0,+0,+0,+0.0163,+0,+0.0386,+0,+0,+0,08:57:01 23.03.2020
4173,+24,+25,+23.2,+23,+23.1,+23.7,+23.4,+23.8,+23.9,+23.9,+25.3,MANU,0,0,+0,+0,+0.0162,+0,+0.0386,+0,+0,+0,08:58:01 23.03.2020
4174,+24.1,+24.9,+23.2,+23,+23.1,+23.7,+23.4,+23.8,+23.8,+23.9,+25.5,MANU,0,0,+0,+0,+0.0162,+0,+0.0386,+0,+0,+0,08:59:01 23.03.2020
4175,+24.1,+24.9,+23.2,+23,+23.1,+23.7,+23.4,+23.8,+23.8,+23.9,+25.2,MANU,0,0,+0,+0,+0.0162,+0,+0.0386,+0,+0,+0,09:00:01 23.03.2020
4176,+24.1,+24.9,+23.2,+23,+23.1,+23.7,+23.4,+23.8,+23.8,+23.9,+25,MANU,0,0,+0,+0,+0.0162,+0,+0.0386,+0,+0,+0,09:01:01 23.03.2020
4177,+24.1,+24.8,+23.2,+23,+23.1,+23.7,+23.4,+23.8,+23.8,+23.8,+25.2,MANU,0,0,+0,+0,+0.0162,+0,+0.0384,+0,+0,+0,09:02:01 23.03.2020
4178,+24,+24.8,+23.2,+23,+23.1,+23.7,+23.4,+23.8,+23.8,+23.8,+25.1,MANU,0,0,+0,+0,+0.0162,+0,+0.0384,+0,+0,+0,09:03:01 23.03.2020
4179,+24,+24.7,+23.2,+23,+23.1,+23.7,+23.4,+23.8,+23.8,+23.8,+25,MANU,0,0,+0,+0,+0.0162,+0,+0.0384,+0,+0,+0,09:04:01 23.03.2020
4180,+24,+24.7,+23.2,+23,+23.1,+23.7,+23.4,+23.8,+23.8,+23.8,+25,MANU,0,0,+0,+0,+0.0162,+0,+0.0384,+0,+0,+0,09:05:01 23.03.2020
4181,+24,+24.7,+23.2,+23,+23.1,+23.7,+23.4,+23.8,+23.8,+23.8,+25,MANU,0,0,+0,+0,+0.0162,+0,+0.0384,+0,+0,+0,09:06:01 23.03.2020
4182,+24,+24.6,+23.2,+23,+23.1,+23.7,+23.4,+23.8,+23.8,+23.8,+25.1,MANU,0,0,+0,+0,+0.0162,+0,+0.0384,+0,+0,+0,09:07:01 23.03.2020
4183,+24,+24.6,+23.2,+23,+23.1,+23.7,+23.4,+23.8,+23.8,+23.8,+25,MANU,0,0,+0,+0,+0.0162,+0,+0.0384,+0,+0,+0,09:08:01 23.03.2020
4184,+24,+24.6,+23.2,+23,+23.1,+23.7,+23.4,+23.7,+23.8,+23.8,+25,MANU,0,0,+0,+0,+0.0161,+0,+0.0384,+0,+0,+0,09:09:01 23.03.2020
4185,+23.9,+24.6,+23.2,+23,+23.1,+23.7,+23.4,+23.7,+23.8,+23.8,+25,MANU,0,0,+0,+0,+0.0161,+0,+0.0384,+0,+0,+0,09:10:01 23.03.2020
4186,+23.9,+24.5,+23.2,+23,+23.1,+23.7,+23.4,+23.7,+23.7,+23.8,+25,MANU,0,0,+0,+0,+0.0161,+0,+0.0384,+0,+0,+0,09:11:01 23.03.2020
4187,+23.9,+24.5,+23.2,+23,+23.1,+23.7,+23.4,+23.7,+23.7,+23.8,+25,MANU,0,0,+0,+0,+0.0161,+0,+0.0384,+0,+0,+0,09:12:01 23.03.2020
4188,+23.9,+24.5,+23.2,+23,+23.1,+23.7,+23.3,+23.7,+23.7,+23.8,+25,MANU,0,0,+0,+0,+0.0161,+0,+0.0384,+0,+0,+0,09:13:01 23.03.2020
4189,+23.9,+24.5,+23.2,+23,+23.1,+23.7,+23.3,+23.7,+23.7,+23.7,+25.1,MANU,0,0,+0,+0,+0.0161,+0,+0.0384,+0,+0,+0,09:14:01 23.03.2020
4190,+23.9,+24.5,+23.2,+23,+23.1,+23.7,+23.3,+23.7,+23.7,+23.7,+25.1,MANU,0,0,+0,+0,+0.0161,+0,+0.0384,+0,+0,+0,09:15:01 23.03.2020
4191,+24,+24.5,+23.2,+22.9,+23.1,+23.7,+23.3,+23.6,+23.7,+23.7,+25,MANU,0,0,+0,+0,+0.0161,+0,+0.0382,+0,+0,+0,09:16:01 23.03.2020
4192,+24,+24.4,+23.2,+22.9,+23.1,+23.7,+23.3,+23.6,+23.7,+23.7,+25,MANU,0,0,+0,+0,+0.0161,+0,+0.0382,+0,+0,+0,09:17:01 23.03.2020
4193,+24,+24.4,+23.2,+23,+23.1,+23.7,+23.3,+23.6,+23.7,+23.7,+25,MANU,0,0,+0,+0,+0.0161,+0,+0.0384,+0,+0,+0,09:18:01 23.03.2020
4194,+23.9,+24.4,+23.2,+22.9,+23.1,+23.7,+23.3,+23.6,+23.6,+23.7,+25,FULL,0,0,+0,+0,+0.0161,+0,+0.0384,+0,+0,+0,09:19:01 23.03.2020
4195,+23.9,+24.4,+23.2,+22.9,+23.1,+23.8,+23.3,+23.6,+23.6,+23.7,+25,FULL,0,0,+0,+0,+0.0161,+0,+0.0384,+0,+0,+0,09:20:01 23.03.2020
4196,+23.9,+24.4,+23.2,+22.9,+23.1,+23.8,+23.3,+23.6,+23.6,+23.7,+25,FULL,0,0,+0,+0,+0.0161,+0,+0.0384,+0,+0,+0,09:21:01 23.03.2020
4197,+23.9,+24.4,+23.2,+22.9,+23.1,+23.8,+23.3,+23.6,+23.6,+23.7,+25.1,FULL,0,0,+0,+0,+0.0161,+0,+0.0384,+0,+0,+0,09:22:01 23.03.2020
4198,+23.9,+24.4,+23.2,+22.9,+23.1,+23.8,+23.3,+23.6,+23.6,+23.7,+25,FULL,0,0,+0,+0,+0.0161,+0,+0.0384,+0,+0,+0,09:23:01 23.03.2020
4199,+23.9,+24.4,+23.2,+22.9,+23.1,+23.8,+23.3,+23.7,+23.6,+23.7,+25,FULL,0,0,+0,+0,+0.0161,+0,+0.0384,+0,+0,+0,09:24:01 23.03.2020
4200,+23.8,+24.4,+23.2,+22.9,+23.1,+23.8,+23.3,+23.7,+23.6,+23.6,+25,FULL,0,0,+0,+0,+0.0161,+0,+0.0384,+0,+0,+0,09:25:01 23.03.2020
4201,+23.8,+24.4,+23.2,+22.9,+23.1,+23.8,+23.3,+23.7,+23.6,+23.6,+25,FULL,0,0,+0,+0,+0.0161,+0,+0.0384,+0,+0,+0,09:26:01 23.03.2020
4202,+23.8,+24.4,+23.2,+22.9,+23.1,+23.8,+23.3,+23.7,+23.6,+23.6,+25,FULL,0,0,+0,+0,+0.0161,+0,+0.0384,+0,+0,+0,09:27:01 23.03.2020
4203,+23.8,+24.4,+23.2,+22.9,+23.1,+23.8,+23.3,+23.7,+23.6,+23.6,+25,FULL,0,0,+0,+0,+0.0161,+0,+0.0384,+0,+0,+0,09:28:01 23.03.2020
4204,+23.8,+24.3,+23.2,+22.9,+23.1,+23.8,+23.3,+23.7,+23.6,+23.6,+25,FULL,0,0,+0,+0,+0.0161,+0,+0.0382,+0,+0,+0,09:29:01 23.03.2020
4205,+23.8,+24.4,+23.1,+22.9,+23.1,+23.8,+23.3,+23.7,+23.6,+23.6,+25,FULL,0,0,+0,+0,+0.0161,+0,+0.0382,+0,+0,+0,09:30:01 23.03.2020
4206,+23.8,+24.3,+23.1,+22.9,+23.1,+23.8,+23.3,+23.7,+23.6,+23.6,+25,FULL,0,0,+0,+0,+0.0161,+0,+0.0382,+0,+0,+0,09:31:01 23.03.2020
4207,+23.8,+24.3,+23.1,+22.9,+23.1,+23.8,+23.3,+23.7,+23.6,+23.6,+25,FULL,0,0,+0,+0,+0.0161,+0,+0.0382,+0,+0,+0,09:32:01 23.03.2020
4208,+23.8,+24.3,+23.2,+22.9,+23.1,+23.8,+23.3,+23.7,+23.6,+23.6,+25,FULL,0,0,+0,+0,+0.0161,+0,+0.0382,+0,+0,+0,09:33:01 23.03.2020
4209,+23.8,+24.3,+23.1,+22.9,+23.1,+23.8,+23.3,+23.7,+23.6,+23.6,+25,FULL,0,0,+0,+0,+0.0161,+0,+0.0382,+0,+0,+0,09:34:01 23.03.2020
4210,+23.8,+24.4,+23.1,+22.9,+23.1,+23.9,+23.3,+23.7,+23.6,+23.6,+25,FULL,0,0,+0,+0,+0.0161,+0,+0.0384,+0,+0,+0,09:35:01 23.03.2020
4211,+23.8,+24.4,+23.1,+22.9,+23.1,+23.9,+23.3,+23.7,+23.6,+23.6,+25,FULL,0,0,+0,+0,+0.0161,+0,+0.0384,+0,+0,+0,09:36:01 23.03.2020
4212,+23.8,+24.4,+23.1,+22.9,+23.1,+23.9,+23.3,+23.7,+23.6,+23.6,+25,FULL,0,0,+0,+0,+0.0161,+0,+0.0384,+0,+0,+0,09:37:01 23.03.2020
4213,+23.8,+24.4,+23.1,+22.9,+23.1,+23.9,+23.3,+23.7,+23.6,+23.6,+25,MANU,0,0,+0,+0,+0.0161,+0,+0.0384,+0,+0,+0,09:38:01 23.03.2020
4214,+23.7,+24.3,+23.1,+22.9,+23.1,+23.9,+23.3,+23.7,+23.6,+23.6,+25,MANU,0,0,+0,+0,+0.0161,+0,+0.0384,+0,+0,+0,09:39:01 23.03.2020
4215,+23.7,+24.3,+23.1,+22.9,+23.1,+23.9,+23.3,+23.7,+23.6,+23.6,+25,MANU,0,0,+0,+0,+0.0161,+0,+0.0384,+0,+0,+0,09:40:01 23.03.2020
4216,+23.7,+24.3,+23.1,+22.9,+23.1,+23.9,+23.3,+23.7,+23.6,+23.6,+25,MANU,0,0,+0,+0,+0.0161,+0,+0.0382,+0,+0,+0,09:41:01 23.03.2020
4217,+23.7,+24.3,+23.1,+22.9,+23.1,+23.9,+23.3,+23.7,+23.6,+23.6,+25,MANU,0,0,+0,+0,+0.0161,+0,+0.0382,+0,+0,+0,09:42:01 23.03.2020
4218,+23.7,+24.3,+23.1,+22.9,+23.1,+23.9,+23.3,+23.7,+23.6,+23.6,+25,MANU,0,0,+0,+0,+0.0161,+0,+0.0382,+0,+0,+0,09:43:01 23.03.2020
4219,+23.7,+24.3,+23.1,+22.9,+23,+23.9,+23.3,+23.7,+23.6,+23.6,+25,MANU,0,0,+0,+0,+0.0161,+0,+0.0382,+0,+0,+0,09:44:01 23.03.2020
4220,+23.7,+24.2,+23.1,+22.9,+23,+23.9,+23.3,+23.7,+23.6,+23.6,+25,MANU,0,0,+0,+0,+0.0161,+0,+0.0382,+0,+0,+0,09:45:01 23.03.2020
4221,+23.6,+24.2,+23.1,+22.9,+23,+23.9,+23.3,+23.7,+23.6,+23.6,+25,MANU,0,0,+0,+0,+0.0161,+0,+0.0382,+0,+0,+0,09:46:01 23.03.2020
4222,+23.6,+24.2,+23.1,+22.9,+23,+23.8,+23.3,+23.7,+23.6,+23.6,+25,FULL,0,0,+0,+0,+0.0161,+0,+0.0382,+0,+0,+0,09:47:01 23.03.2020
4223,+23.6,+24.2,+23.1,+22.9,+23,+23.8,+23.3,+23.7,+23.6,+23.6,+25,FULL,0,0,+0,+0,+0.0161,+0,+0.0382,+0,+0,+0,09:48:01 23.03.2020
4224,+23.6,+24.1,+23.1,+22.9,+23,+23.9,+23.3,+23.7,+23.6,+23.6,+25,FULL,0,0,+0,+0,+0.0161,+0,+0.0382,+0,+0,+0,09:49:01 23.03.2020
4225,+23.7,+24.1,+23.1,+22.9,+23,+23.9,+23.3,+23.7,+23.6,+23.6,+25,FULL,0,0,+0,+0,+0.0161,+0,+0.0382,+0,+0,+0,09:50:01 23.03.2020
4226,+23.7,+24.1,+23.1,+22.9,+23,+23.9,+23.3,+23.7,+23.6,+23.6,+25,FULL,0,0,+0,+0,+0.0161,+0,+0.0382,+0,+0,+0,09:51:01 23.03.2020
4227,+23.7,+24.1,+23.1,+22.9,+23,+24,+23.3,+23.7,+23.6,+23.6,+25,FULL,0,0,+0,+0,+0.0161,+0,+0.0382,+0,+0,+0,09:52:01 23.03.2020
4228,+23.7,+24.1,+23.1,+22.9,+23,+24,+23.3,+23.7,+23.6,+23.6,+25,FULL,0,0,+0,+0,+0.0161,+0,+0.0382,+0,+0,+0,09:53:01 23.03.2020
4229,+23.6,+24.1,+23.1,+22.9,+23,+24,+23.3,+23.7,+23.6,+23.5,+25,FULL,0,0,+0,+0,+0.0161,+0,+0.0382,+0,+0,+0,09:54:01 23.03.2020
4230,+23.6,+24,+23.1,+22.9,+23,+24,+23.3,+23.7,+23.6,+23.5,+25,FULL,0,0,+0,+0,+0.0161,+0,+0.0382,+0,+0,+0,09:55:01 23.03.2020
4231,+23.6,+24,+23.1,+22.9,+23,+24,+23.3,+23.7,+23.6,+23.5,+25,FULL,0,0,+0,+0,+0.0161,+0,+0.0382,+0,+0,+0,09:56:01 23.03.2020
4232,+23.6,+24,+23.1,+22.9,+23,+24,+23.3,+23.7,+23.6,+23.5,+25,FULL,0,0,+0,+0,+0.0161,+0,+0.0382,+0,+0,+0,09:57:01 23.03.2020
4233,+23.6,+24,+23.1,+22.9,+23,+24,+23.3,+23.7,+23.6,+23.5,+25,FULL,0,0,+0,+0,+0.0161,+0,+0.0382,+0,+0,+0,09:58:01 23.03.2020
4234,+23.6,+23.9,+23.1,+22.9,+23,+24,+23.3,+23.7,+23.6,+23.5,+25,FULL,0,0,+0,+0,+0.0161,+0,+0.0382,+0,+0,+0,09:59:01 23.03.2020
4235,+23.6,+23.9,+23.1,+22.9,+23,+24,+23.3,+23.7,+23.6,+23.5,+25,FULL,0,0,+0,+0,+0.0161,+0,+0.0382,+0,+0,+0,10:00:01 23.03.2020
4236,+23.6,+23.9,+23.1,+22.9,+23,+24,+23.3,+23.7,+23.6,+23.5,+25,FULL,0,0,+0,+0,+0.0161,+0,+0.0382,+0,+0,+0,10:01:01 23.03.2020
4237,+23.6,+23.7,+23.1,+22.9,+23,+24,+23.3,+23.7,+23.6,+23.5,+25,FULL,0,0,+0,+0,+0.0161,+0,+0.0382,+0,+0,+0,10:02:01 23.03.2020
4238,+23.6,+23.6,+23.1,+22.9,+23,+24,+23.3,+23.7,+23.6,+23.5,+25,FULL,0,0,+0,+0,+0.0161,+0,+0.0382,+0,+0,+0,10:03:01 23.03.2020
4239,+23.5,+23.6,+23.1,+22.9,+23,+24,+23.3,+23.7,+23.6,+23.5,+25,FULL,0,0,+0,+0,+0.0161,+0,+0.0382,+0,+0,+0,10:04:01 23.03.2020
4240,+23.5,+23.6,+23.1,+22.9,+23,+24,+23.3,+23.7,+23.6,+23.5,+25,FULL,0,0,+0,+0,+0.0161,+0,+0.0382,+0,+0,+0,10:05:01 23.03.2020
4241,+23.5,+23.5,+23.1,+22.9,+23,+24,+23.3,+23.7,+23.6,+23.5,+25,FULL,0,0,+0,+0,+0.0161,+0,+0.0382,+0,+0,+0,10:06:01 23.03.2020
4242,+23.5,+23.5,+23.1,+22.9,+23,+23.9,+23.3,+23.7,+23.6,+23.5,+25,FULL,0,0,+0,+0,+0.0161,+0,+0.0382,+0,+0,+0,10:07:01 23.03.2020
4243,+23.5,+23.5,+23.1,+22.9,+23,+23.9,+23.4,+23.7,+23.5,+23.5,+25,FULL,0,0,+0,+0,+0.0161,+0,+0.0382,+0,+0,+0,10:08:01 23.03.2020
4244,+23.5,+23.5,+23.1,+22.9,+23,+24,+23.4,+23.6,+23.5,+23.5,+25,FULL,0,0,+0,+0,+0.016,+0,+0.0382,+0,+0,+0,10:09:01 23.03.2020
4245,+23.5,+23.4,+23.1,+22.9,+23,+24,+23.3,+23.6,+23.5,+23.5,+25,FULL,0,0,+0,+0,+0.016,+0,+0.0382,+0,+0,+0,10:10:01 23.03.2020
4246,+23.6,+23.4,+23.1,+22.9,+23,+24.1,+23.4,+23.6,+23.5,+23.5,+25,FULL,0,0,+0,+0,+0.016,+0,+0.0382,+0,+0,+0,10:11:01 23.03.2020
4247,+23.5,+23.4,+23.1,+22.9,+23,+24.1,+23.4,+23.6,+23.5,+23.5,+25,FULL,0,0,+0,+0,+0.016,+0,+0.0382,+0,+0,+0,10:12:01 23.03.2020
4248,+23.5,+23.4,+23.1,+22.9,+23,+24.1,+23.4,+23.6,+23.5,+23.5,+25,FULL,0,0,+0,+0,+0.016,+0,+0.0382,+0,+0,+0,10:13:01 23.03.2020
4249,+23.5,+23.3,+23.1,+22.9,+23,+24.1,+23.4,+23.7,+23.5,+23.5,+25,MANU,0,0,+0,+0,+0.0161,+0,+0.0382,+0,+0,+0,10:14:01 23.03.2020
4250,+23.5,+23.3,+23.1,+22.9,+23,+24.1,+23.4,+23.7,+23.5,+23.5,+25,MANU,0,0,+0,+0,+0.0161,+0,+0.0382,+0,+0,+0,10:15:01 23.03.2020
4251,+23.5,+23.2,+23.1,+22.8,+23,+24.1,+23.4,+23.6,+23.5,+23.5,+25,MANU,0,0,+0,+0,+0.016,+0,+0.0382,+0,+0,+0,10:16:01 23.03.2020
4252,+23.5,+23.2,+23.1,+22.8,+23,+24.1,+23.4,+23.7,+23.5,+23.5,+25,MANU,0,0,+0,+0,+0.0161,+0,+0.0382,+0,+0,+0,10:17:01 23.03.2020
4253,+23.5,+23.2,+23.1,+22.8,+23,+24.1,+23.4,+23.7,+23.5,+23.5,+25,MANU,0,0,+0,+0,+0.0161,+0,+0.0382,+0,+0,+0,10:18:01 23.03.2020
4254,+23.4,+23.1,+23.1,+22.8,+23,+24,+23.4,+23.6,+23.5,+23.5,+25,MANU,0,0,+0,+0,+0.016,+0,+0.0382,+0,+0,+0,10:19:01 23.03.2020
4255,+23.4,+23.1,+23.1,+22.8,+23,+24,+23.4,+23.6,+23.5,+23.4,+25,MANU,0,0,+0,+0,+0.016,+0,+0.0382,+0,+0,+0,10:20:01 23.03.2020
4256,+23.4,+23,+23.1,+22.8,+23,+24,+23.4,+23.6,+23.5,+23.4,+25,MANU,0,0,+0,+0,+0.016,+0,+0.0381,+0,+0,+0,10:21:01 23.03.2020
4257,+23.4,+23,+23.1,+22.8,+23,+23.9,+23.4,+23.6,+23.5,+23.4,+25,MANU,0,0,+0,+0,+0.016,+0,+0.0381,+0,+0,+0,10:22:01 23.03.2020
4258,+23.4,+23,+23.1,+22.8,+23,+23.9,+23.4,+23.6,+23.5,+23.4,+25,MANU,0,0,+0,+0,+0.016,+0,+0.0381,+0,+0,+0,10:23:01 23.03.2020
4259,+23.4,+23,+23.1,+22.8,+23,+23.9,+23.4,+23.6,+23.5,+23.4,+25,MANU,0,0,+0,+0,+0.016,+0,+0.0381,+0,+0,+0,10:24:01 23.03.2020
4260,+23.4,+23,+23.1,+22.8,+23,+23.9,+23.4,+23.6,+23.5,+23.4,+25,MANU,0,0,+0,+0,+0.016,+0,+0.0381,+0,+0,+0,10:25:01 23.03.2020
4261,+23.4,+22.9,+23.1,+22.8,+23,+23.9,+23.4,+23.6,+23.5,+23.4,+25,MANU,0,0,+0,+0,+0.016,+0,+0.0381,+0,+0,+0,10:26:01 23.03.2020
4262,+23.4,+22.9,+23.1,+22.8,+23,+23.8,+23.4,+23.6,+23.5,+23.4,+25,MANU,0,0,+0,+0,+0.016,+0,+0.0381,+0,+0,+0,10:27:01 23.03.2020
4263,+23.4,+22.9,+23.1,+22.8,+23,+23.8,+23.4,+23.5,+23.4,+23.4,+25,MANU,0,0,+0,+0,+0.0159,+0,+0.0381,+0,+0,+0,10:28:01 23.03.2020
4264,+23.4,+22.9,+23.1,+22.8,+23,+23.8,+23.4,+23.5,+23.4,+23.4,+25,MANU,0,0,+0,+0,+0.0159,+0,+0.0379,+0,+0,+0,10:29:01 23.03.2020
4265,+23.4,+22.9,+23.1,+22.8,+23,+23.8,+23.4,+23.5,+23.4,+23.4,+25,MANU,0,0,+0,+0,+0.0159,+0,+0.0379,+0,+0,+0,10:30:01 23.03.2020
4266,+23.4,+22.9,+23.1,+22.8,+23,+23.8,+23.4,+23.5,+23.4,+23.3,+25,MANU,0,0,+0,+0,+0.0159,+0,+0.0379,+0,+0,+0,10:31:01 23.03.2020
4267,+23.4,+22.9,+23.1,+22.8,+23,+23.8,+23.4,+23.5,+23.4,+23.3,+25,MANU,0,0,+0,+0,+0.0159,+0,+0.0379,+0,+0,+0,10:32:01 23.03.2020
4268,+23.4,+22.9,+23.1,+22.8,+23,+23.8,+23.4,+23.5,+23.4,+23.3,+25,MANU,0,0,+0,+0,+0.0159,+0,+0.0379,+0,+0,+0,10:33:01 23.03.2020
4269,+23.4,+22.9,+23.1,+22.8,+23,+23.8,+23.3,+23.5,+23.4,+23.3,+25,MANU,0,0,+0,+0,+0.0159,+0,+0.0379,+0,+0,+0,10:34:01 23.03.2020
4270,+23.3,+22.9,+23.1,+22.8,+23,+23.8,+23.3,+23.4,+23.4,+23.3,+25,MANU,0,0,+0,+0,+0.0159,+0,+0.0379,+0,+0,+0,10:35:01 23.03.2020
4271,+23.3,+22.8,+23.1,+22.8,+23,+23.8,+23.3,+23.4,+23.4,+23.3,+25,MANU,0,0,+0,+0,+0.0159,+0,+0.0379,+0,+0,+0,10:36:01 23.03.2020
4272,+23.3,+22.8,+23.1,+22.8,+23,+23.8,+23.3,+23.4,+23.4,+23.3,+25,MANU,0,0,+0,+0,+0.0159,+0,+0.0379,+0,+0,+0,10:37:01 23.03.2020
4273,+23.3,+22.8,+23.1,+22.8,+23,+23.8,+23.3,+23.4,+23.4,+23.3,+25,MANU,0,0,+0,+0,+0.0159,+0,+0.0379,+0,+0,+0,10:38:01 23.03.2020
4274,+23.3,+22.8,+23.1,+22.8,+23,+23.8,+23.3,+23.4,+23.4,+23.3,+25,ESTP,0,0,+0,+0,+0.0159,+0,+0.0379,+0,+0,+0,10:39:01 23.03.2020
4275,+23.3,+22.8,+23.1,+22.8,+23,+23.8,+23.3,+23.4,+23.3,+23.3,+25,HWHE,0,0,+0,+0,+0.0159,+0,+0.0379,+0,+0,+0,10:40:01 23.03.2020
4276,+23.3,+22.8,+23.1,+22.8,+23,+23.8,+23.3,+23.4,+23.3,+23.3,+25,ESTP,0,0,+0,+0,+0.0159,+0,+0.0379,+0,+0,+0,10:41:01 23.03.2020
4277,+23.3,+22.8,+23.1,+22.8,+23,+23.8,+23.3,+23.4,+23.4,+23.3,+25,MANU,0,0,+0,+0,+0.0159,+0,+0.0379,+0,+0,+0,10:42:01 23.03.2020
4278,+23.3,+22.8,+23.1,+22.8,+23,+23.7,+23.3,+23.4,+23.3,+23.3,+25,MANU,0,0,+0,+0,+0.0159,+0,+0.0379,+0,+0,+0,10:43:01 23.03.2020
4279,+23.3,+22.8,+23.1,+22.8,+23,+23.7,+23.3,+23.4,+23.3,+23.3,+25,MANU,0,0,+0,+0,+0.0159,+0,+0.0379,+0,+0,+0,10:44:01 23.03.2020
4280,+23.3,+22.8,+23.1,+22.8,+23,+23.7,+23.3,+23.4,+23.3,+23.3,+25,MANU,0,0,+0,+0,+0.0159,+0,+0.0379,+0,+0,+0,10:45:01 23.03.2020
4281,+23.3,+22.8,+23.1,+22.8,+23,+23.7,+23.3,+23.4,+23.3,+23.3,+25,MANU,0,0,+0,+0,+0.0159,+0,+0.0379,+0,+0,+0,10:46:01 23.03.2020
4282,+23.3,+22.8,+23.1,+22.8,+23,+23.7,+23.3,+23.4,+23.3,+23.3,+25,MANU,0,0,+0,+0,+0.0159,+0,+0.0379,+0,+0,+0,10:47:01 23.03.2020
4283,+23.3,+22.8,+23.1,+22.8,+23,+23.7,+23.3,+23.4,+23.3,+23.2,+25,MANU,0,0,+0,+0,+0.0159,+0,+0.0379,+0,+0,+0,10:48:01 23.03.2020
4284,+23.3,+22.8,+23.1,+22.8,+23,+23.7,+23.3,+23.4,+23.3,+23.2,+25,MANU,0,0,+0,+0,+0.0159,+0,+0.0379,+0,+0,+0,10:49:01 23.03.2020
4285,+23.3,+22.8,+23.1,+22.8,+23,+23.7,+23.3,+23.4,+23.3,+23.2,+25,MANU,0,0,+0,+0,+0.0159,+0,+0.0379,+0,+0,+0,10:50:01 23.03.2020
4286,+23.3,+22.8,+23.1,+22.8,+23,+23.8,+23.3,+23.4,+23.3,+23.2,+25,MANU,0,0,+0,+0,+0.0159,+0,+0.0379,+0,+0,+0,10:51:01 23.03.2020
4287,+23.3,+22.8,+23.1,+22.8,+23,+23.8,+23.3,+23.4,+23.3,+23.2,+25,MANU,0,0,+0,+0,+0.0159,+0,+0.0379,+0,+0,+0,10:52:01 23.03.2020
4288,+23.3,+22.8,+23,+22.8,+23,+23.8,+23.3,+23.4,+23.3,+23.2,+25,INCR,0,0,+0,+0,+0.0159,+0,+0.0379,+0,+0,+0,10:53:01 23.03.2020
4289,+23.3,+22.7,+23,+22.8,+23,+23.8,+23.3,+23.4,+23.3,+23.2,+25,MANU,0,0,+0,+0,+0.0159,+0,+0.0379,+0,+0,+0,10:54:01 23.03.2020
4290,+23.3,+22.7,+23.1,+22.8,+23,+23.8,+23.3,+23.4,+23.3,+23.2,+25,MANU,0,0,+0,+0,+0.0159,+0,+0.0379,+0,+0,+0,10:55:01 23.03.2020
4291,+23.3,+22.7,+23,+22.8,+23,+23.8,+23.3,+23.4,+23.3,+23.2,+25,MANU,0,0,+0,+0,+0.0159,+0,+0.0379,+0,+0,+0,10:56:01 23.03.2020
4292,+23.3,+22.7,+23,+22.8,+23,+23.8,+23.3,+23.4,+23.3,+23.2,+25,INCR,0,0,+0,+0,+0.0159,+0,+0.0379,+0,+0,+0,10:57:01 23.03.2020
4293,+23.3,+22.7,+23,+22.8,+23,+23.8,+23.3,+23.4,+23.3,+23.2,+25,MANU,0,0,+0,+0,+0.0159,+0,+0.0379,+0,+0,+0,10:58:01 23.03.2020
4294,+23.3,+22.7,+23,+22.8,+23,+23.7,+23.3,+23.4,+23.3,+23.2,+25,MANU,0,0,+0,+0,+0.0159,+0,+0.0379,+0,+0,+0,10:59:01 23.03.2020
4295,+23.2,+22.7,+23,+22.8,+23,+23.8,+23.3,+23.4,+23.3,+23.2,+25,INCR,0,0,+0,+0,+0.0159,+0,+0.0381,+0,+0,+0,11:00:01 23.03.2020
4296,+23.2,+22.8,+23,+22.8,+23,+23.8,+23.3,+23.4,+23.3,+23.2,+25,MANU,0,0,+0,+0,+0.0159,+0,+0.0381,+0,+0,+0,11:01:01 23.03.2020
4297,+23.2,+22.7,+23,+22.8,+23,+23.7,+23.3,+23.4,+23.3,+23.2,+25,MANU,0,0,+0,+0,+0.0159,+0,+0.0381,+0,+0,+0,11:02:01 23.03.2020
4298,+23.2,+22.7,+23,+22.8,+23,+23.7,+23.3,+23.4,+23.3,+23.2,+25,MANU,0,0,+0,+0,+0.0159,+0,+0.0381,+0,+0,+0,11:03:01 23.03.2020
4299,+23.2,+22.7,+23,+22.8,+23,+23.7,+23.3,+23.4,+23.3,+23.2,+25,MANU,0,0,+0,+0,+0.0159,+0,+0.0381,+0,+0,+0,11:04:01 23.03.2020
4300,+23.2,+22.7,+23,+22.8,+23,+23.7,+23.3,+23.4,+23.3,+23.2,+25,MANU,0,0,+0,+0,+0.0159,+0,+0.0381,+0,+0,+0,11:05:01 23.03.2020
4301,+23.2,+22.7,+23,+22.8,+23,+23.7,+23.3,+23.4,+23.3,+23.2,+25,MANU,0,0,+0,+0,+0.0159,+0,+0.0381,+0,+0,+0,11:06:01 23.03.2020
4302,+23.2,+22.6,+23,+22.8,+23,+23.7,+23.3,+23.4,+23.3,+23.2,+25,FULL,0,0,+0,+0,+0.0159,+0,+0.0381,+0,+0,+0,11:07:01 23.03.2020
4303,+23.2,+22.6,+23,+22.8,+23,+23.7,+23.3,+23.4,+23.3,+23.2,+25,MANU,0,0,+0,+0,+0.0159,+0,+0.0381,+0,+0,+0,11:08:01 23.03.2020
4304,+23.2,+22.6,+23,+22.8,+23,+23.8,+23.3,+23.4,+23.3,+23.2,+25,FULL,0,0,+0,+0,+0.0159,+0,+0.0381,+0,+0,+0,11:09:01 23.03.2020
4305,+23.2,+22.6,+23,+22.8,+23,+23.7,+23.3,+23.4,+23.3,+23.2,+25,FULL,0,0,+0,+0,+0.0159,+0,+0.0381,+0,+0,+0,11:10:01 23.03.2020
4306,+23.2,+22.6,+23,+22.8,+23,+23.7,+23.3,+23.4,+23.3,+23.2,+25,FULL,0,0,+0,+0,+0.0159,+0,+0.0381,+0,+0,+0,11:11:01 23.03.2020
4307,+23.2,+22.6,+23,+22.8,+23,+23.7,+23.3,+23.4,+23.3,+23.2,+25,FULL,0,0,+0,+0,+0.0159,+0,+0.0381,+0,+0,+0,11:12:01 23.03.2020
4308,+23.2,+22.5,+23,+22.8,+23,+23.7,+23.3,+23.4,+23.3,+23.2,+25,FULL,0,0,+0,+0,+0.0159,+0,+0.0381,+0,+0,+0,11:13:01 23.03.2020
4309,+23.2,+22.5,+23,+22.8,+23,+23.7,+23.3,+23.4,+23.3,+23.2,+25,FULL,0,0,+0,+0,+0.0159,+0,+0.0381,+0,+0,+0,11:14:01 23.03.2020
4310,+23.2,+22.5,+23,+22.8,+22.9,+23.7,+23.3,+23.4,+23.3,+23.2,+25,FULL,0,0,+0,+0,+0.0159,+0,+0.0381,+0,+0,+0,11:15:01 23.03.2020
4311,+23.1,+22.5,+23,+22.8,+22.9,+23.7,+23.3,+23.4,+23.3,+23.2,+25,FULL,0,0,+0,+0,+0.0159,+0,+0.0381,+0,+0,+0,11:16:01 23.03.2020
4312,+23.1,+22.5,+23,+22.8,+22.9,+23.7,+23.3,+23.4,+23.3,+23.2,+25,FULL,0,0,+0,+0,+0.0159,+0,+0.0381,+0,+0,+0,11:17:01 23.03.2020
4313,+23.1,+22.5,+23,+22.8,+22.9,+23.7,+23.3,+23.4,+23.3,+23.2,+25,FULL,0,0,+0,+0,+0.0159,+0,+0.0381,+0,+0,+0,11:18:01 23.03.2020
4314,+23.1,+22.5,+23,+22.8,+22.9,+23.7,+23.3,+23.4,+23.3,+23.2,+25,FULL,0,0,+0,+0,+0.0159,+0,+0.0381,+0,+0,+0,11:19:01 23.03.2020
4315,+23.1,+22.5,+23,+22.8,+22.9,+23.7,+23.3,+23.4,+23.3,+23.2,+25,FULL,0,0,+0,+0,+0.0159,+0,+0.0381,+0,+0,+0,11:20:01 23.03.2020
4316,+23.1,+22.5,+23,+22.8,+22.9,+23.7,+23.3,+23.4,+23.3,+23.2,+25,FULL,0,0,+0,+0,+0.0159,+0,+0.0381,+0,+0,+0,11:21:01 23.03.2020
4317,+23.1,+22.5,+23,+22.8,+22.9,+23.7,+23.3,+23.4,+23.3,+23.2,+25,FULL,0,0,+0,+0,+0.0159,+0,+0.0381,+0,+0,+0,11:22:01 23.03.2020
4318,+23.1,+22.5,+23,+22.8,+22.9,+23.7,+23.3,+23.4,+23.3,+23.2,+25,FULL,0,0,+0,+0,+0.0159,+0,+0.0381,+0,+0,+0,11:23:01 23.03.2020
4319,+23.1,+22.5,+23,+22.8,+22.9,+23.7,+23.3,+23.4,+23.3,+23.1,+25,FULL,0,0,+0,+0,+0.0159,+0,+0.0381,+0,+0,+0,11:24:01 23.03.2020
4320,+23.1,+22.5,+23,+22.8,+22.9,+23.7,+23.3,+23.4,+23.3,+23.1,+25,FULL,0,0,+0,+0,+0.0159,+0,+0.0381,+0,+0,+0,11:25:01 23.03.2020
4321,+23.1,+22.5,+23,+22.8,+22.9,+23.7,+23.3,+23.4,+23.3,+23.1,+25,FULL,0,0,+0,+0,+0.0159,+0,+0.0381,+0,+0,+0,11:26:01 23.03.2020
4322,+23.1,+22.5,+23,+22.8,+22.9,+23.7,+23.3,+23.4,+23.3,+23.1,+25,FULL,0,0,+0,+0,+0.0159,+0,+0.0381,+0,+0,+0,11:27:01 23.03.2020
4323,+23.1,+22.5,+23,+22.8,+22.9,+23.7,+23.3,+23.4,+23.3,+23.1,+25,FULL,0,0,+0,+0,+0.0159,+0,+0.0381,+0,+0,+0,11:28:01 23.03.2020
4324,+23.1,+22.5,+23,+22.8,+22.9,+23.7,+23.3,+23.4,+23.3,+23.1,+25,FULL,0,0,+0,+0,+0.0159,+0,+0.0381,+0,+0,+0,11:29:01 23.03.2020
4325,+23.1,+22.5,+23,+22.8,+22.9,+23.7,+23.3,+23.4,+23.3,+23.1,+25,FULL,0,0,+0,+0,+0.0159,+0,+0.0381,+0,+0,+0,11:30:01 23.03.2020
4326,+23.1,+22.5,+23,+22.8,+22.9,+23.7,+23.3,+23.4,+23.3,+23.1,+25,FULL,0,0,+0,+0,+0.0159,+0,+0.0381,+0,+0,+0,11:31:01 23.03.2020
4327,+23.1,+22.5,+23,+22.8,+22.9,+23.7,+23.3,+23.4,+23.3,+23.1,+25,FULL,0,0,+0,+0,+0.0159,+0,+0.0381,+0,+0,+0,11:32:01 23.03.2020
4328,+23.1,+22.5,+23,+22.8,+22.9,+23.7,+23.3,+23.4,+23.3,+23.1,+25,FULL,0,0,+0,+0,+0.0159,+0,+0.0381,+0,+0,+0,11:33:01 23.03.2020
4329,+23.1,+22.5,+23,+22.8,+22.9,+23.7,+23.3,+23.4,+23.3,+23.1,+25,FULL,0,0,+0,+0,+0.0159,+0,+0.0381,+0,+0,+0,11:34:01 23.03.2020
4330,+23.1,+22.5,+23,+22.8,+22.9,+23.7,+23.3,+23.4,+23.3,+23.1,+25,FULL,0,0,+0,+0,+0.0159,+0,+0.0381,+0,+0,+0,11:35:01 23.03.2020
4331,+23.1,+22.5,+23,+22.8,+22.9,+23.7,+23.3,+23.4,+23.3,+23.1,+25,FULL,0,0,+0,+0,+0.0159,+0,+0.0381,+0,+0,+0,11:36:01 23.03.2020
4332,+23.1,+22.5,+23,+22.8,+22.9,+23.7,+23.3,+23.4,+23.3,+23.1,+25,FULL,0,0,+0,+0,+0.0159,+0,+0.0381,+0,+0,+0,11:37:01 23.03.2020
4333,+23.1,+22.5,+23,+22.8,+22.9,+23.7,+23.3,+23.4,+23.3,+23.1,+25,FULL,0,0,+0,+0,+0.0159,+0,+0.0381,+0,+0,+0,11:38:01 23.03.2020
4334,+23,+22.5,+23,+22.8,+22.9,+23.7,+23.3,+23.4,+23.3,+23.1,+25,FULL,0,0,+0,+0,+0.0159,+0,+0.0381,+0,+0,+0,11:39:01 23.03.2020
4335,+23,+22.5,+23,+22.8,+22.9,+23.7,+23.3,+23.4,+23.3,+23.1,+25,FULL,0,0,+0,+0,+0.0159,+0,+0.0381,+0,+0,+0,11:40:01 23.03.2020
4336,+23,+22.5,+23,+22.8,+22.9,+23.7,+23.3,+23.4,+23.3,+23.1,+25,FULL,0,0,+0,+0,+0.0159,+0,+0.0381,+0,+0,+0,11:41:01 23.03.2020
4337,+23,+22.5,+23,+22.8,+22.9,+23.7,+23.3,+23.4,+23.3,+23.1,+25,FULL,0,0,+0,+0,+0.0159,+0,+0.0381,+0,+0,+0,11:42:01 23.03.2020
4338,+23,+22.5,+23,+22.8,+22.9,+23.7,+23.3,+23.4,+23.3,+23.1,+25,FULL,0,0,+0,+0,+0.0159,+0,+0.0381,+0,+0,+0,11:43:01 23.03.2020
4339,+23,+22.5,+23,+22.8,+22.9,+23.7,+23.3,+23.4,+23.3,+23.1,+25,FULL,0,0,+0,+0,+0.0159,+0,+0.0381,+0,+0,+0,11:44:01 23.03.2020
4340,+23,+22.5,+23,+22.8,+22.9,+23.7,+23.3,+23.4,+23.3,+23.1,+25,FULL,0,0,+0,+0,+0.0159,+0,+0.0381,+0,+0,+0,11:45:01 23.03.2020
4341,+23,+22.5,+23,+22.8,+22.9,+23.7,+23.3,+23.4,+23.3,+23.1,+25,FULL,0,0,+0,+0,+0.0159,+0,+0.0381,+0,+0,+0,11:46:01 23.03.2020
4342,+23,+22.5,+23,+22.8,+22.9,+23.7,+23.3,+23.4,+23.3,+23.1,+25,FULL,0,0,+0,+0,+0.0159,+0,+0.0381,+0,+0,+0,11:47:01 23.03.2020
4343,+23,+22.5,+23,+22.8,+22.9,+23.7,+23.3,+23.4,+23.3,+23.1,+25,FULL,0,0,+0,+0,+0.0159,+0,+0.0381,+0,+0,+0,11:48:01 23.03.2020
4344,+23,+22.5,+23,+22.8,+22.9,+23.7,+23.3,+23.4,+23.3,+23.1,+25,FULL,0,0,+0,+0,+0.0159,+0,+0.0381,+0,+0,+0,11:49:01 23.03.2020
4345,+23,+22.5,+23,+22.8,+22.9,+23.7,+23.3,+23.4,+23.2,+23.1,+25,FULL,0,0,+0,+0,+0.0159,+0,+0.0381,+0,+0,+0,11:50:01 23.03.2020
4346,+23,+22.5,+23,+22.8,+22.9,+23.7,+23.3,+23.4,+23.2,+23.1,+25,FULL,0,0,+0,+0,+0.0159,+0,+0.0381,+0,+0,+0,11:51:01 23.03.2020
4347,+23,+22.5,+23,+22.8,+22.9,+23.7,+23.3,+23.4,+23.3,+23.1,+25,FULL,0,0,+0,+0,+0.0159,+0,+0.0381,+0,+0,+0,11:52:01 23.03.2020
4348,+23,+22.5,+23,+22.8,+22.9,+23.7,+23.3,+23.4,+23.2,+23.1,+25,FULL,0,0,+0,+0,+0.0159,+0,+0.0381,+0,+0,+0,11:53:01 23.03.2020
4349,+23,+22.5,+23,+22.8,+22.9,+23.7,+23.3,+23.4,+23.2,+23.1,+25,FULL,0,0,+0,+0,+0.0159,+0,+0.0381,+0,+0,+0,11:54:01 23.03.2020
4350,+23,+22.5,+23,+22.8,+22.9,+23.7,+23.3,+23.4,+23.2,+23.1,+25,FULL,0,0,+0,+0,+0.0159,+0,+0.0381,+0,+0,+0,11:55:01 23.03.2020
4351,+23,+22.4,+23,+22.8,+22.9,+23.7,+23.3,+23.4,+23.3,+23.1,+25,FULL,0,0,+0,+0,+0.0159,+0,+0.0381,+0,+0,+0,11:56:01 23.03.2020
4352,+23,+22.4,+23,+22.8,+22.9,+23.7,+23.3,+23.4,+23.3,+23.1,+25,FULL,0,0,+0,+0,+0.0159,+0,+0.0381,+0,+0,+0,11:57:01 23.03.2020
4353,+23,+22.4,+23,+22.8,+22.9,+23.7,+23.3,+23.4,+23.3,+23.1,+25,FULL,0,0,+0,+0,+0.0159,+0,+0.0381,+0,+0,+0,11:58:01 23.03.2020
4354,+23,+22.4,+23,+22.8,+22.9,+23.7,+23.3,+23.4,+23.3,+23.1,+25,FULL,0,0,+0,+0,+0.0159,+0,+0.0381,+0,+0,+0,11:59:01 23.03.2020
4355,+23,+22.4,+23,+22.8,+22.9,+23.7,+23.3,+23.4,+23.3,+23.1,+25,MANU,0,0,+0,+0,+0.0159,+0,+0.0381,+0,+0,+0,12:00:01 23.03.2020
4356,+23,+22.4,+23,+22.8,+22.9,+23.7,+23.3,+23.4,+23.3,+23.1,+25,MANU,0,0,+0,+0,+0.0159,+0,+0.0381,+0,+0,+0,12:01:01 23.03.2020
4357,+23,+22.3,+23,+22.8,+22.9,+23.7,+23.3,+23.4,+23.3,+23.1,+25,MANU,0,0,+0,+0,+0.0159,+0,+0.0381,+0,+0,+0,12:02:01 23.03.2020
4358,+23,+22.3,+23,+22.8,+22.9,+23.7,+23.3,+23.4,+23.3,+23.1,+25,MANU,0,0,+0,+0,+0.0159,+0,+0.0381,+0,+0,+0,12:03:01 23.03.2020
4359,+23,+22.3,+23,+22.8,+22.9,+23.7,+23.3,+23.4,+23.3,+23.1,+25,MANU,0,0,+0,+0,+0.0159,+0,+0.0381,+0,+0,+0,12:04:01 23.03.2020
4360,+23,+22.3,+23,+22.8,+22.9,+23.7,+23.3,+23.4,+23.3,+23.1,+25,MANU,0,0,+0,+0,+0.0159,+0,+0.0381,+0,+0,+0,12:05:01 23.03.2020
4361,+23,+22.2,+23,+22.8,+22.9,+23.7,+23.3,+23.4,+23.3,+23.1,+25,MANU,0,0,+0,+0,+0.0159,+0,+0.0381,+0,+0,+0,12:06:01 23.03.2020
4362,+23,+22.2,+23,+22.7,+22.9,+23.7,+23.3,+23.4,+23.3,+23.1,+25,MANU,0,0,+0,+0,+0.0159,+0,+0.0381,+0,+0,+0,12:07:01 23.03.2020
4363,+23,+22.2,+23,+22.7,+22.9,+23.7,+23.3,+23.4,+23.3,+23.1,+25,MANU,0,0,+0,+0,+0.0159,+0,+0.0381,+0,+0,+0,12:08:01 23.03.2020
4364,+23,+22.2,+23,+22.7,+22.9,+23.7,+23.3,+23.4,+23.3,+23.1,+25,MANU,0,0,+0,+0,+0.0159,+0,+0.038,+0,+0,+0,12:09:01 23.03.2020
4365,+23,+22.2,+23,+22.7,+22.9,+23.7,+23.3,+23.4,+23.3,+23.1,+25,MANU,0,0,+0,+0,+0.0159,+0,+0.0379,+0,+0,+0,12:10:01 23.03.2020
4366,+23,+22.2,+23,+22.7,+22.9,+23.7,+23.3,+23.4,+23.3,+23.1,+25,MANU,0,0,+0,+0,+0.0159,+0,+0.0379,+0,+0,+0,12:11:01 23.03.2020
4367,+23,+22.2,+23,+22.7,+22.9,+23.7,+23.3,+23.4,+23.3,+23.1,+25,MANU,0,0,+0,+0,+0.0159,+0,+0.0379,+0,+0,+0,12:12:01 23.03.2020
4368,+23,+22.2,+23,+22.7,+22.9,+23.7,+23.3,+23.4,+23.3,+23.1,+25,MANU,0,0,+0,+0,+0.0159,+0,+0.0379,+0,+0,+0,12:13:01 23.03.2020
4369,+23,+22.2,+23,+22.7,+22.9,+23.7,+23.3,+23.4,+23.3,+23.1,+25,MANU,0,0,+0,+0,+0.0159,+0,+0.0379,+0,+0,+0,12:14:01 23.03.2020
4370,+23,+22.2,+23,+22.7,+22.9,+23.7,+23.3,+23.4,+23.2,+23.1,+25,MANU,0,0,+0,+0,+0.0159,+0,+0.0379,+0,+0,+0,12:15:01 23.03.2020
4371,+23,+22.2,+23,+22.7,+22.9,+23.7,+23.3,+23.4,+23.2,+23.1,+25,MANU,0,0,+0,+0,+0.0159,+0,+0.0379,+0,+0,+0,12:16:01 23.03.2020
4372,+23,+22.2,+23,+22.7,+22.9,+23.6,+23.3,+23.4,+23.3,+23.1,+25,MANU,0,0,+0,+0,+0.0159,+0,+0.0379,+0,+0,+0,12:17:01 23.03.2020
4373,+23,+22.2,+23,+22.7,+22.9,+23.6,+23.3,+23.4,+23.3,+23.1,+25,MANU,0,0,+0,+0,+0.0159,+0,+0.0379,+0,+0,+0,12:18:01 23.03.2020
4374,+23,+22.2,+23,+22.7,+22.9,+23.6,+23.3,+23.4,+23.3,+23.1,+25,MANU,0,0,+0,+0,+0.0159,+0,+0.0379,+0,+0,+0,12:19:01 23.03.2020
4375,+23,+22.2,+23,+22.7,+22.9,+23.6,+23.3,+23.4,+23.2,+23.1,+25,MANU,0,0,+0,+0,+0.0159,+0,+0.0379,+0,+0,+0,12:20:01 23.03.2020
4376,+23,+22.2,+23,+22.7,+22.9,+23.6,+23.3,+23.4,+23.3,+23.1,+25,MANU,0,0,+0,+0,+0.0159,+0,+0.0379,+0,+0,+0,12:21:01 23.03.2020
4377,+23,+22.2,+23,+22.7,+22.9,+23.6,+23.3,+23.4,+23.3,+23.1,+25,MANU,0,0,+0,+0,+0.0159,+0,+0.0379,+0,+0,+0,12:22:01 23.03.2020
4378,+23,+22.2,+23,+22.7,+22.9,+23.6,+23.3,+23.4,+23.2,+23.1,+25,MANU,0,0,+0,+0,+0.0159,+0,+0.0379,+0,+0,+0,12:23:01 23.03.2020
4379,+23.1,+22.2,+23,+22.7,+22.9,+23.6,+23.3,+23.4,+23.2,+23.1,+25,MANU,0,0,+0,+0,+0.0159,+0,+0.0379,+0,+0,+0,12:24:01 23.03.2020
4380,+23.1,+22.2,+23,+22.7,+22.9,+23.6,+23.3,+23.4,+23.2,+23.1,+25,MANU,0,0,+0,+0,+0.0159,+0,+0.0379,+0,+0,+0,12:25:01 23.03.2020
4381,+23.1,+22.1,+23,+22.7,+22.9,+23.6,+23.3,+23.4,+23.2,+23.1,+25,MANU,0,0,+0,+0,+0.0159,+0,+0.0379,+0,+0,+0,12:26:01 23.03.2020
4382,+23.1,+22.1,+23,+22.7,+22.9,+23.6,+23.3,+23.4,+23.2,+23.1,+25,MANU,0,0,+0,+0,+0.0159,+0,+0.0379,+0,+0,+0,12:27:01 23.03.2020
4383,+23.1,+22.1,+23,+22.7,+22.9,+23.6,+23.3,+23.4,+23.2,+23.1,+25,MANU,0,0,+0,+0,+0.0159,+0,+0.0379,+0,+0,+0,12:28:01 23.03.2020
4384,+23.1,+22.1,+23,+22.7,+22.9,+23.6,+23.3,+23.4,+23.2,+23.1,+25,MANU,0,0,+0,+0,+0.0159,+0,+0.0379,+0,+0,+0,12:29:01 23.03.2020
4385,+23.1,+22.1,+23,+22.7,+22.9,+23.6,+23.3,+23.4,+23.2,+23.1,+25,MANU,0,0,+0,+0,+0.0159,+0,+0.0379,+0,+0,+0,12:30:01 23.03.2020
4386,+23.1,+22.1,+23,+22.7,+22.9,+23.6,+23.3,+23.4,+23.2,+23.1,+25,MANU,0,0,+0,+0,+0.0159,+0,+0.0379,+0,+0,+0,12:31:01 23.03.2020
4387,+23.1,+22.1,+23,+22.7,+22.9,+23.6,+23.3,+23.4,+23.3,+23.1,+25,MANU,0,0,+0,+0,+0.0159,+0,+0.0379,+0,+0,+0,12:32:01 23.03.2020
4388,+23.1,+22.1,+23,+22.7,+22.9,+23.6,+23.3,+23.4,+23.2,+23.1,+25,MANU,0,0,+0,+0,+0.0159,+0,+0.0379,+0,+0,+0,12:33:01 23.03.2020
4389,+23.1,+22.1,+23,+22.7,+22.9,+23.6,+23.3,+23.4,+23.2,+23.1,+25,MANU,0,0,+0,+0,+0.0159,+0,+0.0379,+0,+0,+0,12:34:01 23.03.2020
4390,+23.1,+22.1,+23,+22.7,+22.9,+23.6,+23.3,+23.4,+23.2,+23.1,+25,MANU,0,0,+0,+0,+0.0159,+0,+0.0379,+0,+0,+0,12:35:01 23.03.2020
4391,+23.1,+22.1,+23,+22.7,+22.9,+23.6,+23.3,+23.4,+23.2,+23.1,+25,MANU,0,0,+0,+0,+0.0159,+0,+0.0379,+0,+0,+0,12:36:01 23.03.2020
4392,+23.1,+22.1,+23,+22.7,+22.9,+23.6,+23.3,+23.4,+23.3,+23.1,+25,MANU,0,0,+0,+0,+0.0159,+0,+0.0379,+0,+0,+0,12:37:01 23.03.2020
4393,+23.1,+22.1,+23,+22.7,+22.9,+23.6,+23.3,+23.4,+23.3,+23.1,+25,MANU,0,0,+0,+0,+0.0159,+0,+0.0379,+0,+0,+0,12:38:01 23.03.2020
4394,+23.1,+22.1,+23,+22.7,+22.9,+23.6,+23.3,+23.4,+23.3,+23.1,+25,MANU,0,0,+0,+0,+0.0159,+0,+0.0379,+0,+0,+0,12:39:01 23.03.2020
4395,+23.1,+22.1,+23,+22.7,+22.9,+23.6,+23.3,+23.4,+23.3,+23.1,+25,MANU,0,0,+0,+0,+0.0159,+0,+0.0379,+0,+0,+0,12:40:01 23.03.2020
4396,+23.1,+22.1,+23,+22.7,+22.9,+23.6,+23.3,+23.4,+23.3,+23.1,+25,MANU,0,0,+0,+0,+0.0159,+0,+0.0379,+0,+0,+0,12:41:01 23.03.2020
4397,+23.2,+22.1,+23,+22.7,+22.9,+23.6,+23.3,+23.4,+23.3,+23.1,+25,MANU,0,0,+0,+0,+0.0159,+0,+0.0379,+0,+0,+0,12:42:01 23.03.2020
4398,+23.2,+22.1,+23,+22.7,+22.9,+23.6,+23.3,+23.4,+23.3,+23.1,+25,MANU,0,0,+0,+0,+0.0159,+0,+0.0379,+0,+0,+0,12:43:01 23.03.2020
4399,+23.2,+22.1,+23,+22.7,+22.9,+23.6,+23.3,+23.4,+23.2,+23.1,+25,MANU,0,0,+0,+0,+0.0159,+0,+0.0379,+0,+0,+0,12:44:01 23.03.2020
4400,+23.2,+22.1,+23,+22.7,+22.9,+23.6,+23.3,+23.4,+23.2,+23.1,+25,MANU,0,0,+0,+0,+0.0159,+0,+0.0379,+0,+0,+0,12:45:01 23.03.2020
4401,+23.2,+22,+23,+22.7,+22.9,+23.6,+23.3,+23.4,+23.3,+23.1,+25,MANU,0,0,+0,+0,+0.0159,+0,+0.0379,+0,+0,+0,12:46:01 23.03.2020
4402,+23.2,+22,+23,+22.7,+22.9,+23.6,+23.3,+23.4,+23.2,+23.1,+25,MANU,0,0,+0,+0,+0.0159,+0,+0.0379,+0,+0,+0,12:47:01 23.03.2020
4403,+23.2,+22,+23,+22.7,+22.9,+23.6,+23.3,+23.4,+23.3,+23.1,+25,MANU,0,0,+0,+0,+0.0159,+0,+0.0379,+0,+0,+0,12:48:01 23.03.2020
4404,+23.2,+22,+23,+22.7,+22.9,+23.6,+23.3,+23.4,+23.3,+23.1,+25,MANU,0,0,+0,+0,+0.0159,+0,+0.0379,+0,+0,+0,12:49:01 23.03.2020
4405,+23.2,+22,+23,+22.7,+22.9,+23.6,+23.3,+23.4,+23.3,+23.1,+25,MANU,0,0,+0,+0,+0.0159,+0,+0.0379,+0,+0,+0,12:50:01 23.03.2020
4406,+23.2,+22,+23,+22.7,+22.9,+23.6,+23.3,+23.4,+23.3,+23.1,+25,MANU,0,0,+0,+0,+0.0159,+0,+0.0379,+0,+0,+0,12:51:01 23.03.2020
4407,+23.2,+22,+23,+22.7,+22.9,+23.6,+23.3,+23.4,+23.3,+23.1,+25,MANU,0,0,+0,+0,+0.0159,+0,+0.0379,+0,+0,+0,12:52:01 23.03.2020
4408,+23.2,+22,+23,+22.7,+22.9,+23.6,+23.3,+23.4,+23.3,+23.1,+25,MANU,0,0,+0,+0,+0.0159,+0,+0.0379,+0,+0,+0,12:53:01 23.03.2020
4409,+23.2,+22,+23,+22.7,+22.9,+23.6,+23.3,+23.4,+23.3,+23.1,+25,MANU,0,0,+0,+0,+0.0159,+0,+0.0379,+0,+0,+0,12:54:01 23.03.2020
4410,+23.2,+22,+23,+22.7,+22.9,+23.6,+23.3,+23.4,+23.3,+23.1,+25,MANU,0,0,+0,+0,+0.0159,+0,+0.0379,+0,+0,+0,12:55:01 23.03.2020
4411,+23.2,+22,+23,+22.7,+22.9,+23.6,+23.3,+23.4,+23.3,+23.1,+25,MANU,0,0,+0,+0,+0.0159,+0,+0.0379,+0,+0,+0,12:56:01 23.03.2020
4412,+23.2,+22,+23,+22.7,+22.9,+23.6,+23.3,+23.4,+23.3,+23.1,+25,MANU,0,0,+0,+0,+0.0159,+0,+0.0379,+0,+0,+0,12:57:01 23.03.2020
4413,+23.2,+22,+23,+22.7,+22.9,+23.6,+23.3,+23.4,+23.3,+23.1,+25,MANU,0,0,+0,+0,+0.0159,+0,+0.0379,+0,+0,+0,12:58:01 23.03.2020
4414,+23.2,+22,+23,+22.7,+22.9,+23.6,+23.3,+23.4,+23.3,+23.1,+25,MANU,0,0,+0,+0,+0.0159,+0,+0.0379,+0,+0,+0,12:59:01 23.03.2020
4415,+23.3,+22,+23,+22.7,+22.9,+23.6,+23.3,+23.4,+23.3,+23.1,+25,MANU,0,0,+0,+0,+0.0159,+0,+0.0379,+0,+0,+0,13:00:01 23.03.2020
4416,+23.3,+22,+23,+22.7,+22.9,+23.6,+23.3,+23.4,+23.3,+23.1,+25,MANU,0,0,+0,+0,+0.0159,+0,+0.0379,+0,+0,+0,13:01:01 23.03.2020
4417,+23.3,+22,+23,+22.7,+22.9,+23.6,+23.3,+23.4,+23.3,+23.1,+25,MANU,0,0,+0,+0,+0.0159,+0,+0.0379,+0,+0,+0,13:02:01 23.03.2020
4418,+23.3,+22,+23,+22.7,+22.9,+23.6,+23.3,+23.4,+23.3,+23.1,+25,MANU,0,0,+0,+0,+0.0159,+0,+0.0379,+0,+0,+0,13:03:01 23.03.2020
4419,+23.3,+21.9,+23,+22.7,+22.9,+23.6,+23.3,+23.4,+23.3,+23.1,+25,MANU,0,0,+0,+0,+0.0159,+0,+0.0379,+0,+0,+0,13:04:01 23.03.2020
4420,+23.3,+21.9,+22.9,+22.7,+22.9,+23.6,+23.3,+23.4,+23.3,+23.1,+25,MANU,0,0,+0,+0,+0.0159,+0,+0.0379,+0,+0,+0,13:05:01 23.03.2020
4421,+23.3,+21.9,+23,+22.7,+22.9,+23.6,+23.3,+23.4,+23.3,+23.1,+25,MANU,0,0,+0,+0,+0.0159,+0,+0.0379,+0,+0,+0,13:06:01 23.03.2020
4422,+23.3,+21.9,+23,+22.7,+22.9,+23.6,+23.3,+23.4,+23.3,+23.1,+25,MANU,0,0,+0,+0,+0.0159,+0,+0.0379,+0,+0,+0,13:07:01 23.03.2020
4423,+23.3,+21.9,+22.9,+22.7,+22.9,+23.6,+23.3,+23.4,+23.3,+23.1,+25,MANU,0,0,+0,+0,+0.0159,+0,+0.0377,+0,+0,+0,13:08:01 23.03.2020
4424,+23.3,+21.8,+23,+22.7,+22.9,+23.6,+23.3,+23.4,+23.3,+23.1,+25,MANU,0,0,+0,+0,+0.0159,+0,+0.0377,+0,+0,+0,13:09:01 23.03.2020
4425,+23.3,+21.8,+22.9,+22.7,+22.9,+23.5,+23.3,+23.4,+23.3,+23.1,+25,MANU,0,0,+0,+0,+0.0159,+0,+0.0377,+0,+0,+0,13:10:01 23.03.2020
4426,+23.3,+21.8,+23,+22.7,+22.9,+23.5,+23.3,+23.4,+23.3,+23.1,+25,MANU,0,0,+0,+0,+0.0159,+0,+0.0377,+0,+0,+0,13:11:01 23.03.2020
4427,+23.3,+21.8,+22.9,+22.7,+22.9,+23.5,+23.3,+23.4,+23.3,+23.1,+25,MANU,0,0,+0,+0,+0.0159,+0,+0.0377,+0,+0,+0,13:12:01 23.03.2020
4428,+23.3,+21.8,+22.9,+22.7,+22.9,+23.5,+23.3,+23.4,+23.3,+23.1,+25,MANU,0,0,+0,+0,+0.0159,+0,+0.0377,+0,+0,+0,13:13:01 23.03.2020
4429,+23.3,+21.8,+23,+22.7,+22.9,+23.5,+23.3,+23.4,+23.3,+23.1,+25,MANU,0,0,+0,+0,+0.0159,+0,+0.0377,+0,+0,+0,13:14:01 23.03.2020
4430,+23.3,+21.8,+22.9,+22.7,+22.8,+23.5,+23.3,+23.4,+23.3,+23.1,+25,HWHE,0,0,+0,+0,+0.0159,+0,+0.0377,+0,+0,+0,13:15:01 23.03.2020
4431,+23.4,+22.2,+22.9,+22.7,+22.8,+23.5,+23.3,+23.4,+23.3,+23.1,+25,MANU,0,0,+0,+0,+0.0159,+0,+0.0377,+0,+0,+0,13:16:01 23.03.2020
4432,+23.4,+23,+22.9,+22.7,+22.9,+23.5,+23.3,+23.4,+23.3,+23.1,+25,HWHE,0,0,+0,+0,+0.0159,+0,+0.0377,+0,+0,+0,13:17:01 23.03.2020
4433,+23.4,+23.4,+22.9,+22.7,+22.9,+23.5,+23.3,+23.4,+23.3,+23.1,+25,MANU,0,0,+0,+0,+0.0159,+0,+0.0377,+0,+0,+0,13:18:01 23.03.2020
4434,+23.4,+23.5,+23,+22.7,+22.9,+23.5,+23.3,+23.4,+23.3,+23.1,+25,MANU,0,0,+0,+0,+0.0159,+0,+0.0377,+0,+0,+0,13:19:01 23.03.2020
4435,+23.4,+23.5,+23,+22.7,+22.9,+23.5,+23.3,+23.4,+23.3,+23.1,+25,MANU,0,0,+0,+0,+0.0159,+0,+0.0377,+0,+0,+0,13:20:01 23.03.2020
4436,+23.4,+23.5,+23,+22.7,+22.9,+23.5,+23.3,+23.4,+23.3,+23.2,+25,MANU,0,0,+0,+0,+0.0159,+0,+0.0376,+0,+0,+0,13:21:01 23.03.2020
4437,+23.4,+23.4,+22.9,+22.7,+22.9,+23.5,+23.3,+23.5,+23.3,+23.1,+25,MANU,0,0,+0,+0,+0.0159,+0,+0.0376,+0,+0,+0,13:22:01 23.03.2020
4438,+23.4,+23.4,+23,+22.7,+22.9,+23.5,+23.3,+23.5,+23.3,+23.2,+25,HWHE,0,0,+0,+0,+0.0159,+0,+0.0376,+0,+0,+0,13:23:01 23.03.2020
4439,+23.4,+23.4,+23,+22.7,+22.9,+23.5,+23.3,+23.5,+23.3,+23.2,+25,HWHE,0,0,+0,+0,+0.0159,+0,+0.0376,+0,+0,+0,13:24:01 23.03.2020
4440,+23.4,+23.4,+23,+22.7,+22.9,+23.5,+23.3,+23.5,+23.3,+23.2,+25,MANU,0,0,+0,+0,+0.0159,+0,+0.0376,+0,+0,+0,13:25:01 23.03.2020
4441,+23.4,+23.4,+23,+22.7,+22.9,+23.5,+23.3,+23.5,+23.3,+23.2,+25,MANU,0,0,+0,+0,+0.0159,+0,+0.0376,+0,+0,+0,13:26:01 23.03.2020
4442,+23.4,+23.4,+23,+22.7,+22.9,+23.5,+23.3,+23.5,+23.3,+23.2,+25,MANU,0,0,+0,+0,+0.0159,+0,+0.0376,+0,+0,+0,13:27:01 23.03.2020
4443,+23.4,+23.4,+23,+22.7,+22.9,+23.5,+23.3,+23.5,+23.3,+23.2,+25,MANU,0,0,+0,+0,+0.0159,+0,+0.0376,+0,+0,+0,13:28:01 23.03.2020
4444,+23.4,+23.4,+22.9,+22.7,+22.9,+23.5,+23.3,+23.5,+23.3,+23.2,+25,INCR,0,0,+0,+0,+0.0159,+0,+0.0376,+0,+0,+0,13:29:01 23.03.2020
4445,+23.4,+23.4,+23,+22.7,+22.9,+23.5,+23.3,+23.5,+23.3,+23.2,+25,MANU,0,0,+0,+0,+0.0159,+0,+0.0376,+0,+0,+0,13:30:01 23.03.2020
4446,+23.4,+23.4,+23,+22.7,+22.9,+23.5,+23.3,+23.5,+23.3,+23.2,+25,MANU,0,0,+0,+0,+0.0159,+0,+0.0376,+0,+0,+0,13:31:01 23.03.2020
4447,+23.4,+23.4,+23,+22.7,+22.9,+23.5,+23.3,+23.5,+23.3,+23.2,+25,INCR,0,0,+0,+0,+0.0159,+0,+0.0376,+0,+0,+0,13:32:01 23.03.2020
4448,+23.4,+23.4,+23,+22.7,+22.9,+23.5,+23.3,+23.5,+23.3,+23.2,+25,FULL,0,0,+0,+0,+0.0159,+0,+0.0376,+0,+0,+0,13:33:01 23.03.2020
4449,+23.4,+23.4,+23,+22.7,+22.9,+23.5,+23.3,+23.5,+23.3,+23.2,+25,MANU,0,0,+0,+0,+0.0159,+0,+0.0376,+0,+0,+0,13:34:01 23.03.2020
4450,+23.5,+23.4,+22.9,+22.7,+22.9,+23.5,+23.3,+23.5,+23.3,+23.2,+25,INCR,0,0,+0,+0,+0.0159,+0,+0.0376,+0,+0,+0,13:35:01 23.03.2020
4451,+23.5,+23.4,+22.9,+22.7,+22.9,+23.5,+23.3,+23.5,+23.3,+23.2,+25,FULL,0,0,+0,+0,+0.0159,+0,+0.0376,+0,+0,+0,13:36:01 23.03.2020
4452,+23.5,+23.3,+22.9,+22.7,+22.9,+23.5,+23.3,+23.5,+23.3,+23.2,+25,FULL,0,0,+0,+0,+0.0159,+0,+0.0376,+0,+0,+0,13:37:01 23.03.2020
4453,+23.5,+23.3,+22.9,+22.7,+22.9,+23.5,+23.3,+23.5,+23.3,+23.2,+25,FULL,0,0,+0,+0,+0.0159,+0,+0.0376,+0,+0,+0,13:38:01 23.03.2020
4454,+23.5,+23.3,+22.9,+22.7,+22.9,+23.5,+23.3,+23.5,+23.3,+23.2,+25,FULL,0,0,+0,+0,+0.0159,+0,+0.0376,+0,+0,+0,13:39:01 23.03.2020
4455,+23.5,+23.3,+22.9,+22.7,+22.9,+23.5,+23.3,+23.5,+23.3,+23.2,+25,FULL,0,0,+0,+0,+0.0159,+0,+0.0376,+0,+0,+0,13:40:01 23.03.2020
4456,+23.5,+23.3,+22.9,+22.7,+22.9,+23.5,+23.3,+23.5,+23.3,+23.2,+25,FULL,0,0,+0,+0,+0.0159,+0,+0.0376,+0,+0,+0,13:41:01 23.03.2020
4457,+23.5,+23.3,+22.9,+22.7,+22.9,+23.6,+23.3,+23.5,+23.3,+23.2,+25,FULL,0,0,+0,+0,+0.0159,+0,+0.0376,+0,+0,+0,13:42:01 23.03.2020
4458,+23.5,+23.3,+22.9,+22.7,+22.8,+23.6,+23.3,+23.5,+23.3,+23.2,+25,FULL,0,0,+0,+0,+0.0159,+0,+0.0376,+0,+0,+0,13:43:01 23.03.2020
4459,+23.5,+23.3,+22.9,+22.7,+22.9,+23.5,+23.3,+23.5,+23.3,+23.2,+25,FULL,0,0,+0,+0,+0.0159,+0,+0.0376,+0,+0,+0,13:44:01 23.03.2020
4460,+23.5,+23.3,+22.9,+22.7,+22.9,+23.5,+23.3,+23.5,+23.3,+23.2,+25,FULL,0,0,+0,+0,+0.0159,+0,+0.0376,+0,+0,+0,13:45:01 23.03.2020
4461,+23.5,+23.2,+22.9,+22.7,+22.9,+23.5,+23.3,+23.5,+23.3,+23.2,+25,FULL,0,0,+0,+0,+0.0159,+0,+0.0376,+0,+0,+0,13:46:01 23.03.2020
4462,+23.5,+23.2,+22.9,+22.7,+22.8,+23.5,+23.3,+23.5,+23.3,+23.2,+25,FULL,0,0,+0,+0,+0.0159,+0,+0.0376,+0,+0,+0,13:47:01 23.03.2020
4463,+23.5,+23.2,+22.9,+22.7,+22.9,+23.5,+23.3,+23.5,+23.3,+23.2,+25,FULL,0,0,+0,+0,+0.0159,+0,+0.0375,+0,+0,+0,13:48:01 23.03.2020
4464,+23.5,+23.2,+22.9,+22.7,+22.9,+23.5,+23.3,+23.5,+23.3,+23.2,+25,FULL,0,0,+0,+0,+0.0159,+0,+0.0376,+0,+0,+0,13:49:01 23.03.2020
4465,+23.5,+23.2,+22.9,+22.7,+22.8,+23.6,+23.3,+23.5,+23.3,+23.2,+25,FULL,0,0,+0,+0,+0.0159,+0,+0.0376,+0,+0,+0,13:50:01 23.03.2020
4466,+23.6,+23.2,+22.9,+22.7,+22.9,+23.6,+23.3,+23.5,+23.3,+23.2,+25,FULL,0,0,+0,+0,+0.0159,+0,+0.0376,+0,+0,+0,13:51:01 23.03.2020
4467,+23.6,+23.2,+22.9,+22.7,+22.9,+23.6,+23.3,+23.5,+23.3,+23.2,+25,FULL,0,0,+0,+0,+0.0159,+0,+0.0376,+0,+0,+0,13:52:01 23.03.2020
4468,+23.6,+23.2,+22.9,+22.7,+22.8,+23.6,+23.3,+23.5,+23.4,+23.2,+25,MANU,0,0,+0,+0,+0.0159,+0,+0.0376,+0,+0,+0,13:53:01 23.03.2020
4469,+23.6,+23.2,+22.9,+22.7,+22.8,+23.6,+23.3,+23.5,+23.4,+23.2,+25,MANU,0,0,+0,+0,+0.0159,+0,+0.0376,+0,+0,+0,13:54:01 23.03.2020
4470,+23.6,+23.2,+22.9,+22.7,+22.9,+23.6,+23.3,+23.5,+23.4,+23.2,+25,MANU,0,0,+0,+0,+0.0159,+0,+0.0376,+0,+0,+0,13:55:01 23.03.2020
4471,+23.6,+23.2,+22.9,+22.7,+22.8,+23.6,+23.3,+23.5,+23.3,+23.2,+25,MDI_,0,0,+0,+0,+0.0159,+0,+0.0376,+0,+0,+0,13:56:01 23.03.2020
4472,+23.6,+23.2,+22.9,+22.7,+22.8,+23.5,+23.3,+23.5,+23.3,+23.2,+25,MDI_,0,0,+0,+0,+0.0159,+0,+0.0376,+0,+0,+0,13:57:01 23.03.2020
4473,+23.6,+23.1,+22.9,+22.7,+22.8,+23.5,+23.3,+23.5,+23.3,+23.2,+25,MDI_,0,0,+0,+0,+0.0159,+0,+0.0374,+0,+0,+0,13:58:01 23.03.2020
4474,+23.6,+23.1,+22.9,+22.7,+22.8,+23.5,+23.3,+23.5,+23.4,+23.2,+25,MDI_,0,0,+0,+0,+0.0159,+0,+0.0374,+0,+0,+0,13:59:01 23.03.2020
4475,+23.6,+23.1,+22.9,+22.7,+22.8,+23.5,+23.3,+23.5,+23.4,+23.3,+25,ESTP,0,0,+0,+0,+0.0159,+0,+0.0374,+0,+0,+0,14:00:01 23.03.2020
4476,+23.6,+23.2,+22.9,+22.7,+22.8,+23.5,+23.3,+23.5,+23.4,+23.2,+25,FULL,0,0,+0,+0,+0.0159,+0,+0.0374,+0,+0,+0,14:01:01 23.03.2020
4477,+23.6,+23.1,+22.9,+22.7,+22.8,+23.5,+23.3,+23.5,+23.4,+23.3,+25,FULL,0,0,+0,+0,+0.0159,+0,+0.0374,+0,+0,+0,14:02:01 23.03.2020
4478,+23.6,+23,+22.9,+22.7,+22.8,+23.5,+23.3,+23.5,+23.4,+23.3,+25,FULL,0,0,+0,+0,+0.0159,+0,+0.0374,+0,+0,+0,14:03:01 23.03.2020
4479,+23.6,+23,+22.9,+22.7,+22.8,+23.5,+23.3,+23.5,+23.4,+23.3,+25,FULL,0,0,+0,+0,+0.0159,+0,+0.0374,+0,+0,+0,14:04:01 23.03.2020
4480,+23.6,+23,+22.9,+22.7,+22.8,+23.5,+23.3,+23.5,+23.4,+23.3,+25,FULL,0,0,+0,+0,+0.0159,+0,+0.0374,+0,+0,+0,14:05:01 23.03.2020
4481,+23.6,+23,+22.9,+22.7,+22.8,+23.6,+23.3,+23.5,+23.4,+23.3,+25,FULL,0,0,+0,+0,+0.0159,+0,+0.0374,+0,+0,+0,14:06:01 23.03.2020
4482,+23.6,+23,+22.9,+22.7,+22.8,+23.6,+23.3,+23.5,+23.4,+23.3,+25,FULL,0,0,+0,+0,+0.0159,+0,+0.0374,+0,+0,+0,14:07:01 23.03.2020
4483,+23.6,+23,+22.9,+22.7,+22.8,+23.6,+23.3,+23.6,+23.4,+23.3,+25,FULL,0,0,+0,+0,+0.016,+0,+0.0376,+0,+0,+0,14:08:01 23.03.2020
4484,+23.6,+23,+22.9,+22.7,+22.8,+23.6,+23.3,+23.6,+23.4,+23.3,+25,FULL,0,0,+0,+0,+0.016,+0,+0.0376,+0,+0,+0,14:09:01 23.03.2020
4485,+23.6,+22.9,+22.9,+22.7,+22.8,+23.6,+23.3,+23.6,+23.4,+23.3,+25,FULL,0,0,+0,+0,+0.016,+0,+0.0376,+0,+0,+0,14:10:01 23.03.2020
4486,+23.6,+22.9,+22.9,+22.7,+22.8,+23.6,+23.3,+23.6,+23.4,+23.3,+25,FULL,0,0,+0,+0,+0.016,+0,+0.0376,+0,+0,+0,14:11:01 23.03.2020
4487,+23.7,+22.9,+22.9,+22.7,+22.8,+23.6,+23.3,+23.6,+23.4,+23.3,+25,FULL,0,0,+0,+0,+0.016,+0,+0.0376,+0,+0,+0,14:12:01 23.03.2020
4488,+23.7,+22.9,+22.9,+22.7,+22.8,+23.6,+23.3,+23.6,+23.4,+23.3,+25,FULL,0,0,+0,+0,+0.016,+0,+0.0376,+0,+0,+0,14:13:01 23.03.2020
4489,+23.7,+22.9,+22.9,+22.7,+22.8,+23.6,+23.3,+23.6,+23.4,+23.3,+25,FULL,0,0,+0,+0,+0.016,+0,+0.0376,+0,+0,+0,14:14:01 23.03.2020
4490,+23.7,+22.9,+22.9,+22.7,+22.8,+23.6,+23.3,+23.6,+23.4,+23.3,+25,FULL,0,0,+0,+0,+0.016,+0,+0.0376,+0,+0,+0,14:15:01 23.03.2020
4491,+23.7,+22.9,+22.9,+22.7,+22.8,+23.6,+23.3,+23.6,+23.4,+23.3,+25,FULL,0,0,+0,+0,+0.016,+0,+0.0376,+0,+0,+0,14:16:01 23.03.2020
4492,+23.7,+22.9,+22.9,+22.7,+22.8,+23.6,+23.3,+23.6,+23.4,+23.3,+25,FULL,0,0,+0,+0,+0.016,+0,+0.0376,+0,+0,+0,14:17:01 23.03.2020
4493,+23.7,+22.9,+22.9,+22.7,+22.8,+23.6,+23.3,+23.6,+23.4,+23.3,+25,FULL,0,0,+0,+0,+0.016,+0,+0.0376,+0,+0,+0,14:18:01 23.03.2020
4494,+23.7,+22.9,+22.9,+22.7,+22.8,+23.6,+23.3,+23.6,+23.4,+23.3,+25,FULL,0,0,+0,+0,+0.016,+0,+0.0376,+0,+0,+0,14:19:01 23.03.2020
4495,+23.7,+22.8,+22.9,+22.7,+22.8,+23.6,+23.3,+23.6,+23.4,+23.3,+25,FULL,0,0,+0,+0,+0.016,+0,+0.0376,+0,+0,+0,14:20:01 23.03.2020
4496,+23.7,+22.8,+22.9,+22.7,+22.8,+23.6,+23.3,+23.6,+23.4,+23.3,+25,FULL,0,0,+0,+0,+0.016,+0,+0.0376,+0,+0,+0,14:21:01 23.03.2020
4497,+23.7,+22.8,+22.9,+22.7,+22.8,+23.6,+23.3,+23.6,+23.4,+23.3,+25,FULL,0,0,+0,+0,+0.016,+0,+0.0376,+0,+0,+0,14:22:01 23.03.2020
4498,+23.7,+22.8,+22.9,+22.7,+22.8,+23.6,+23.3,+23.6,+23.4,+23.3,+25,FULL,0,0,+0,+0,+0.016,+0,+0.0376,+0,+0,+0,14:23:01 23.03.2020
4499,+23.7,+22.8,+22.9,+22.7,+22.8,+23.6,+23.3,+23.6,+23.4,+23.3,+25,FULL,0,0,+0,+0,+0.016,+0,+0.0377,+0,+0,+0,14:24:01 23.03.2020
4500,+23.7,+22.8,+22.9,+22.7,+22.8,+23.6,+23.3,+23.6,+23.4,+23.3,+25,FULL,0,0,+0,+0,+0.016,+0,+0.0377,+0,+0,+0,14:25:01 23.03.2020
4501,+23.7,+22.8,+22.9,+22.7,+22.8,+23.6,+23.3,+23.6,+23.4,+23.3,+25,FULL,0,0,+0,+0,+0.016,+0,+0.0377,+0,+0,+0,14:26:01 23.03.2020
4502,+23.8,+22.8,+22.9,+22.7,+22.8,+23.6,+23.3,+23.6,+23.5,+23.3,+25,FULL,0,0,+0,+0,+0.016,+0,+0.0377,+0,+0,+0,14:27:01 23.03.2020
4503,+23.8,+22.8,+22.9,+22.7,+22.8,+23.6,+23.3,+23.6,+23.4,+23.3,+25,FULL,0,0,+0,+0,+0.016,+0,+0.0377,+0,+0,+0,14:28:01 23.03.2020
4504,+23.8,+22.8,+22.9,+22.7,+22.8,+23.7,+23.3,+23.6,+23.5,+23.3,+25,FULL,0,0,+0,+0,+0.016,+0,+0.0377,+0,+0,+0,14:29:01 23.03.2020
4505,+23.8,+22.8,+22.9,+22.7,+22.8,+23.7,+23.3,+23.6,+23.5,+23.3,+25,FULL,0,0,+0,+0,+0.016,+0,+0.0377,+0,+0,+0,14:30:01 23.03.2020
4506,+23.8,+22.8,+22.9,+22.7,+22.8,+23.7,+23.3,+23.6,+23.5,+23.3,+25,FULL,0,0,+0,+0,+0.016,+0,+0.0377,+0,+0,+0,14:31:01 23.03.2020
4507,+23.8,+22.8,+22.9,+22.7,+22.8,+23.7,+23.4,+23.6,+23.5,+23.3,+25,FULL,0,0,+0,+0,+0.016,+0,+0.0377,+0,+0,+0,14:32:01 23.03.2020
4508,+23.8,+22.8,+22.9,+22.7,+22.8,+23.7,+23.4,+23.6,+23.5,+23.3,+25,FULL,0,0,+0,+0,+0.016,+0,+0.0377,+0,+0,+0,14:33:01 23.03.2020
4509,+23.8,+22.8,+22.9,+22.7,+22.8,+23.6,+23.3,+23.6,+23.5,+23.3,+25,FULL,0,0,+0,+0,+0.016,+0,+0.0377,+0,+0,+0,14:34:01 23.03.2020
4510,+23.8,+22.8,+22.9,+22.7,+22.8,+23.6,+23.3,+23.6,+23.5,+23.3,+25,FULL,0,0,+0,+0,+0.016,+0,+0.0377,+0,+0,+0,14:35:01 23.03.2020
4511,+23.8,+22.8,+22.9,+22.7,+22.8,+23.6,+23.4,+23.6,+23.5,+23.3,+25,FULL,0,0,+0,+0,+0.016,+0,+0.0377,+0,+0,+0,14:36:01 23.03.2020
4512,+23.8,+22.8,+22.9,+22.7,+22.8,+23.6,+23.4,+23.6,+23.5,+23.4,+25,FULL,0,0,+0,+0,+0.016,+0,+0.0377,+0,+0,+0,14:37:01 23.03.2020
4513,+23.8,+22.8,+22.9,+22.7,+22.8,+23.6,+23.3,+23.6,+23.5,+23.4,+25,FULL,0,0,+0,+0,+0.016,+0,+0.0377,+0,+0,+0,14:38:01 23.03.2020
4514,+23.8,+22.8,+22.9,+22.7,+22.8,+23.6,+23.4,+23.6,+23.5,+23.3,+25,FULL,0,0,+0,+0,+0.016,+0,+0.0377,+0,+0,+0,14:39:01 23.03.2020
4515,+23.8,+22.8,+22.9,+22.7,+22.8,+23.6,+23.4,+23.6,+23.5,+23.3,+25,FULL,0,0,+0,+0,+0.016,+0,+0.0377,+0,+0,+0,14:40:01 23.03.2020
4516,+23.8,+22.8,+22.9,+22.7,+22.8,+23.6,+23.4,+23.6,+23.5,+23.4,+25,FULL,0,0,+0,+0,+0.016,+0,+0.0377,+0,+0,+0,14:41:01 23.03.2020
4517,+23.8,+22.8,+22.9,+22.7,+22.8,+23.6,+23.4,+23.6,+23.5,+23.4,+25,FULL,0,0,+0,+0,+0.016,+0,+0.0377,+0,+0,+0,14:42:01 23.03.2020
4518,+23.8,+22.8,+22.9,+22.7,+22.8,+23.6,+23.4,+23.6,+23.5,+23.4,+25,FULL,0,0,+0,+0,+0.016,+0,+0.0377,+0,+0,+0,14:43:01 23.03.2020
4519,+23.8,+22.8,+22.9,+22.7,+22.8,+23.6,+23.4,+23.6,+23.5,+23.4,+25,FULL,0,0,+0,+0,+0.016,+0,+0.0377,+0,+0,+0,14:44:01 23.03.2020
4520,+23.8,+22.8,+22.9,+22.7,+22.8,+23.6,+23.4,+23.6,+23.5,+23.4,+25,FULL,0,0,+0,+0,+0.016,+0,+0.0377,+0,+0,+0,14:45:01 23.03.2020
4521,+23.8,+22.8,+22.9,+22.7,+22.8,+23.6,+23.4,+23.6,+23.5,+23.4,+25,FULL,0,0,+0,+0,+0.016,+0,+0.0377,+0,+0,+0,14:46:01 23.03.2020
4522,+23.8,+22.8,+22.9,+22.7,+22.8,+23.6,+23.4,+23.6,+23.5,+23.4,+25,FULL,0,0,+0,+0,+0.016,+0,+0.0377,+0,+0,+0,14:47:01 23.03.2020
4523,+23.8,+22.8,+22.9,+22.7,+22.8,+23.6,+23.4,+23.6,+23.5,+23.4,+25,MANU,0,0,+0,+0,+0.016,+0,+0.0377,+0,+0,+0,14:48:01 23.03.2020
4524,+23.8,+22.8,+22.9,+22.7,+22.8,+23.6,+23.4,+23.6,+23.5,+23.4,+25,MANU,0,0,+0,+0,+0.016,+0,+0.0377,+0,+0,+0,14:49:01 23.03.2020
4525,+23.9,+22.8,+22.9,+22.7,+22.8,+23.6,+23.4,+23.6,+23.5,+23.4,+25,FULL,0,0,+0,+0,+0.016,+0,+0.0377,+0,+0,+0,14:50:01 23.03.2020
4526,+23.9,+22.8,+22.9,+22.7,+22.8,+23.6,+23.4,+23.6,+23.5,+23.4,+25,FULL,0,0,+0,+0,+0.016,+0,+0.0377,+0,+0,+0,14:51:01 23.03.2020
4527,+23.9,+22.8,+22.9,+22.7,+22.8,+23.6,+23.4,+23.6,+23.5,+23.4,+25,FULL,0,0,+0,+0,+0.016,+0,+0.0377,+0,+0,+0,14:52:01 23.03.2020
4528,+23.9,+22.7,+22.9,+22.7,+22.8,+23.6,+23.4,+23.6,+23.5,+23.4,+25,FULL,0,0,+0,+0,+0.016,+0,+0.0377,+0,+0,+0,14:53:01 23.03.2020
4529,+23.9,+22.7,+22.9,+22.7,+22.8,+23.6,+23.4,+23.6,+23.5,+23.4,+25,MDI_,0,0,+0,+0,+0.016,+0,+0.0377,+0,+0,+0,14:54:01 23.03.2020
4530,+23.9,+22.7,+22.9,+22.7,+22.8,+23.6,+23.4,+23.7,+23.5,+23.4,+25,FULL,0,0,+0,+0,+0.0161,+0,+0.0377,+0,+0,+0,14:55:01 23.03.2020
4531,+23.9,+22.7,+22.9,+22.7,+22.8,+23.6,+23.4,+23.7,+23.5,+23.4,+25,FULL,0,0,+0,+0,+0.0161,+0,+0.0377,+0,+0,+0,14:56:01 23.03.2020
4532,+23.9,+22.7,+22.9,+22.7,+22.8,+23.6,+23.4,+23.7,+23.5,+23.4,+25,FULL,0,0,+0,+0,+0.0161,+0,+0.0377,+0,+0,+0,14:57:01 23.03.2020
4533,+23.8,+22.7,+22.9,+22.7,+22.8,+23.6,+23.4,+23.7,+23.5,+23.4,+25,FULL,0,0,+0,+0,+0.0161,+0,+0.0377,+0,+0,+0,14:58:01 23.03.2020
4534,+23.8,+22.7,+22.9,+22.7,+22.8,+23.6,+23.4,+23.7,+23.5,+23.4,+25,FULL,0,0,+0,+0,+0.0161,+0,+0.0377,+0,+0,+0,14:59:01 23.03.2020
4535,+23.8,+22.7,+22.9,+22.7,+22.8,+23.6,+23.4,+23.7,+23.5,+23.4,+25,FULL,0,0,+0,+0,+0.0161,+0,+0.0377,+0,+0,+0,15:00:01 23.03.2020
4536,+23.8,+22.7,+22.9,+22.7,+22.8,+23.7,+23.4,+23.7,+23.5,+23.4,+25,FULL,0,0,+0,+0,+0.0161,+0,+0.0377,+0,+0,+0,15:01:01 23.03.2020
4537,+23.8,+22.6,+22.9,+22.7,+22.8,+23.7,+23.4,+23.7,+23.5,+23.4,+25,FULL,0,0,+0,+0,+0.0161,+0,+0.0377,+0,+0,+0,15:02:01 23.03.2020
4538,+23.8,+22.5,+22.9,+22.7,+22.8,+23.7,+23.4,+23.7,+23.5,+23.4,+25,FULL,0,0,+0,+0,+0.0161,+0,+0.0377,+0,+0,+0,15:03:01 23.03.2020
4539,+23.8,+22.5,+22.9,+22.7,+22.8,+23.7,+23.4,+23.7,+23.5,+23.4,+25,FULL,0,0,+0,+0,+0.0161,+0,+0.0377,+0,+0,+0,15:04:01 23.03.2020
4540,+23.8,+22.5,+22.9,+22.7,+22.8,+23.7,+23.4,+23.7,+23.5,+23.4,+25,FULL,0,0,+0,+0,+0.0161,+0,+0.0377,+0,+0,+0,15:05:01 23.03.2020
4541,+23.8,+22.5,+22.9,+22.7,+22.8,+23.7,+23.4,+23.7,+23.5,+23.4,+25,FULL,0,0,+0,+0,+0.0161,+0,+0.0377,+0,+0,+0,15:06:01 23.03.2020
4542,+23.8,+22.5,+22.9,+22.7,+22.8,+23.7,+23.4,+23.7,+23.5,+23.4,+25,FULL,0,0,+0,+0,+0.0161,+0,+0.0377,+0,+0,+0,15:07:01 23.03.2020
4543,+23.8,+22.5,+22.9,+22.7,+22.8,+23.8,+23.4,+23.7,+23.5,+23.4,+25,FULL,0,0,+0,+0,+0.0161,+0,+0.0377,+0,+0,+0,15:08:01 23.03.2020
4544,+23.8,+22.4,+22.9,+22.7,+22.8,+23.8,+23.4,+23.7,+23.5,+23.4,+25,FULL,0,0,+0,+0,+0.0161,+0,+0.0377,+0,+0,+0,15:09:01 23.03.2020
4545,+23.8,+22.4,+22.9,+22.7,+22.8,+23.8,+23.4,+23.7,+23.5,+23.4,+25,FULL,0,0,+0,+0,+0.0161,+0,+0.0377,+0,+0,+0,15:10:01 23.03.2020
4546,+23.8,+22.4,+22.9,+22.7,+22.8,+23.8,+23.4,+23.7,+23.5,+23.4,+25,FULL,0,0,+0,+0,+0.0161,+0,+0.0377,+0,+0,+0,15:11:01 23.03.2020
4547,+23.8,+22.4,+22.9,+22.7,+22.8,+23.8,+23.4,+23.7,+23.5,+23.4,+25,FULL,0,0,+0,+0,+0.0161,+0,+0.0377,+0,+0,+0,15:12:01 23.03.2020
4548,+23.8,+22.4,+22.9,+22.7,+22.8,+23.8,+23.4,+23.7,+23.5,+23.4,+25,FULL,0,0,+0,+0,+0.0161,+0,+0.0377,+0,+0,+0,15:13:01 23.03.2020
4549,+23.8,+22.4,+22.9,+22.7,+22.8,+23.8,+23.4,+23.7,+23.6,+23.4,+25,FULL,0,0,+0,+0,+0.0161,+0,+0.0377,+0,+0,+0,15:14:01 23.03.2020
4550,+23.8,+22.4,+22.9,+22.7,+22.8,+23.8,+23.4,+23.7,+23.6,+23.4,+25,FULL,0,0,+0,+0,+0.0161,+0,+0.0377,+0,+0,+0,15:15:01 23.03.2020
4551,+23.8,+22.4,+22.9,+22.7,+22.8,+23.8,+23.5,+23.7,+23.6,+23.4,+25,FULL,0,0,+0,+0,+0.0161,+0,+0.0377,+0,+0,+0,15:16:01 23.03.2020
4552,+23.8,+22.4,+22.9,+22.7,+22.8,+23.8,+23.5,+23.7,+23.6,+23.4,+25,FULL,0,0,+0,+0,+0.0161,+0,+0.0377,+0,+0,+0,15:17:01 23.03.2020
4553,+23.8,+22.4,+22.9,+22.7,+22.8,+23.8,+23.5,+23.7,+23.6,+23.4,+25,FULL,0,0,+0,+0,+0.0161,+0,+0.0377,+0,+0,+0,15:18:01 23.03.2020
4554,+23.8,+22.4,+22.9,+22.7,+22.8,+23.8,+23.5,+23.7,+23.6,+23.4,+25,FULL,0,0,+0,+0,+0.0161,+0,+0.0377,+0,+0,+0,15:19:01 23.03.2020
4555,+23.8,+22.4,+22.9,+22.7,+22.8,+23.8,+23.5,+23.7,+23.6,+23.4,+25,FULL,0,0,+0,+0,+0.0161,+0,+0.0377,+0,+0,+0,15:20:01 23.03.2020
4556,+23.8,+22.4,+22.9,+22.7,+22.8,+23.8,+23.5,+23.7,+23.6,+23.4,+25,FULL,0,0,+0,+0,+0.0161,+0,+0.0377,+0,+0,+0,15:21:01 23.03.2020
4557,+23.8,+22.4,+22.9,+22.7,+22.8,+23.8,+23.5,+23.7,+23.6,+23.4,+25,FULL,0,0,+0,+0,+0.0161,+0,+0.0377,+0,+0,+0,15:22:01 23.03.2020
4558,+23.8,+22.4,+22.9,+22.7,+22.8,+23.8,+23.5,+23.7,+23.6,+23.4,+25,FULL,0,0,+0,+0,+0.0161,+0,+0.0377,+0,+0,+0,15:23:01 23.03.2020
4559,+23.8,+22.4,+22.9,+22.7,+22.8,+23.8,+23.4,+23.7,+23.6,+23.4,+25,FULL,0,0,+0,+0,+0.0161,+0,+0.0377,+0,+0,+0,15:24:01 23.03.2020
4560,+23.8,+22.4,+22.9,+22.7,+22.8,+23.8,+23.5,+23.7,+23.6,+23.4,+25,FULL,0,0,+0,+0,+0.0161,+0,+0.0377,+0,+0,+0,15:25:01 23.03.2020
4561,+23.8,+22.4,+22.9,+22.7,+22.8,+23.7,+23.5,+23.7,+23.6,+23.4,+25,FULL,0,0,+0,+0,+0.0161,+0,+0.0377,+0,+0,+0,15:26:01 23.03.2020
4562,+23.8,+22.4,+22.9,+22.7,+22.8,+23.7,+23.5,+23.7,+23.6,+23.4,+25,FULL,0,0,+0,+0,+0.0161,+0,+0.0377,+0,+0,+0,15:27:01 23.03.2020
4563,+23.8,+22.3,+22.9,+22.7,+22.8,+23.7,+23.5,+23.7,+23.6,+23.4,+25,FULL,0,0,+0,+0,+0.0161,+0,+0.0377,+0,+0,+0,15:28:01 23.03.2020
4564,+23.7,+22.3,+22.9,+22.7,+22.8,+23.7,+23.5,+23.7,+23.6,+23.4,+25,FULL,0,0,+0,+0,+0.0161,+0,+0.0377,+0,+0,+0,15:29:01 23.03.2020
4565,+23.7,+22.3,+22.9,+22.7,+22.8,+23.7,+23.4,+23.7,+23.6,+23.4,+25,FULL,0,0,+0,+0,+0.0161,+0,+0.0377,+0,+0,+0,15:30:01 23.03.2020
4566,+23.7,+22.3,+22.9,+22.7,+22.8,+23.7,+23.4,+23.7,+23.6,+23.4,+25,FULL,0,0,+0,+0,+0.0161,+0,+0.0377,+0,+0,+0,15:31:01 23.03.2020
4567,+23.7,+22.3,+22.9,+22.7,+22.8,+23.7,+23.4,+23.7,+23.6,+23.4,+25,FULL,0,0,+0,+0,+0.0161,+0,+0.0377,+0,+0,+0,15:32:01 23.03.2020
4568,+23.7,+22.3,+22.9,+22.7,+22.8,+23.7,+23.4,+23.7,+23.6,+23.4,+25,FULL,0,0,+0,+0,+0.0161,+0,+0.0376,+0,+0,+0,15:33:01 23.03.2020
4569,+23.7,+22.3,+22.9,+22.7,+22.8,+23.7,+23.4,+23.7,+23.6,+23.4,+25,FULL,0,0,+0,+0,+0.0161,+0,+0.0376,+0,+0,+0,15:34:01 23.03.2020
4570,+23.7,+22.3,+22.9,+22.7,+22.8,+23.6,+23.4,+23.7,+23.6,+23.4,+25,FULL,0,0,+0,+0,+0.0161,+0,+0.0376,+0,+0,+0,15:35:01 23.03.2020
4571,+23.7,+22.3,+22.9,+22.7,+22.8,+23.6,+23.4,+23.7,+23.6,+23.4,+25,FULL,0,0,+0,+0,+0.0161,+0,+0.0376,+0,+0,+0,15:36:01 23.03.2020
4572,+23.7,+22.3,+22.9,+22.7,+22.8,+23.6,+23.4,+23.7,+23.6,+23.4,+25,FULL,0,0,+0,+0,+0.0161,+0,+0.0376,+0,+0,+0,15:37:01 23.03.2020
4573,+23.7,+22.3,+22.9,+22.7,+22.8,+23.6,+23.4,+23.7,+23.6,+23.4,+25,FULL,0,0,+0,+0,+0.0161,+0,+0.0376,+0,+0,+0,15:38:01 23.03.2020
4574,+23.7,+22.3,+22.9,+22.7,+22.8,+23.6,+23.4,+23.7,+23.6,+23.4,+25,FULL,0,0,+0,+0,+0.0161,+0,+0.0376,+0,+0,+0,15:39:01 23.03.2020
4575,+23.7,+22.3,+22.9,+22.7,+22.8,+23.6,+23.4,+23.7,+23.6,+23.4,+25,FULL,0,0,+0,+0,+0.0161,+0,+0.0376,+0,+0,+0,15:40:01 23.03.2020
4576,+23.7,+22.3,+22.9,+22.7,+22.8,+23.6,+23.4,+23.7,+23.6,+23.4,+25,FULL,0,0,+0,+0,+0.0161,+0,+0.0376,+0,+0,+0,15:41:01 23.03.2020
4577,+23.7,+22.3,+22.9,+22.7,+22.8,+23.6,+23.4,+23.7,+23.5,+23.4,+25,FULL,0,0,+0,+0,+0.0161,+0,+0.0376,+0,+0,+0,15:42:01 23.03.2020
4578,+23.7,+22.3,+22.9,+22.7,+22.8,+23.6,+23.4,+23.7,+23.5,+23.4,+25,FULL,0,0,+0,+0,+0.0161,+0,+0.0376,+0,+0,+0,15:43:01 23.03.2020
4579,+23.7,+22.3,+22.9,+22.7,+22.8,+23.6,+23.4,+23.7,+23.5,+23.4,+25,FULL,0,0,+0,+0,+0.0161,+0,+0.0376,+0,+0,+0,15:44:01 23.03.2020
4580,+23.7,+22.3,+22.9,+22.7,+22.8,+23.6,+23.4,+23.6,+23.5,+23.4,+25,MANU,0,0,+0,+0,+0.0161,+0,+0.0376,+0,+0,+0,15:45:01 23.03.2020
4581,+23.7,+22.3,+22.9,+22.7,+22.8,+23.6,+23.4,+23.6,+23.5,+23.4,+25,MANU,0,0,+0,+0,+0.016,+0,+0.0376,+0,+0,+0,15:46:01 23.03.2020
4582,+23.7,+22.3,+22.9,+22.7,+22.8,+23.6,+23.4,+23.6,+23.5,+23.4,+25,MANU,0,0,+0,+0,+0.016,+0,+0.0376,+0,+0,+0,15:47:01 23.03.2020
4583,+23.7,+22.3,+22.9,+22.7,+22.8,+23.6,+23.4,+23.6,+23.5,+23.4,+25,MANU,0,0,+0,+0,+0.016,+0,+0.0376,+0,+0,+0,15:48:01 23.03.2020
4584,+23.6,+22.3,+22.9,+22.7,+22.8,+23.6,+23.4,+23.6,+23.5,+23.2,+25,MDI_,0,0,+0,+0,+0.016,+0,+0.0376,+0,+0,+0,15:49:01 23.03.2020
4585,+23.6,+22.2,+22.9,+22.7,+22.8,+23.6,+23.4,+23.6,+23.5,+23.3,+25,MANU,0,0,+0,+0,+0.016,+0,+0.0376,+0,+0,+0,15:50:01 23.03.2020
4586,+23.6,+22.2,+22.9,+22.7,+22.8,+23.6,+23.4,+23.7,+23.6,+23.3,+25,MANU,0,0,+0,+0,+0.0161,+0,+0.0376,+0,+0,+0,15:51:01 23.03.2020
4587,+23.6,+22.2,+22.9,+22.7,+22.8,+23.7,+23.4,+23.7,+23.6,+23.3,+25,MANU,0,0,+0,+0,+0.0161,+0,+0.0376,+0,+0,+0,15:52:01 23.03.2020
4588,+23.6,+22.2,+22.9,+22.7,+22.8,+23.7,+23.4,+23.6,+23.5,+23.3,+25,MANU,0,0,+0,+0,+0.016,+0,+0.0376,+0,+0,+0,15:53:01 23.03.2020
4589,+23.6,+22.2,+22.9,+22.7,+22.8,+23.7,+23.4,+23.6,+23.5,+23.3,+25,MANU,0,0,+0,+0,+0.016,+0,+0.0377,+0,+0,+0,15:54:01 23.03.2020
4590,+23.6,+22.2,+22.9,+22.7,+22.8,+23.7,+23.4,+23.6,+23.5,+23.3,+25,MANU,0,0,+0,+0,+0.016,+0,+0.0377,+0,+0,+0,15:55:01 23.03.2020
4591,+23.6,+22.2,+22.9,+22.7,+22.8,+23.7,+23.4,+23.6,+23.5,+23.4,+25,MANU,0,0,+0,+0,+0.016,+0,+0.0377,+0,+0,+0,15:56:01 23.03.2020
4592,+23.6,+22.2,+22.9,+22.7,+22.8,+23.7,+23.4,+23.6,+23.5,+23.4,+25,MANU,0,0,+0,+0,+0.016,+0,+0.0377,+0,+0,+0,15:57:01 23.03.2020
4593,+23.6,+22.2,+22.9,+22.7,+22.8,+23.7,+23.4,+23.6,+23.5,+23.4,+25,MANU,0,0,+0,+0,+0.016,+0,+0.0377,+0,+0,+0,15:58:01 23.03.2020
4594,+23.6,+22.2,+22.9,+22.7,+22.8,+23.7,+23.4,+23.6,+23.5,+23.4,+25,MANU,0,0,+0,+0,+0.016,+0,+0.0377,+0,+0,+0,15:59:01 23.03.2020
4595,+23.6,+22.2,+22.9,+22.7,+22.8,+23.7,+23.4,+23.6,+23.5,+23.4,+25,MANU,0,0,+0,+0,+0.016,+0,+0.0377,+0,+0,+0,16:00:01 23.03.2020
4596,+23.6,+22.2,+22.9,+22.7,+22.8,+23.7,+23.4,+23.6,+23.5,+23.4,+25,MANU,0,0,+0,+0,+0.016,+0,+0.0377,+0,+0,+0,16:01:01 23.03.2020
4597,+23.6,+22.2,+22.9,+22.7,+22.8,+23.7,+23.4,+23.6,+23.5,+23.4,+25,MANU,0,0,+0,+0,+0.016,+0,+0.0377,+0,+0,+0,16:02:01 23.03.2020
4598,+23.6,+22.1,+22.9,+22.7,+22.8,+23.7,+23.4,+23.6,+23.5,+23.4,+25,FULL,0,0,+0,+0,+0.016,+0,+0.0377,+0,+0,+0,16:03:01 23.03.2020
4599,+23.6,+22.1,+22.9,+22.7,+22.8,+23.7,+23.4,+23.6,+23.5,+23.3,+25,FULL,0,1,+0,+0,+0.016,+0,+0.0377,+0,+0,+0,16:04:01 23.03.2020
4600,+23.6,+22.1,+22.9,+22.7,+22.8,+23.7,+23.4,+23.7,+23.6,+23.4,+25,FULL,0,1,+0,+0,+0.0161,+0,+0.0377,+0,+0,+0,16:05:01 23.03.2020
4601,+23.6,+22.1,+22.9,+22.7,+22.8,+23.7,+23.4,+23.8,+23.7,+23.5,+25.1,FULL,0,1,+0,+0,+0.0161,+0,+0.0377,+0,+0,+0,16:06:01 23.03.2020
4602,+23.6,+22.1,+22.9,+22.7,+22.8,+23.7,+23.4,+23.8,+23.8,+23.6,+25.3,FULL,0,1,+0,+0,+0.0162,+0,+0.0377,+0,+0,+0,16:07:01 23.03.2020
4603,+23.5,+22.1,+22.9,+22.7,+22.8,+23.7,+23.4,+23.9,+23.8,+23.6,+25.8,FULL,0,1,+0,+0,+0.0162,+0,+0.0377,+0,+0,+0,16:08:01 23.03.2020
4604,+23.5,+22,+22.9,+22.7,+22.8,+23.6,+23.4,+23.9,+23.8,+23.6,+25.6,FULL,0,1,+0,+0,+0.0162,+0,+0.0377,+0,+0,+0,16:09:01 23.03.2020
4605,+23.5,+22,+22.9,+22.7,+22.8,+23.6,+23.4,+24,+23.8,+23.6,+25.8,FULL,0,1,+0,+0,+0.0163,+0,+0.0377,+0,+0,+0,16:10:01 23.03.2020
4606,+23.5,+22,+22.9,+22.7,+22.8,+23.6,+23.4,+24,+23.9,+23.6,+25.8,FULL,0,1,+0,+0,+0.0163,+0,+0.0377,+0,+0,+0,16:11:01 23.03.2020
4607,+23.5,+22,+22.9,+22.7,+22.8,+23.6,+23.4,+24,+23.9,+23.6,+26,FULL,0,1,+0,+0,+0.0163,+0,+0.0377,+0,+0,+0,16:12:01 23.03.2020
4608,+23.5,+22,+22.9,+22.7,+22.8,+23.6,+23.4,+24,+23.9,+23.6,+26,FULL,0,1,+0,+0,+0.0163,+0,+0.0377,+0,+0,+0,16:13:01 23.03.2020
4609,+23.5,+22,+22.9,+22.7,+22.8,+23.6,+23.4,+24,+23.9,+23.6,+26,FULL,0,1,+0,+0,+0.0163,+0,+0.0377,+0,+0,+0,16:14:01 23.03.2020
4610,+23.5,+22,+22.9,+22.7,+22.8,+23.6,+23.4,+24,+23.9,+23.6,+26,FULL,0,1,+0,+0,+0.0163,+0,+0.0377,+0,+0,+0,16:15:01 23.03.2020
4611,+23.5,+22,+22.9,+22.7,+22.8,+23.6,+23.4,+24,+23.9,+23.6,+26,FULL,0,1,+0,+0,+0.0163,+0,+0.0377,+0,+0,+0,16:16:01 23.03.2020
4612,+23.5,+22,+22.9,+22.7,+22.8,+23.6,+23.4,+24.1,+23.9,+23.6,+25.8,FULL,0,1,+0,+0,+0.0163,+0,+0.0377,+0,+0,+0,16:17:01 23.03.2020
4613,+23.5,+22,+22.9,+22.7,+22.8,+23.6,+23.4,+24.1,+23.9,+23.6,+26,FULL,0,1,+0,+0,+0.0163,+0,+0.0377,+0,+0,+0,16:18:01 23.03.2020
4614,+23.5,+22,+22.9,+22.7,+22.8,+23.6,+23.4,+24.1,+24,+23.7,+26,FULL,0,1,+0,+0,+0.0163,+0,+0.0377,+0,+0,+0,16:19:01 23.03.2020
4615,+23.5,+22,+22.9,+22.7,+22.8,+23.6,+23.4,+24.1,+23.9,+23.6,+26,FULL,0,1,+0,+0,+0.0163,+0,+0.0377,+0,+0,+0,16:20:01 23.03.2020
4616,+23.5,+22,+22.9,+22.7,+22.8,+23.6,+23.4,+24.1,+23.9,+23.6,+26,FULL,0,1,+0,+0,+0.0163,+0,+0.0377,+0,+0,+0,16:21:01 23.03.2020
4617,+23.5,+21.9,+22.9,+22.7,+22.8,+23.6,+23.4,+24.1,+24,+23.7,+25.7,FULL,0,1,+0,+0,+0.0163,+0,+0.0377,+0,+0,+0,16:22:01 23.03.2020
4618,+23.5,+21.9,+22.9,+22.7,+22.8,+23.6,+23.4,+24.1,+24,+23.7,+25.5,FULL,0,1,+0,+0,+0.0163,+0,+0.0377,+0,+0,+0,16:23:01 23.03.2020
4619,+23.5,+21.9,+22.9,+22.7,+22.8,+23.6,+23.4,+24.1,+24,+23.7,+26,FULL,0,1,+0,+0,+0.0163,+0,+0.0377,+0,+0,+0,16:24:01 23.03.2020
4620,+23.5,+21.9,+22.9,+22.7,+22.8,+23.6,+23.4,+24.1,+24,+23.7,+26,FULL,0,1,+0,+0,+0.0163,+0,+0.0377,+0,+0,+0,16:25:01 23.03.2020
4621,+23.4,+21.9,+22.9,+22.7,+22.8,+23.6,+23.4,+24.1,+24,+23.7,+25.1,FULL,0,0,+0,+0,+0.0163,+0,+0.0377,+0,+0,+0,16:26:01 23.03.2020
4622,+23.4,+21.9,+22.9,+22.7,+22.8,+23.6,+23.4,+24.1,+23.9,+23.7,+25,FULL,0,0,+0,+0,+0.0163,+0,+0.0377,+0,+0,+0,16:27:01 23.03.2020
4623,+23.4,+21.9,+22.9,+22.7,+22.8,+23.6,+23.4,+24,+23.9,+23.6,+25,FULL,0,0,+0,+0,+0.0163,+0,+0.0377,+0,+0,+0,16:28:01 23.03.2020
4624,+23.4,+21.9,+22.9,+22.7,+22.8,+23.6,+23.4,+24,+23.9,+23.6,+25,FULL,0,0,+0,+0,+0.0163,+0,+0.0377,+0,+0,+0,16:29:01 23.03.2020
4625,+23.4,+21.9,+22.9,+22.7,+22.8,+23.6,+23.4,+24,+23.9,+23.6,+25,FULL,0,0,+0,+0,+0.0163,+0,+0.0377,+0,+0,+0,16:30:01 23.03.2020
4626,+23.4,+21.9,+22.9,+22.7,+22.8,+23.6,+23.4,+24,+23.9,+23.6,+25,MANU,0,0,+0,+0,+0.0163,+0,+0.0377,+0,+0,+0,16:31:01 23.03.2020
4627,+23.4,+21.9,+22.9,+22.7,+22.8,+23.6,+23.4,+24,+23.9,+23.6,+25,MANU,0,0,+0,+0,+0.0163,+0,+0.0377,+0,+0,+0,16:32:01 23.03.2020
4628,+23.4,+21.9,+22.9,+22.7,+22.8,+23.6,+23.4,+24,+23.9,+23.6,+25,MANU,0,0,+0,+0,+0.0163,+0,+0.0377,+0,+0,+0,16:33:01 23.03.2020
4629,+23.4,+21.9,+22.9,+22.7,+22.8,+23.6,+23.4,+24,+23.9,+23.6,+25.3,MDI_,0,1,+0,+0,+0.0163,+0,+0.0377,+0,+0,+0,16:34:01 23.03.2020
4630,+23.4,+21.9,+22.9,+22.7,+22.8,+23.6,+23.4,+24,+23.8,+23.6,+25.6,FULL,499,1,+0,+0,+0.0163,+0,+0.0377,+0,+0,+0,16:35:01 23.03.2020
4631,+23.4,+21.9,+22.9,+22.7,+22.8,+23.6,+23.4,+24.1,+24,+23.7,+26,FULL,499,1,+0,+0,+0.0163,+0,+0.0379,+0,+0,+0,16:36:01 23.03.2020
4632,+23.4,+22.4,+22.9,+22.7,+22.8,+23.6,+23.4,+24.2,+24,+23.8,+26,FULL,1000,1,+0,+0,+0.0164,+0,+0.0377,+0,+0,+0,16:37:01 23.03.2020
4633,+23.4,+22.7,+22.9,+22.7,+22.8,+23.6,+23.4,+24.3,+24.2,+24,+26,FULL,1000,1,+0,+0,+0.0165,+0,+0.0379,+0,+0,+0,16:38:01 23.03.2020
4634,+23.4,+23.1,+22.9,+22.7,+22.8,+23.6,+23.4,+24.4,+24.3,+24,+26.1,FULL,999,1,+0,+0,+0.0165,+0,+0.0379,+0,+0,+0,16:39:01 23.03.2020
4635,+23.4,+23.1,+22.9,+22.7,+22.8,+23.7,+23.4,+24.4,+24.3,+24.1,+26.5,FULL,999,1,+0,+0,+0.0165,+0,+0.0379,+0,+0,+0,16:40:01 23.03.2020
4636,+23.3,+23.2,+22.9,+22.7,+22.8,+23.7,+23.4,+24.5,+24.3,+24.1,+26.8,FULL,1000,1,+0,+0,+0.0166,+0,+0.0379,+0,+0,+0,16:41:01 23.03.2020
4637,+23.4,+23.4,+22.9,+22.7,+22.8,+23.7,+23.4,+24.5,+24.4,+24.1,+27,FULL,999,1,+0,+0,+0.0166,+0,+0.0379,+0,+0,+0,16:42:01 23.03.2020
4638,+23.3,+23.6,+22.9,+22.7,+22.8,+23.7,+23.4,+24.5,+24.4,+24.1,+26.7,FULL,999,1,+0,+0,+0.0166,+0,+0.0379,+0,+0,+0,16:43:01 23.03.2020
4639,+23.3,+23.6,+22.9,+22.7,+22.8,+23.7,+23.4,+24.5,+24.4,+24.1,+27,FULL,1000,1,+0,+0,+0.0166,+0,+0.0381,+0,+0,+0,16:44:01 23.03.2020
4640,+23.3,+23.7,+22.9,+22.7,+22.8,+23.7,+23.4,+24.6,+24.4,+24.1,+27,FULL,1000,1,+0,+0,+0.0167,+0,+0.0379,+0,+0,+0,16:45:01 23.03.2020
4641,+23.3,+23.9,+22.9,+22.7,+22.9,+23.7,+23.4,+24.6,+24.5,+24.1,+27,FULL,999,1,+0,+0,+0.0167,+0,+0.0381,+0,+0,+0,16:46:01 23.03.2020
4642,+23.3,+24,+22.9,+22.8,+22.9,+23.7,+23.4,+24.6,+24.5,+24.1,+27,FULL,999,1,+0,+0,+0.0167,+0,+0.0381,+0,+0,+0,16:47:01 23.03.2020
4643,+23.3,+24,+23,+22.8,+22.9,+23.7,+23.4,+24.6,+24.4,+24.1,+27,FULL,1000,1,+0,+0,+0.0167,+0,+0.0381,+0,+0,+0,16:48:01 23.03.2020
4644,+23.3,+24.1,+23,+22.8,+22.9,+23.7,+23.4,+24.6,+24.5,+24.1,+27,FULL,999,1,+0,+0,+0.0167,+0,+0.0381,+0,+0,+0,16:49:01 23.03.2020
4645,+23.3,+24.2,+23,+22.8,+22.9,+23.7,+23.4,+24.6,+24.5,+24.1,+27,FULL,999,1,+0,+0,+0.0167,+0,+0.0381,+0,+0,+0,16:50:01 23.03.2020
4646,+23.3,+24.3,+23,+22.8,+22.9,+23.7,+23.4,+24.6,+24.5,+24.1,+27,FULL,1000,1,+0,+0,+0.0167,+0,+0.0381,+0,+0,+0,16:51:01 23.03.2020
4647,+23.3,+24.3,+23,+22.8,+22.9,+23.7,+23.5,+24.6,+24.5,+24.1,+27,FULL,1000,1,+0,+0,+0.0167,+0,+0.0381,+0,+0,+0,16:52:01 23.03.2020
4648,+23.3,+24.3,+23,+22.8,+22.9,+23.7,+23.5,+24.6,+24.5,+24.1,+27,FULL,999,1,+0,+0,+0.0167,+0,+0.0381,+0,+0,+0,16:53:01 23.03.2020
4649,+23.3,+24.5,+23,+22.8,+22.9,+23.7,+23.4,+24.6,+24.5,+24.1,+27,FULL,1000,1,+0,+0,+0.0167,+0,+0.0381,+0,+0,+0,16:54:01 23.03.2020
4650,+23.3,+24.5,+23,+22.8,+22.9,+23.7,+23.5,+24.6,+24.5,+24.1,+27,FULL,1000,1,+0,+0,+0.0167,+0,+0.0381,+0,+0,+0,16:55:01 23.03.2020
4651,+23.3,+24.5,+23,+22.8,+22.9,+23.7,+23.5,+24.6,+24.5,+24.1,+27,FULL,999,1,+0,+0,+0.0167,+0,+0.0381,+0,+0,+0,16:56:01 23.03.2020
4652,+23.3,+24.6,+23,+22.8,+22.9,+23.7,+23.5,+24.6,+24.5,+24.1,+27,FULL,999,1,+0,+0,+0.0167,+0,+0.0381,+0,+0,+0,16:57:01 23.03.2020
4653,+23.3,+24.6,+23,+22.8,+23,+23.7,+23.5,+24.6,+24.6,+24.1,+27,FULL,1000,1,+0,+0,+0.0167,+0,+0.0381,+0,+0,+0,16:58:01 23.03.2020
4654,+23.3,+24.7,+23,+22.8,+23,+23.7,+23.5,+24.6,+24.5,+24.1,+27,FULL,1000,1,+0,+0,+0.0167,+0,+0.0382,+0,+0,+0,16:59:01 23.03.2020
4655,+23.2,+24.7,+23,+22.8,+23,+23.7,+23.5,+24.7,+24.5,+24.1,+27,FULL,999,1,+0,+0,+0.0167,+0,+0.0381,+0,+0,+0,17:00:01 23.03.2020
4656,+23.2,+24.7,+23,+22.8,+23,+23.7,+23.5,+24.7,+24.6,+24.1,+27,FULL,1000,1,+0,+0,+0.0167,+0,+0.0381,+0,+0,+0,17:01:01 23.03.2020
4657,+23.2,+24.7,+23,+22.8,+23,+23.7,+23.5,+24.7,+24.6,+24.1,+27,FULL,1000,1,+0,+0,+0.0167,+0,+0.0381,+0,+0,+0,17:02:01 23.03.2020
4658,+23.2,+24.8,+23.1,+22.8,+23,+23.7,+23.5,+24.7,+24.6,+24.1,+27,FULL,999,1,+0,+0,+0.0167,+0,+0.0381,+0,+0,+0,17:03:01 23.03.2020
4659,+23.2,+24.9,+23.1,+22.9,+23,+23.7,+23.5,+24.7,+24.6,+24.1,+27,FULL,1000,1,+0,+0,+0.0167,+0,+0.0381,+0,+0,+0,17:04:01 23.03.2020
4660,+23.2,+25,+23.1,+22.9,+23,+23.7,+23.5,+24.7,+24.6,+24.2,+27,FULL,1000,1,+0,+0,+0.0167,+0,+0.0381,+0,+0,+0,17:05:01 23.03.2020
4661,+23.2,+25,+23.1,+22.9,+23,+23.7,+23.5,+24.7,+24.6,+24.2,+27,FULL,1000,1,+0,+0,+0.0167,+0,+0.0381,+0,+0,+0,17:06:01 23.03.2020
4662,+23.2,+25.1,+23.1,+22.9,+23,+23.7,+23.5,+24.7,+24.6,+24.2,+27,FULL,999,1,+0,+0,+0.0167,+0,+0.0381,+0,+0,+0,17:07:01 23.03.2020
4663,+23.2,+25.1,+23.1,+22.9,+23,+23.7,+23.5,+24.7,+24.6,+24.2,+27,FULL,999,1,+0,+0,+0.0167,+0,+0.0381,+0,+0,+0,17:08:01 23.03.2020
4664,+23.2,+25.2,+23.1,+22.9,+23,+23.8,+23.5,+24.7,+24.6,+24.2,+27,FULL,1000,1,+0,+0,+0.0167,+0,+0.0382,+0,+0,+0,17:09:01 23.03.2020
4665,+23.2,+25.2,+23.1,+22.9,+23.1,+23.8,+23.5,+24.7,+24.6,+24.2,+27,FULL,999,1,+0,+0,+0.0167,+0,+0.0382,+0,+0,+0,17:10:01 23.03.2020
4666,+23.2,+25.2,+23.1,+22.9,+23.1,+23.8,+23.5,+24.7,+24.6,+24.2,+27,FULL,999,1,+0,+0,+0.0167,+0,+0.0382,+0,+0,+0,17:11:01 23.03.2020
4667,+23.2,+25.3,+23.2,+23,+23.1,+23.8,+23.5,+24.7,+24.6,+24.2,+27,FULL,1000,1,+0,+0,+0.0167,+0,+0.0382,+0,+0,+0,17:12:01 23.03.2020
4668,+23.2,+25.3,+23.2,+23,+23.1,+23.8,+23.5,+24.7,+24.6,+24.2,+27,FULL,999,1,+0,+0,+0.0167,+0,+0.0382,+0,+0,+0,17:13:01 23.03.2020
4669,+23.2,+25.3,+23.2,+23,+23.1,+23.8,+23.5,+24.7,+24.6,+24.2,+27,FULL,999,1,+0,+0,+0.0167,+0,+0.0382,+0,+0,+0,17:14:01 23.03.2020
4670,+23.2,+25.4,+23.2,+23,+23.1,+23.8,+23.5,+24.7,+24.6,+24.2,+27,FULL,1000,1,+0,+0,+0.0167,+0,+0.0382,+0,+0,+0,17:15:01 23.03.2020
4671,+23.1,+25.4,+23.2,+23,+23.1,+23.8,+23.5,+24.7,+24.6,+24.2,+27,FULL,1000,1,+0,+0,+0.0167,+0,+0.0382,+0,+0,+0,17:16:01 23.03.2020
4672,+23.1,+25.4,+23.2,+23,+23.1,+23.8,+23.5,+24.7,+24.6,+24.2,+27,FULL,999,1,+0,+0,+0.0167,+0,+0.0382,+0,+0,+0,17:17:01 23.03.2020
4673,+23.1,+25.4,+23.2,+23,+23.1,+23.8,+23.5,+24.7,+24.6,+24.2,+27,FULL,999,1,+0,+0,+0.0167,+0,+0.0382,+0,+0,+0,17:18:01 23.03.2020
4674,+23.1,+25.4,+23.2,+23,+23.2,+23.8,+23.5,+24.7,+24.6,+24.2,+27,FULL,1000,1,+0,+0,+0.0167,+0,+0.0382,+0,+0,+0,17:19:01 23.03.2020
4675,+23.1,+25.5,+23.2,+23,+23.2,+23.8,+23.5,+24.7,+24.6,+24.2,+27,FULL,1000,1,+0,+0,+0.0167,+0,+0.0382,+0,+0,+0,17:20:01 23.03.2020
4676,+23.1,+25.5,+23.2,+23,+23.2,+23.8,+23.5,+24.7,+24.6,+24.2,+27,FULL,999,1,+0,+0,+0.0167,+0,+0.0382,+0,+0,+0,17:21:01 23.03.2020
4677,+23.1,+25.5,+23.3,+23,+23.2,+23.8,+23.5,+24.7,+24.6,+24.2,+27,FULL,1000,1,+0,+0,+0.0167,+0,+0.0382,+0,+0,+0,17:22:01 23.03.2020
4678,+23.1,+25.5,+23.3,+23,+23.2,+23.8,+23.5,+24.7,+24.6,+24.2,+27,FULL,1000,1,+0,+0,+0.0167,+0,+0.0382,+0,+0,+0,17:23:01 23.03.2020
4679,+23.1,+25.5,+23.3,+23,+23.2,+23.8,+23.5,+24.7,+24.6,+24.2,+27,FULL,999,1,+0,+0,+0.0167,+0,+0.0382,+0,+0,+0,17:24:01 23.03.2020
4680,+23.1,+25.6,+23.3,+23.1,+23.2,+23.8,+23.5,+24.7,+24.6,+24.2,+27,FULL,1000,1,+0,+0,+0.0167,+0,+0.0382,+0,+0,+0,17:25:01 23.03.2020
4681,+23.1,+25.6,+23.3,+23.1,+23.2,+23.8,+23.5,+24.7,+24.6,+24.2,+27,FULL,1000,1,+0,+0,+0.0167,+0,+0.0382,+0,+0,+0,17:26:01 23.03.2020
4682,+23.1,+25.6,+23.3,+23.1,+23.2,+23.7,+23.5,+24.7,+24.6,+24.2,+27,FULL,999,1,+0,+0,+0.0167,+0,+0.0382,+0,+0,+0,17:27:01 23.03.2020
4683,+23.1,+25.6,+23.3,+23.1,+23.2,+23.8,+23.5,+24.7,+24.6,+24.2,+27,FULL,999,1,+0,+0,+0.0167,+0,+0.0382,+0,+0,+0,17:28:01 23.03.2020
4684,+23,+25.6,+23.3,+23.1,+23.2,+23.8,+23.5,+24.7,+24.6,+24.2,+27,FULL,1000,1,+0,+0,+0.0167,+0,+0.0382,+0,+0,+0,17:29:01 23.03.2020
4685,+23,+25.6,+23.3,+23.1,+23.2,+23.8,+23.5,+24.7,+24.6,+24.2,+27,FULL,999,1,+0,+0,+0.0167,+0,+0.0382,+0,+0,+0,17:30:01 23.03.2020
4686,+23,+25.6,+23.3,+23.1,+23.2,+23.8,+23.5,+24.7,+24.6,+24.2,+27,FULL,999,1,+0,+0,+0.0167,+0,+0.0382,+0,+0,+0,17:31:01 23.03.2020
4687,+23,+25.5,+23.3,+23.1,+23.2,+23.8,+23.5,+24.7,+24.6,+24.2,+27,FULL,999,1,+0,+0,+0.0167,+0,+0.0384,+0,+0,+0,17:32:01 23.03.2020
4688,+23,+25.6,+23.3,+23.1,+23.3,+23.8,+23.5,+24.7,+24.6,+24.2,+27,FULL,1000,1,+0,+0,+0.0167,+0,+0.0384,+0,+0,+0,17:33:01 23.03.2020
4689,+23,+25.6,+23.3,+23.1,+23.3,+23.8,+23.5,+24.7,+24.6,+24.2,+27,FULL,1000,1,+0,+0,+0.0167,+0,+0.0382,+0,+0,+0,17:34:01 23.03.2020
4690,+23,+25.5,+23.3,+23.1,+23.3,+23.8,+23.5,+24.7,+24.6,+24.2,+27,FULL,999,1,+0,+0,+0.0167,+0,+0.0382,+0,+0,+0,17:35:01 23.03.2020
4691,+23,+25.5,+23.3,+23.1,+23.3,+23.8,+23.5,+24.7,+24.6,+24.2,+27,FULL,1000,1,+0,+0,+0.0167,+0,+0.0384,+0,+0,+0,17:36:01 23.03.2020
4692,+23,+25.5,+23.3,+23.1,+23.3,+23.8,+23.5,+24.7,+24.6,+24.2,+27,FULL,999,1,+0,+0,+0.0167,+0,+0.0384,+0,+0,+0,17:37:01 23.03.2020
4693,+23,+25.5,+23.3,+23.1,+23.3,+23.8,+23.5,+24.7,+24.6,+24.2,+27,FULL,999,1,+0,+0,+0.0167,+0,+0.0382,+0,+0,+0,17:38:01 23.03.2020
4694,+23,+25.5,+23.3,+23.1,+23.3,+23.8,+23.5,+24.7,+24.6,+24.2,+27,FULL,1000,1,+0,+0,+0.0167,+0,+0.0382,+0,+0,+0,17:39:01 23.03.2020
4695,+23,+25.5,+23.3,+23.1,+23.3,+23.8,+23.5,+24.7,+24.6,+24.2,+27,FULL,1000,1,+0,+0,+0.0167,+0,+0.0384,+0,+0,+0,17:40:01 23.03.2020
4696,+23,+25.5,+23.3,+23.1,+23.3,+23.8,+23.5,+24.7,+24.6,+24.2,+27,FULL,1000,1,+0,+0,+0.0167,+0,+0.0384,+0,+0,+0,17:41:01 23.03.2020
4697,+23,+25.5,+23.3,+23.1,+23.3,+23.8,+23.5,+24.7,+24.6,+24.3,+27,FULL,999,1,+0,+0,+0.0167,+0,+0.0384,+0,+0,+0,17:42:01 23.03.2020
4698,+23,+25.5,+23.3,+23.1,+23.3,+23.8,+23.5,+24.7,+24.6,+24.3,+27,FULL,1000,1,+0,+0,+0.0167,+0,+0.0384,+0,+0,+0,17:43:01 23.03.2020
4699,+23,+25.5,+23.3,+23.1,+23.3,+23.8,+23.5,+24.7,+24.6,+24.3,+27,FULL,1000,1,+0,+0,+0.0167,+0,+0.0384,+0,+0,+0,17:44:01 23.03.2020
4700,+23,+25.5,+23.3,+23.1,+23.3,+23.8,+23.5,+24.7,+24.6,+24.3,+27,FULL,999,1,+0,+0,+0.0167,+0,+0.0386,+0,+0,+0,17:45:01 23.03.2020
4701,+23,+25.5,+23.3,+23.1,+23.3,+23.8,+23.5,+24.7,+24.6,+24.3,+27,FULL,1000,1,+0,+0,+0.0167,+0,+0.0384,+0,+0,+0,17:46:01 23.03.2020
4702,+23,+25.5,+23.3,+23.1,+23.3,+23.8,+23.5,+24.7,+24.6,+24.3,+27,FULL,1000,1,+0,+0,+0.0167,+0,+0.0384,+0,+0,+0,17:47:01 23.03.2020
4703,+23,+25.5,+23.3,+23.2,+23.3,+23.8,+23.5,+24.7,+24.6,+24.2,+27,FULL,999,1,+0,+0,+0.0167,+0,+0.0384,+0,+0,+0,17:48:01 23.03.2020
4704,+23,+25.5,+23.4,+23.2,+23.3,+23.8,+23.5,+24.7,+24.6,+24.3,+27,FULL,999,1,+0,+0,+0.0167,+0,+0.0386,+0,+0,+0,17:49:01 23.03.2020
4705,+23,+25.5,+23.4,+23.2,+23.3,+23.8,+23.5,+24.7,+24.6,+24.3,+27,FULL,1000,1,+0,+0,+0.0167,+0,+0.0384,+0,+0,+0,17:50:01 23.03.2020
4706,+23,+25.5,+23.4,+23.2,+23.3,+23.8,+23.5,+24.7,+24.6,+24.3,+27,FULL,1000,1,+0,+0,+0.0167,+0,+0.0384,+0,+0,+0,17:51:01 23.03.2020
4707,+23,+25.5,+23.4,+23.2,+23.3,+23.8,+23.5,+24.7,+24.6,+24.3,+27,FULL,999,1,+0,+0,+0.0167,+0,+0.0384,+0,+0,+0,17:52:01 23.03.2020
4708,+23.1,+25.5,+23.4,+23.2,+23.3,+23.8,+23.5,+24.7,+24.6,+24.3,+27,FULL,1000,1,+0,+0,+0.0167,+0,+0.0384,+0,+0,+0,17:53:01 23.03.2020
4709,+23.1,+25.6,+23.4,+23.2,+23.3,+23.8,+23.5,+24.7,+24.6,+24.3,+27,FULL,1000,1,+0,+0,+0.0167,+0,+0.0384,+0,+0,+0,17:54:01 23.03.2020
4710,+23.1,+25.6,+23.4,+23.2,+23.3,+23.8,+23.5,+24.7,+24.6,+24.3,+27,FULL,999,1,+0,+0,+0.0167,+0,+0.0384,+0,+0,+0,17:55:01 23.03.2020
4711,+23.1,+25.6,+23.4,+23.2,+23.3,+23.8,+23.5,+24.7,+24.6,+24.3,+27,FULL,999,1,+0,+0,+0.0167,+0,+0.0382,+0,+0,+0,17:56:01 23.03.2020
4712,+23.1,+25.6,+23.4,+23.2,+23.3,+23.8,+23.5,+24.7,+24.6,+24.3,+27,FULL,1000,1,+0,+0,+0.0167,+0,+0.0382,+0,+0,+0,17:57:01 23.03.2020
4713,+23.1,+25.7,+23.4,+23.2,+23.4,+23.8,+23.5,+24.7,+24.6,+24.3,+27,FULL,1000,1,+0,+0,+0.0167,+0,+0.0382,+0,+0,+0,17:58:01 23.03.2020
4714,+23.1,+25.7,+23.4,+23.2,+23.4,+23.8,+23.5,+24.7,+24.6,+24.3,+27,FULL,999,1,+0,+0,+0.0167,+0,+0.0382,+0,+0,+0,17:59:01 23.03.2020
4715,+23.1,+25.7,+23.4,+23.2,+23.4,+23.8,+23.5,+24.7,+24.6,+24.3,+27,FULL,1000,1,+0,+0,+0.0167,+0,+0.0382,+0,+0,+0,18:00:01 23.03.2020
4716,+23.1,+25.7,+23.4,+23.2,+23.4,+23.8,+23.5,+24.7,+24.6,+24.3,+27,FULL,1000,1,+0,+0,+0.0167,+0,+0.0382,+0,+0,+0,18:01:01 23.03.2020
4717,+23.1,+25.7,+23.4,+23.2,+23.4,+23.8,+23.5,+24.7,+24.6,+24.3,+27,FULL,1000,1,+0,+0,+0.0167,+0,+0.0382,+0,+0,+0,18:02:01 23.03.2020
4718,+23.1,+25.8,+23.4,+23.3,+23.4,+23.8,+23.5,+24.7,+24.6,+24.3,+27,FULL,999,1,+0,+0,+0.0167,+0,+0.0382,+0,+0,+0,18:03:01 23.03.2020
4719,+23.1,+25.8,+23.4,+23.3,+23.4,+23.8,+23.5,+24.7,+24.6,+24.3,+27,FULL,1000,1,+0,+0,+0.0167,+0,+0.0382,+0,+0,+0,18:04:01 23.03.2020
4720,+23.1,+25.8,+23.4,+23.3,+23.4,+23.7,+23.5,+24.7,+24.6,+24.3,+27,FULL,999,1,+0,+0,+0.0167,+0,+0.0382,+0,+0,+0,18:05:01 23.03.2020
4721,+23.1,+25.8,+23.4,+23.3,+23.4,+23.7,+23.5,+24.7,+24.6,+24.3,+27,FULL,999,1,+0,+0,+0.0167,+0,+0.0382,+0,+0,+0,18:06:01 23.03.2020
4722,+23.1,+25.8,+23.4,+23.3,+23.4,+23.7,+23.5,+24.7,+24.6,+24.3,+27,FULL,1000,1,+0,+0,+0.0167,+0,+0.0382,+0,+0,+0,18:07:01 23.03.2020
4723,+23.1,+25.8,+23.4,+23.3,+23.4,+23.7,+23.5,+24.7,+24.6,+24.3,+27,FULL,1000,1,+0,+0,+0.0167,+0,+0.0382,+0,+0,+0,18:08:01 23.03.2020
4724,+23.1,+25.8,+23.5,+23.3,+23.4,+23.7,+23.5,+24.7,+24.6,+24.3,+27,FULL,999,1,+0,+0,+0.0167,+0,+0.0382,+0,+0,+0,18:09:01 23.03.2020
4725,+23.1,+25.8,+23.5,+23.3,+23.4,+23.7,+23.5,+24.7,+24.6,+24.3,+27,FULL,999,1,+0,+0,+0.0167,+0,+0.0382,+0,+0,+0,18:10:01 23.03.2020
4726,+23.1,+25.8,+23.5,+23.3,+23.4,+23.7,+23.5,+24.7,+24.6,+24.3,+27,FULL,1000,1,+0,+0,+0.0167,+0,+0.0382,+0,+0,+0,18:11:01 23.03.2020
4727,+23.1,+25.8,+23.5,+23.3,+23.4,+23.7,+23.5,+24.7,+24.6,+24.3,+27,FULL,999,1,+0,+0,+0.0167,+0,+0.0382,+0,+0,+0,18:12:01 23.03.2020
4728,+23.1,+25.9,+23.5,+23.3,+23.5,+23.7,+23.5,+24.7,+24.6,+24.3,+27,FULL,999,1,+0,+0,+0.0167,+0,+0.0382,+0,+0,+0,18:13:01 23.03.2020
4729,+23.1,+25.8,+23.5,+23.3,+23.5,+23.7,+23.5,+24.7,+24.6,+24.3,+27,FULL,1000,1,+0,+0,+0.0167,+0,+0.0382,+0,+0,+0,18:14:01 23.03.2020
4730,+23.1,+25.9,+23.5,+23.3,+23.5,+23.7,+23.5,+24.7,+24.6,+24.3,+27,FULL,999,1,+0,+0,+0.0167,+0,+0.0382,+0,+0,+0,18:15:01 23.03.2020
4731,+23.1,+25.9,+23.5,+23.3,+23.5,+23.7,+23.5,+24.7,+24.6,+24.3,+27,FULL,999,1,+0,+0,+0.0167,+0,+0.0382,+0,+0,+0,18:16:01 23.03.2020
4732,+23.1,+25.9,+23.5,+23.3,+23.5,+23.7,+23.5,+24.7,+24.6,+24.3,+27,FULL,999,1,+0,+0,+0.0167,+0,+0.0382,+0,+0,+0,18:17:01 23.03.2020
4733,+23.1,+25.9,+23.5,+23.3,+23.5,+23.7,+23.5,+24.7,+24.6,+24.3,+27,FULL,1000,1,+0,+0,+0.0167,+0,+0.0382,+0,+0,+0,18:18:01 23.03.2020
4734,+23.1,+25.9,+23.5,+23.3,+23.5,+23.7,+23.5,+24.7,+24.6,+24.3,+27,FULL,999,1,+0,+0,+0.0167,+0,+0.0382,+0,+0,+0,18:19:01 23.03.2020
4735,+23.2,+25.8,+23.5,+23.3,+23.5,+23.7,+23.5,+24.7,+24.6,+24.3,+27,FULL,999,1,+0,+0,+0.0167,+0,+0.0382,+0,+0,+0,18:20:01 23.03.2020
4736,+23.2,+25.8,+23.5,+23.3,+23.5,+23.7,+23.5,+24.7,+24.6,+24.3,+27,FULL,1000,1,+0,+0,+0.0167,+0,+0.0382,+0,+0,+0,18:21:01 23.03.2020
4737,+23.2,+25.8,+23.5,+23.3,+23.5,+23.7,+23.5,+24.7,+24.6,+24.3,+27,FULL,1000,1,+0,+0,+0.0167,+0,+0.0382,+0,+0,+0,18:22:01 23.03.2020
4738,+23.2,+25.8,+23.5,+23.3,+23.5,+23.8,+23.5,+24.7,+24.6,+24.3,+27,FULL,1000,1,+0,+0,+0.0167,+0,+0.0384,+0,+0,+0,18:23:01 23.03.2020
4739,+23.2,+25.8,+23.5,+23.3,+23.5,+23.8,+23.5,+24.7,+24.6,+24.3,+27,FULL,999,1,+0,+0,+0.0167,+0,+0.0382,+0,+0,+0,18:24:01 23.03.2020
4740,+23.2,+25.7,+23.5,+23.3,+23.5,+23.8,+23.5,+24.7,+24.6,+24.3,+27,FULL,1000,1,+0,+0,+0.0167,+0,+0.0384,+0,+0,+0,18:25:01 23.03.2020
4741,+23.2,+25.7,+23.5,+23.3,+23.5,+23.8,+23.5,+24.7,+24.6,+24.3,+27,FULL,999,1,+0,+0,+0.0167,+0,+0.0384,+0,+0,+0,18:26:01 23.03.2020
4742,+23.2,+25.8,+23.5,+23.3,+23.5,+23.8,+23.5,+24.7,+24.6,+24.3,+27,FULL,999,1,+0,+0,+0.0167,+0,+0.0384,+0,+0,+0,18:27:01 23.03.2020
4743,+23.2,+25.7,+23.5,+23.3,+23.5,+23.8,+23.5,+24.7,+24.6,+24.3,+27,FULL,1000,1,+0,+0,+0.0167,+0,+0.0384,+0,+0,+0,18:28:01 23.03.2020
4744,+23.3,+25.7,+23.5,+23.3,+23.5,+23.8,+23.5,+24.7,+24.6,+24.3,+27,FULL,1000,1,+0,+0,+0.0167,+0,+0.0384,+0,+0,+0,18:29:01 23.03.2020
4745,+23.3,+25.7,+23.5,+23.3,+23.5,+23.8,+23.5,+24.7,+24.6,+24.3,+27,FULL,999,1,+0,+0,+0.0167,+0,+0.0384,+0,+0,+0,18:30:01 23.03.2020
4746,+23.3,+25.7,+23.5,+23.3,+23.5,+23.8,+23.5,+24.7,+24.6,+24.3,+27,FULL,999,1,+0,+0,+0.0167,+0,+0.0384,+0,+0,+0,18:31:01 23.03.2020
4747,+23.3,+25.7,+23.5,+23.3,+23.5,+23.8,+23.5,+24.7,+24.6,+24.3,+27,FULL,1000,1,+0,+0,+0.0167,+0,+0.0384,+0,+0,+0,18:32:01 23.03.2020
4748,+23.3,+25.7,+23.5,+23.3,+23.5,+23.8,+23.5,+24.7,+24.6,+24.3,+27,FULL,999,1,+0,+0,+0.0167,+0,+0.0384,+0,+0,+0,18:33:01 23.03.2020
4749,+23.3,+25.7,+23.5,+23.4,+23.5,+23.8,+23.5,+24.7,+24.6,+24.3,+27,FULL,999,1,+0,+0,+0.0167,+0,+0.0384,+0,+0,+0,18:34:01 23.03.2020
4750,+23.3,+25.7,+23.5,+23.3,+23.5,+23.8,+23.5,+24.7,+24.6,+24.3,+27,FULL,1000,1,+0,+0,+0.0167,+0,+0.0384,+0,+0,+0,18:35:01 23.03.2020
4751,+23.3,+25.6,+23.5,+23.3,+23.5,+23.8,+23.5,+24.7,+24.6,+24.3,+27,FULL,1000,1,+0,+0,+0.0167,+0,+0.0384,+0,+0,+0,18:36:01 23.03.2020
4752,+23.3,+25.6,+23.5,+23.3,+23.5,+23.8,+23.5,+24.7,+24.6,+24.3,+27,FULL,999,1,+0,+0,+0.0167,+0,+0.0384,+0,+0,+0,18:37:01 23.03.2020
4753,+23.3,+25.6,+23.5,+23.4,+23.5,+23.8,+23.5,+24.7,+24.6,+24.3,+27,FULL,1000,1,+0,+0,+0.0167,+0,+0.0384,+0,+0,+0,18:38:01 23.03.2020
4754,+23.3,+25.7,+23.5,+23.4,+23.5,+23.8,+23.5,+24.8,+24.6,+24.3,+27,FULL,1000,1,+0,+0,+0.0168,+0,+0.0384,+0,+0,+0,18:39:01 23.03.2020
4755,+23.3,+25.6,+23.5,+23.4,+23.5,+23.8,+23.5,+24.7,+24.6,+24.3,+27,FULL,999,1,+0,+0,+0.0167,+0,+0.0384,+0,+0,+0,18:40:01 23.03.2020
4756,+23.3,+25.6,+23.5,+23.4,+23.5,+23.8,+23.5,+24.7,+24.6,+24.3,+27,FULL,999,1,+0,+0,+0.0167,+0,+0.0383,+0,+0,+0,18:41:01 23.03.2020
4757,+23.3,+25.6,+23.5,+23.4,+23.5,+23.8,+23.5,+24.7,+24.6,+24.3,+27,FULL,1000,1,+0,+0,+0.0167,+0,+0.0382,+0,+0,+0,18:42:01 23.03.2020
4758,+23.3,+25.7,+23.5,+23.4,+23.5,+23.8,+23.5,+24.7,+24.6,+24.3,+27,FULL,999,1,+0,+0,+0.0167,+0,+0.0382,+0,+0,+0,18:43:01 23.03.2020
4759,+23.3,+25.7,+23.5,+23.4,+23.5,+23.8,+23.5,+24.7,+24.6,+24.3,+27,FULL,999,1,+0,+0,+0.0167,+0,+0.0382,+0,+0,+0,18:44:01 23.03.2020
4760,+23.3,+25.8,+23.5,+23.4,+23.6,+23.8,+23.5,+24.7,+24.6,+24.3,+27,FULL,999,1,+0,+0,+0.0167,+0,+0.0382,+0,+0,+0,18:45:01 23.03.2020
4761,+23.3,+25.8,+23.5,+23.4,+23.6,+23.8,+23.5,+24.7,+24.6,+24.3,+27,FULL,1000,1,+0,+0,+0.0167,+0,+0.0382,+0,+0,+0,18:46:01 23.03.2020
4762,+23.3,+25.8,+23.6,+23.4,+23.6,+23.8,+23.5,+24.7,+24.6,+24.3,+27,FULL,999,1,+0,+0,+0.0167,+0,+0.0382,+0,+0,+0,18:47:01 23.03.2020
4763,+23.3,+25.8,+23.5,+23.4,+23.6,+23.8,+23.5,+24.7,+24.6,+24.3,+27,FULL,999,1,+0,+0,+0.0167,+0,+0.0382,+0,+0,+0,18:48:01 23.03.2020
4764,+23.3,+25.8,+23.6,+23.4,+23.6,+23.8,+23.5,+24.7,+24.6,+24.3,+27,FULL,1000,1,+0,+0,+0.0167,+0,+0.0382,+0,+0,+0,18:49:01 23.03.2020
4765,+23.3,+25.8,+23.6,+23.4,+23.6,+23.7,+23.6,+24.7,+24.6,+24.3,+27,FULL,999,1,+0,+0,+0.0167,+0,+0.0382,+0,+0,+0,18:50:01 23.03.2020
4766,+23.3,+25.8,+23.6,+23.4,+23.6,+23.7,+23.5,+24.7,+24.6,+24.3,+27,FULL,999,1,+0,+0,+0.0167,+0,+0.0382,+0,+0,+0,18:51:01 23.03.2020
4767,+23.3,+25.8,+23.6,+23.4,+23.6,+23.7,+23.5,+24.7,+24.6,+24.3,+27,FULL,1000,1,+0,+0,+0.0167,+0,+0.0382,+0,+0,+0,18:52:01 23.03.2020
4768,+23.4,+25.9,+23.6,+23.4,+23.6,+23.8,+23.5,+24.7,+24.6,+24.3,+27,FULL,1000,1,+0,+0,+0.0167,+0,+0.0382,+0,+0,+0,18:53:01 23.03.2020
4769,+23.4,+25.8,+23.6,+23.4,+23.6,+23.8,+23.5,+24.7,+24.6,+24.3,+27,FULL,999,1,+0,+0,+0.0167,+0,+0.0382,+0,+0,+0,18:54:01 23.03.2020
4770,+23.4,+25.9,+23.6,+23.4,+23.6,+23.8,+23.5,+24.7,+24.6,+24.3,+27,FULL,1000,1,+0,+0,+0.0167,+0,+0.0382,+0,+0,+0,18:55:01 23.03.2020
4771,+23.4,+25.9,+23.6,+23.4,+23.6,+23.8,+23.5,+24.7,+24.6,+24.3,+27,FULL,1000,1,+0,+0,+0.0167,+0,+0.0382,+0,+0,+0,18:56:01 23.03.2020
4772,+23.4,+25.9,+23.6,+23.4,+23.6,+23.8,+23.5,+24.7,+24.6,+24.3,+27,FULL,999,1,+0,+0,+0.0167,+0,+0.0382,+0,+0,+0,18:57:01 23.03.2020
4773,+23.4,+25.9,+23.6,+23.4,+23.6,+23.8,+23.5,+24.7,+24.7,+24.3,+27,FULL,999,1,+0,+0,+0.0168,+0,+0.0382,+0,+0,+0,18:58:01 23.03.2020
4774,+23.4,+25.9,+23.6,+23.5,+23.6,+23.8,+23.5,+24.7,+24.6,+24.3,+27,FULL,1000,1,+0,+0,+0.0167,+0,+0.0382,+0,+0,+0,18:59:01 23.03.2020
4775,+23.4,+25.9,+23.6,+23.5,+23.6,+23.8,+23.5,+24.7,+24.6,+24.3,+27,FULL,1000,1,+0,+0,+0.0167,+0,+0.0382,+0,+0,+0,19:00:01 23.03.2020
4776,+23.4,+25.9,+23.6,+23.5,+23.6,+23.8,+23.5,+24.7,+24.6,+24.3,+27,FULL,999,1,+0,+0,+0.0167,+0,+0.0382,+0,+0,+0,19:01:01 23.03.2020
4777,+23.4,+25.9,+23.6,+23.5,+23.6,+23.8,+23.5,+24.7,+24.6,+24.3,+27,FULL,1000,1,+0,+0,+0.0167,+0,+0.0382,+0,+0,+0,19:02:01 23.03.2020
4778,+23.4,+25.9,+23.6,+23.5,+23.6,+23.8,+23.5,+24.7,+24.6,+24.3,+27,FULL,1000,1,+0,+0,+0.0167,+0,+0.0382,+0,+0,+0,19:03:01 23.03.2020
4779,+23.4,+25.9,+23.6,+23.5,+23.6,+23.8,+23.5,+24.7,+24.6,+24.3,+27,FULL,999,1,+0,+0,+0.0167,+0,+0.0382,+0,+0,+0,19:04:01 23.03.2020
4780,+23.4,+25.9,+23.6,+23.5,+23.6,+23.8,+23.6,+24.7,+24.6,+24.3,+27,FULL,999,1,+0,+0,+0.0167,+0,+0.0382,+0,+0,+0,19:05:01 23.03.2020
4781,+23.4,+25.9,+23.6,+23.5,+23.6,+23.8,+23.6,+24.7,+24.6,+24.3,+27,FULL,999,1,+0,+0,+0.0167,+0,+0.0382,+0,+0,+0,19:06:01 23.03.2020
4782,+23.4,+25.9,+23.6,+23.5,+23.6,+23.8,+23.5,+24.7,+24.6,+24.3,+27,FULL,1000,1,+0,+0,+0.0167,+0,+0.0382,+0,+0,+0,19:07:01 23.03.2020
4783,+23.4,+25.9,+23.6,+23.5,+23.6,+23.8,+23.5,+24.7,+24.6,+24.3,+27,FULL,999,1,+0,+0,+0.0167,+0,+0.0382,+0,+0,+0,19:08:01 23.03.2020
4784,+23.4,+25.9,+23.6,+23.5,+23.6,+23.8,+23.6,+24.7,+24.6,+24.3,+27,FULL,1000,1,+0,+0,+0.0167,+0,+0.0382,+0,+0,+0,19:09:01 23.03.2020
4785,+23.4,+25.9,+23.6,+23.5,+23.6,+23.8,+23.6,+24.7,+24.6,+24.3,+27,FULL,1000,1,+0,+0,+0.0167,+0,+0.0382,+0,+0,+0,19:10:01 23.03.2020
4786,+23.4,+25.8,+23.6,+23.5,+23.6,+23.8,+23.6,+24.7,+24.6,+24.3,+27,FULL,999,1,+0,+0,+0.0167,+0,+0.0382,+0,+0,+0,19:11:01 23.03.2020
4787,+23.4,+25.9,+23.6,+23.5,+23.6,+23.8,+23.6,+24.7,+24.6,+24.3,+27,FULL,999,1,+0,+0,+0.0167,+0,+0.0382,+0,+0,+0,19:12:01 23.03.2020
4788,+23.4,+25.9,+23.6,+23.5,+23.6,+23.8,+23.6,+24.7,+24.6,+24.3,+27,FULL,1000,1,+0,+0,+0.0167,+0,+0.0382,+0,+0,+0,19:13:01 23.03.2020
4789,+23.5,+25.8,+23.6,+23.5,+23.6,+23.8,+23.6,+24.7,+24.6,+24.3,+27,FULL,1000,1,+0,+0,+0.0167,+0,+0.0382,+0,+0,+0,19:14:01 23.03.2020
4790,+23.5,+25.8,+23.6,+23.5,+23.6,+23.8,+23.6,+24.7,+24.6,+24.3,+27,FULL,999,1,+0,+0,+0.0167,+0,+0.0382,+0,+0,+0,19:15:01 23.03.2020
4791,+23.5,+25.8,+23.6,+23.5,+23.6,+23.8,+23.6,+24.7,+24.6,+24.3,+27,FULL,1000,1,+0,+0,+0.0167,+0,+0.0383,+0,+0,+0,19:16:01 23.03.2020
4792,+23.5,+25.8,+23.6,+23.5,+23.6,+23.8,+23.6,+24.7,+24.6,+24.3,+27,FULL,1000,1,+0,+0,+0.0167,+0,+0.0384,+0,+0,+0,19:17:01 23.03.2020
4793,+23.5,+25.7,+23.6,+23.5,+23.6,+23.8,+23.6,+24.7,+24.6,+24.3,+27,FULL,999,1,+0,+0,+0.0167,+0,+0.0384,+0,+0,+0,19:18:01 23.03.2020
4794,+23.5,+25.7,+23.6,+23.5,+23.6,+23.8,+23.6,+24.7,+24.6,+24.3,+27,FULL,999,1,+0,+0,+0.0167,+0,+0.0384,+0,+0,+0,19:19:01 23.03.2020
4795,+23.5,+25.8,+23.6,+23.5,+23.6,+23.8,+23.6,+24.7,+24.6,+24.3,+27,FULL,1000,1,+0,+0,+0.0167,+0,+0.0384,+0,+0,+0,19:20:01 23.03.2020
4796,+23.5,+25.7,+23.6,+23.5,+23.7,+23.8,+23.6,+24.7,+24.6,+24.3,+27,FULL,1000,1,+0,+0,+0.0167,+0,+0.0384,+0,+0,+0,19:21:01 23.03.2020
4797,+23.5,+25.7,+23.6,+23.5,+23.6,+23.8,+23.6,+24.7,+24.6,+24.3,+27,FULL,999,1,+0,+0,+0.0167,+0,+0.0384,+0,+0,+0,19:22:01 23.03.2020
4798,+23.5,+25.7,+23.6,+23.5,+23.7,+23.8,+23.6,+24.7,+24.6,+24.3,+27,FULL,1000,1,+0,+0,+0.0167,+0,+0.0384,+0,+0,+0,19:23:01 23.03.2020
4799,+23.5,+25.8,+23.6,+23.5,+23.7,+23.8,+23.6,+24.7,+24.6,+24.3,+27,FULL,1000,1,+0,+0,+0.0167,+0,+0.0384,+0,+0,+0,19:24:01 23.03.2020
4800,+23.5,+25.7,+23.6,+23.5,+23.7,+23.8,+23.6,+24.7,+24.6,+24.3,+27,FULL,999,1,+0,+0,+0.0167,+0,+0.0384,+0,+0,+0,19:25:01 23.03.2020
4801,+23.5,+25.7,+23.6,+23.5,+23.7,+23.8,+23.6,+24.7,+24.6,+24.3,+27,FULL,999,1,+0,+0,+0.0167,+0,+0.0384,+0,+0,+0,19:26:01 23.03.2020
4802,+23.5,+25.7,+23.6,+23.5,+23.7,+23.8,+23.6,+24.7,+24.6,+24.3,+27,FULL,1000,1,+0,+0,+0.0167,+0,+0.0384,+0,+0,+0,19:27:01 23.03.2020
4803,+23.5,+25.7,+23.6,+23.5,+23.7,+23.8,+23.6,+24.7,+24.6,+24.3,+27,FULL,1000,1,+0,+0,+0.0167,+0,+0.0384,+0,+0,+0,19:28:01 23.03.2020
4804,+23.6,+25.7,+23.6,+23.5,+23.7,+23.8,+23.6,+24.7,+24.6,+24.3,+27,FULL,999,1,+0,+0,+0.0167,+0,+0.0384,+0,+0,+0,19:29:01 23.03.2020
4805,+23.5,+25.7,+23.6,+23.5,+23.7,+23.8,+23.6,+24.7,+24.6,+24.3,+27,FULL,1000,1,+0,+0,+0.0167,+0,+0.0384,+0,+0,+0,19:30:01 23.03.2020
4806,+23.6,+25.7,+23.6,+23.5,+23.7,+23.8,+23.6,+24.7,+24.6,+24.3,+27,FULL,1000,1,+0,+0,+0.0167,+0,+0.0384,+0,+0,+0,19:31:01 23.03.2020
4807,+23.6,+25.7,+23.6,+23.5,+23.7,+23.8,+23.6,+24.7,+24.6,+24.3,+27,FULL,999,1,+0,+0,+0.0167,+0,+0.0384,+0,+0,+0,19:32:01 23.03.2020
4808,+23.6,+25.7,+23.6,+23.5,+23.7,+23.8,+23.6,+24.7,+24.6,+24.3,+27,FULL,999,1,+0,+0,+0.0167,+0,+0.0384,+0,+0,+0,19:33:01 23.03.2020
4809,+23.6,+25.8,+23.6,+23.5,+23.7,+23.8,+23.6,+24.7,+24.6,+24.3,+27,FULL,1000,1,+0,+0,+0.0167,+0,+0.0384,+0,+0,+0,19:34:01 23.03.2020
4810,+23.6,+25.8,+23.6,+23.5,+23.7,+23.8,+23.6,+24.7,+24.6,+24.3,+27,FULL,999,1,+0,+0,+0.0167,+0,+0.0382,+0,+0,+0,19:35:01 23.03.2020
4811,+23.6,+25.8,+23.6,+23.5,+23.7,+23.8,+23.6,+24.7,+24.6,+24.3,+27,FULL,999,1,+0,+0,+0.0167,+0,+0.0382,+0,+0,+0,19:36:01 23.03.2020
4812,+23.6,+25.8,+23.6,+23.5,+23.7,+23.8,+23.6,+24.7,+24.6,+24.3,+27,FULL,1000,1,+0,+0,+0.0167,+0,+0.0382,+0,+0,+0,19:37:01 23.03.2020
4813,+23.6,+25.9,+23.6,+23.5,+23.7,+23.8,+23.6,+24.7,+24.6,+24.3,+27,FULL,1000,1,+0,+0,+0.0167,+0,+0.0382,+0,+0,+0,19:38:01 23.03.2020
4814,+23.6,+25.9,+23.6,+23.5,+23.7,+23.8,+23.6,+24.7,+24.6,+24.3,+27,FULL,999,1,+0,+0,+0.0167,+0,+0.0382,+0,+0,+0,19:39:01 23.03.2020
4815,+23.6,+25.9,+23.6,+23.5,+23.7,+23.8,+23.6,+24.7,+24.6,+24.3,+27,FULL,999,1,+0,+0,+0.0167,+0,+0.0382,+0,+0,+0,19:40:01 23.03.2020
4816,+23.6,+25.9,+23.6,+23.5,+23.7,+23.8,+23.6,+24.7,+24.6,+24.3,+27,FULL,1000,1,+0,+0,+0.0167,+0,+0.0382,+0,+0,+0,19:41:01 23.03.2020
4817,+23.6,+25.9,+23.6,+23.6,+23.7,+23.8,+23.6,+24.7,+24.6,+24.3,+27,FULL,999,1,+0,+0,+0.0167,+0,+0.0382,+0,+0,+0,19:42:01 23.03.2020
4818,+23.6,+25.9,+23.6,+23.6,+23.7,+23.8,+23.6,+24.7,+24.6,+24.3,+27,FULL,999,1,+0,+0,+0.0167,+0,+0.0382,+0,+0,+0,19:43:01 23.03.2020
4819,+23.6,+25.9,+23.6,+23.6,+23.7,+23.8,+23.6,+24.7,+24.6,+24.3,+27,FULL,1000,1,+0,+0,+0.0167,+0,+0.0382,+0,+0,+0,19:44:01 23.03.2020
4820,+23.6,+25.9,+23.6,+23.6,+23.7,+23.8,+23.6,+24.7,+24.6,+24.3,+27,FULL,1000,1,+0,+0,+0.0167,+0,+0.0382,+0,+0,+0,19:45:01 23.03.2020
4821,+23.6,+25.9,+23.6,+23.6,+23.7,+23.8,+23.6,+24.7,+24.6,+24.3,+27,FULL,999,1,+0,+0,+0.0167,+0,+0.0382,+0,+0,+0,19:46:01 23.03.2020
4822,+23.6,+25.9,+23.7,+23.6,+23.7,+23.8,+23.6,+24.7,+24.6,+24.3,+27,FULL,999,1,+0,+0,+0.0167,+0,+0.0384,+0,+0,+0,19:47:01 23.03.2020
4823,+23.6,+25.9,+23.6,+23.6,+23.7,+23.8,+23.6,+24.7,+24.6,+24.3,+27,FULL,1000,1,+0,+0,+0.0167,+0,+0.0382,+0,+0,+0,19:48:01 23.03.2020
4824,+23.6,+25.9,+23.7,+23.6,+23.7,+23.8,+23.6,+24.7,+24.6,+24.3,+27,FULL,1000,1,+0,+0,+0.0167,+0,+0.0382,+0,+0,+0,19:49:01 23.03.2020
4825,+23.6,+25.9,+23.7,+23.6,+23.7,+23.8,+23.6,+24.7,+24.6,+24.3,+27,FULL,999,1,+0,+0,+0.0167,+0,+0.0382,+0,+0,+0,19:50:01 23.03.2020
4826,+23.6,+25.9,+23.7,+23.6,+23.7,+23.8,+23.6,+24.7,+24.6,+24.3,+27,FULL,1000,1,+0,+0,+0.0167,+0,+0.0382,+0,+0,+0,19:51:01 23.03.2020
4827,+23.6,+25.9,+23.7,+23.6,+23.7,+23.8,+23.6,+24.7,+24.6,+24.3,+27,FULL,1000,1,+0,+0,+0.0167,+0,+0.0382,+0,+0,+0,19:52:01 23.03.2020
4828,+23.6,+25.9,+23.7,+23.6,+23.7,+23.8,+23.6,+24.7,+24.6,+24.3,+27,FULL,999,1,+0,+0,+0.0167,+0,+0.0382,+0,+0,+0,19:53:01 23.03.2020
4829,+23.6,+25.9,+23.7,+23.6,+23.8,+23.8,+23.6,+24.7,+24.6,+24.3,+27,FULL,999,1,+0,+0,+0.0167,+0,+0.0382,+0,+0,+0,19:54:01 23.03.2020
4830,+23.6,+25.9,+23.7,+23.6,+23.8,+23.8,+23.6,+24.7,+24.6,+24.3,+27,FULL,1000,1,+0,+0,+0.0167,+0,+0.0382,+0,+0,+0,19:55:01 23.03.2020
4831,+23.6,+25.9,+23.7,+23.6,+23.8,+23.8,+23.6,+24.7,+24.6,+24.3,+27,FULL,999,1,+0,+0,+0.0167,+0,+0.0384,+0,+0,+0,19:56:01 23.03.2020
4832,+23.6,+25.9,+23.7,+23.6,+23.8,+23.8,+23.6,+24.7,+24.6,+24.3,+27,FULL,999,1,+0,+0,+0.0167,+0,+0.0384,+0,+0,+0,19:57:01 23.03.2020
4833,+23.6,+26,+23.7,+23.6,+23.8,+23.8,+23.6,+24.7,+24.6,+24.3,+27,FULL,1000,1,+0,+0,+0.0167,+0,+0.0384,+0,+0,+0,19:58:01 23.03.2020
4834,+23.6,+25.9,+23.7,+23.6,+23.8,+23.8,+23.6,+24.7,+24.6,+24.3,+27,FULL,1000,1,+0,+0,+0.0167,+0,+0.0384,+0,+0,+0,19:59:01 23.03.2020
4835,+23.6,+25.9,+23.7,+23.6,+23.8,+23.8,+23.6,+24.7,+24.6,+24.3,+27,FULL,999,1,+0,+0,+0.0167,+0,+0.0384,+0,+0,+0,20:00:01 23.03.2020
4836,+23.6,+25.9,+23.7,+23.6,+23.8,+23.8,+23.6,+24.7,+24.6,+24.3,+27,FULL,999,1,+0,+0,+0.0167,+0,+0.0386,+0,+0,+0,20:01:01 23.03.2020
4837,+23.6,+25.9,+23.7,+23.6,+23.8,+23.9,+23.6,+24.7,+24.6,+24.3,+27,FULL,1000,1,+0,+0,+0.0167,+0,+0.0386,+0,+0,+0,20:02:01 23.03.2020
4838,+23.6,+25.8,+23.7,+23.6,+23.8,+23.9,+23.6,+24.7,+24.6,+24.3,+27,FULL,999,1,+0,+0,+0.0167,+0,+0.0384,+0,+0,+0,20:03:01 23.03.2020
4839,+23.6,+25.8,+23.7,+23.6,+23.8,+23.8,+23.6,+24.7,+24.6,+24.3,+27,FULL,999,1,+0,+0,+0.0167,+0,+0.0386,+0,+0,+0,20:04:01 23.03.2020
4840,+23.5,+25.8,+23.7,+23.6,+23.8,+23.9,+23.6,+24.7,+24.6,+24.3,+27,FULL,1000,1,+0,+0,+0.0167,+0,+0.0386,+0,+0,+0,20:05:01 23.03.2020
4841,+23.5,+25.9,+23.7,+23.6,+23.8,+23.9,+23.6,+24.7,+24.6,+24.3,+27,FULL,999,1,+0,+0,+0.0167,+0,+0.0386,+0,+0,+0,20:06:01 23.03.2020
4842,+23.5,+25.8,+23.7,+23.6,+23.8,+23.8,+23.6,+24.7,+24.6,+24.3,+27,FULL,999,1,+0,+0,+0.0167,+0,+0.0384,+0,+0,+0,20:07:01 23.03.2020
4843,+23.5,+25.8,+23.7,+23.6,+23.8,+23.8,+23.6,+24.7,+24.6,+24.3,+27,FULL,1000,1,+0,+0,+0.0167,+0,+0.0386,+0,+0,+0,20:08:01 23.03.2020
4844,+23.5,+25.8,+23.7,+23.6,+23.8,+23.9,+23.6,+24.7,+24.6,+24.3,+27,FULL,1000,1,+0,+0,+0.0167,+0,+0.0386,+0,+0,+0,20:09:01 23.03.2020
4845,+23.5,+25.8,+23.7,+23.6,+23.8,+24,+23.6,+24.7,+24.6,+24.3,+27,FULL,999,1,+0,+0,+0.0167,+0,+0.0387,+0,+0,+0,20:10:01 23.03.2020
4846,+23.5,+25.7,+23.7,+23.6,+23.8,+24,+23.6,+24.7,+24.6,+24.3,+27,FULL,999,1,+0,+0,+0.0167,+0,+0.0387,+0,+0,+0,20:11:01 23.03.2020
4847,+23.5,+25.7,+23.7,+23.6,+23.8,+24,+23.6,+24.7,+24.6,+24.3,+27,FULL,1000,1,+0,+0,+0.0167,+0,+0.0387,+0,+0,+0,20:12:01 23.03.2020
4848,+23.5,+25.7,+23.7,+23.6,+23.8,+24,+23.6,+24.7,+24.6,+24.3,+27,FULL,1000,1,+0,+0,+0.0167,+0,+0.0387,+0,+0,+0,20:13:01 23.03.2020
4849,+23.5,+25.8,+23.7,+23.6,+23.8,+24,+23.6,+24.7,+24.6,+24.3,+27,FULL,999,1,+0,+0,+0.0167,+0,+0.0387,+0,+0,+0,20:14:01 23.03.2020
4850,+23.5,+25.7,+23.7,+23.6,+23.8,+24,+23.6,+24.7,+24.6,+24.3,+27,FULL,1000,1,+0,+0,+0.0167,+0,+0.0387,+0,+0,+0,20:15:01 23.03.2020
4851,+23.5,+25.7,+23.7,+23.6,+23.8,+24,+23.6,+24.7,+24.6,+24.3,+27,FULL,1000,1,+0,+0,+0.0167,+0,+0.0387,+0,+0,+0,20:16:01 23.03.2020
4852,+23.5,+25.7,+23.7,+23.6,+23.8,+24,+23.6,+24.7,+24.6,+24.3,+27,FULL,999,1,+0,+0,+0.0167,+0,+0.0387,+0,+0,+0,20:17:01 23.03.2020
4853,+23.5,+25.7,+23.7,+23.6,+23.8,+24,+23.6,+24.7,+24.6,+24.3,+27,FULL,999,1,+0,+0,+0.0167,+0,+0.0387,+0,+0,+0,20:18:01 23.03.2020
4854,+23.5,+25.7,+23.7,+23.6,+23.8,+24,+23.6,+24.7,+24.6,+24.3,+27,FULL,1000,1,+0,+0,+0.0167,+0,+0.0387,+0,+0,+0,20:19:01 23.03.2020
4855,+23.4,+25.7,+23.7,+23.6,+23.8,+24,+23.6,+24.7,+24.6,+24.3,+27,FULL,999,1,+0,+0,+0.0167,+0,+0.0387,+0,+0,+0,20:20:01 23.03.2020
4856,+23.4,+25.7,+23.7,+23.6,+23.8,+24,+23.6,+24.7,+24.6,+24.3,+27,FULL,999,1,+0,+0,+0.0167,+0,+0.0386,+0,+0,+0,20:21:01 23.03.2020
4857,+23.4,+25.7,+23.7,+23.6,+23.8,+23.9,+23.6,+24.7,+24.6,+24.3,+27,FULL,999,1,+0,+0,+0.0167,+0,+0.0386,+0,+0,+0,20:22:01 23.03.2020
4858,+23.4,+25.7,+23.7,+23.6,+23.8,+23.9,+23.6,+24.7,+24.6,+24.3,+27,FULL,1000,1,+0,+0,+0.0167,+0,+0.0386,+0,+0,+0,20:23:01 23.03.2020
4859,+23.4,+25.8,+23.7,+23.6,+23.8,+23.9,+23.6,+24.7,+24.6,+24.3,+27,FULL,999,1,+0,+0,+0.0167,+0,+0.0386,+0,+0,+0,20:24:01 23.03.2020
4860,+23.4,+25.8,+23.7,+23.6,+23.8,+23.9,+23.6,+24.7,+24.6,+24.3,+27,FULL,999,1,+0,+0,+0.0167,+0,+0.0386,+0,+0,+0,20:25:01 23.03.2020
4861,+23.4,+25.8,+23.7,+23.6,+23.8,+23.9,+23.6,+24.7,+24.6,+24.3,+27,FULL,1000,1,+0,+0,+0.0167,+0,+0.0386,+0,+0,+0,20:26:01 23.03.2020
4862,+23.4,+25.8,+23.7,+23.6,+23.8,+23.9,+23.6,+24.7,+24.6,+24.3,+27,FULL,999,1,+0,+0,+0.0167,+0,+0.0386,+0,+0,+0,20:27:01 23.03.2020
4863,+23.4,+25.9,+23.7,+23.6,+23.8,+23.9,+23.6,+24.7,+24.6,+24.3,+27,FULL,999,1,+0,+0,+0.0167,+0,+0.0386,+0,+0,+0,20:28:01 23.03.2020
4864,+23.4,+25.9,+23.7,+23.6,+23.8,+23.9,+23.6,+24.7,+24.6,+24.3,+27,FULL,1000,1,+0,+0,+0.0167,+0,+0.0386,+0,+0,+0,20:29:01 23.03.2020
4865,+23.4,+25.9,+23.7,+23.6,+23.8,+24,+23.6,+24.7,+24.6,+24.3,+27,FULL,1000,1,+0,+0,+0.0167,+0,+0.0386,+0,+0,+0,20:30:01 23.03.2020
4866,+23.4,+25.9,+23.7,+23.6,+23.8,+24,+23.6,+24.7,+24.6,+24.3,+27,FULL,999,1,+0,+0,+0.0167,+0,+0.0386,+0,+0,+0,20:31:01 23.03.2020
4867,+23.4,+25.9,+23.7,+23.6,+23.8,+24,+23.6,+24.7,+24.6,+24.3,+27,FULL,999,1,+0,+0,+0.0167,+0,+0.0386,+0,+0,+0,20:32:01 23.03.2020
4868,+23.4,+25.9,+23.7,+23.6,+23.8,+24,+23.7,+24.7,+24.6,+24.3,+27,FULL,1000,1,+0,+0,+0.0167,+0,+0.0386,+0,+0,+0,20:33:01 23.03.2020
4869,+23.4,+25.9,+23.7,+23.6,+23.8,+24,+23.7,+24.7,+24.6,+24.3,+27,FULL,999,1,+0,+0,+0.0167,+0,+0.0386,+0,+0,+0,20:34:01 23.03.2020
4870,+23.3,+25.9,+23.7,+23.6,+23.8,+24,+23.6,+24.7,+24.6,+24.4,+27,FULL,999,1,+0,+0,+0.0167,+0,+0.0386,+0,+0,+0,20:35:01 23.03.2020
4871,+23.3,+25.9,+23.7,+23.6,+23.8,+24,+23.7,+24.7,+24.6,+24.4,+27,FULL,1000,1,+0,+0,+0.0167,+0,+0.0386,+0,+0,+0,20:36:01 23.03.2020
4872,+23.3,+25.9,+23.7,+23.6,+23.8,+23.9,+23.7,+24.7,+24.6,+24.3,+27,FULL,1000,1,+0,+0,+0.0167,+0,+0.0386,+0,+0,+0,20:37:01 23.03.2020
4873,+23.3,+25.9,+23.7,+23.6,+23.8,+23.9,+23.7,+24.7,+24.6,+24.4,+27,FULL,999,1,+0,+0,+0.0167,+0,+0.0386,+0,+0,+0,20:38:01 23.03.2020
4874,+23.3,+25.9,+23.7,+23.6,+23.8,+23.9,+23.7,+24.7,+24.6,+24.4,+27,FULL,999,1,+0,+0,+0.0167,+0,+0.0386,+0,+0,+0,20:39:01 23.03.2020
4875,+23.3,+25.9,+23.7,+23.6,+23.8,+23.9,+23.7,+24.7,+24.6,+24.4,+27,FULL,1000,1,+0,+0,+0.0167,+0,+0.0386,+0,+0,+0,20:40:01 23.03.2020
4876,+23.3,+25.9,+23.7,+23.6,+23.8,+23.9,+23.7,+24.7,+24.6,+24.4,+27,FULL,999,1,+0,+0,+0.0167,+0,+0.0386,+0,+0,+0,20:41:01 23.03.2020
4877,+23.3,+25.9,+23.7,+23.6,+23.8,+23.9,+23.7,+24.7,+24.6,+24.4,+27,FULL,999,1,+0,+0,+0.0167,+0,+0.0386,+0,+0,+0,20:42:01 23.03.2020
4878,+23.3,+25.9,+23.7,+23.6,+23.8,+23.9,+23.7,+24.7,+24.6,+24.4,+27,FULL,999,1,+0,+0,+0.0167,+0,+0.0386,+0,+0,+0,20:43:01 23.03.2020
4879,+23.3,+25.9,+23.7,+23.6,+23.8,+23.9,+23.7,+24.7,+24.6,+24.4,+27,FULL,1000,1,+0,+0,+0.0167,+0,+0.0386,+0,+0,+0,20:44:01 23.03.2020
4880,+23.3,+25.9,+23.7,+23.6,+23.8,+23.9,+23.6,+24.7,+24.6,+24.4,+27,FULL,999,1,+0,+0,+0.0167,+0,+0.0386,+0,+0,+0,20:45:01 23.03.2020
4881,+23.3,+25.9,+23.7,+23.6,+23.8,+23.9,+23.6,+24.7,+24.6,+24.4,+27,FULL,999,1,+0,+0,+0.0167,+0,+0.0386,+0,+0,+0,20:46:01 23.03.2020
4882,+23.3,+25.9,+23.7,+23.6,+23.8,+23.9,+23.6,+24.7,+24.6,+24.4,+27,FULL,1000,1,+0,+0,+0.0167,+0,+0.0387,+0,+0,+0,20:47:01 23.03.2020
4883,+23.3,+25.9,+23.7,+23.6,+23.8,+24,+23.7,+24.7,+24.6,+24.4,+27,FULL,999,1,+0,+0,+0.0167,+0,+0.0387,+0,+0,+0,20:48:01 23.03.2020
4884,+23.3,+25.9,+23.7,+23.6,+23.8,+23.9,+23.7,+24.7,+24.6,+24.4,+27,FULL,999,1,+0,+0,+0.0167,+0,+0.0387,+0,+0,+0,20:49:01 23.03.2020
4885,+23.3,+25.8,+23.7,+23.6,+23.8,+24,+23.7,+24.7,+24.6,+24.4,+27,FULL,1000,1,+0,+0,+0.0167,+0,+0.0389,+0,+0,+0,20:50:01 23.03.2020
4886,+23.2,+25.8,+23.7,+23.6,+23.8,+24.1,+23.7,+24.7,+24.6,+24.4,+27,FULL,1000,1,+0,+0,+0.0167,+0,+0.0389,+0,+0,+0,20:51:01 23.03.2020
4887,+23.2,+25.8,+23.7,+23.6,+23.8,+24.1,+23.7,+24.7,+24.6,+24.4,+27,FULL,999,1,+0,+0,+0.0167,+0,+0.0389,+0,+0,+0,20:52:01 23.03.2020
4888,+23.2,+25.8,+23.7,+23.6,+23.8,+24.1,+23.7,+24.7,+24.6,+24.4,+27,FULL,1000,1,+0,+0,+0.0167,+0,+0.0387,+0,+0,+0,20:53:01 23.03.2020
4889,+23.2,+25.8,+23.7,+23.6,+23.8,+24.1,+23.7,+24.7,+24.6,+24.4,+27,FULL,1000,1,+0,+0,+0.0167,+0,+0.0389,+0,+0,+0,20:54:01 23.03.2020
4890,+23.2,+25.8,+23.7,+23.6,+23.8,+24.1,+23.7,+24.7,+24.6,+24.4,+27,FULL,999,1,+0,+0,+0.0167,+0,+0.0389,+0,+0,+0,20:55:01 23.03.2020
4891,+23.2,+25.8,+23.7,+23.6,+23.8,+24.1,+23.7,+24.7,+24.6,+24.4,+27,FULL,999,1,+0,+0,+0.0167,+0,+0.0387,+0,+0,+0,20:56:01 23.03.2020
4892,+23.2,+25.7,+23.7,+23.6,+23.8,+24,+23.7,+24.7,+24.6,+24.4,+27,FULL,1000,1,+0,+0,+0.0167,+0,+0.0387,+0,+0,+0,20:57:01 23.03.2020
4893,+23.2,+25.7,+23.7,+23.6,+23.8,+24,+23.7,+24.7,+24.6,+24.4,+27,FULL,1000,1,+0,+0,+0.0167,+0,+0.0387,+0,+0,+0,20:58:01 23.03.2020
4894,+23.1,+25.7,+23.7,+23.6,+23.8,+24,+23.7,+24.7,+24.6,+24.4,+27,FULL,999,1,+0,+0,+0.0167,+0,+0.0387,+0,+0,+0,20:59:01 23.03.2020
4895,+23.1,+25.7,+23.7,+23.6,+23.8,+24,+23.7,+24.7,+24.6,+24.3,+27,FULL,1000,1,+0,+0,+0.0167,+0,+0.0387,+0,+0,+0,21:00:01 23.03.2020
4896,+23.1,+25.7,+23.7,+23.6,+23.8,+24,+23.7,+24.7,+24.6,+24.4,+27,FULL,1000,1,+0,+0,+0.0167,+0,+0.0387,+0,+0,+0,21:01:01 23.03.2020
4897,+23.1,+25.7,+23.7,+23.6,+23.8,+24,+23.7,+24.7,+24.6,+24.4,+27,FULL,999,1,+0,+0,+0.0167,+0,+0.0387,+0,+0,+0,21:02:01 23.03.2020
4898,+23.1,+25.7,+23.7,+23.6,+23.8,+24,+23.7,+24.7,+24.6,+24.4,+27,FULL,999,1,+0,+0,+0.0167,+0,+0.0387,+0,+0,+0,21:03:01 23.03.2020
4899,+23.1,+25.7,+23.7,+23.6,+23.8,+24,+23.7,+24.7,+24.6,+24.4,+27,FULL,1000,1,+0,+0,+0.0167,+0,+0.0387,+0,+0,+0,21:04:01 23.03.2020
4900,+23.1,+25.6,+23.7,+23.6,+23.8,+24,+23.7,+24.7,+24.6,+24.4,+27,FULL,999,1,+0,+0,+0.0167,+0,+0.0387,+0,+0,+0,21:05:01 23.03.2020
4901,+23.1,+25.6,+23.7,+23.6,+23.8,+24,+23.7,+24.7,+24.6,+24.4,+27,FULL,999,1,+0,+0,+0.0167,+0,+0.0387,+0,+0,+0,21:06:01 23.03.2020
4902,+23,+25.7,+23.7,+23.6,+23.8,+24,+23.7,+24.7,+24.6,+24.4,+27,FULL,1000,1,+0,+0,+0.0167,+0,+0.0387,+0,+0,+0,21:07:01 23.03.2020
4903,+23,+25.6,+23.7,+23.6,+23.8,+24,+23.7,+24.7,+24.6,+24.5,+27,FULL,1000,1,+0,+0,+0.0167,+0,+0.0387,+0,+0,+0,21:08:01 23.03.2020
4904,+23,+25.6,+23.7,+23.6,+23.8,+24,+23.7,+24.7,+24.6,+24.6,+27,FULL,999,1,+0,+0,+0.0167,+0,+0.0386,+0,+0,+0,21:09:01 23.03.2020
4905,+23,+25.6,+23.7,+23.6,+23.8,+24,+23.7,+24.7,+24.6,+24.6,+27,FULL,1000,1,+0,+0,+0.0167,+0,+0.0386,+0,+0,+0,21:10:01 23.03.2020
4906,+23,+25.7,+23.7,+23.6,+23.8,+24,+23.7,+24.7,+24.6,+24.6,+27,FULL,1000,1,+0,+0,+0.0167,+0,+0.0387,+0,+0,+0,21:11:01 23.03.2020
4907,+23,+25.7,+23.7,+23.6,+23.8,+24,+23.7,+24.7,+24.6,+24.6,+27,FULL,1000,1,+0,+0,+0.0167,+0,+0.0387,+0,+0,+0,21:12:01 23.03.2020
4908,+23,+25.7,+23.7,+23.6,+23.8,+24,+23.7,+24.7,+24.6,+24.7,+27,FULL,999,1,+0,+0,+0.0167,+0,+0.0387,+0,+0,+0,21:13:01 23.03.2020
4909,+23,+25.8,+23.7,+23.6,+23.8,+24,+23.7,+24.7,+24.6,+24.7,+27,FULL,1000,1,+0,+0,+0.0167,+0,+0.0387,+0,+0,+0,21:14:01 23.03.2020
4910,+23,+25.8,+23.7,+23.6,+23.8,+24.1,+23.7,+24.7,+24.6,+24.7,+27,FULL,1000,1,+0,+0,+0.0167,+0,+0.0387,+0,+0,+0,21:15:01 23.03.2020
4911,+23,+25.8,+23.7,+23.6,+23.8,+24,+23.7,+24.7,+24.6,+24.7,+27,FULL,999,1,+0,+0,+0.0167,+0,+0.0387,+0,+0,+0,21:16:01 23.03.2020
4912,+23,+25.8,+23.7,+23.6,+23.8,+24,+23.7,+24.7,+24.7,+24.7,+27,FULL,1000,1,+0,+0,+0.0168,+0,+0.0387,+0,+0,+0,21:17:01 23.03.2020
4913,+23,+25.8,+23.7,+23.6,+23.8,+24,+23.7,+24.7,+24.7,+24.7,+27,FULL,1000,1,+0,+0,+0.0168,+0,+0.0387,+0,+0,+0,21:18:01 23.03.2020
4914,+23,+25.8,+23.7,+23.6,+23.8,+24,+23.7,+24.7,+24.7,+24.7,+27,FULL,999,1,+0,+0,+0.0168,+0,+0.0386,+0,+0,+0,21:19:01 23.03.2020
4915,+23,+25.8,+23.7,+23.6,+23.8,+24,+23.7,+24.7,+24.7,+24.7,+27,FULL,999,1,+0,+0,+0.0168,+0,+0.0386,+0,+0,+0,21:20:01 23.03.2020
4916,+23,+25.8,+23.7,+23.6,+23.8,+24,+23.7,+24.7,+24.7,+24.7,+27,FULL,1000,1,+0,+0,+0.0168,+0,+0.0386,+0,+0,+0,21:21:01 23.03.2020
4917,+23,+25.9,+23.7,+23.7,+23.8,+24,+23.7,+24.7,+24.7,+24.8,+27,FULL,1000,1,+0,+0,+0.0168,+0,+0.0386,+0,+0,+0,21:22:01 23.03.2020
4918,+23,+25.9,+23.7,+23.7,+23.8,+24,+23.7,+24.7,+24.7,+24.8,+27,FULL,999,1,+0,+0,+0.0168,+0,+0.0386,+0,+0,+0,21:23:01 23.03.2020
4919,+23,+25.9,+23.7,+23.7,+23.8,+24,+23.7,+24.7,+24.7,+24.8,+27,FULL,1000,1,+0,+0,+0.0168,+0,+0.0386,+0,+0,+0,21:24:01 23.03.2020
4920,+23,+25.9,+23.7,+23.7,+23.8,+23.9,+23.7,+24.7,+24.7,+24.8,+27,FULL,1000,1,+0,+0,+0.0168,+0,+0.0386,+0,+0,+0,21:25:01 23.03.2020
4921,+23,+25.9,+23.7,+23.7,+23.8,+23.9,+23.7,+24.8,+24.7,+24.8,+27,FULL,999,1,+0,+0,+0.0168,+0,+0.0386,+0,+0,+0,21:26:01 23.03.2020
4922,+23,+25.9,+23.7,+23.7,+23.8,+23.9,+23.7,+24.7,+24.7,+24.8,+27,FULL,999,1,+0,+0,+0.0168,+0,+0.0386,+0,+0,+0,21:27:01 23.03.2020
4923,+23,+25.9,+23.7,+23.7,+23.8,+23.9,+23.6,+24.7,+24.7,+24.8,+27,FULL,1000,1,+0,+0,+0.0168,+0,+0.0384,+0,+0,+0,21:28:01 23.03.2020
4924,+23,+25.9,+23.7,+23.7,+23.8,+23.9,+23.7,+24.7,+24.7,+24.8,+27,FULL,1000,1,+0,+0,+0.0168,+0,+0.0384,+0,+0,+0,21:29:01 23.03.2020
4925,+23.1,+25.9,+23.7,+23.7,+23.8,+23.9,+23.6,+24.7,+24.7,+24.8,+27,FULL,999,1,+0,+0,+0.0168,+0,+0.0384,+0,+0,+0,21:30:01 23.03.2020
4926,+23.1,+25.9,+23.7,+23.7,+23.8,+23.9,+23.6,+24.7,+24.7,+24.8,+27,FULL,999,1,+0,+0,+0.0168,+0,+0.0384,+0,+0,+0,21:31:01 23.03.2020
4927,+23.1,+25.9,+23.7,+23.7,+23.8,+23.9,+23.6,+24.7,+24.7,+24.8,+27,FULL,1000,1,+0,+0,+0.0168,+0,+0.0384,+0,+0,+0,21:32:01 23.03.2020
4928,+23.1,+25.9,+23.8,+23.7,+23.8,+23.9,+23.6,+24.7,+24.7,+24.7,+27,FULL,999,1,+0,+0,+0.0168,+0,+0.0386,+0,+0,+0,21:33:01 23.03.2020
4929,+23.1,+25.9,+23.7,+23.7,+23.9,+23.9,+23.6,+24.8,+24.7,+24.7,+27,FULL,999,1,+0,+0,+0.0168,+0,+0.0386,+0,+0,+0,21:34:01 23.03.2020
4930,+23.1,+25.9,+23.8,+23.7,+23.8,+23.9,+23.6,+24.7,+24.7,+24.7,+27,FULL,1000,1,+0,+0,+0.0168,+0,+0.0386,+0,+0,+0,21:35:01 23.03.2020
4931,+23.1,+25.9,+23.8,+23.7,+23.8,+23.9,+23.6,+24.7,+24.7,+24.7,+27,FULL,999,1,+0,+0,+0.0168,+0,+0.0386,+0,+0,+0,21:36:01 23.03.2020
4932,+23.1,+25.9,+23.8,+23.7,+23.9,+24,+23.6,+24.8,+24.6,+24.6,+27,FULL,999,1,+0,+0,+0.0168,+0,+0.0386,+0,+0,+0,21:37:01 23.03.2020
4933,+23.1,+25.9,+23.8,+23.7,+23.9,+23.9,+23.6,+24.8,+24.7,+24.7,+27,FULL,1000,1,+0,+0,+0.0168,+0,+0.0386,+0,+0,+0,21:38:01 23.03.2020
4934,+23.1,+25.8,+23.8,+23.7,+23.9,+23.9,+23.6,+24.8,+24.7,+24.7,+27,FULL,1000,1,+0,+0,+0.0168,+0,+0.0386,+0,+0,+0,21:39:01 23.03.2020
4935,+23.1,+25.8,+23.8,+23.7,+23.9,+23.9,+23.6,+24.7,+24.7,+24.6,+27,FULL,999,1,+0,+0,+0.0168,+0,+0.0386,+0,+0,+0,21:40:01 23.03.2020
4936,+23.1,+25.9,+23.8,+23.7,+23.8,+23.9,+23.6,+24.7,+24.6,+24.6,+27,FULL,999,1,+0,+0,+0.0167,+0,+0.0386,+0,+0,+0,21:41:01 23.03.2020
4937,+23.1,+25.8,+23.8,+23.7,+23.9,+23.9,+23.6,+24.8,+24.6,+24.6,+27,FULL,1000,1,+0,+0,+0.0168,+0,+0.0386,+0,+0,+0,21:42:01 23.03.2020
4938,+23.1,+25.8,+23.8,+23.7,+23.9,+23.9,+23.6,+24.7,+24.7,+24.6,+27,FULL,999,1,+0,+0,+0.0168,+0,+0.0386,+0,+0,+0,21:43:01 23.03.2020
4939,+23.1,+25.8,+23.8,+23.7,+23.9,+23.9,+23.6,+24.7,+24.6,+24.6,+27,FULL,999,1,+0,+0,+0.0167,+0,+0.0386,+0,+0,+0,21:44:01 23.03.2020
4940,+23.1,+25.8,+23.8,+23.7,+23.8,+23.9,+23.6,+24.7,+24.6,+24.5,+27,FULL,1000,1,+0,+0,+0.0167,+0,+0.0386,+0,+0,+0,21:45:01 23.03.2020
4941,+23.1,+25.7,+23.8,+23.7,+23.8,+23.9,+23.6,+24.8,+24.6,+24.6,+27,FULL,1000,1,+0,+0,+0.0168,+0,+0.0384,+0,+0,+0,21:46:01 23.03.2020
4942,+23.1,+25.7,+23.8,+23.7,+23.8,+23.9,+23.6,+24.8,+24.7,+24.6,+27,FULL,999,1,+0,+0,+0.0168,+0,+0.0384,+0,+0,+0,21:47:01 23.03.2020
4943,+23.1,+25.7,+23.8,+23.7,+23.8,+23.9,+23.6,+24.7,+24.6,+24.6,+27,FULL,999,1,+0,+0,+0.0167,+0,+0.0384,+0,+0,+0,21:48:01 23.03.2020
4944,+23.1,+25.8,+23.8,+23.7,+23.8,+23.9,+23.6,+24.8,+24.6,+24.5,+27,FULL,1000,1,+0,+0,+0.0168,+0,+0.0384,+0,+0,+0,21:49:01 23.03.2020
4945,+23.2,+25.7,+23.8,+23.7,+23.8,+23.9,+23.6,+24.8,+24.6,+24.6,+27,FULL,999,1,+0,+0,+0.0168,+0,+0.0384,+0,+0,+0,21:50:01 23.03.2020
4946,+23.2,+25.7,+23.8,+23.7,+23.9,+23.9,+23.6,+24.7,+24.6,+24.7,+27,FULL,999,1,+0,+0,+0.0167,+0,+0.0384,+0,+0,+0,21:51:01 23.03.2020
4947,+23.2,+25.7,+23.8,+23.7,+23.8,+24,+23.6,+24.7,+24.6,+24.7,+27,FULL,1000,1,+0,+0,+0.0167,+0,+0.0386,+0,+0,+0,21:52:01 23.03.2020
4948,+23.2,+25.7,+23.8,+23.7,+23.8,+24,+23.6,+24.8,+24.6,+24.6,+27,FULL,1000,1,+0,+0,+0.0168,+0,+0.0387,+0,+0,+0,21:53:01 23.03.2020
4949,+23.2,+25.6,+23.8,+23.7,+23.8,+24,+23.6,+24.8,+24.6,+24.7,+27,FULL,999,1,+0,+0,+0.0168,+0,+0.0386,+0,+0,+0,21:54:01 23.03.2020
4950,+23.2,+25.6,+23.8,+23.7,+23.8,+24,+23.6,+24.8,+24.7,+24.7,+27,FULL,999,1,+0,+0,+0.0168,+0,+0.0386,+0,+0,+0,21:55:01 23.03.2020
4951,+23.2,+25.7,+23.8,+23.7,+23.8,+24,+23.6,+24.8,+24.6,+24.7,+27,FULL,1000,1,+0,+0,+0.0168,+0,+0.0386,+0,+0,+0,21:56:01 23.03.2020
4952,+23.2,+25.7,+23.8,+23.7,+23.8,+24,+23.6,+24.8,+24.6,+24.6,+27,FULL,999,1,+0,+0,+0.0168,+0,+0.0386,+0,+0,+0,21:57:01 23.03.2020
4953,+23.2,+25.6,+23.8,+23.7,+23.8,+24,+23.6,+24.8,+24.7,+24.7,+27,FULL,999,1,+0,+0,+0.0168,+0,+0.0386,+0,+0,+0,21:58:01 23.03.2020
4954,+23.2,+25.6,+23.8,+23.7,+23.8,+24,+23.6,+24.8,+24.7,+24.8,+27,FULL,1000,1,+0,+0,+0.0168,+0,+0.0386,+0,+0,+0,21:59:01 23.03.2020
4955,+23.2,+25.6,+23.8,+23.7,+23.8,+24,+23.6,+24.8,+24.7,+24.8,+27,FULL,999,1,+0,+0,+0.0168,+0,+0.0386,+0,+0,+0,22:00:01 23.03.2020
4956,+23.2,+25.7,+23.8,+23.7,+23.8,+24,+23.6,+24.8,+24.7,+24.8,+27,FULL,999,1,+0,+0,+0.0168,+0,+0.0386,+0,+0,+0,22:01:01 23.03.2020
4957,+23.2,+25.7,+23.8,+23.7,+23.8,+24,+23.6,+24.8,+24.7,+24.8,+27,FULL,999,1,+0,+0,+0.0168,+0,+0.0386,+0,+0,+0,22:02:01 23.03.2020
4958,+23.2,+25.7,+23.8,+23.7,+23.8,+23.9,+23.6,+24.8,+24.7,+24.8,+27,FULL,1000,1,+0,+0,+0.0168,+0,+0.0384,+0,+0,+0,22:03:01 23.03.2020
4959,+23.2,+25.8,+23.8,+23.7,+23.9,+23.9,+23.6,+24.8,+24.7,+24.8,+27,FULL,999,1,+0,+0,+0.0168,+0,+0.0384,+0,+0,+0,22:04:01 23.03.2020
4960,+23.2,+25.8,+23.8,+23.7,+23.8,+23.9,+23.6,+24.8,+24.7,+24.8,+27,FULL,999,1,+0,+0,+0.0168,+0,+0.0384,+0,+0,+0,22:05:01 23.03.2020
4961,+23.2,+25.8,+23.8,+23.7,+23.9,+23.9,+23.6,+24.8,+24.7,+24.8,+27,FULL,1000,1,+0,+0,+0.0168,+0,+0.0384,+0,+0,+0,22:06:01 23.03.2020
4962,+23.2,+25.8,+23.8,+23.7,+23.9,+23.9,+23.6,+24.8,+24.7,+24.8,+27,FULL,999,1,+0,+0,+0.0168,+0,+0.0384,+0,+0,+0,22:07:01 23.03.2020
4963,+23.2,+25.8,+23.8,+23.7,+23.9,+23.9,+23.6,+24.8,+24.7,+24.8,+27,FULL,999,1,+0,+0,+0.0168,+0,+0.0384,+0,+0,+0,22:08:01 23.03.2020
4964,+23.3,+25.8,+23.8,+23.7,+23.9,+23.9,+23.6,+24.8,+24.7,+24.8,+27,FULL,999,1,+0,+0,+0.0168,+0,+0.0384,+0,+0,+0,22:09:01 23.03.2020
4965,+23.3,+25.8,+23.8,+23.7,+23.9,+23.9,+23.6,+24.8,+24.7,+24.8,+27,FULL,1000,1,+0,+0,+0.0168,+0,+0.0384,+0,+0,+0,22:10:01 23.03.2020
4966,+23.3,+25.8,+23.8,+23.7,+23.9,+23.9,+23.6,+24.8,+24.7,+24.8,+27,FULL,999,1,+0,+0,+0.0168,+0,+0.0384,+0,+0,+0,22:11:01 23.03.2020
4967,+23.3,+25.8,+23.8,+23.7,+23.9,+23.9,+23.6,+24.8,+24.7,+24.8,+27,FULL,999,1,+0,+0,+0.0168,+0,+0.0384,+0,+0,+0,22:12:01 23.03.2020
4968,+23.3,+25.8,+23.8,+23.7,+23.9,+23.9,+23.6,+24.8,+24.7,+24.8,+27,FULL,1000,1,+0,+0,+0.0168,+0,+0.0384,+0,+0,+0,22:13:01 23.03.2020
4969,+23.3,+25.8,+23.8,+23.7,+23.9,+23.9,+23.6,+24.8,+24.7,+24.8,+27,FULL,1000,1,+0,+0,+0.0168,+0,+0.0384,+0,+0,+0,22:14:01 23.03.2020
4970,+23.3,+25.8,+23.8,+23.7,+23.9,+23.9,+23.6,+24.8,+24.7,+24.8,+27,FULL,999,1,+0,+0,+0.0168,+0,+0.0384,+0,+0,+0,22:15:01 23.03.2020
4971,+23.3,+25.8,+23.8,+23.7,+23.9,+23.9,+23.6,+24.8,+24.7,+24.8,+27,FULL,1000,1,+0,+0,+0.0168,+0,+0.0384,+0,+0,+0,22:16:01 23.03.2020
4972,+23.3,+25.9,+23.8,+23.7,+23.9,+23.9,+23.6,+24.8,+24.7,+24.8,+27,FULL,1000,1,+0,+0,+0.0168,+0,+0.0384,+0,+0,+0,22:17:01 23.03.2020
4973,+23.3,+25.9,+23.8,+23.7,+23.9,+23.9,+23.6,+24.8,+24.7,+24.8,+27,FULL,999,1,+0,+0,+0.0168,+0,+0.0384,+0,+0,+0,22:18:01 23.03.2020
4974,+23.3,+25.9,+23.8,+23.7,+23.9,+23.9,+23.6,+24.8,+24.7,+24.9,+27,FULL,999,1,+0,+0,+0.0168,+0,+0.0384,+0,+0,+0,22:19:01 23.03.2020
4975,+23.3,+25.9,+23.8,+23.7,+23.9,+23.9,+23.6,+24.8,+24.7,+24.9,+27,FULL,1000,1,+0,+0,+0.0168,+0,+0.0384,+0,+0,+0,22:20:01 23.03.2020
4976,+23.3,+25.9,+23.8,+23.7,+23.9,+23.9,+23.6,+24.8,+24.7,+24.9,+27,FULL,999,1,+0,+0,+0.0168,+0,+0.0384,+0,+0,+0,22:21:01 23.03.2020
4977,+23.3,+25.9,+23.8,+23.7,+23.9,+23.9,+23.6,+24.8,+24.7,+24.8,+27,FULL,999,1,+0,+0,+0.0168,+0,+0.0384,+0,+0,+0,22:22:01 23.03.2020
4978,+23.3,+25.9,+23.8,+23.7,+23.9,+23.9,+23.6,+24.8,+24.7,+24.8,+27,FULL,999,1,+0,+0,+0.0168,+0,+0.0384,+0,+0,+0,22:23:01 23.03.2020
4979,+23.3,+25.9,+23.8,+23.7,+23.9,+23.9,+23.6,+24.8,+24.7,+24.8,+27,FULL,1000,1,+0,+0,+0.0168,+0,+0.0384,+0,+0,+0,22:24:01 23.03.2020
4980,+23.3,+25.9,+23.8,+23.7,+23.9,+23.9,+23.6,+24.8,+24.7,+24.8,+27,FULL,999,1,+0,+0,+0.0168,+0,+0.0384,+0,+0,+0,22:25:01 23.03.2020
4981,+23.3,+25.9,+23.8,+23.7,+23.9,+23.9,+23.6,+24.8,+24.7,+24.7,+27,FULL,999,1,+0,+0,+0.0168,+0,+0.0384,+0,+0,+0,22:26:01 23.03.2020
4982,+23.3,+25.9,+23.8,+23.7,+23.9,+23.9,+23.6,+24.8,+24.7,+24.8,+27,FULL,1000,1,+0,+0,+0.0168,+0,+0.0384,+0,+0,+0,22:27:01 23.03.2020
4983,+23.4,+25.8,+23.8,+23.7,+23.9,+23.9,+23.6,+24.8,+24.7,+24.8,+27,FULL,1000,1,+0,+0,+0.0168,+0,+0.0384,+0,+0,+0,22:28:01 23.03.2020
4984,+23.4,+25.8,+23.8,+23.7,+23.9,+23.9,+23.6,+24.8,+24.7,+24.8,+27,FULL,999,1,+0,+0,+0.0168,+0,+0.0384,+0,+0,+0,22:29:01 23.03.2020
4985,+23.4,+25.8,+23.8,+23.7,+23.9,+24,+23.6,+24.8,+24.7,+24.7,+27,FULL,999,1,+0,+0,+0.0168,+0,+0.0386,+0,+0,+0,22:30:01 23.03.2020
4986,+23.4,+25.8,+23.8,+23.7,+23.9,+24,+23.6,+24.8,+24.7,+24.8,+27,FULL,1000,1,+0,+0,+0.0168,+0,+0.0386,+0,+0,+0,22:31:01 23.03.2020
4987,+23.4,+25.7,+23.8,+23.7,+23.9,+24,+23.6,+24.8,+24.7,+24.8,+27,FULL,999,1,+0,+0,+0.0168,+0,+0.0384,+0,+0,+0,22:32:01 23.03.2020
4988,+23.4,+25.7,+23.8,+23.7,+23.9,+24,+23.6,+24.8,+24.7,+24.8,+27,FULL,999,1,+0,+0,+0.0168,+0,+0.0386,+0,+0,+0,22:33:01 23.03.2020
4989,+23.4,+25.7,+23.8,+23.7,+23.9,+24,+23.6,+24.8,+24.7,+24.8,+27,FULL,1000,1,+0,+0,+0.0168,+0,+0.0386,+0,+0,+0,22:34:01 23.03.2020
4990,+23.4,+25.7,+23.8,+23.7,+23.9,+24,+23.6,+24.8,+24.7,+24.8,+27,FULL,999,1,+0,+0,+0.0168,+0,+0.0386,+0,+0,+0,22:35:01 23.03.2020
4991,+23.4,+25.7,+23.8,+23.7,+23.9,+24,+23.6,+24.8,+24.7,+24.8,+27,FULL,999,1,+0,+0,+0.0168,+0,+0.0386,+0,+0,+0,22:36:01 23.03.2020
4992,+23.4,+25.7,+23.8,+23.7,+23.9,+24,+23.6,+24.8,+24.7,+24.8,+27,FULL,1000,1,+0,+0,+0.0168,+0,+0.0386,+0,+0,+0,22:37:01 23.03.2020
4993,+23.4,+25.7,+23.8,+23.7,+23.9,+24,+23.6,+24.8,+24.7,+24.7,+27,FULL,1000,1,+0,+0,+0.0168,+0,+0.0386,+0,+0,+0,22:38:01 23.03.2020
4994,+23.4,+25.7,+23.8,+23.7,+23.9,+24,+23.6,+24.8,+24.7,+24.8,+27,FULL,999,1,+0,+0,+0.0168,+0,+0.0384,+0,+0,+0,22:39:01 23.03.2020
4995,+23.4,+25.6,+23.8,+23.7,+23.9,+23.9,+23.6,+24.8,+24.7,+24.8,+27,FULL,999,1,+0,+0,+0.0168,+0,+0.0384,+0,+0,+0,22:40:01 23.03.2020
4996,+23.4,+25.6,+23.8,+23.7,+23.9,+23.9,+23.6,+24.8,+24.7,+24.8,+27,FULL,1000,1,+0,+0,+0.0168,+0,+0.0384,+0,+0,+0,22:41:01 23.03.2020
4997,+23.4,+25.7,+23.8,+23.7,+23.9,+23.9,+23.6,+24.8,+24.7,+24.8,+27,FULL,1000,1,+0,+0,+0.0168,+0,+0.0384,+0,+0,+0,22:42:01 23.03.2020
4998,+23.4,+25.6,+23.8,+23.7,+23.9,+23.9,+23.6,+24.8,+24.7,+24.8,+27,FULL,999,1,+0,+0,+0.0168,+0,+0.0384,+0,+0,+0,22:43:01 23.03.2020
4999,+23.4,+25.6,+23.8,+23.7,+23.9,+23.9,+23.6,+24.8,+24.7,+24.8,+27,FULL,1000,1,+0,+0,+0.0168,+0,+0.0384,+0,+0,+0,22:44:01 23.03.2020
5000,+23.4,+25.6,+23.8,+23.7,+23.9,+23.9,+23.6,+24.8,+24.7,+24.8,+27,FULL,1000,1,+0,+0,+0.0168,+0,+0.0384,+0,+0,+0,22:45:01 23.03.2020
5001,+23.4,+25.6,+23.8,+23.7,+23.9,+23.9,+23.6,+24.8,+24.6,+24.8,+27,FULL,999,1,+0,+0,+0.0168,+0,+0.0384,+0,+0,+0,22:46:01 23.03.2020
5002,+23.4,+25.6,+23.8,+23.7,+23.9,+23.9,+23.6,+24.8,+24.7,+24.8,+27,FULL,1000,1,+0,+0,+0.0168,+0,+0.0384,+0,+0,+0,22:47:01 23.03.2020
5003,+23.4,+25.6,+23.8,+23.7,+23.9,+23.9,+23.6,+24.8,+24.7,+24.9,+27,FULL,1000,1,+0,+0,+0.0168,+0,+0.0384,+0,+0,+0,22:48:01 23.03.2020
5004,+23.4,+25.6,+23.8,+23.7,+23.9,+23.9,+23.6,+24.8,+24.7,+24.9,+27,FULL,1000,1,+0,+0,+0.0168,+0,+0.0384,+0,+0,+0,22:49:01 23.03.2020
5005,+23.5,+25.6,+23.8,+23.7,+23.9,+23.9,+23.6,+24.8,+24.7,+24.9,+27,FULL,999,1,+0,+0,+0.0168,+0,+0.0384,+0,+0,+0,22:50:01 23.03.2020
5006,+23.5,+25.7,+23.8,+23.7,+23.9,+23.9,+23.6,+24.8,+24.7,+24.9,+27,FULL,1000,1,+0,+0,+0.0168,+0,+0.0384,+0,+0,+0,22:51:01 23.03.2020
5007,+23.5,+25.7,+23.8,+23.7,+23.9,+23.9,+23.6,+24.8,+24.7,+24.9,+27,FULL,1000,1,+0,+0,+0.0168,+0,+0.0384,+0,+0,+0,22:52:01 23.03.2020
5008,+23.5,+25.7,+23.8,+23.7,+23.9,+23.9,+23.6,+24.8,+24.7,+24.9,+27,FULL,999,1,+0,+0,+0.0168,+0,+0.0384,+0,+0,+0,22:53:01 23.03.2020
5009,+23.5,+25.8,+23.8,+23.7,+23.9,+23.9,+23.6,+24.8,+24.7,+24.9,+27,FULL,999,1,+0,+0,+0.0168,+0,+0.0384,+0,+0,+0,22:54:01 23.03.2020
5010,+23.5,+25.8,+23.8,+23.7,+23.9,+23.9,+23.6,+24.8,+24.7,+24.9,+27,FULL,1000,1,+0,+0,+0.0168,+0,+0.0384,+0,+0,+0,22:55:01 23.03.2020
5011,+23.5,+25.8,+23.8,+23.7,+23.9,+23.9,+23.6,+24.8,+24.7,+24.9,+27,FULL,999,1,+0,+0,+0.0168,+0,+0.0384,+0,+0,+0,22:56:01 23.03.2020
5012,+23.5,+25.8,+23.8,+23.7,+23.9,+23.9,+23.6,+24.8,+24.7,+24.9,+27,FULL,999,1,+0,+0,+0.0168,+0,+0.0384,+0,+0,+0,22:57:01 23.03.2020
5013,+23.5,+25.8,+23.8,+23.7,+23.9,+23.9,+23.6,+24.8,+24.7,+24.9,+27,FULL,1000,1,+0,+0,+0.0168,+0,+0.0382,+0,+0,+0,22:58:01 23.03.2020
5014,+23.5,+25.8,+23.8,+23.7,+23.9,+23.9,+23.6,+24.8,+24.7,+24.9,+27,FULL,1000,1,+0,+0,+0.0168,+0,+0.0383,+0,+0,+0,22:59:01 23.03.2020
5015,+23.5,+25.8,+23.8,+23.7,+23.9,+23.9,+23.6,+24.8,+24.7,+24.9,+27,FULL,999,1,+0,+0,+0.0168,+0,+0.0383,+0,+0,+0,23:00:01 23.03.2020
5016,+23.5,+25.8,+23.8,+23.7,+23.9,+23.9,+23.6,+24.8,+24.7,+24.9,+27,FULL,999,1,+0,+0,+0.0168,+0,+0.0383,+0,+0,+0,23:01:01 23.03.2020
5017,+23.5,+25.8,+23.8,+23.7,+23.9,+23.9,+23.6,+24.8,+24.7,+24.9,+27,FULL,1000,1,+0,+0,+0.0168,+0,+0.0382,+0,+0,+0,23:02:01 23.03.2020
5018,+23.5,+25.8,+23.8,+23.7,+23.9,+23.9,+23.6,+24.8,+24.7,+24.9,+27,FULL,1000,1,+0,+0,+0.0168,+0,+0.0382,+0,+0,+0,23:03:01 23.03.2020
5019,+23.5,+25.8,+23.8,+23.7,+23.9,+23.9,+23.6,+24.8,+24.7,+24.9,+27,FULL,999,1,+0,+0,+0.0168,+0,+0.0382,+0,+0,+0,23:04:01 23.03.2020
5020,+23.5,+25.8,+23.8,+23.7,+23.9,+23.9,+23.6,+24.8,+24.7,+24.9,+27,FULL,1000,1,+0,+0,+0.0168,+0,+0.0382,+0,+0,+0,23:05:01 23.03.2020
5021,+23.5,+25.8,+23.8,+23.7,+23.9,+23.9,+23.6,+24.8,+24.7,+24.9,+27,FULL,1000,1,+0,+0,+0.0168,+0,+0.0382,+0,+0,+0,23:06:01 23.03.2020
5022,+23.5,+25.8,+23.8,+23.7,+23.9,+23.9,+23.6,+24.8,+24.7,+24.9,+27,FULL,999,1,+0,+0,+0.0168,+0,+0.0382,+0,+0,+0,23:07:01 23.03.2020
5023,+23.5,+25.8,+23.8,+23.7,+23.9,+23.9,+23.6,+24.8,+24.7,+24.9,+27,FULL,1000,1,+0,+0,+0.0168,+0,+0.0382,+0,+0,+0,23:08:01 23.03.2020
5024,+23.6,+25.8,+23.8,+23.7,+23.9,+23.9,+23.6,+24.8,+24.7,+24.9,+27,FULL,1000,1,+0,+0,+0.0168,+0,+0.0382,+0,+0,+0,23:09:01 23.03.2020
5025,+23.6,+25.8,+23.8,+23.7,+23.9,+23.9,+23.6,+24.8,+24.7,+24.8,+27,FULL,999,1,+0,+0,+0.0168,+0,+0.0382,+0,+0,+0,23:10:01 23.03.2020
5026,+23.6,+25.8,+23.8,+23.7,+23.9,+23.9,+23.6,+24.8,+24.7,+24.8,+27,FULL,999,1,+0,+0,+0.0168,+0,+0.0382,+0,+0,+0,23:11:01 23.03.2020
5027,+23.6,+25.9,+23.8,+23.7,+23.9,+23.9,+23.6,+24.8,+24.7,+24.8,+27,FULL,1000,1,+0,+0,+0.0168,+0,+0.0384,+0,+0,+0,23:12:01 23.03.2020
5028,+23.6,+25.9,+23.8,+23.7,+23.9,+23.9,+23.6,+24.8,+24.7,+24.8,+27,FULL,1000,1,+0,+0,+0.0168,+0,+0.0384,+0,+0,+0,23:13:01 23.03.2020
5029,+23.6,+25.9,+23.8,+23.7,+23.9,+23.9,+23.6,+24.8,+24.7,+24.8,+27,FULL,999,1,+0,+0,+0.0168,+0,+0.0384,+0,+0,+0,23:14:01 23.03.2020
5030,+23.6,+25.9,+23.8,+23.7,+23.9,+23.9,+23.6,+24.8,+24.7,+24.8,+27,FULL,1000,1,+0,+0,+0.0168,+0,+0.0384,+0,+0,+0,23:15:01 23.03.2020
5031,+23.6,+25.9,+23.8,+23.7,+23.9,+23.9,+23.6,+24.8,+24.7,+24.8,+27,FULL,1000,1,+0,+0,+0.0168,+0,+0.0384,+0,+0,+0,23:16:01 23.03.2020
5032,+23.6,+25.8,+23.8,+23.7,+23.9,+23.9,+23.6,+24.8,+24.7,+24.8,+27,FULL,999,1,+0,+0,+0.0168,+0,+0.0384,+0,+0,+0,23:17:01 23.03.2020
5033,+23.6,+25.8,+23.8,+23.7,+23.9,+23.9,+23.6,+24.8,+24.7,+24.8,+27,FULL,999,1,+0,+0,+0.0168,+0,+0.0384,+0,+0,+0,23:18:01 23.03.2020
5034,+23.6,+25.7,+23.8,+23.7,+23.9,+23.9,+23.6,+24.8,+24.7,+24.7,+27,FULL,1000,1,+0,+0,+0.0168,+0,+0.0384,+0,+0,+0,23:19:01 23.03.2020
5035,+23.6,+25.8,+23.8,+23.7,+23.9,+23.9,+23.6,+24.8,+24.7,+24.7,+27,FULL,1000,1,+0,+0,+0.0168,+0,+0.0384,+0,+0,+0,23:20:01 23.03.2020
5036,+23.6,+25.7,+23.8,+23.7,+23.9,+23.9,+23.6,+24.8,+24.7,+24.7,+27,FULL,999,1,+0,+0,+0.0168,+0,+0.0384,+0,+0,+0,23:21:01 23.03.2020
5037,+23.6,+25.7,+23.8,+23.7,+23.9,+23.9,+23.6,+24.8,+24.7,+24.7,+27,FULL,1000,1,+0,+0,+0.0168,+0,+0.0384,+0,+0,+0,23:22:01 23.03.2020
5038,+23.6,+25.7,+23.8,+23.7,+23.9,+23.9,+23.6,+24.8,+24.7,+24.7,+27,FULL,1000,1,+0,+0,+0.0168,+0,+0.0384,+0,+0,+0,23:23:01 23.03.2020
5039,+23.6,+25.7,+23.8,+23.7,+23.9,+23.9,+23.6,+24.8,+24.7,+24.7,+27,FULL,999,1,+0,+0,+0.0168,+0,+0.0384,+0,+0,+0,23:24:01 23.03.2020
5040,+23.6,+25.6,+23.8,+23.7,+23.9,+23.9,+23.6,+24.8,+24.7,+24.7,+27,FULL,999,1,+0,+0,+0.0168,+0,+0.0384,+0,+0,+0,23:25:01 23.03.2020
5041,+23.6,+25.6,+23.8,+23.7,+23.9,+23.9,+23.6,+24.8,+24.7,+24.7,+27,FULL,1000,1,+0,+0,+0.0168,+0,+0.0384,+0,+0,+0,23:26:01 23.03.2020
5042,+23.6,+25.7,+23.8,+23.7,+23.9,+23.9,+23.6,+24.7,+24.7,+24.7,+27,FULL,1000,1,+0,+0,+0.0168,+0,+0.0384,+0,+0,+0,23:27:01 23.03.2020
5043,+23.6,+25.7,+23.8,+23.7,+23.9,+23.9,+23.6,+24.7,+24.6,+24.7,+27,FULL,999,1,+0,+0,+0.0167,+0,+0.0384,+0,+0,+0,23:28:01 23.03.2020
5044,+23.6,+25.6,+23.8,+23.7,+23.9,+23.9,+23.6,+24.8,+24.7,+24.8,+27,FULL,1000,1,+0,+0,+0.0168,+0,+0.0382,+0,+0,+0,23:29:01 23.03.2020
5045,+23.6,+25.6,+23.8,+23.7,+23.9,+23.9,+23.6,+24.8,+24.7,+24.8,+27,FULL,1000,1,+0,+0,+0.0168,+0,+0.0382,+0,+0,+0,23:30:01 23.03.2020
5046,+23.7,+25.6,+23.8,+23.7,+23.9,+23.9,+23.6,+24.8,+24.7,+24.8,+27,FULL,999,1,+0,+0,+0.0168,+0,+0.0384,+0,+0,+0,23:31:01 23.03.2020
5047,+23.7,+25.6,+23.8,+23.7,+23.9,+23.9,+23.6,+24.8,+24.7,+24.8,+27,FULL,999,1,+0,+0,+0.0168,+0,+0.0384,+0,+0,+0,23:32:01 23.03.2020
5048,+23.7,+25.6,+23.8,+23.7,+23.9,+23.9,+23.6,+24.8,+24.7,+24.8,+27,FULL,1000,1,+0,+0,+0.0168,+0,+0.0384,+0,+0,+0,23:33:01 23.03.2020
5049,+23.7,+25.6,+23.8,+23.7,+23.9,+23.9,+23.6,+24.8,+24.7,+24.8,+27,FULL,999,1,+0,+0,+0.0168,+0,+0.0385,+0,+0,+0,23:34:01 23.03.2020
5050,+23.7,+25.6,+23.8,+23.7,+23.9,+24,+23.6,+24.8,+24.7,+24.8,+27,FULL,999,1,+0,+0,+0.0168,+0,+0.0384,+0,+0,+0,23:35:01 23.03.2020
5051,+23.7,+25.6,+23.8,+23.7,+23.9,+24,+23.6,+24.8,+24.7,+24.9,+27,FULL,1000,1,+0,+0,+0.0168,+0,+0.0386,+0,+0,+0,23:36:01 23.03.2020
5052,+23.7,+25.6,+23.8,+23.7,+23.9,+24,+23.6,+24.8,+24.7,+24.9,+27,FULL,1000,1,+0,+0,+0.0168,+0,+0.0384,+0,+0,+0,23:37:01 23.03.2020
5053,+23.7,+25.6,+23.8,+23.7,+23.9,+24,+23.6,+24.8,+24.7,+24.9,+27,FULL,999,1,+0,+0,+0.0168,+0,+0.0384,+0,+0,+0,23:38:01 23.03.2020
5054,+23.7,+25.6,+23.8,+23.7,+23.9,+24,+23.6,+24.8,+24.7,+24.9,+27,FULL,999,1,+0,+0,+0.0168,+0,+0.0384,+0,+0,+0,23:39:01 23.03.2020
5055,+23.7,+25.6,+23.8,+23.7,+23.9,+23.9,+23.6,+24.8,+24.7,+24.9,+27,FULL,1000,1,+0,+0,+0.0168,+0,+0.0384,+0,+0,+0,23:40:01 23.03.2020
5056,+23.7,+25.6,+23.8,+23.7,+23.9,+23.9,+23.6,+24.8,+24.7,+24.9,+27,FULL,999,1,+0,+0,+0.0168,+0,+0.0384,+0,+0,+0,23:41:01 23.03.2020
5057,+23.7,+25.7,+23.8,+23.7,+23.9,+23.9,+23.6,+24.8,+24.7,+24.9,+27,FULL,999,1,+0,+0,+0.0168,+0,+0.0384,+0,+0,+0,23:42:01 23.03.2020
5058,+23.7,+25.7,+23.8,+23.7,+23.9,+23.9,+23.6,+24.8,+24.7,+24.9,+27,FULL,1000,1,+0,+0,+0.0168,+0,+0.0384,+0,+0,+0,23:43:01 23.03.2020
5059,+23.7,+25.7,+23.8,+23.7,+23.9,+23.9,+23.6,+24.8,+24.7,+24.9,+27,FULL,1000,1,+0,+0,+0.0168,+0,+0.0384,+0,+0,+0,23:44:01 23.03.2020
5060,+23.7,+25.7,+23.8,+23.7,+23.9,+23.9,+23.6,+24.8,+24.7,+24.9,+27,FULL,999,1,+0,+0,+0.0168,+0,+0.0384,+0,+0,+0,23:45:01 23.03.2020
5061,+23.7,+25.7,+23.8,+23.7,+23.9,+23.9,+23.6,+24.8,+24.8,+24.9,+27.1,FULL,999,1,+0,+0,+0.0169,+0,+0.0384,+0,+0,+0,23:46:01 23.03.2020
5062,+23.7,+25.8,+23.8,+23.7,+23.9,+23.9,+23.6,+24.8,+24.7,+24.9,+27,FULL,1000,1,+0,+0,+0.0168,+0,+0.0382,+0,+0,+0,23:47:01 23.03.2020
5063,+23.7,+25.8,+23.8,+23.7,+23.9,+23.9,+23.6,+24.8,+24.8,+24.9,+27,FULL,999,1,+0,+0,+0.0168,+0,+0.0382,+0,+0,+0,23:48:01 23.03.2020
5064,+23.7,+25.8,+23.8,+23.7,+23.9,+23.9,+23.6,+24.8,+24.7,+24.9,+27,FULL,999,1,+0,+0,+0.0168,+0,+0.0382,+0,+0,+0,23:49:01 23.03.2020
5065,+23.7,+25.8,+23.8,+23.7,+23.9,+23.9,+23.6,+24.8,+24.7,+24.9,+27,FULL,1000,1,+0,+0,+0.0168,+0,+0.0382,+0,+0,+0,23:50:01 23.03.2020
5066,+23.7,+25.8,+23.8,+23.7,+23.9,+23.9,+23.6,+24.8,+24.7,+24.9,+27,FULL,999,1,+0,+0,+0.0168,+0,+0.0382,+0,+0,+0,23:51:01 23.03.2020
5067,+23.8,+25.8,+23.8,+23.7,+23.9,+23.9,+23.6,+24.8,+24.7,+24.9,+27,FULL,999,1,+0,+0,+0.0168,+0,+0.0382,+0,+0,+0,23:52:01 23.03.2020
5068,+23.7,+25.8,+23.8,+23.7,+23.9,+23.9,+23.6,+24.8,+24.7,+24.9,+27,FULL,1000,1,+0,+0,+0.0168,+0,+0.0384,+0,+0,+0,23:53:01 23.03.2020
5069,+23.7,+25.8,+23.8,+23.7,+23.9,+23.9,+23.6,+24.8,+24.7,+24.9,+27,FULL,1000,1,+0,+0,+0.0168,+0,+0.0384,+0,+0,+0,23:54:01 23.03.2020
5070,+23.7,+25.8,+23.8,+23.7,+23.9,+23.9,+23.6,+24.8,+24.7,+24.9,+27,FULL,999,1,+0,+0,+0.0168,+0,+0.0382,+0,+0,+0,23:55:01 23.03.2020
5071,+23.7,+25.8,+23.8,+23.7,+23.9,+23.9,+23.6,+24.8,+24.7,+24.9,+27,FULL,999,1,+0,+0,+0.0168,+0,+0.0382,+0,+0,+0,23:56:01 23.03.2020
5072,+23.7,+25.8,+23.8,+23.7,+23.9,+23.9,+23.6,+24.8,+24.7,+24.9,+27,FULL,1000,1,+0,+0,+0.0168,+0,+0.0384,+0,+0,+0,23:57:01 23.03.2020
5073,+23.8,+25.8,+23.8,+23.7,+23.9,+23.9,+23.6,+24.8,+24.7,+24.9,+27,FULL,999,1,+0,+0,+0.0168,+0,+0.0384,+0,+0,+0,23:58:01 23.03.2020
5074,+23.8,+25.8,+23.8,+23.7,+23.9,+23.9,+23.6,+24.8,+24.7,+24.9,+27,FULL,999,1,+0,+0,+0.0168,+0,+0.0382,+0,+0,+0,23:59:01 23.03.2020
5075,+23.7,+25.8,+23.8,+23.7,+23.9,+23.9,+23.6,+24.8,+24.7,+24.9,+27,FULL,1000,1,+0,+0,+0.0168,+0,+0.0382,+0,+0,+0,00:00:01 24.03.2020
5076,+23.8,+25.8,+23.8,+23.7,+23.9,+23.9,+23.6,+24.8,+24.7,+24.9,+27,FULL,1000,1,+0,+0,+0.0168,+0,+0.0382,+0,+0,+0,00:01:01 24.03.2020
5077,+23.8,+25.8,+23.8,+23.7,+23.9,+23.9,+23.6,+24.8,+24.7,+24.8,+27,FULL,999,1,+0,+0,+0.0168,+0,+0.0384,+0,+0,+0,00:02:01 24.03.2020
5078,+23.8,+25.8,+23.8,+23.7,+23.9,+23.9,+23.6,+24.8,+24.7,+24.8,+27,FULL,999,1,+0,+0,+0.0168,+0,+0.0382,+0,+0,+0,00:03:01 24.03.2020
5079,+23.8,+25.8,+23.8,+23.7,+23.9,+23.9,+23.6,+24.8,+24.7,+24.8,+27,FULL,1000,1,+0,+0,+0.0168,+0,+0.0382,+0,+0,+0,00:04:01 24.03.2020
5080,+23.8,+25.8,+23.8,+23.7,+23.9,+23.9,+23.6,+24.8,+24.7,+24.8,+27,FULL,1000,1,+0,+0,+0.0168,+0,+0.0382,+0,+0,+0,00:05:01 24.03.2020
5081,+23.8,+25.8,+23.8,+23.7,+23.9,+23.9,+23.6,+24.8,+24.7,+24.8,+27,FULL,999,1,+0,+0,+0.0168,+0,+0.0382,+0,+0,+0,00:06:01 24.03.2020
5082,+23.8,+25.7,+23.8,+23.7,+23.9,+23.9,+23.6,+24.8,+24.7,+24.8,+27,FULL,999,1,+0,+0,+0.0168,+0,+0.0384,+0,+0,+0,00:07:01 24.03.2020
5083,+23.8,+25.7,+23.8,+23.7,+23.9,+23.9,+23.6,+24.8,+24.7,+24.8,+27,FULL,1000,1,+0,+0,+0.0168,+0,+0.0384,+0,+0,+0,00:08:01 24.03.2020
5084,+23.8,+25.7,+23.8,+23.7,+23.9,+24,+23.6,+24.8,+24.7,+24.8,+27,FULL,999,1,+0,+0,+0.0168,+0,+0.0384,+0,+0,+0,00:09:01 24.03.2020
5085,+23.8,+25.7,+23.8,+23.7,+23.9,+24,+23.6,+24.8,+24.7,+24.8,+27,FULL,999,1,+0,+0,+0.0168,+0,+0.0386,+0,+0,+0,00:10:01 24.03.2020
5086,+23.8,+25.6,+23.8,+23.7,+23.9,+24,+23.6,+24.8,+24.7,+24.8,+27,FULL,1000,1,+0,+0,+0.0168,+0,+0.0384,+0,+0,+0,00:11:01 24.03.2020
5087,+23.8,+25.6,+23.8,+23.7,+23.9,+24,+23.6,+24.8,+24.7,+24.8,+27,FULL,999,1,+0,+0,+0.0168,+0,+0.0384,+0,+0,+0,00:12:01 24.03.2020
5088,+23.8,+25.6,+23.8,+23.7,+23.9,+24,+23.6,+24.8,+24.7,+24.8,+27,FULL,999,1,+0,+0,+0.0168,+0,+0.0386,+0,+0,+0,00:13:01 24.03.2020
5089,+23.8,+25.6,+23.8,+23.7,+23.9,+24,+23.6,+24.8,+24.7,+24.7,+27,FULL,1000,1,+0,+0,+0.0168,+0,+0.0385,+0,+0,+0,00:14:01 24.03.2020
5090,+23.8,+25.6,+23.8,+23.7,+23.9,+24,+23.6,+24.8,+24.7,+24.8,+27,FULL,1000,1,+0,+0,+0.0168,+0,+0.0384,+0,+0,+0,00:15:01 24.03.2020
5091,+23.8,+25.6,+23.8,+23.7,+23.9,+24,+23.6,+24.8,+24.7,+24.8,+27,FULL,999,1,+0,+0,+0.0168,+0,+0.0384,+0,+0,+0,00:16:01 24.03.2020
5092,+23.8,+25.6,+23.8,+23.7,+23.9,+24,+23.6,+24.8,+24.7,+24.8,+27,FULL,999,1,+0,+0,+0.0168,+0,+0.0384,+0,+0,+0,00:17:01 24.03.2020
5093,+23.8,+25.6,+23.8,+23.7,+23.9,+24,+23.6,+24.8,+24.7,+24.8,+27,FULL,1000,1,+0,+0,+0.0168,+0,+0.0384,+0,+0,+0,00:18:01 24.03.2020
5094,+23.8,+25.6,+23.8,+23.7,+23.9,+24,+23.6,+24.8,+24.7,+24.8,+27,FULL,999,1,+0,+0,+0.0168,+0,+0.0384,+0,+0,+0,00:19:01 24.03.2020
5095,+23.8,+25.6,+23.8,+23.7,+23.9,+23.9,+23.6,+24.8,+24.7,+24.8,+27,FULL,999,1,+0,+0,+0.0168,+0,+0.0384,+0,+0,+0,00:20:01 24.03.2020
5096,+23.8,+25.6,+23.8,+23.7,+23.9,+23.9,+23.6,+24.8,+24.7,+24.8,+27,FULL,1000,1,+0,+0,+0.0168,+0,+0.0384,+0,+0,+0,00:21:01 24.03.2020
5097,+23.8,+25.6,+23.8,+23.7,+23.9,+23.9,+23.6,+24.8,+24.7,+24.8,+27,FULL,1000,1,+0,+0,+0.0168,+0,+0.0384,+0,+0,+0,00:22:01 24.03.2020
5098,+23.8,+25.5,+23.8,+23.7,+23.9,+23.9,+23.6,+24.8,+24.7,+24.8,+27,FULL,999,1,+0,+0,+0.0168,+0,+0.0384,+0,+0,+0,00:23:01 24.03.2020
5099,+23.8,+25.6,+23.8,+23.7,+23.9,+23.9,+23.6,+24.8,+24.7,+24.8,+27,FULL,1000,1,+0,+0,+0.0168,+0,+0.0384,+0,+0,+0,00:24:01 24.03.2020
5100,+23.8,+25.6,+23.8,+23.7,+23.9,+23.9,+23.6,+24.8,+24.7,+24.8,+27,FULL,1000,1,+0,+0,+0.0168,+0,+0.0384,+0,+0,+0,00:25:01 24.03.2020
5101,+23.8,+25.5,+23.8,+23.7,+23.9,+23.9,+23.6,+24.8,+24.7,+24.9,+27,FULL,999,1,+0,+0,+0.0168,+0,+0.0384,+0,+0,+0,00:26:01 24.03.2020
5102,+23.8,+25.5,+23.8,+23.7,+23.9,+23.9,+23.6,+24.8,+24.7,+24.9,+27,FULL,999,1,+0,+0,+0.0168,+0,+0.0382,+0,+0,+0,00:27:01 24.03.2020
5103,+23.8,+25.5,+23.8,+23.7,+23.9,+23.9,+23.6,+24.8,+24.7,+24.9,+27,FULL,999,1,+0,+0,+0.0168,+0,+0.0382,+0,+0,+0,00:28:01 24.03.2020
5104,+23.8,+25.6,+23.8,+23.7,+23.9,+23.9,+23.6,+24.8,+24.7,+24.9,+27,FULL,1000,1,+0,+0,+0.0168,+0,+0.0382,+0,+0,+0,00:29:01 24.03.2020
5105,+23.8,+25.6,+23.8,+23.7,+23.9,+23.9,+23.6,+24.8,+24.7,+24.9,+27,FULL,999,1,+0,+0,+0.0168,+0,+0.0384,+0,+0,+0,00:30:01 24.03.2020
5106,+23.8,+25.6,+23.8,+23.7,+23.9,+23.9,+23.6,+24.8,+24.7,+24.9,+27,FULL,1000,1,+0,+0,+0.0168,+0,+0.0382,+0,+0,+0,00:31:01 24.03.2020
5107,+23.8,+25.6,+23.8,+23.7,+23.9,+23.9,+23.6,+24.8,+24.7,+24.9,+27,FULL,1000,1,+0,+0,+0.0168,+0,+0.0382,+0,+0,+0,00:32:01 24.03.2020
5108,+23.8,+25.7,+23.8,+23.7,+23.9,+23.9,+23.6,+24.8,+24.7,+24.9,+27,FULL,999,1,+0,+0,+0.0168,+0,+0.0382,+0,+0,+0,00:33:01 24.03.2020
5109,+23.8,+25.7,+23.8,+23.7,+23.9,+23.9,+23.6,+24.8,+24.7,+24.9,+27,FULL,999,1,+0,+0,+0.0168,+0,+0.0382,+0,+0,+0,00:34:01 24.03.2020
5110,+23.8,+25.7,+23.8,+23.7,+23.9,+23.9,+23.6,+24.8,+24.7,+24.9,+27,FULL,1000,1,+0,+0,+0.0168,+0,+0.0382,+0,+0,+0,00:35:01 24.03.2020
5111,+23.8,+25.7,+23.8,+23.7,+23.9,+23.9,+23.6,+24.8,+24.7,+24.9,+27,FULL,1000,1,+0,+0,+0.0168,+0,+0.0382,+0,+0,+0,00:36:01 24.03.2020
5112,+23.8,+25.7,+23.8,+23.7,+23.9,+23.9,+23.6,+24.8,+24.7,+24.9,+27,FULL,999,1,+0,+0,+0.0168,+0,+0.0382,+0,+0,+0,00:37:01 24.03.2020
5113,+23.8,+25.7,+23.8,+23.7,+23.9,+23.9,+23.6,+24.8,+24.7,+24.9,+27,FULL,1000,1,+0,+0,+0.0168,+0,+0.0382,+0,+0,+0,00:38:01 24.03.2020
5114,+23.8,+25.7,+23.8,+23.7,+23.9,+23.9,+23.6,+24.8,+24.7,+24.9,+27,FULL,1000,1,+0,+0,+0.0168,+0,+0.0382,+0,+0,+0,00:39:01 24.03.2020
5115,+23.8,+25.7,+23.8,+23.7,+23.9,+23.9,+23.6,+24.8,+24.7,+24.9,+27,FULL,999,1,+0,+0,+0.0168,+0,+0.0382,+0,+0,+0,00:40:01 24.03.2020
5116,+23.8,+25.7,+23.8,+23.7,+23.9,+23.9,+23.6,+24.8,+24.7,+24.9,+27,FULL,999,1,+0,+0,+0.0168,+0,+0.0382,+0,+0,+0,00:41:01 24.03.2020
5117,+23.9,+25.7,+23.8,+23.7,+23.9,+23.9,+23.6,+24.8,+24.7,+24.9,+27,FULL,1000,1,+0,+0,+0.0168,+0,+0.0382,+0,+0,+0,00:42:01 24.03.2020
5118,+23.9,+25.7,+23.8,+23.7,+23.9,+23.9,+23.6,+24.8,+24.7,+24.9,+27,FULL,1000,1,+0,+0,+0.0168,+0,+0.0382,+0,+0,+0,00:43:01 24.03.2020
5119,+23.9,+25.7,+23.8,+23.7,+23.9,+23.9,+23.6,+24.8,+24.7,+24.9,+27,FULL,999,1,+0,+0,+0.0168,+0,+0.0382,+0,+0,+0,00:44:01 24.03.2020
5120,+23.9,+25.7,+23.8,+23.7,+23.9,+23.9,+23.6,+24.8,+24.7,+24.9,+27,FULL,1000,1,+0,+0,+0.0168,+0,+0.0382,+0,+0,+0,00:45:01 24.03.2020
5121,+23.9,+25.7,+23.8,+23.7,+23.9,+23.9,+23.6,+24.8,+24.7,+24.9,+27,FULL,1000,1,+0,+0,+0.0168,+0,+0.0382,+0,+0,+0,00:46:01 24.03.2020
5122,+23.9,+25.7,+23.8,+23.7,+23.9,+23.9,+23.6,+24.8,+24.7,+24.9,+27,FULL,999,1,+0,+0,+0.0168,+0,+0.0382,+0,+0,+0,00:47:01 24.03.2020
5123,+23.9,+25.8,+23.8,+23.7,+23.9,+23.9,+23.6,+24.8,+24.7,+24.9,+27,FULL,999,1,+0,+0,+0.0168,+0,+0.0382,+0,+0,+0,00:48:01 24.03.2020
5124,+23.9,+25.8,+23.8,+23.7,+23.9,+23.9,+23.6,+24.8,+24.7,+24.9,+27,FULL,1000,1,+0,+0,+0.0168,+0,+0.0382,+0,+0,+0,00:49:01 24.03.2020
5125,+23.9,+25.7,+23.8,+23.7,+23.9,+23.9,+23.6,+24.8,+24.7,+24.9,+27,FULL,1000,1,+0,+0,+0.0168,+0,+0.0382,+0,+0,+0,00:50:01 24.03.2020
5126,+23.9,+25.8,+23.8,+23.7,+23.9,+23.9,+23.6,+24.8,+24.7,+24.8,+27,FULL,999,1,+0,+0,+0.0168,+0,+0.0382,+0,+0,+0,00:51:01 24.03.2020
5127,+23.9,+25.8,+23.8,+23.7,+24,+23.9,+23.6,+24.8,+24.7,+24.8,+27,FULL,1000,1,+0,+0,+0.0168,+0,+0.0382,+0,+0,+0,00:52:01 24.03.2020
5128,+23.9,+25.8,+23.8,+23.8,+23.9,+23.9,+23.6,+24.7,+24.7,+24.8,+27,FULL,1000,1,+0,+0,+0.0168,+0,+0.0382,+0,+0,+0,00:53:01 24.03.2020
5129,+23.9,+25.8,+23.8,+23.8,+24,+23.9,+23.6,+24.8,+24.7,+24.8,+27,FULL,999,1,+0,+0,+0.0168,+0,+0.0382,+0,+0,+0,00:54:01 24.03.2020
5130,+23.9,+25.8,+23.8,+23.7,+23.9,+23.9,+23.6,+24.8,+24.7,+24.8,+27,FULL,999,1,+0,+0,+0.0168,+0,+0.0384,+0,+0,+0,00:55:01 24.03.2020
5131,+23.9,+25.7,+23.8,+23.7,+23.9,+23.9,+23.6,+24.8,+24.7,+24.8,+27,FULL,1000,1,+0,+0,+0.0168,+0,+0.0382,+0,+0,+0,00:56:01 24.03.2020
5132,+23.9,+25.6,+23.8,+23.7,+24,+23.9,+23.6,+24.8,+24.7,+24.8,+27,FULL,1000,1,+0,+0,+0.0168,+0,+0.0382,+0,+0,+0,00:57:01 24.03.2020
5133,+23.9,+25.6,+23.8,+23.7,+23.9,+23.9,+23.6,+24.8,+24.7,+24.8,+27,FULL,999,1,+0,+0,+0.0168,+0,+0.0382,+0,+0,+0,00:58:01 24.03.2020
5134,+23.9,+25.7,+23.8,+23.7,+23.9,+23.9,+23.6,+24.8,+24.7,+24.8,+27,FULL,1000,1,+0,+0,+0.0168,+0,+0.0383,+0,+0,+0,00:59:01 24.03.2020
5135,+23.9,+25.6,+23.8,+23.7,+23.9,+23.9,+23.6,+24.8,+24.7,+24.7,+27,FULL,1000,1,+0,+0,+0.0168,+0,+0.0382,+0,+0,+0,01:00:01 24.03.2020
5136,+23.9,+25.6,+23.8,+23.7,+23.9,+23.9,+23.6,+24.8,+24.7,+24.8,+27,FULL,999,1,+0,+0,+0.0168,+0,+0.0382,+0,+0,+0,01:01:01 24.03.2020
5137,+24,+25.6,+23.8,+23.7,+23.9,+23.9,+23.6,+24.8,+24.7,+24.8,+27,FULL,999,1,+0,+0,+0.0168,+0,+0.0384,+0,+0,+0,01:02:01 24.03.2020
5138,+24,+25.6,+23.8,+23.7,+23.9,+24,+23.6,+24.8,+24.7,+24.7,+27,FULL,1000,1,+0,+0,+0.0168,+0,+0.0386,+0,+0,+0,01:03:01 24.03.2020
5139,+24,+25.6,+23.8,+23.7,+23.9,+24,+23.6,+24.8,+24.7,+24.8,+27,FULL,1000,1,+0,+0,+0.0168,+0,+0.0384,+0,+0,+0,01:04:01 24.03.2020
5140,+23.9,+25.6,+23.8,+23.7,+23.9,+24,+23.6,+24.8,+24.7,+24.8,+27,FULL,999,1,+0,+0,+0.0168,+0,+0.0384,+0,+0,+0,01:05:01 24.03.2020
5141,+23.9,+25.6,+23.8,+23.7,+23.9,+24,+23.6,+24.8,+24.7,+24.8,+27,FULL,1000,1,+0,+0,+0.0168,+0,+0.0384,+0,+0,+0,01:06:01 24.03.2020
5142,+23.9,+25.6,+23.8,+23.7,+23.9,+24,+23.6,+24.8,+24.7,+24.8,+27,FULL,999,1,+0,+0,+0.0168,+0,+0.0386,+0,+0,+0,01:07:01 24.03.2020
5143,+23.9,+25.5,+23.8,+23.7,+23.9,+24,+23.6,+24.8,+24.7,+24.8,+27,FULL,999,1,+0,+0,+0.0168,+0,+0.0384,+0,+0,+0,01:08:01 24.03.2020
5144,+23.9,+25.5,+23.8,+23.7,+23.9,+24,+23.6,+24.8,+24.7,+24.8,+27,FULL,999,1,+0,+0,+0.0168,+0,+0.0386,+0,+0,+0,01:09:01 24.03.2020
5145,+23.9,+25.5,+23.8,+23.7,+23.9,+24,+23.6,+24.8,+24.7,+24.8,+27,FULL,1000,1,+0,+0,+0.0168,+0,+0.0386,+0,+0,+0,01:10:01 24.03.2020
5146,+23.9,+25.6,+23.8,+23.7,+23.9,+24,+23.7,+24.8,+24.7,+24.8,+27,FULL,1000,1,+0,+0,+0.0168,+0,+0.0386,+0,+0,+0,01:11:01 24.03.2020
5147,+23.9,+25.5,+23.8,+23.7,+23.9,+24,+23.6,+24.8,+24.7,+24.8,+27,FULL,999,1,+0,+0,+0.0168,+0,+0.0386,+0,+0,+0,01:12:01 24.03.2020
5148,+23.8,+25.5,+23.8,+23.7,+23.9,+24,+23.6,+24.8,+24.7,+24.8,+27,FULL,1000,1,+0,+0,+0.0168,+0,+0.0386,+0,+0,+0,01:13:01 24.03.2020
5149,+23.8,+25.5,+23.8,+23.7,+23.9,+24,+23.7,+24.8,+24.7,+24.8,+27,FULL,1000,1,+0,+0,+0.0168,+0,+0.0386,+0,+0,+0,01:14:01 24.03.2020
5150,+23.8,+25.5,+23.8,+23.7,+23.9,+24,+23.7,+24.8,+24.7,+24.8,+27,FULL,999,1,+0,+0,+0.0168,+0,+0.0386,+0,+0,+0,01:15:01 24.03.2020
5151,+23.8,+25.5,+23.8,+23.7,+23.9,+24,+23.7,+24.8,+24.7,+24.9,+27,FULL,1000,1,+0,+0,+0.0168,+0,+0.0386,+0,+0,+0,01:16:01 24.03.2020
5152,+23.8,+25.5,+23.8,+23.7,+23.9,+24,+23.7,+24.8,+24.7,+24.9,+27,FULL,1000,1,+0,+0,+0.0168,+0,+0.0384,+0,+0,+0,01:17:01 24.03.2020
5153,+23.8,+25.5,+23.8,+23.7,+23.9,+24,+23.7,+24.8,+24.7,+24.9,+27,FULL,999,1,+0,+0,+0.0168,+0,+0.0384,+0,+0,+0,01:18:01 24.03.2020
5154,+23.8,+25.5,+23.8,+23.7,+23.9,+24,+23.7,+24.8,+24.7,+24.9,+27,FULL,999,1,+0,+0,+0.0168,+0,+0.0384,+0,+0,+0,01:19:01 24.03.2020
5155,+23.8,+25.6,+23.8,+23.7,+23.9,+24,+23.7,+24.8,+24.7,+24.9,+27,FULL,1000,1,+0,+0,+0.0168,+0,+0.0384,+0,+0,+0,01:20:01 24.03.2020
5156,+23.8,+25.6,+23.8,+23.7,+23.9,+24,+23.7,+24.8,+24.7,+24.9,+27,FULL,1000,1,+0,+0,+0.0168,+0,+0.0384,+0,+0,+0,01:21:01 24.03.2020
5157,+23.8,+25.6,+23.8,+23.7,+23.9,+24,+23.7,+24.8,+24.7,+24.9,+27,FULL,999,1,+0,+0,+0.0168,+0,+0.0384,+0,+0,+0,01:22:01 24.03.2020
5158,+23.8,+25.6,+23.8,+23.7,+23.9,+24,+23.7,+24.8,+24.7,+24.9,+27,FULL,1000,1,+0,+0,+0.0168,+0,+0.0386,+0,+0,+0,01:23:01 24.03.2020
5159,+23.8,+25.7,+23.8,+23.7,+23.9,+24,+23.7,+24.8,+24.7,+24.9,+27,FULL,1000,1,+0,+0,+0.0168,+0,+0.0386,+0,+0,+0,01:24:01 24.03.2020
5160,+23.8,+25.7,+23.8,+23.7,+23.9,+24,+23.7,+24.8,+24.7,+24.9,+27,FULL,999,1,+0,+0,+0.0168,+0,+0.0386,+0,+0,+0,01:25:01 24.03.2020
5161,+23.8,+25.7,+23.8,+23.7,+23.9,+24,+23.7,+24.8,+24.7,+24.9,+27,FULL,999,1,+0,+0,+0.0168,+0,+0.0386,+0,+0,+0,01:26:01 24.03.2020
5162,+23.8,+25.7,+23.8,+23.7,+23.9,+24,+23.7,+24.8,+24.7,+24.9,+27,FULL,1000,1,+0,+0,+0.0168,+0,+0.0386,+0,+0,+0,01:27:01 24.03.2020
5163,+23.8,+25.7,+23.8,+23.7,+23.9,+24,+23.7,+24.8,+24.7,+24.9,+27,FULL,1000,1,+0,+0,+0.0168,+0,+0.0386,+0,+0,+0,01:28:01 24.03.2020
5164,+23.7,+25.7,+23.8,+23.7,+23.9,+24,+23.7,+24.8,+24.7,+24.9,+27,FULL,999,1,+0,+0,+0.0168,+0,+0.0386,+0,+0,+0,01:29:01 24.03.2020
5165,+23.7,+25.7,+23.8,+23.7,+23.9,+24,+23.7,+24.8,+24.7,+24.9,+27,FULL,1000,1,+0,+0,+0.0168,+0,+0.0384,+0,+0,+0,01:30:01 24.03.2020
5166,+23.7,+25.7,+23.8,+23.7,+23.9,+24,+23.7,+24.8,+24.7,+24.9,+27,FULL,1000,1,+0,+0,+0.0168,+0,+0.0384,+0,+0,+0,01:31:01 24.03.2020
5167,+23.7,+25.7,+23.8,+23.7,+23.9,+24,+23.7,+24.8,+24.7,+24.8,+27,FULL,999,1,+0,+0,+0.0168,+0,+0.0384,+0,+0,+0,01:32:01 24.03.2020
5168,+23.7,+25.7,+23.8,+23.7,+23.9,+24,+23.7,+24.8,+24.7,+24.8,+27,FULL,999,1,+0,+0,+0.0168,+0,+0.0384,+0,+0,+0,01:33:01 24.03.2020
5169,+23.7,+25.7,+23.8,+23.7,+23.9,+24,+23.7,+24.8,+24.7,+24.8,+27,FULL,1000,1,+0,+0,+0.0168,+0,+0.0384,+0,+0,+0,01:34:01 24.03.2020
5170,+23.7,+25.7,+23.8,+23.7,+23.9,+24,+23.7,+24.7,+24.7,+24.8,+27,FULL,1000,1,+0,+0,+0.0168,+0,+0.0384,+0,+0,+0,01:35:01 24.03.2020
5171,+23.7,+25.7,+23.8,+23.7,+23.9,+24,+23.7,+24.8,+24.7,+24.9,+27,FULL,999,1,+0,+0,+0.0168,+0,+0.0385,+0,+0,+0,01:36:01 24.03.2020
5172,+23.7,+25.7,+23.8,+23.7,+23.9,+24,+23.7,+24.8,+24.7,+24.9,+27,FULL,1000,1,+0,+0,+0.0168,+0,+0.0386,+0,+0,+0,01:37:01 24.03.2020
5173,+23.7,+25.7,+23.8,+23.7,+23.9,+24.1,+23.7,+24.8,+24.7,+24.9,+27,FULL,1000,1,+0,+0,+0.0168,+0,+0.0386,+0,+0,+0,01:38:01 24.03.2020
5174,+23.7,+25.7,+23.8,+23.7,+23.9,+24.1,+23.7,+24.8,+24.7,+24.9,+27,FULL,999,1,+0,+0,+0.0168,+0,+0.0386,+0,+0,+0,01:39:01 24.03.2020
5175,+23.7,+25.7,+23.8,+23.7,+24,+24,+23.7,+24.8,+24.7,+24.9,+27,FULL,999,1,+0,+0,+0.0168,+0,+0.0386,+0,+0,+0,01:40:01 24.03.2020
5176,+23.6,+25.7,+23.8,+23.8,+24,+24,+23.7,+24.8,+24.7,+24.8,+27,FULL,1000,1,+0,+0,+0.0168,+0,+0.0386,+0,+0,+0,01:41:01 24.03.2020
5177,+23.6,+25.7,+23.8,+23.8,+24,+24,+23.7,+24.8,+24.7,+24.8,+27,FULL,1000,1,+0,+0,+0.0168,+0,+0.0386,+0,+0,+0,01:42:01 24.03.2020
5178,+23.6,+25.7,+23.8,+23.7,+24,+24,+23.7,+24.7,+24.7,+24.8,+27,FULL,999,1,+0,+0,+0.0168,+0,+0.0386,+0,+0,+0,01:43:01 24.03.2020
5179,+23.6,+25.7,+23.8,+23.8,+24,+24,+23.7,+24.7,+24.7,+24.8,+27,FULL,999,1,+0,+0,+0.0168,+0,+0.0386,+0,+0,+0,01:44:01 24.03.2020
5180,+23.6,+25.7,+23.8,+23.7,+24,+24,+23.7,+24.7,+24.6,+24.8,+27,FULL,1000,1,+0,+0,+0.0167,+0,+0.0386,+0,+0,+0,01:45:01 24.03.2020
5181,+23.6,+25.6,+23.8,+23.8,+23.9,+24,+23.7,+24.7,+24.7,+24.8,+27,FULL,999,1,+0,+0,+0.0168,+0,+0.0386,+0,+0,+0,01:46:01 24.03.2020
5182,+23.6,+25.6,+23.8,+23.7,+24,+24,+23.7,+24.7,+24.7,+24.8,+27,FULL,999,1,+0,+0,+0.0168,+0,+0.0386,+0,+0,+0,01:47:01 24.03.2020
5183,+23.5,+25.6,+23.8,+23.7,+23.9,+24,+23.7,+24.7,+24.6,+24.7,+27,FULL,1000,1,+0,+0,+0.0167,+0,+0.0386,+0,+0,+0,01:48:01 24.03.2020
5184,+23.5,+25.6,+23.8,+23.7,+23.9,+24,+23.7,+24.7,+24.6,+24.7,+27,FULL,999,1,+0,+0,+0.0167,+0,+0.0386,+0,+0,+0,01:49:01 24.03.2020
5185,+23.5,+25.6,+23.8,+23.7,+23.9,+24,+23.7,+24.7,+24.7,+24.8,+27,FULL,999,1,+0,+0,+0.0168,+0,+0.0386,+0,+0,+0,01:50:01 24.03.2020
5186,+23.5,+25.6,+23.8,+23.7,+24,+24,+23.7,+24.7,+24.7,+24.7,+27,FULL,1000,1,+0,+0,+0.0168,+0,+0.0386,+0,+0,+0,01:51:01 24.03.2020
5187,+23.5,+25.6,+23.8,+23.7,+23.9,+24,+23.7,+24.7,+24.6,+24.7,+27,FULL,1000,1,+0,+0,+0.0167,+0,+0.0387,+0,+0,+0,01:52:01 24.03.2020
5188,+23.5,+25.6,+23.8,+23.7,+23.9,+24.1,+23.7,+24.7,+24.6,+24.7,+27,FULL,999,1,+0,+0,+0.0167,+0,+0.0387,+0,+0,+0,01:53:01 24.03.2020
5189,+23.5,+25.5,+23.8,+23.7,+23.9,+24.1,+23.7,+24.7,+24.6,+24.7,+27,FULL,999,1,+0,+0,+0.0167,+0,+0.0387,+0,+0,+0,01:54:01 24.03.2020
5190,+23.5,+25.5,+23.8,+23.7,+23.9,+24.1,+23.7,+24.7,+24.6,+24.7,+27,FULL,1000,1,+0,+0,+0.0167,+0,+0.0389,+0,+0,+0,01:55:01 24.03.2020
5191,+23.5,+25.5,+23.8,+23.7,+23.9,+24.2,+23.7,+24.7,+24.6,+24.7,+27,FULL,999,1,+0,+0,+0.0167,+0,+0.0389,+0,+0,+0,01:56:01 24.03.2020
5192,+23.5,+25.5,+23.8,+23.7,+23.9,+24.2,+23.7,+24.8,+24.6,+24.7,+27,FULL,999,1,+0,+0,+0.0168,+0,+0.0389,+0,+0,+0,01:57:01 24.03.2020
5193,+23.5,+25.5,+23.8,+23.7,+23.9,+24.2,+23.7,+24.8,+24.7,+24.8,+27,FULL,1000,1,+0,+0,+0.0168,+0,+0.0387,+0,+0,+0,01:58:01 24.03.2020
5194,+23.4,+25.5,+23.8,+23.7,+23.9,+24.2,+23.7,+24.7,+24.7,+24.7,+27,FULL,1000,1,+0,+0,+0.0168,+0,+0.0389,+0,+0,+0,01:59:01 24.03.2020
5195,+23.4,+25.5,+23.8,+23.7,+23.9,+24.2,+23.7,+24.7,+24.6,+24.7,+27,FULL,999,1,+0,+0,+0.0167,+0,+0.0389,+0,+0,+0,02:00:01 24.03.2020
5196,+23.4,+25.5,+23.8,+23.7,+23.9,+24.1,+23.7,+24.8,+24.6,+24.8,+27,FULL,999,1,+0,+0,+0.0168,+0,+0.0387,+0,+0,+0,02:01:01 24.03.2020
5197,+23.4,+25.4,+23.8,+23.7,+23.9,+24.1,+23.7,+24.7,+24.7,+24.8,+27,FULL,1000,1,+0,+0,+0.0168,+0,+0.0387,+0,+0,+0,02:02:01 24.03.2020
5198,+23.4,+25.5,+23.8,+23.7,+23.9,+24.1,+23.7,+24.7,+24.7,+24.8,+27,FULL,999,1,+0,+0,+0.0168,+0,+0.0387,+0,+0,+0,02:03:01 24.03.2020
5199,+23.3,+25.5,+23.8,+23.7,+23.9,+24.1,+23.7,+24.7,+24.6,+24.8,+27,FULL,999,1,+0,+0,+0.0167,+0,+0.0387,+0,+0,+0,02:04:01 24.03.2020
5200,+23.3,+25.4,+23.8,+23.7,+23.9,+24.1,+23.7,+24.7,+24.6,+24.8,+27,FULL,1000,1,+0,+0,+0.0167,+0,+0.0387,+0,+0,+0,02:05:01 24.03.2020
5201,+23.3,+25.4,+23.8,+23.7,+23.9,+24.1,+23.7,+24.8,+24.7,+24.8,+27,FULL,1000,1,+0,+0,+0.0168,+0,+0.0386,+0,+0,+0,02:06:01 24.03.2020
5202,+23.3,+25.4,+23.8,+23.7,+23.9,+24,+23.7,+24.8,+24.7,+24.8,+27,FULL,999,1,+0,+0,+0.0168,+0,+0.0386,+0,+0,+0,02:07:01 24.03.2020
5203,+23.3,+25.5,+23.8,+23.7,+23.9,+24.1,+23.7,+24.7,+24.7,+24.8,+27,FULL,999,1,+0,+0,+0.0168,+0,+0.0386,+0,+0,+0,02:08:01 24.03.2020
5204,+23.3,+25.5,+23.8,+23.7,+23.9,+24.1,+23.7,+24.7,+24.7,+24.8,+27,FULL,1000,1,+0,+0,+0.0168,+0,+0.0386,+0,+0,+0,02:09:01 24.03.2020
5205,+23.3,+25.6,+23.8,+23.7,+23.9,+24.1,+23.7,+24.7,+24.7,+24.9,+27,FULL,999,1,+0,+0,+0.0168,+0,+0.0386,+0,+0,+0,02:10:01 24.03.2020
5206,+23.3,+25.6,+23.8,+23.7,+23.9,+24.1,+23.7,+24.8,+24.7,+24.8,+27,FULL,999,1,+0,+0,+0.0168,+0,+0.0386,+0,+0,+0,02:11:01 24.03.2020
5207,+23.3,+25.6,+23.8,+23.7,+23.9,+24.1,+23.7,+24.7,+24.7,+24.9,+27,FULL,1000,1,+0,+0,+0.0168,+0,+0.0386,+0,+0,+0,02:12:01 24.03.2020
5208,+23.3,+25.6,+23.8,+23.7,+23.9,+24.1,+23.7,+24.8,+24.7,+24.8,+27,FULL,1000,1,+0,+0,+0.0168,+0,+0.0386,+0,+0,+0,02:13:01 24.03.2020
5209,+23.3,+25.6,+23.8,+23.7,+23.9,+24.1,+23.7,+24.8,+24.7,+24.9,+27,FULL,999,1,+0,+0,+0.0168,+0,+0.0386,+0,+0,+0,02:14:01 24.03.2020
5210,+23.3,+25.6,+23.8,+23.7,+23.9,+24.1,+23.7,+24.8,+24.7,+24.8,+27,FULL,1000,1,+0,+0,+0.0168,+0,+0.0386,+0,+0,+0,02:15:01 24.03.2020
5211,+23.3,+25.6,+23.8,+23.7,+23.9,+24.1,+23.7,+24.7,+24.7,+24.8,+27,FULL,1000,1,+0,+0,+0.0168,+0,+0.0386,+0,+0,+0,02:16:01 24.03.2020
5212,+23.3,+25.6,+23.8,+23.7,+23.9,+24.1,+23.7,+24.7,+24.7,+24.8,+27,FULL,999,1,+0,+0,+0.0168,+0,+0.0386,+0,+0,+0,02:17:01 24.03.2020
5213,+23.3,+25.7,+23.8,+23.7,+23.9,+24,+23.7,+24.7,+24.7,+24.8,+27,FULL,999,1,+0,+0,+0.0168,+0,+0.0386,+0,+0,+0,02:18:01 24.03.2020
5214,+23.3,+25.7,+23.8,+23.7,+23.9,+24,+23.7,+24.7,+24.7,+24.9,+27,FULL,1000,1,+0,+0,+0.0168,+0,+0.0386,+0,+0,+0,02:19:01 24.03.2020
5215,+23.2,+25.7,+23.8,+23.7,+23.9,+24,+23.7,+24.7,+24.7,+24.9,+27,FULL,1000,1,+0,+0,+0.0168,+0,+0.0384,+0,+0,+0,02:20:01 24.03.2020
5216,+23.2,+25.7,+23.8,+23.7,+23.9,+24,+23.7,+24.7,+24.7,+24.8,+27,FULL,999,1,+0,+0,+0.0168,+0,+0.0384,+0,+0,+0,02:21:01 24.03.2020
5217,+23.2,+25.7,+23.8,+23.7,+23.9,+24,+23.7,+24.7,+24.7,+24.8,+27,FULL,1000,1,+0,+0,+0.0168,+0,+0.0384,+0,+0,+0,02:22:01 24.03.2020
5218,+23.2,+25.7,+23.8,+23.7,+23.9,+24,+23.7,+24.7,+24.7,+24.8,+27,FULL,1000,1,+0,+0,+0.0168,+0,+0.0384,+0,+0,+0,02:23:01 24.03.2020
5219,+23.2,+25.7,+23.8,+23.7,+23.9,+24,+23.7,+24.7,+24.7,+24.8,+27,FULL,999,1,+0,+0,+0.0168,+0,+0.0384,+0,+0,+0,02:24:01 24.03.2020
5220,+23.2,+25.7,+23.8,+23.7,+23.9,+24,+23.7,+24.7,+24.7,+24.8,+27,FULL,999,1,+0,+0,+0.0168,+0,+0.0386,+0,+0,+0,02:25:01 24.03.2020
5221,+23.2,+25.7,+23.8,+23.7,+23.9,+24.1,+23.7,+24.7,+24.7,+24.8,+27,FULL,1000,1,+0,+0,+0.0168,+0,+0.0386,+0,+0,+0,02:26:01 24.03.2020
5222,+23.2,+25.7,+23.8,+23.7,+23.9,+24.1,+23.7,+24.7,+24.7,+24.8,+27,FULL,1000,1,+0,+0,+0.0168,+0,+0.0386,+0,+0,+0,02:27:01 24.03.2020
5223,+23.2,+25.7,+23.8,+23.7,+23.9,+24.1,+23.7,+24.7,+24.7,+24.8,+27,FULL,999,1,+0,+0,+0.0168,+0,+0.0386,+0,+0,+0,02:28:01 24.03.2020
5224,+23.2,+25.7,+23.8,+23.7,+23.9,+24.1,+23.7,+24.7,+24.7,+24.8,+27,FULL,1000,1,+0,+0,+0.0168,+0,+0.0386,+0,+0,+0,02:29:01 24.03.2020
5225,+23.1,+25.7,+23.8,+23.7,+23.9,+24.1,+23.7,+24.7,+24.6,+24.8,+27,FULL,1000,1,+0,+0,+0.0167,+0,+0.0386,+0,+0,+0,02:30:01 24.03.2020
5226,+23.1,+25.7,+23.8,+23.7,+23.9,+24,+23.6,+24.7,+24.7,+24.8,+27,FULL,999,1,+0,+0,+0.0168,+0,+0.0386,+0,+0,+0,02:31:01 24.03.2020
5227,+23.1,+25.7,+23.8,+23.7,+24,+24,+23.6,+24.7,+24.7,+24.8,+27,FULL,1000,1,+0,+0,+0.0168,+0,+0.0386,+0,+0,+0,02:32:01 24.03.2020
5228,+23.1,+25.7,+23.8,+23.7,+23.9,+24,+23.6,+24.7,+24.6,+24.7,+27,FULL,1000,1,+0,+0,+0.0167,+0,+0.0386,+0,+0,+0,02:33:01 24.03.2020
5229,+23,+25.7,+23.8,+23.7,+23.9,+24,+23.7,+24.7,+24.6,+24.7,+27,FULL,1000,1,+0,+0,+0.0167,+0,+0.0386,+0,+0,+0,02:34:01 24.03.2020
5230,+23,+25.6,+23.8,+23.7,+23.9,+24,+23.6,+24.7,+24.6,+24.7,+27,FULL,999,1,+0,+0,+0.0167,+0,+0.0386,+0,+0,+0,02:35:01 24.03.2020
5231,+23,+25.6,+23.8,+23.7,+23.9,+24,+23.6,+24.7,+24.7,+24.7,+27,FULL,1000,1,+0,+0,+0.0168,+0,+0.0386,+0,+0,+0,02:36:01 24.03.2020
5232,+23.1,+25.6,+23.8,+23.7,+23.9,+24,+23.6,+24.7,+24.6,+24.7,+27,FULL,1000,1,+0,+0,+0.0167,+0,+0.0387,+0,+0,+0,02:37:01 24.03.2020
5233,+23.1,+25.6,+23.8,+23.7,+23.9,+24.1,+23.6,+24.7,+24.6,+24.7,+27,FULL,999,1,+0,+0,+0.0167,+0,+0.0387,+0,+0,+0,02:38:01 24.03.2020
5234,+23.1,+25.5,+23.8,+23.7,+23.9,+24.1,+23.6,+24.7,+24.6,+24.8,+27,FULL,1000,1,+0,+0,+0.0167,+0,+0.0386,+0,+0,+0,02:39:01 24.03.2020
5235,+23.1,+25.5,+23.8,+23.7,+23.9,+24.1,+23.6,+24.7,+24.6,+24.7,+27,FULL,1000,1,+0,+0,+0.0167,+0,+0.0387,+0,+0,+0,02:40:01 24.03.2020
5236,+23.1,+25.5,+23.8,+23.7,+23.9,+24.1,+23.6,+24.7,+24.6,+24.7,+27,FULL,1000,1,+0,+0,+0.0167,+0,+0.0387,+0,+0,+0,02:41:01 24.03.2020
5237,+23.1,+25.6,+23.8,+23.7,+23.9,+24.2,+23.6,+24.7,+24.6,+24.7,+27,FULL,999,1,+0,+0,+0.0167,+0,+0.0389,+0,+0,+0,02:42:01 24.03.2020
5238,+23.1,+25.5,+23.8,+23.7,+23.9,+24.1,+23.6,+24.8,+24.7,+24.8,+27,FULL,1000,1,+0,+0,+0.0168,+0,+0.0387,+0,+0,+0,02:43:01 24.03.2020
5239,+23.1,+25.5,+23.8,+23.7,+23.9,+24.1,+23.6,+24.7,+24.7,+24.8,+27,FULL,1000,1,+0,+0,+0.0168,+0,+0.0387,+0,+0,+0,02:44:01 24.03.2020
5240,+23.1,+25.5,+23.8,+23.7,+23.9,+24.1,+23.6,+24.7,+24.7,+24.8,+27,FULL,999,1,+0,+0,+0.0168,+0,+0.0387,+0,+0,+0,02:45:01 24.03.2020
5241,+23.1,+25.5,+23.8,+23.7,+23.9,+24.1,+23.6,+24.7,+24.6,+24.7,+27,FULL,1000,1,+0,+0,+0.0167,+0,+0.0387,+0,+0,+0,02:46:01 24.03.2020
5242,+23.1,+25.5,+23.8,+23.7,+23.9,+24.1,+23.6,+24.7,+24.7,+24.7,+27,FULL,1000,1,+0,+0,+0.0168,+0,+0.0387,+0,+0,+0,02:47:01 24.03.2020
5243,+23.1,+25.5,+23.8,+23.7,+23.9,+24.1,+23.6,+24.7,+24.7,+24.8,+27,FULL,1000,1,+0,+0,+0.0168,+0,+0.0387,+0,+0,+0,02:48:01 24.03.2020
5244,+23.1,+25.5,+23.8,+23.7,+23.9,+24.1,+23.6,+24.7,+24.6,+24.7,+27,FULL,999,1,+0,+0,+0.0167,+0,+0.0387,+0,+0,+0,02:49:01 24.03.2020
5245,+23.1,+25.5,+23.8,+23.7,+23.9,+24.1,+23.6,+24.7,+24.6,+24.7,+27,FULL,1000,1,+0,+0,+0.0167,+0,+0.0387,+0,+0,+0,02:50:01 24.03.2020
5246,+23.1,+25.4,+23.8,+23.7,+23.9,+24,+23.6,+24.7,+24.6,+24.8,+27,FULL,1000,1,+0,+0,+0.0167,+0,+0.0386,+0,+0,+0,02:51:01 24.03.2020
5247,+23.1,+25.4,+23.8,+23.7,+23.9,+24,+23.6,+24.7,+24.6,+24.8,+27,FULL,999,1,+0,+0,+0.0167,+0,+0.0386,+0,+0,+0,02:52:01 24.03.2020
5248,+23.1,+25.4,+23.8,+23.7,+23.9,+24,+23.6,+24.7,+24.6,+24.8,+27,FULL,1000,1,+0,+0,+0.0167,+0,+0.0386,+0,+0,+0,02:53:01 24.03.2020
5249,+23.1,+25.4,+23.8,+23.7,+23.9,+24,+23.6,+24.7,+24.6,+24.8,+27,FULL,1000,1,+0,+0,+0.0167,+0,+0.0386,+0,+0,+0,02:54:01 24.03.2020
5250,+23.1,+25.4,+23.8,+23.7,+23.9,+24,+23.6,+24.8,+24.7,+24.8,+27,FULL,999,1,+0,+0,+0.0168,+0,+0.0386,+0,+0,+0,02:55:01 24.03.2020
5251,+23.2,+25.4,+23.8,+23.7,+23.9,+24,+23.6,+24.8,+24.7,+24.8,+27,FULL,999,1,+0,+0,+0.0168,+0,+0.0386,+0,+0,+0,02:56:01 24.03.2020
5252,+23.2,+25.4,+23.8,+23.7,+23.9,+24,+23.6,+24.7,+24.6,+24.8,+27,FULL,1000,1,+0,+0,+0.0167,+0,+0.0386,+0,+0,+0,02:57:01 24.03.2020
5253,+23.2,+25.5,+23.8,+23.7,+23.9,+24,+23.6,+24.7,+24.7,+24.8,+27,FULL,1000,1,+0,+0,+0.0168,+0,+0.0385,+0,+0,+0,02:58:01 24.03.2020
5254,+23.2,+25.5,+23.8,+23.7,+23.9,+24,+23.6,+24.7,+24.7,+24.8,+27,FULL,999,1,+0,+0,+0.0168,+0,+0.0384,+0,+0,+0,02:59:01 24.03.2020
5255,+23.2,+25.6,+23.8,+23.7,+23.9,+24,+23.6,+24.7,+24.7,+24.8,+27,FULL,1000,1,+0,+0,+0.0168,+0,+0.0384,+0,+0,+0,03:00:01 24.03.2020
5256,+23.2,+25.6,+23.8,+23.7,+23.9,+24,+23.6,+24.7,+24.7,+24.8,+27,FULL,1000,1,+0,+0,+0.0167,+0,+0.0384,+0,+0,+0,03:01:01 24.03.2020
5257,+23.2,+25.6,+23.8,+23.7,+23.9,+24,+23.6,+24.7,+24.7,+24.8,+27,FULL,999,1,+0,+0,+0.0168,+0,+0.0384,+0,+0,+0,03:02:01 24.03.2020
5258,+23.2,+25.6,+23.8,+23.7,+23.9,+24,+23.6,+24.7,+24.7,+24.8,+27,FULL,999,1,+0,+0,+0.0168,+0,+0.0384,+0,+0,+0,03:03:01 24.03.2020
5259,+23.2,+25.6,+23.8,+23.7,+23.9,+24,+23.6,+24.7,+24.7,+24.8,+27,FULL,1000,1,+0,+0,+0.0168,+0,+0.0384,+0,+0,+0,03:04:01 24.03.2020
5260,+23.2,+25.6,+23.8,+23.7,+23.9,+24,+23.6,+24.7,+24.6,+24.8,+27,FULL,999,1,+0,+0,+0.0167,+0,+0.0384,+0,+0,+0,03:05:01 24.03.2020
5261,+23.2,+25.6,+23.8,+23.7,+23.9,+23.9,+23.6,+24.7,+24.7,+24.8,+27,FULL,999,1,+0,+0,+0.0168,+0,+0.0384,+0,+0,+0,03:06:01 24.03.2020
5262,+23.2,+25.6,+23.8,+23.7,+23.9,+23.9,+23.6,+24.7,+24.7,+24.8,+27,FULL,1000,1,+0,+0,+0.0168,+0,+0.0384,+0,+0,+0,03:07:01 24.03.2020
5263,+23.2,+25.6,+23.8,+23.7,+23.9,+23.9,+23.6,+24.7,+24.7,+24.8,+27,FULL,1000,1,+0,+0,+0.0168,+0,+0.0382,+0,+0,+0,03:08:01 24.03.2020
5264,+23.2,+25.6,+23.8,+23.7,+23.9,+23.9,+23.6,+24.7,+24.7,+24.8,+27,FULL,1000,1,+0,+0,+0.0168,+0,+0.0382,+0,+0,+0,03:09:01 24.03.2020
5265,+23.2,+25.6,+23.8,+23.7,+23.9,+23.9,+23.6,+24.7,+24.7,+24.8,+27,FULL,999,1,+0,+0,+0.0168,+0,+0.0382,+0,+0,+0,03:10:01 24.03.2020
5266,+23.2,+25.6,+23.8,+23.7,+23.9,+23.9,+23.6,+24.7,+24.7,+24.8,+27,FULL,1000,1,+0,+0,+0.0168,+0,+0.0384,+0,+0,+0,03:11:01 24.03.2020
5267,+23.2,+25.6,+23.8,+23.7,+23.9,+24,+23.6,+24.7,+24.7,+24.8,+27,FULL,999,1,+0,+0,+0.0168,+0,+0.0384,+0,+0,+0,03:12:01 24.03.2020
5268,+23.2,+25.6,+23.8,+23.7,+23.9,+24,+23.6,+24.8,+24.7,+24.8,+27,FULL,999,1,+0,+0,+0.0168,+0,+0.0382,+0,+0,+0,03:13:01 24.03.2020
5269,+23.2,+25.6,+23.8,+23.7,+23.9,+24,+23.6,+24.7,+24.7,+24.8,+27,FULL,1000,1,+0,+0,+0.0168,+0,+0.0382,+0,+0,+0,03:14:01 24.03.2020
5270,+23.2,+25.6,+23.8,+23.7,+23.9,+23.9,+23.6,+24.7,+24.7,+24.8,+27,FULL,1000,1,+0,+0,+0.0168,+0,+0.0384,+0,+0,+0,03:15:01 24.03.2020
5271,+23.2,+25.7,+23.8,+23.7,+23.9,+23.9,+23.6,+24.7,+24.7,+24.8,+27,FULL,999,1,+0,+0,+0.0168,+0,+0.0382,+0,+0,+0,03:16:01 24.03.2020
5272,+23.2,+25.7,+23.8,+23.7,+23.9,+23.9,+23.6,+24.7,+24.7,+24.8,+27,FULL,999,1,+0,+0,+0.0168,+0,+0.0382,+0,+0,+0,03:17:01 24.03.2020
5273,+23.2,+25.7,+23.8,+23.7,+23.9,+23.9,+23.6,+24.7,+24.7,+24.8,+27,FULL,1000,1,+0,+0,+0.0168,+0,+0.0382,+0,+0,+0,03:18:01 24.03.2020
5274,+23.2,+25.7,+23.8,+23.7,+23.9,+23.9,+23.6,+24.7,+24.7,+24.8,+27,FULL,1000,1,+0,+0,+0.0168,+0,+0.0382,+0,+0,+0,03:19:01 24.03.2020
5275,+23.2,+25.7,+23.8,+23.7,+23.9,+23.9,+23.6,+24.7,+24.7,+24.8,+27,FULL,999,1,+0,+0,+0.0168,+0,+0.0382,+0,+0,+0,03:20:01 24.03.2020
5276,+23.3,+25.7,+23.8,+23.7,+23.9,+23.9,+23.6,+24.7,+24.7,+24.8,+27,FULL,1000,1,+0,+0,+0.0168,+0,+0.0382,+0,+0,+0,03:21:01 24.03.2020
5277,+23.3,+25.7,+23.8,+23.7,+23.9,+23.9,+23.6,+24.7,+24.7,+24.8,+27,FULL,1000,1,+0,+0,+0.0168,+0,+0.0382,+0,+0,+0,03:22:01 24.03.2020
5278,+23.3,+25.7,+23.8,+23.7,+23.9,+23.9,+23.6,+24.7,+24.6,+24.7,+27,FULL,999,1,+0,+0,+0.0167,+0,+0.0384,+0,+0,+0,03:23:01 24.03.2020
5279,+23.3,+25.6,+23.8,+23.7,+23.9,+24,+23.6,+24.7,+24.6,+24.7,+27,FULL,999,1,+0,+0,+0.0167,+0,+0.0384,+0,+0,+0,03:24:01 24.03.2020
5280,+23.3,+25.6,+23.8,+23.7,+23.9,+24,+23.6,+24.7,+24.7,+24.7,+27,FULL,1000,1,+0,+0,+0.0168,+0,+0.0384,+0,+0,+0,03:25:01 24.03.2020
5281,+23.3,+25.6,+23.8,+23.7,+23.9,+24,+23.6,+24.7,+24.7,+24.7,+27,FULL,999,1,+0,+0,+0.0168,+0,+0.0386,+0,+0,+0,03:26:01 24.03.2020
5282,+23.3,+25.6,+23.8,+23.7,+23.9,+24,+23.6,+24.7,+24.6,+24.6,+27,FULL,999,1,+0,+0,+0.0167,+0,+0.0386,+0,+0,+0,03:27:01 24.03.2020
5283,+23.3,+25.6,+23.8,+23.7,+23.9,+24.1,+23.6,+24.7,+24.6,+24.7,+27,FULL,1000,1,+0,+0,+0.0167,+0,+0.0386,+0,+0,+0,03:28:01 24.03.2020
5284,+23.3,+25.5,+23.8,+23.7,+23.9,+24,+23.6,+24.7,+24.7,+24.7,+27,FULL,1000,1,+0,+0,+0.0168,+0,+0.0386,+0,+0,+0,03:29:01 24.03.2020
5285,+23.3,+25.5,+23.8,+23.7,+23.9,+24,+23.6,+24.7,+24.7,+24.7,+27,FULL,999,1,+0,+0,+0.0168,+0,+0.0386,+0,+0,+0,03:30:01 24.03.2020
5286,+23.3,+25.5,+23.8,+23.7,+23.9,+24,+23.6,+24.7,+24.6,+24.7,+27,FULL,999,1,+0,+0,+0.0167,+0,+0.0386,+0,+0,+0,03:31:01 24.03.2020
5287,+23.3,+25.5,+23.8,+23.7,+23.9,+24,+23.6,+24.7,+24.6,+24.7,+27,FULL,1000,1,+0,+0,+0.0167,+0,+0.0386,+0,+0,+0,03:32:01 24.03.2020
5288,+23.3,+25.4,+23.8,+23.7,+23.9,+24,+23.6,+24.7,+24.7,+24.7,+27,FULL,999,1,+0,+0,+0.0168,+0,+0.0384,+0,+0,+0,03:33:01 24.03.2020
5289,+23.3,+25.5,+23.8,+23.7,+23.9,+24,+23.6,+24.7,+24.7,+24.8,+27,FULL,999,1,+0,+0,+0.0168,+0,+0.0384,+0,+0,+0,03:34:01 24.03.2020
5290,+23.3,+25.5,+23.8,+23.7,+23.9,+24,+23.6,+24.7,+24.6,+24.7,+27,FULL,1000,1,+0,+0,+0.0167,+0,+0.0384,+0,+0,+0,03:35:01 24.03.2020
5291,+23.3,+25.4,+23.8,+23.7,+23.9,+24,+23.6,+24.7,+24.6,+24.7,+27,FULL,1000,1,+0,+0,+0.0167,+0,+0.0384,+0,+0,+0,03:36:01 24.03.2020
5292,+23.3,+25.4,+23.8,+23.7,+23.9,+23.9,+23.6,+24.7,+24.7,+24.8,+27,FULL,999,1,+0,+0,+0.0168,+0,+0.0384,+0,+0,+0,03:37:01 24.03.2020
5293,+23.3,+25.4,+23.8,+23.7,+23.9,+23.9,+23.6,+24.7,+24.7,+24.8,+27,FULL,999,1,+0,+0,+0.0168,+0,+0.0384,+0,+0,+0,03:38:01 24.03.2020
5294,+23.4,+25.4,+23.8,+23.7,+23.9,+24,+23.6,+24.7,+24.6,+24.7,+27,FULL,1000,1,+0,+0,+0.0167,+0,+0.0384,+0,+0,+0,03:39:01 24.03.2020
5295,+23.4,+25.4,+23.8,+23.7,+23.9,+24,+23.6,+24.7,+24.6,+24.7,+27,FULL,999,1,+0,+0,+0.0167,+0,+0.0384,+0,+0,+0,03:40:01 24.03.2020
5296,+23.4,+25.4,+23.8,+23.7,+23.9,+24,+23.6,+24.7,+24.7,+24.7,+27,FULL,999,1,+0,+0,+0.0168,+0,+0.0384,+0,+0,+0,03:41:01 24.03.2020
5297,+23.5,+25.4,+23.8,+23.7,+23.9,+24,+23.6,+24.7,+24.6,+24.7,+27,FULL,1000,1,+0,+0,+0.0167,+0,+0.0386,+0,+0,+0,03:42:01 24.03.2020
5298,+23.4,+25.4,+23.8,+23.7,+23.9,+24.1,+23.6,+24.7,+24.6,+24.7,+27,FULL,1000,1,+0,+0,+0.0167,+0,+0.0387,+0,+0,+0,03:43:01 24.03.2020
5299,+23.4,+25.4,+23.8,+23.7,+23.9,+24.1,+23.6,+24.7,+24.6,+24.8,+27,FULL,999,1,+0,+0,+0.0167,+0,+0.0386,+0,+0,+0,03:44:01 24.03.2020
5300,+23.4,+25.4,+23.8,+23.7,+23.9,+24.1,+23.6,+24.7,+24.7,+24.8,+27,FULL,1000,1,+0,+0,+0.0168,+0,+0.0386,+0,+0,+0,03:45:01 24.03.2020
5301,+23.4,+25.4,+23.8,+23.7,+23.9,+24.1,+23.6,+24.8,+24.7,+24.8,+27,FULL,1000,1,+0,+0,+0.0168,+0,+0.0386,+0,+0,+0,03:46:01 24.03.2020
5302,+23.4,+25.4,+23.8,+23.7,+23.9,+24.1,+23.6,+24.7,+24.7,+24.8,+27,FULL,999,1,+0,+0,+0.0168,+0,+0.0386,+0,+0,+0,03:47:01 24.03.2020
5303,+23.4,+25.4,+23.8,+23.7,+23.9,+24,+23.6,+24.8,+24.7,+24.8,+27,FULL,999,1,+0,+0,+0.0168,+0,+0.0384,+0,+0,+0,03:48:01 24.03.2020
5304,+23.4,+25.5,+23.8,+23.7,+23.9,+24,+23.6,+24.8,+24.7,+24.9,+27,FULL,1000,1,+0,+0,+0.0168,+0,+0.0384,+0,+0,+0,03:49:01 24.03.2020
5305,+23.4,+25.5,+23.8,+23.7,+23.9,+24,+23.6,+24.8,+24.7,+24.8,+27,FULL,1000,1,+0,+0,+0.0168,+0,+0.0384,+0,+0,+0,03:50:01 24.03.2020
5306,+23.4,+25.5,+23.8,+23.7,+23.9,+24,+23.6,+24.7,+24.7,+24.8,+27,FULL,999,1,+0,+0,+0.0168,+0,+0.0384,+0,+0,+0,03:51:01 24.03.2020
5307,+23.4,+25.5,+23.8,+23.7,+23.9,+24,+23.6,+24.7,+24.7,+24.8,+27,FULL,999,1,+0,+0,+0.0168,+0,+0.0384,+0,+0,+0,03:52:01 24.03.2020
5308,+23.4,+25.6,+23.8,+23.7,+23.9,+24,+23.6,+24.7,+24.7,+24.9,+27,FULL,1000,1,+0,+0,+0.0168,+0,+0.0384,+0,+0,+0,03:53:01 24.03.2020
5309,+23.4,+25.6,+23.8,+23.7,+23.9,+24,+23.6,+24.7,+24.7,+24.8,+27,FULL,999,1,+0,+0,+0.0168,+0,+0.0384,+0,+0,+0,03:54:01 24.03.2020
5310,+23.4,+25.6,+23.8,+23.7,+23.9,+23.9,+23.6,+24.7,+24.7,+24.9,+27,FULL,999,1,+0,+0,+0.0168,+0,+0.0384,+0,+0,+0,03:55:01 24.03.2020
5311,+23.5,+25.6,+23.8,+23.7,+23.9,+23.9,+23.6,+24.7,+24.7,+24.8,+27,FULL,1000,1,+0,+0,+0.0168,+0,+0.0384,+0,+0,+0,03:56:01 24.03.2020
5312,+23.5,+25.6,+23.8,+23.7,+23.9,+23.9,+23.6,+24.7,+24.7,+24.8,+27,FULL,1000,1,+0,+0,+0.0168,+0,+0.0384,+0,+0,+0,03:57:01 24.03.2020
5313,+23.5,+25.6,+23.8,+23.7,+23.9,+23.9,+23.6,+24.7,+24.7,+24.9,+27,FULL,999,1,+0,+0,+0.0168,+0,+0.0382,+0,+0,+0,03:58:01 24.03.2020
5314,+23.5,+25.6,+23.8,+23.7,+23.9,+24,+23.6,+24.8,+24.7,+24.9,+27,FULL,1000,1,+0,+0,+0.0168,+0,+0.0382,+0,+0,+0,03:59:01 24.03.2020
5315,+23.5,+25.6,+23.8,+23.7,+23.9,+24,+23.6,+24.7,+24.7,+24.9,+27,FULL,1000,1,+0,+0,+0.0168,+0,+0.0384,+0,+0,+0,04:00:01 24.03.2020
5316,+23.5,+25.6,+23.8,+23.7,+23.9,+24,+23.6,+24.7,+24.7,+24.9,+27,FULL,999,1,+0,+0,+0.0168,+0,+0.0384,+0,+0,+0,04:01:01 24.03.2020
5317,+23.5,+25.6,+23.8,+23.7,+23.9,+24,+23.6,+24.8,+24.7,+24.9,+27,FULL,999,1,+0,+0,+0.0168,+0,+0.0382,+0,+0,+0,04:02:01 24.03.2020
5318,+23.5,+25.6,+23.8,+23.7,+23.9,+24,+23.6,+24.8,+24.7,+24.9,+27,FULL,1000,1,+0,+0,+0.0168,+0,+0.0382,+0,+0,+0,04:03:01 24.03.2020
5319,+23.5,+25.6,+23.8,+23.7,+23.9,+23.9,+23.6,+24.7,+24.7,+24.8,+27,FULL,1000,1,+0,+0,+0.0168,+0,+0.0382,+0,+0,+0,04:04:01 24.03.2020
5320,+23.5,+25.6,+23.8,+23.7,+23.9,+23.9,+23.6,+24.7,+24.7,+24.8,+27,FULL,999,1,+0,+0,+0.0168,+0,+0.0382,+0,+0,+0,04:05:01 24.03.2020
5321,+23.5,+25.6,+23.8,+23.7,+23.9,+23.9,+23.6,+24.7,+24.7,+24.9,+27,FULL,999,1,+0,+0,+0.0168,+0,+0.0382,+0,+0,+0,04:06:01 24.03.2020
5322,+23.5,+25.6,+23.8,+23.7,+23.9,+23.9,+23.6,+24.8,+24.7,+24.9,+27,FULL,1000,1,+0,+0,+0.0168,+0,+0.0382,+0,+0,+0,04:07:01 24.03.2020
5323,+23.5,+25.6,+23.8,+23.7,+23.9,+23.9,+23.6,+24.7,+24.7,+24.8,+27,FULL,999,1,+0,+0,+0.0168,+0,+0.0382,+0,+0,+0,04:08:01 24.03.2020
5324,+23.5,+25.6,+23.8,+23.7,+23.9,+23.9,+23.6,+24.7,+24.7,+24.8,+27,FULL,999,1,+0,+0,+0.0168,+0,+0.0382,+0,+0,+0,04:09:01 24.03.2020
5325,+23.5,+25.6,+23.8,+23.7,+23.9,+23.9,+23.6,+24.7,+24.7,+24.8,+27,FULL,1000,1,+0,+0,+0.0168,+0,+0.0382,+0,+0,+0,04:10:01 24.03.2020
5326,+23.6,+25.6,+23.8,+23.7,+23.9,+23.9,+23.6,+24.7,+24.7,+24.8,+27,FULL,999,1,+0,+0,+0.0168,+0,+0.0382,+0,+0,+0,04:11:01 24.03.2020
5327,+23.6,+25.6,+23.8,+23.7,+23.9,+23.9,+23.6,+24.7,+24.7,+24.8,+27,FULL,999,1,+0,+0,+0.0168,+0,+0.0384,+0,+0,+0,04:12:01 24.03.2020
5328,+23.6,+25.6,+23.8,+23.7,+23.9,+24,+23.6,+24.7,+24.6,+24.8,+27,FULL,1000,1,+0,+0,+0.0167,+0,+0.0386,+0,+0,+0,04:13:01 24.03.2020
5329,+23.6,+25.6,+23.8,+23.7,+23.9,+24,+23.6,+24.7,+24.7,+24.8,+27,FULL,1000,1,+0,+0,+0.0168,+0,+0.0384,+0,+0,+0,04:14:01 24.03.2020
5330,+23.6,+25.5,+23.8,+23.7,+23.9,+24,+23.6,+24.7,+24.7,+24.8,+27,FULL,999,1,+0,+0,+0.0168,+0,+0.0384,+0,+0,+0,04:15:01 24.03.2020
5331,+23.6,+25.5,+23.8,+23.7,+23.9,+24,+23.6,+24.7,+24.7,+24.8,+27,FULL,999,1,+0,+0,+0.0168,+0,+0.0386,+0,+0,+0,04:16:01 24.03.2020
5332,+23.6,+25.5,+23.8,+23.7,+23.9,+24,+23.6,+24.7,+24.7,+24.7,+27,FULL,1000,1,+0,+0,+0.0168,+0,+0.0386,+0,+0,+0,04:17:01 24.03.2020
5333,+23.6,+25.5,+23.8,+23.7,+23.9,+24,+23.6,+24.7,+24.7,+24.8,+27,FULL,999,1,+0,+0,+0.0168,+0,+0.0384,+0,+0,+0,04:18:01 24.03.2020
5334,+23.6,+25.5,+23.8,+23.7,+23.9,+24,+23.6,+24.7,+24.7,+24.8,+27,FULL,999,1,+0,+0,+0.0168,+0,+0.0384,+0,+0,+0,04:19:01 24.03.2020
5335,+23.6,+25.5,+23.8,+23.7,+23.9,+24,+23.6,+24.7,+24.7,+24.8,+27,FULL,1000,1,+0,+0,+0.0168,+0,+0.0384,+0,+0,+0,04:20:01 24.03.2020
5336,+23.6,+25.5,+23.8,+23.7,+23.9,+24,+23.6,+24.7,+24.6,+24.8,+27,FULL,1000,1,+0,+0,+0.0167,+0,+0.0384,+0,+0,+0,04:21:01 24.03.2020
5337,+23.6,+25.4,+23.8,+23.7,+23.9,+24,+23.6,+24.7,+24.7,+24.8,+27,FULL,999,1,+0,+0,+0.0168,+0,+0.0384,+0,+0,+0,04:22:01 24.03.2020
5338,+23.6,+25.4,+23.8,+23.7,+23.9,+23.9,+23.6,+24.7,+24.7,+24.8,+27,FULL,999,1,+0,+0,+0.0168,+0,+0.0384,+0,+0,+0,04:23:01 24.03.2020
5339,+23.6,+25.4,+23.8,+23.7,+23.9,+23.9,+23.6,+24.7,+24.7,+24.8,+27,FULL,1000,1,+0,+0,+0.0168,+0,+0.0384,+0,+0,+0,04:24:01 24.03.2020
5340,+23.6,+25.4,+23.8,+23.7,+23.9,+24,+23.6,+24.7,+24.6,+24.7,+27,FULL,1000,1,+0,+0,+0.0167,+0,+0.0384,+0,+0,+0,04:25:01 24.03.2020
5341,+23.6,+25.4,+23.8,+23.7,+23.9,+24,+23.6,+24.7,+24.6,+24.8,+27,FULL,999,1,+0,+0,+0.0167,+0,+0.0384,+0,+0,+0,04:26:01 24.03.2020
5342,+23.7,+25.4,+23.8,+23.7,+23.9,+24,+23.6,+24.7,+24.7,+24.8,+27,FULL,1000,1,+0,+0,+0.0168,+0,+0.0384,+0,+0,+0,04:27:01 24.03.2020
5343,+23.7,+25.4,+23.8,+23.7,+23.9,+24,+23.6,+24.7,+24.7,+24.8,+27,FULL,1000,1,+0,+0,+0.0168,+0,+0.0386,+0,+0,+0,04:28:01 24.03.2020
5344,+23.6,+25.4,+23.8,+23.7,+23.9,+24.1,+23.6,+24.7,+24.6,+24.8,+27,FULL,999,1,+0,+0,+0.0167,+0,+0.0386,+0,+0,+0,04:29:01 24.03.2020
5345,+23.6,+25.4,+23.8,+23.7,+23.9,+24.1,+23.6,+24.8,+24.7,+24.8,+27,FULL,1000,1,+0,+0,+0.0168,+0,+0.0386,+0,+0,+0,04:30:01 24.03.2020
5346,+23.6,+25.4,+23.8,+23.7,+23.9,+24,+23.6,+24.7,+24.7,+24.8,+27,FULL,1000,1,+0,+0,+0.0168,+0,+0.0386,+0,+0,+0,04:31:01 24.03.2020
5347,+23.6,+25.4,+23.8,+23.7,+23.9,+24,+23.6,+24.7,+24.7,+24.8,+27,FULL,999,1,+0,+0,+0.0168,+0,+0.0386,+0,+0,+0,04:32:01 24.03.2020
5348,+23.6,+25.4,+23.8,+23.7,+23.9,+24,+23.6,+24.7,+24.6,+24.8,+27,FULL,999,1,+0,+0,+0.0167,+0,+0.0386,+0,+0,+0,04:33:01 24.03.2020
5349,+23.6,+25.3,+23.8,+23.7,+23.9,+24,+23.6,+24.8,+24.7,+24.9,+27,FULL,1000,1,+0,+0,+0.0168,+0,+0.0386,+0,+0,+0,04:34:01 24.03.2020
5350,+23.6,+25.3,+23.8,+23.7,+23.9,+24,+23.6,+24.8,+24.7,+24.9,+27,FULL,1000,1,+0,+0,+0.0168,+0,+0.0384,+0,+0,+0,04:35:01 24.03.2020
5351,+23.6,+25.4,+23.8,+23.7,+23.9,+24,+23.6,+24.7,+24.7,+24.9,+27,FULL,999,1,+0,+0,+0.0168,+0,+0.0384,+0,+0,+0,04:36:01 24.03.2020
5352,+23.6,+25.4,+23.8,+23.7,+23.9,+24,+23.6,+24.7,+24.7,+24.9,+27,FULL,1000,1,+0,+0,+0.0168,+0,+0.0384,+0,+0,+0,04:37:01 24.03.2020
5353,+23.6,+25.4,+23.8,+23.7,+23.9,+24,+23.6,+24.8,+24.7,+24.9,+27,FULL,1000,1,+0,+0,+0.0168,+0,+0.0384,+0,+0,+0,04:38:01 24.03.2020
5354,+23.7,+25.5,+23.8,+23.7,+23.9,+24,+23.6,+24.7,+24.7,+24.9,+27,FULL,999,1,+0,+0,+0.0168,+0,+0.0384,+0,+0,+0,04:39:01 24.03.2020
5355,+23.7,+25.5,+23.8,+23.7,+23.9,+24,+23.6,+24.7,+24.7,+24.9,+27,FULL,999,1,+0,+0,+0.0168,+0,+0.0384,+0,+0,+0,04:40:01 24.03.2020
5356,+23.7,+25.5,+23.8,+23.7,+23.9,+24,+23.6,+24.7,+24.7,+24.9,+27,FULL,1000,1,+0,+0,+0.0168,+0,+0.0384,+0,+0,+0,04:41:01 24.03.2020
5357,+23.7,+25.5,+23.8,+23.7,+23.9,+24,+23.6,+24.7,+24.7,+24.9,+27,FULL,1000,1,+0,+0,+0.0168,+0,+0.0384,+0,+0,+0,04:42:01 24.03.2020
5358,+23.7,+25.6,+23.8,+23.7,+23.9,+24,+23.6,+24.7,+24.7,+24.9,+27,FULL,999,1,+0,+0,+0.0168,+0,+0.0384,+0,+0,+0,04:43:01 24.03.2020
5359,+23.7,+25.6,+23.8,+23.7,+23.9,+24,+23.6,+24.8,+24.7,+24.9,+27,FULL,1000,1,+0,+0,+0.0168,+0,+0.0383,+0,+0,+0,04:44:01 24.03.2020
5360,+23.7,+25.6,+23.8,+23.7,+23.9,+24,+23.6,+24.7,+24.7,+24.9,+27,FULL,1000,1,+0,+0,+0.0168,+0,+0.0384,+0,+0,+0,04:45:01 24.03.2020
5361,+23.7,+25.6,+23.8,+23.7,+23.9,+24,+23.6,+24.7,+24.7,+24.9,+27,FULL,1000,1,+0,+0,+0.0168,+0,+0.0384,+0,+0,+0,04:46:01 24.03.2020
5362,+23.7,+25.6,+23.8,+23.7,+23.9,+24,+23.6,+24.8,+24.7,+24.9,+27,FULL,999,1,+0,+0,+0.0168,+0,+0.0383,+0,+0,+0,04:47:01 24.03.2020
5363,+23.7,+25.6,+23.8,+23.7,+23.9,+23.9,+23.6,+24.8,+24.7,+24.9,+27,FULL,1000,1,+0,+0,+0.0168,+0,+0.0382,+0,+0,+0,04:48:01 24.03.2020
5364,+23.7,+25.6,+23.8,+23.7,+23.9,+23.9,+23.6,+24.8,+24.7,+24.9,+27,FULL,1000,1,+0,+0,+0.0168,+0,+0.0382,+0,+0,+0,04:49:01 24.03.2020
5365,+23.7,+25.6,+23.8,+23.7,+23.9,+23.9,+23.6,+24.8,+24.7,+24.9,+27,FULL,999,1,+0,+0,+0.0168,+0,+0.0382,+0,+0,+0,04:50:01 24.03.2020
5366,+23.7,+25.6,+23.8,+23.7,+23.9,+23.9,+23.6,+24.8,+24.7,+24.9,+27,FULL,1000,1,+0,+0,+0.0168,+0,+0.0382,+0,+0,+0,04:51:01 24.03.2020
5367,+23.7,+25.6,+23.8,+23.7,+23.9,+23.9,+23.6,+24.8,+24.7,+24.8,+27,FULL,1000,1,+0,+0,+0.0168,+0,+0.0382,+0,+0,+0,04:52:01 24.03.2020
5368,+23.7,+25.6,+23.8,+23.7,+23.9,+23.9,+23.6,+24.7,+24.7,+24.8,+27,FULL,999,1,+0,+0,+0.0168,+0,+0.0382,+0,+0,+0,04:53:01 24.03.2020
5369,+23.7,+25.6,+23.8,+23.7,+23.9,+23.9,+23.6,+24.7,+24.7,+24.8,+27,FULL,999,1,+0,+0,+0.0168,+0,+0.0382,+0,+0,+0,04:54:01 24.03.2020
5370,+23.7,+25.6,+23.8,+23.7,+23.9,+23.9,+23.6,+24.7,+24.7,+24.9,+27,FULL,1000,1,+0,+0,+0.0168,+0,+0.0382,+0,+0,+0,04:55:01 24.03.2020
5371,+23.8,+25.6,+23.8,+23.7,+23.9,+23.9,+23.6,+24.7,+24.7,+24.9,+27,FULL,1000,1,+0,+0,+0.0168,+0,+0.0382,+0,+0,+0,04:56:01 24.03.2020
5372,+23.7,+25.6,+23.8,+23.7,+23.9,+23.9,+23.6,+24.7,+24.7,+24.9,+27,FULL,999,1,+0,+0,+0.0168,+0,+0.0382,+0,+0,+0,04:57:01 24.03.2020
5373,+23.7,+25.6,+23.8,+23.7,+23.9,+23.9,+23.6,+24.7,+24.7,+24.8,+27,FULL,1000,1,+0,+0,+0.0168,+0,+0.0382,+0,+0,+0,04:58:01 24.03.2020
5374,+23.7,+25.6,+23.8,+23.7,+23.9,+23.9,+23.6,+24.7,+24.7,+24.8,+27,FULL,1000,1,+0,+0,+0.0168,+0,+0.0382,+0,+0,+0,04:59:01 24.03.2020
5375,+23.7,+25.6,+23.8,+23.7,+23.9,+23.9,+23.6,+24.7,+24.7,+24.8,+27,FULL,999,1,+0,+0,+0.0168,+0,+0.0382,+0,+0,+0,05:00:01 24.03.2020
5376,+23.7,+25.6,+23.8,+23.7,+23.9,+23.9,+23.6,+24.7,+24.7,+24.8,+27,FULL,999,1,+0,+0,+0.0168,+0,+0.0382,+0,+0,+0,05:01:01 24.03.2020
5377,+23.7,+25.6,+23.8,+23.7,+23.9,+23.9,+23.6,+24.7,+24.6,+24.8,+27,FULL,1000,1,+0,+0,+0.0167,+0,+0.0382,+0,+0,+0,05:02:01 24.03.2020
5378,+23.7,+25.6,+23.8,+23.7,+23.9,+23.9,+23.6,+24.7,+24.6,+24.8,+27,FULL,999,1,+0,+0,+0.0167,+0,+0.0384,+0,+0,+0,05:03:01 24.03.2020
5379,+23.7,+25.5,+23.8,+23.7,+23.9,+23.9,+23.6,+24.7,+24.7,+24.8,+27,FULL,999,1,+0,+0,+0.0168,+0,+0.0382,+0,+0,+0,05:04:01 24.03.2020
5380,+23.7,+25.5,+23.8,+23.7,+23.9,+23.9,+23.6,+24.7,+24.7,+24.8,+27,FULL,1000,1,+0,+0,+0.0168,+0,+0.0382,+0,+0,+0,05:05:01 24.03.2020
5381,+23.7,+25.5,+23.8,+23.7,+23.9,+23.9,+23.6,+24.7,+24.6,+24.7,+27,FULL,1000,1,+0,+0,+0.0167,+0,+0.0382,+0,+0,+0,05:06:01 24.03.2020
5382,+23.7,+25.4,+23.8,+23.7,+23.9,+23.9,+23.6,+24.7,+24.6,+24.8,+27,FULL,999,1,+0,+0,+0.0167,+0,+0.0382,+0,+0,+0,05:07:01 24.03.2020
5383,+23.8,+25.4,+23.8,+23.7,+23.9,+23.9,+23.6,+24.7,+24.7,+24.8,+27,FULL,999,1,+0,+0,+0.0168,+0,+0.0382,+0,+0,+0,05:08:01 24.03.2020
5384,+23.8,+25.4,+23.8,+23.7,+23.9,+23.9,+23.6,+24.7,+24.7,+24.8,+27,FULL,1000,1,+0,+0,+0.0168,+0,+0.0382,+0,+0,+0,05:09:01 24.03.2020
5385,+23.8,+25.4,+23.8,+23.7,+23.9,+24,+23.6,+24.7,+24.6,+24.8,+27,FULL,999,1,+0,+0,+0.0167,+0,+0.0384,+0,+0,+0,05:10:01 24.03.2020
5386,+23.8,+25.4,+23.8,+23.7,+23.9,+24,+23.6,+24.7,+24.6,+24.8,+27,FULL,999,1,+0,+0,+0.0167,+0,+0.0384,+0,+0,+0,05:11:01 24.03.2020
5387,+23.8,+25.4,+23.8,+23.7,+23.9,+24,+23.6,+24.7,+24.7,+24.8,+27,FULL,1000,1,+0,+0,+0.0168,+0,+0.0384,+0,+0,+0,05:12:01 24.03.2020
5388,+23.8,+25.4,+23.8,+23.7,+23.9,+24,+23.6,+24.7,+24.7,+24.8,+27,FULL,1000,1,+0,+0,+0.0168,+0,+0.0386,+0,+0,+0,05:13:01 24.03.2020
5389,+23.8,+25.4,+23.8,+23.7,+23.9,+24.1,+23.6,+24.7,+24.6,+24.8,+27,FULL,999,1,+0,+0,+0.0167,+0,+0.0386,+0,+0,+0,05:14:01 24.03.2020
5390,+23.8,+25.3,+23.8,+23.7,+23.9,+24.1,+23.6,+24.8,+24.6,+24.8,+27,FULL,1000,1,+0,+0,+0.0168,+0,+0.0386,+0,+0,+0,05:15:01 24.03.2020
5391,+23.8,+25.3,+23.8,+23.7,+23.9,+24.1,+23.6,+24.7,+24.7,+24.8,+27,FULL,1000,1,+0,+0,+0.0168,+0,+0.0386,+0,+0,+0,05:16:01 24.03.2020
5392,+23.8,+25.4,+23.8,+23.7,+23.9,+24.1,+23.6,+24.7,+24.7,+24.8,+27,FULL,999,1,+0,+0,+0.0168,+0,+0.0386,+0,+0,+0,05:17:01 24.03.2020
5393,+23.8,+25.4,+23.8,+23.7,+23.9,+24,+23.6,+24.7,+24.6,+24.8,+27,FULL,999,1,+0,+0,+0.0167,+0,+0.0386,+0,+0,+0,05:18:01 24.03.2020
5394,+23.8,+25.3,+23.8,+23.7,+23.9,+24,+23.6,+24.7,+24.6,+24.8,+27,FULL,1000,1,+0,+0,+0.0167,+0,+0.0386,+0,+0,+0,05:19:01 24.03.2020
5395,+23.8,+25.3,+23.8,+23.7,+23.9,+24,+23.6,+24.7,+24.7,+24.8,+27,FULL,999,1,+0,+0,+0.0168,+0,+0.0384,+0,+0,+0,05:20:01 24.03.2020
5396,+23.8,+25.3,+23.8,+23.7,+23.9,+24,+23.6,+24.7,+24.7,+24.8,+27,FULL,999,1,+0,+0,+0.0168,+0,+0.0384,+0,+0,+0,05:21:01 24.03.2020
5397,+23.8,+25.4,+23.8,+23.7,+23.9,+24,+23.6,+24.7,+24.6,+24.8,+27,FULL,1000,1,+0,+0,+0.0167,+0,+0.0384,+0,+0,+0,05:22:01 24.03.2020
5398,+23.8,+25.3,+23.8,+23.7,+23.9,+24,+23.6,+24.7,+24.6,+24.8,+27,FULL,1000,1,+0,+0,+0.0167,+0,+0.0384,+0,+0,+0,05:23:01 24.03.2020
5399,+23.8,+25.3,+23.8,+23.7,+23.9,+24,+23.6,+24.8,+24.7,+24.9,+27,FULL,999,1,+0,+0,+0.0168,+0,+0.0384,+0,+0,+0,05:24:01 24.03.2020
5400,+23.8,+25.3,+23.8,+23.7,+23.9,+24,+23.6,+24.7,+24.6,+24.8,+27,FULL,999,1,+0,+0,+0.0167,+0,+0.0384,+0,+0,+0,05:25:01 24.03.2020
5401,+23.8,+25.3,+23.8,+23.7,+23.9,+24,+23.6,+24.7,+24.7,+24.9,+27,FULL,1000,1,+0,+0,+0.0168,+0,+0.0384,+0,+0,+0,05:26:01 24.03.2020
5402,+23.8,+25.4,+23.8,+23.7,+23.9,+24,+23.6,+24.7,+24.7,+24.9,+27,FULL,1000,1,+0,+0,+0.0168,+0,+0.0384,+0,+0,+0,05:27:01 24.03.2020
5403,+23.9,+25.4,+23.8,+23.7,+23.9,+24,+23.6,+24.8,+24.7,+24.9,+27,FULL,999,1,+0,+0,+0.0168,+0,+0.0384,+0,+0,+0,05:28:01 24.03.2020
5404,+23.9,+25.4,+23.8,+23.7,+23.9,+24,+23.6,+24.8,+24.7,+24.9,+27,FULL,999,1,+0,+0,+0.0168,+0,+0.0382,+0,+0,+0,05:29:01 24.03.2020
5405,+23.8,+25.4,+23.8,+23.7,+23.9,+24,+23.6,+24.7,+24.7,+24.9,+27,FULL,1000,1,+0,+0,+0.0168,+0,+0.0382,+0,+0,+0,05:30:01 24.03.2020
5406,+23.8,+25.4,+23.8,+23.7,+23.9,+24,+23.6,+24.8,+24.7,+24.9,+27,FULL,999,1,+0,+0,+0.0168,+0,+0.0382,+0,+0,+0,05:31:01 24.03.2020
5407,+23.8,+25.5,+23.8,+23.7,+23.9,+24,+23.6,+24.8,+24.7,+24.9,+27,FULL,999,1,+0,+0,+0.0168,+0,+0.0382,+0,+0,+0,05:32:01 24.03.2020
5408,+23.8,+25.5,+23.8,+23.7,+23.9,+24,+23.6,+24.8,+24.7,+24.9,+27,FULL,999,1,+0,+0,+0.0168,+0,+0.0382,+0,+0,+0,05:33:01 24.03.2020
5409,+23.8,+25.5,+23.8,+23.7,+23.9,+24,+23.6,+24.7,+24.7,+24.9,+27,FULL,999,1,+0,+0,+0.0168,+0,+0.0382,+0,+0,+0,05:34:01 24.03.2020
5410,+23.8,+25.5,+23.8,+23.7,+23.9,+24,+23.6,+24.7,+24.7,+24.9,+27,FULL,999,1,+0,+0,+0.0168,+0,+0.0382,+0,+0,+0,05:35:01 24.03.2020
5411,+23.8,+25.5,+23.8,+23.7,+23.9,+23.9,+23.6,+24.8,+24.7,+24.9,+27,FULL,1000,1,+0,+0,+0.0168,+0,+0.0382,+0,+0,+0,05:36:01 24.03.2020
5412,+23.8,+25.5,+23.8,+23.7,+23.9,+23.9,+23.6,+24.8,+24.7,+24.9,+27,FULL,999,1,+0,+0,+0.0168,+0,+0.0382,+0,+0,+0,05:37:01 24.03.2020
5413,+23.8,+25.5,+23.8,+23.7,+23.9,+23.9,+23.6,+24.7,+24.7,+24.9,+27,FULL,999,1,+0,+0,+0.0168,+0,+0.0382,+0,+0,+0,05:38:01 24.03.2020
5414,+23.8,+25.5,+23.8,+23.7,+23.9,+23.9,+23.6,+24.7,+24.7,+24.8,+27,FULL,999,1,+0,+0,+0.0168,+0,+0.0382,+0,+0,+0,05:39:01 24.03.2020
5415,+23.9,+25.5,+23.8,+23.7,+23.9,+23.9,+23.6,+24.7,+24.7,+24.9,+27,FULL,1000,1,+0,+0,+0.0168,+0,+0.0382,+0,+0,+0,05:40:01 24.03.2020
5416,+23.9,+25.6,+23.8,+23.7,+23.9,+23.9,+23.6,+24.7,+24.7,+24.9,+27,FULL,1000,1,+0,+0,+0.0168,+0,+0.0382,+0,+0,+0,05:41:01 24.03.2020
5417,+23.9,+25.6,+23.8,+23.7,+23.9,+23.9,+23.6,+24.7,+24.7,+24.9,+27,FULL,999,1,+0,+0,+0.0168,+0,+0.0382,+0,+0,+0,05:42:01 24.03.2020
5418,+23.9,+25.5,+23.8,+23.7,+23.9,+23.9,+23.6,+24.7,+24.7,+24.9,+27,FULL,1000,1,+0,+0,+0.0168,+0,+0.0382,+0,+0,+0,05:43:01 24.03.2020
5419,+23.9,+25.6,+23.8,+23.7,+23.9,+23.9,+23.6,+24.7,+24.7,+24.8,+27,FULL,999,1,+0,+0,+0.0168,+0,+0.0382,+0,+0,+0,05:44:01 24.03.2020
5420,+23.9,+25.6,+23.8,+23.7,+23.9,+23.9,+23.6,+24.7,+24.7,+24.8,+27,FULL,999,1,+0,+0,+0.0168,+0,+0.0382,+0,+0,+0,05:45:01 24.03.2020
5421,+23.9,+25.6,+23.8,+23.7,+23.9,+23.9,+23.6,+24.7,+24.7,+24.8,+27,FULL,1000,1,+0,+0,+0.0168,+0,+0.0382,+0,+0,+0,05:46:01 24.03.2020
5422,+23.9,+25.6,+23.8,+23.7,+23.9,+23.9,+23.6,+24.7,+24.7,+24.8,+27,FULL,1000,1,+0,+0,+0.0168,+0,+0.0382,+0,+0,+0,05:47:01 24.03.2020
5423,+23.9,+25.6,+23.8,+23.7,+23.9,+23.9,+23.6,+24.7,+24.7,+24.8,+27,FULL,999,1,+0,+0,+0.0168,+0,+0.0382,+0,+0,+0,05:48:01 24.03.2020
5424,+23.9,+25.6,+23.8,+23.7,+23.9,+23.9,+23.6,+24.7,+24.7,+24.8,+27,FULL,999,1,+0,+0,+0.0168,+0,+0.0382,+0,+0,+0,05:49:01 24.03.2020
5425,+23.9,+25.6,+23.8,+23.7,+23.9,+23.9,+23.6,+24.7,+24.7,+24.8,+27,FULL,999,1,+0,+0,+0.0168,+0,+0.0382,+0,+0,+0,05:50:01 24.03.2020
5426,+23.9,+25.6,+23.8,+23.7,+23.9,+23.9,+23.6,+24.7,+24.7,+24.8,+27,FULL,1000,1,+0,+0,+0.0168,+0,+0.0382,+0,+0,+0,05:51:01 24.03.2020
5427,+23.9,+25.6,+23.8,+23.7,+23.9,+23.9,+23.6,+24.7,+24.6,+24.8,+27,FULL,999,1,+0,+0,+0.0167,+0,+0.0382,+0,+0,+0,05:52:01 24.03.2020
5428,+23.9,+25.5,+23.8,+23.7,+23.9,+23.9,+23.6,+24.7,+24.7,+24.8,+27,FULL,1000,1,+0,+0,+0.0168,+0,+0.0382,+0,+0,+0,05:53:01 24.03.2020
5429,+23.9,+25.4,+23.8,+23.7,+23.9,+23.9,+23.6,+24.7,+24.7,+24.8,+27,FULL,1000,1,+0,+0,+0.0168,+0,+0.0382,+0,+0,+0,05:54:01 24.03.2020
5430,+23.9,+25.4,+23.8,+23.7,+23.9,+23.9,+23.6,+24.7,+24.6,+24.8,+27,FULL,999,1,+0,+0,+0.0167,+0,+0.0382,+0,+0,+0,05:55:01 24.03.2020
5431,+23.9,+25.4,+23.8,+23.7,+23.9,+23.9,+23.6,+24.7,+24.6,+24.7,+27,FULL,999,1,+0,+0,+0.0167,+0,+0.0384,+0,+0,+0,05:56:01 24.03.2020
5432,+23.9,+25.4,+23.8,+23.7,+23.9,+23.9,+23.6,+24.7,+24.7,+24.8,+27,FULL,1000,1,+0,+0,+0.0168,+0,+0.0382,+0,+0,+0,05:57:01 24.03.2020
5433,+24,+25.4,+23.8,+23.7,+23.9,+23.9,+23.6,+24.7,+24.7,+24.8,+27,FULL,1000,1,+0,+0,+0.0168,+0,+0.0384,+0,+0,+0,05:58:01 24.03.2020
5434,+24,+25.4,+23.8,+23.7,+23.9,+24,+23.6,+24.7,+24.6,+24.8,+27,FULL,999,1,+0,+0,+0.0167,+0,+0.0384,+0,+0,+0,05:59:01 24.03.2020
5435,+24,+25.4,+23.8,+23.7,+23.9,+24.1,+23.6,+24.7,+24.6,+24.8,+27,FULL,1000,1,+0,+0,+0.0167,+0,+0.0386,+0,+0,+0,06:00:01 24.03.2020
5436,+24,+25.3,+23.8,+23.7,+23.9,+24.1,+23.6,+24.7,+24.7,+24.8,+27,FULL,1000,1,+0,+0,+0.0168,+0,+0.0384,+0,+0,+0,06:01:01 24.03.2020
5437,+24,+25.3,+23.8,+23.7,+23.9,+24,+23.6,+24.7,+24.7,+24.8,+27,FULL,999,1,+0,+0,+0.0168,+0,+0.0384,+0,+0,+0,06:02:01 24.03.2020
5438,+23.9,+25.4,+23.8,+23.7,+23.9,+24,+23.6,+24.7,+24.6,+24.8,+27,FULL,999,1,+0,+0,+0.0167,+0,+0.0384,+0,+0,+0,06:03:01 24.03.2020
5439,+23.9,+25.4,+23.8,+23.7,+23.9,+24,+23.6,+24.7,+24.6,+24.7,+27,FULL,1000,1,+0,+0,+0.0167,+0,+0.0386,+0,+0,+0,06:04:01 24.03.2020
5440,+23.9,+25.3,+23.8,+23.7,+23.9,+24,+23.6,+24.7,+24.6,+24.7,+27,FULL,999,1,+0,+0,+0.0167,+0,+0.0384,+0,+0,+0,06:05:01 24.03.2020
5441,+23.9,+25.3,+23.8,+23.7,+23.9,+24,+23.6,+24.7,+24.7,+24.8,+27,FULL,999,1,+0,+0,+0.0168,+0,+0.0384,+0,+0,+0,06:06:01 24.03.2020
5442,+23.9,+25.3,+23.8,+23.7,+23.9,+24,+23.6,+24.7,+24.6,+24.8,+27,FULL,1000,1,+0,+0,+0.0167,+0,+0.0384,+0,+0,+0,06:07:01 24.03.2020
5443,+23.9,+25.3,+23.8,+23.7,+23.9,+24,+23.6,+24.7,+24.6,+24.7,+27,FULL,1000,1,+0,+0,+0.0167,+0,+0.0384,+0,+0,+0,06:08:01 24.03.2020
5444,+23.9,+25.3,+23.8,+23.7,+23.9,+24,+23.6,+24.7,+24.6,+24.8,+27,FULL,999,1,+0,+0,+0.0167,+0,+0.0384,+0,+0,+0,06:09:01 24.03.2020
5445,+23.9,+25.3,+23.8,+23.7,+23.9,+23.9,+23.6,+24.7,+24.7,+24.8,+27,FULL,999,1,+0,+0,+0.0168,+0,+0.0384,+0,+0,+0,06:10:01 24.03.2020
5446,+23.9,+25.3,+23.8,+23.7,+23.9,+23.9,+23.6,+24.7,+24.6,+24.8,+27,FULL,1000,1,+0,+0,+0.0167,+0,+0.0384,+0,+0,+0,06:11:01 24.03.2020
5447,+23.9,+25.3,+23.8,+23.7,+23.9,+24,+23.6,+24.7,+24.6,+24.8,+27,FULL,1000,1,+0,+0,+0.0167,+0,+0.0384,+0,+0,+0,06:12:01 24.03.2020
5448,+24,+25.2,+23.8,+23.7,+23.9,+24,+23.6,+24.7,+24.6,+24.8,+27,FULL,999,1,+0,+0,+0.0167,+0,+0.0384,+0,+0,+0,06:13:01 24.03.2020
5449,+24,+25.2,+23.8,+23.7,+23.9,+24,+23.6,+24.8,+24.7,+24.8,+27,FULL,1000,1,+0,+0,+0.0168,+0,+0.0384,+0,+0,+0,06:14:01 24.03.2020
5450,+24,+25.3,+23.8,+23.7,+23.9,+24,+23.6,+24.7,+24.7,+24.8,+27,FULL,1000,1,+0,+0,+0.0168,+0,+0.0384,+0,+0,+0,06:15:01 24.03.2020
5451,+24,+25.3,+23.8,+23.7,+23.9,+24,+23.6,+24.7,+24.7,+24.8,+27,FULL,999,1,+0,+0,+0.0168,+0,+0.0384,+0,+0,+0,06:16:01 24.03.2020
5452,+24,+25.4,+23.8,+23.7,+23.9,+24,+23.6,+24.7,+24.7,+24.9,+27,FULL,999,1,+0,+0,+0.0168,+0,+0.0384,+0,+0,+0,06:17:01 24.03.2020
5453,+24,+25.4,+23.8,+23.7,+23.9,+24,+23.6,+24.7,+24.7,+24.8,+27,FULL,1000,1,+0,+0,+0.0168,+0,+0.0382,+0,+0,+0,06:18:01 24.03.2020
5454,+24,+25.4,+23.8,+23.7,+23.9,+24,+23.6,+24.7,+24.7,+24.8,+27,FULL,999,1,+0,+0,+0.0168,+0,+0.0382,+0,+0,+0,06:19:01 24.03.2020
5455,+24,+25.4,+23.8,+23.7,+23.9,+24,+23.6,+24.7,+24.7,+24.8,+27,FULL,999,1,+0,+0,+0.0168,+0,+0.0382,+0,+0,+0,06:20:01 24.03.2020
5456,+24,+25.4,+23.8,+23.7,+23.9,+24,+23.6,+24.7,+24.7,+24.8,+27,FULL,1000,1,+0,+0,+0.0168,+0,+0.0382,+0,+0,+0,06:21:01 24.03.2020
5457,+24,+25.5,+23.8,+23.7,+23.9,+23.9,+23.6,+24.7,+24.7,+24.9,+27,FULL,1000,1,+0,+0,+0.0168,+0,+0.0382,+0,+0,+0,06:22:01 24.03.2020
5458,+24,+25.5,+23.8,+23.7,+23.9,+23.9,+23.6,+24.7,+24.7,+24.8,+27,FULL,999,1,+0,+0,+0.0168,+0,+0.0382,+0,+0,+0,06:23:01 24.03.2020
5459,+24,+25.5,+23.8,+23.7,+23.9,+23.9,+23.6,+24.7,+24.7,+24.8,+27,FULL,999,1,+0,+0,+0.0168,+0,+0.0382,+0,+0,+0,06:24:01 24.03.2020
5460,+24,+25.5,+23.8,+23.7,+23.9,+23.9,+23.6,+24.7,+24.7,+24.8,+27,FULL,1000,1,+0,+0,+0.0168,+0,+0.0382,+0,+0,+0,06:25:01 24.03.2020
5461,+24,+25.5,+23.8,+23.7,+23.9,+23.9,+23.6,+24.7,+24.7,+24.9,+27,FULL,1000,1,+0,+0,+0.0168,+0,+0.0382,+0,+0,+0,06:26:01 24.03.2020
5462,+24,+25.5,+23.8,+23.7,+23.9,+23.9,+23.6,+24.7,+24.7,+24.8,+27,FULL,999,1,+0,+0,+0.0168,+0,+0.0382,+0,+0,+0,06:27:01 24.03.2020
5463,+24,+25.5,+23.8,+23.7,+23.9,+23.9,+23.6,+24.7,+24.7,+24.8,+27,FULL,1000,1,+0,+0,+0.0168,+0,+0.0382,+0,+0,+0,06:28:01 24.03.2020
5464,+24,+25.5,+23.8,+23.7,+23.9,+23.9,+23.6,+24.7,+24.7,+24.8,+27,FULL,1000,1,+0,+0,+0.0168,+0,+0.0382,+0,+0,+0,06:29:01 24.03.2020
5465,+24,+25.5,+23.8,+23.7,+23.9,+23.9,+23.6,+24.7,+24.7,+24.9,+27,FULL,999,1,+0,+0,+0.0168,+0,+0.0382,+0,+0,+0,06:30:01 24.03.2020
5466,+24,+25.5,+23.8,+23.7,+23.9,+23.9,+23.6,+24.7,+24.7,+24.8,+27,FULL,999,1,+0,+0,+0.0168,+0,+0.0382,+0,+0,+0,06:31:01 24.03.2020
5467,+24,+25.5,+23.8,+23.7,+23.9,+23.9,+23.6,+24.7,+24.7,+24.8,+27,FULL,1000,1,+0,+0,+0.0168,+0,+0.0382,+0,+0,+0,06:32:01 24.03.2020
5468,+24,+25.5,+23.8,+23.7,+23.9,+23.9,+23.6,+24.7,+24.7,+24.8,+27,FULL,1000,1,+0,+0,+0.0168,+0,+0.0382,+0,+0,+0,06:33:01 24.03.2020
5469,+24,+25.5,+23.8,+23.7,+23.9,+23.9,+23.6,+24.7,+24.7,+24.9,+27,FULL,999,1,+0,+0,+0.0168,+0,+0.0382,+0,+0,+0,06:34:01 24.03.2020
5470,+24,+25.5,+23.8,+23.7,+23.9,+23.9,+23.6,+24.7,+24.7,+24.8,+27,FULL,1000,1,+0,+0,+0.0168,+0,+0.0382,+0,+0,+0,06:35:01 24.03.2020
5471,+24,+25.6,+23.8,+23.7,+23.9,+23.9,+23.6,+24.7,+24.7,+24.8,+27,FULL,1000,1,+0,+0,+0.0168,+0,+0.0382,+0,+0,+0,06:36:01 24.03.2020
5472,+24,+25.5,+23.8,+23.7,+23.9,+23.9,+23.6,+24.7,+24.7,+24.8,+27,FULL,999,1,+0,+0,+0.0168,+0,+0.0382,+0,+0,+0,06:37:01 24.03.2020
5473,+24,+25.5,+23.8,+23.7,+23.9,+23.9,+23.6,+24.7,+24.7,+24.8,+27,FULL,1000,1,+0,+0,+0.0168,+0,+0.0382,+0,+0,+0,06:38:01 24.03.2020
5474,+24,+25.6,+23.8,+23.7,+23.9,+23.9,+23.6,+24.7,+24.7,+24.8,+27,FULL,1000,1,+0,+0,+0.0168,+0,+0.0382,+0,+0,+0,06:39:01 24.03.2020
5475,+24,+25.6,+23.8,+23.7,+23.9,+23.9,+23.6,+24.7,+24.7,+24.8,+27,FULL,999,1,+0,+0,+0.0168,+0,+0.0382,+0,+0,+0,06:40:01 24.03.2020
5476,+24,+25.6,+23.8,+23.7,+23.9,+23.9,+23.6,+24.7,+24.6,+24.8,+27,FULL,999,1,+0,+0,+0.0167,+0,+0.0382,+0,+0,+0,06:41:01 24.03.2020
5477,+24,+25.5,+23.8,+23.7,+23.9,+23.9,+23.6,+24.7,+24.6,+24.8,+27,FULL,1000,1,+0,+0,+0.0167,+0,+0.0382,+0,+0,+0,06:42:01 24.03.2020
5478,+24.1,+25.4,+23.8,+23.7,+23.9,+23.9,+23.6,+24.7,+24.7,+24.8,+27,FULL,1000,1,+0,+0,+0.0168,+0,+0.0382,+0,+0,+0,06:43:01 24.03.2020
5479,+24.1,+25.4,+23.8,+23.7,+23.9,+24,+23.6,+24.7,+24.7,+24.8,+27,FULL,999,1,+0,+0,+0.0168,+0,+0.0384,+0,+0,+0,06:44:01 24.03.2020
5480,+24.1,+25.4,+23.8,+23.7,+23.9,+24,+23.6,+24.7,+24.6,+24.8,+27,FULL,999,1,+0,+0,+0.0167,+0,+0.0384,+0,+0,+0,06:45:01 24.03.2020
5481,+24.1,+25.4,+23.8,+23.7,+23.9,+24.1,+23.6,+24.7,+24.6,+24.8,+27,FULL,1000,1,+0,+0,+0.0167,+0,+0.0386,+0,+0,+0,06:46:01 24.03.2020
5482,+24.1,+25.4,+23.8,+23.7,+23.9,+24.1,+23.6,+24.7,+24.7,+24.8,+27,FULL,999,1,+0,+0,+0.0168,+0,+0.0386,+0,+0,+0,06:47:01 24.03.2020
5483,+24,+25.4,+23.8,+23.7,+23.9,+24.1,+23.6,+24.7,+24.7,+24.8,+27,FULL,999,1,+0,+0,+0.0168,+0,+0.0386,+0,+0,+0,06:48:01 24.03.2020
5484,+24,+25.4,+23.8,+23.7,+23.9,+24.1,+23.6,+24.7,+24.6,+24.7,+27,FULL,1000,1,+0,+0,+0.0167,+0,+0.0387,+0,+0,+0,06:49:01 24.03.2020
5485,+24,+25.3,+23.8,+23.7,+23.9,+24.1,+23.6,+24.7,+24.6,+24.8,+27,FULL,1000,1,+0,+0,+0.0167,+0,+0.0386,+0,+0,+0,06:50:01 24.03.2020
5486,+24,+25.3,+23.8,+23.7,+23.9,+24.1,+23.6,+24.7,+24.7,+24.8,+27,FULL,999,1,+0,+0,+0.0168,+0,+0.0386,+0,+0,+0,06:51:01 24.03.2020
5487,+23.9,+25.3,+23.8,+23.7,+23.9,+24.1,+23.6,+24.7,+24.7,+24.8,+27,FULL,1000,1,+0,+0,+0.0168,+0,+0.0386,+0,+0,+0,06:52:01 24.03.2020
5488,+23.9,+25.3,+23.8,+23.7,+23.9,+24.1,+23.6,+24.7,+24.6,+24.8,+27,FULL,1000,1,+0,+0,+0.0167,+0,+0.0386,+0,+0,+0,06:53:01 24.03.2020
5489,+23.9,+25.3,+23.8,+23.7,+23.9,+24.1,+23.6,+24.7,+24.6,+24.8,+27,FULL,1000,1,+0,+0,+0.0167,+0,+0.0386,+0,+0,+0,06:54:01 24.03.2020
5490,+23.9,+25.3,+23.8,+23.7,+23.9,+24,+23.6,+24.7,+24.6,+24.8,+27,FULL,999,1,+0,+0,+0.0167,+0,+0.0386,+0,+0,+0,06:55:01 24.03.2020
5491,+23.9,+25.3,+23.8,+23.7,+23.9,+24,+23.6,+24.7,+24.6,+24.8,+27,FULL,1000,1,+0,+0,+0.0167,+0,+0.0386,+0,+0,+0,06:56:01 24.03.2020
5492,+23.9,+25.3,+23.8,+23.7,+23.9,+24.1,+23.6,+24.7,+24.6,+24.8,+27,FULL,1000,1,+0,+0,+0.0167,+0,+0.0386,+0,+0,+0,06:57:01 24.03.2020
5493,+23.9,+25.3,+23.8,+23.7,+23.9,+24.1,+23.6,+24.7,+24.6,+24.8,+27,FULL,999,1,+0,+0,+0.0167,+0,+0.0386,+0,+0,+0,06:58:01 24.03.2020
5494,+23.9,+25.2,+23.8,+23.7,+23.9,+24.1,+23.6,+24.7,+24.6,+24.8,+27,FULL,1000,1,+0,+0,+0.0167,+0,+0.0387,+0,+0,+0,06:59:01 24.03.2020
5495,+23.9,+25.3,+23.8,+23.7,+23.9,+24.1,+23.6,+24.7,+24.6,+24.8,+27,FULL,1000,1,+0,+0,+0.0167,+0,+0.0387,+0,+0,+0,07:00:01 24.03.2020
5496,+23.9,+25.3,+23.8,+23.7,+23.9,+24.2,+23.6,+24.7,+24.6,+24.8,+27,FULL,999,1,+0,+0,+0.0167,+0,+0.0389,+0,+0,+0,07:01:01 24.03.2020
5497,+23.9,+25.2,+23.8,+23.7,+23.9,+24.2,+23.6,+24.7,+24.6,+24.8,+27,FULL,999,1,+0,+0,+0.0167,+0,+0.0387,+0,+0,+0,07:02:01 24.03.2020
5498,+23.8,+25.2,+23.8,+23.7,+23.9,+24.2,+23.6,+24.7,+24.6,+24.9,+27,FULL,1000,1,+0,+0,+0.0167,+0,+0.0387,+0,+0,+0,07:03:01 24.03.2020
5499,+23.8,+25.3,+23.8,+23.7,+23.9,+24.2,+23.6,+24.7,+24.6,+24.8,+27,FULL,1000,1,+0,+0,+0.0167,+0,+0.0387,+0,+0,+0,07:04:01 24.03.2020
5500,+23.8,+25.3,+23.8,+23.7,+23.9,+24.2,+23.6,+24.7,+24.7,+24.8,+27,FULL,999,1,+0,+0,+0.0168,+0,+0.0387,+0,+0,+0,07:05:01 24.03.2020
5501,+23.8,+25.3,+23.8,+23.7,+23.9,+24.1,+23.6,+24.7,+24.7,+24.9,+27,FULL,999,1,+0,+0,+0.0168,+0,+0.0387,+0,+0,+0,07:06:01 24.03.2020
5502,+23.8,+25.4,+23.8,+23.7,+23.9,+24.1,+23.6,+24.7,+24.7,+24.9,+27,FULL,1000,1,+0,+0,+0.0168,+0,+0.0387,+0,+0,+0,07:07:01 24.03.2020
5503,+23.8,+25.4,+23.8,+23.7,+23.9,+24.1,+23.6,+24.7,+24.7,+24.9,+27,FULL,999,1,+0,+0,+0.0168,+0,+0.0386,+0,+0,+0,07:08:01 24.03.2020
5504,+23.8,+25.4,+23.8,+23.7,+23.9,+24.1,+23.6,+24.7,+24.7,+24.8,+27,FULL,999,1,+0,+0,+0.0168,+0,+0.0386,+0,+0,+0,07:09:01 24.03.2020
5505,+23.8,+25.4,+23.8,+23.7,+23.9,+24.1,+23.6,+24.7,+24.7,+24.9,+27,FULL,1000,1,+0,+0,+0.0168,+0,+0.0386,+0,+0,+0,07:10:01 24.03.2020
5506,+23.8,+25.4,+23.8,+23.7,+23.9,+24.1,+23.6,+24.7,+24.7,+24.9,+27,FULL,1000,1,+0,+0,+0.0168,+0,+0.0386,+0,+0,+0,07:11:01 24.03.2020
5507,+23.7,+25.5,+23.8,+23.7,+23.9,+24,+23.6,+24.7,+24.7,+24.8,+27,FULL,999,1,+0,+0,+0.0168,+0,+0.0384,+0,+0,+0,07:12:01 24.03.2020
5508,+23.7,+25.5,+23.8,+23.7,+23.9,+24,+23.6,+24.7,+24.7,+24.8,+27,FULL,1000,1,+0,+0,+0.0168,+0,+0.0384,+0,+0,+0,07:13:01 24.03.2020
5509,+23.7,+25.5,+23.8,+23.7,+23.9,+24,+23.6,+24.7,+24.6,+24.8,+27,FULL,1000,1,+0,+0,+0.0167,+0,+0.0385,+0,+0,+0,07:14:01 24.03.2020
5510,+23.7,+25.5,+23.8,+23.7,+23.9,+24,+23.6,+24.7,+24.7,+24.8,+27,FULL,999,1,+0,+0,+0.0168,+0,+0.0386,+0,+0,+0,07:15:01 24.03.2020
5511,+23.7,+25.5,+23.8,+23.7,+23.9,+24.1,+23.6,+24.7,+24.7,+24.9,+27,FULL,999,1,+0,+0,+0.0168,+0,+0.0385,+0,+0,+0,07:16:01 24.03.2020
5512,+23.7,+25.5,+23.8,+23.7,+23.9,+24.1,+23.6,+24.7,+24.7,+24.8,+27,FULL,1000,1,+0,+0,+0.0168,+0,+0.0386,+0,+0,+0,07:17:01 24.03.2020
5513,+23.7,+25.5,+23.8,+23.7,+23.9,+24.1,+23.6,+24.7,+24.7,+24.8,+27,FULL,999,1,+0,+0,+0.0168,+0,+0.0386,+0,+0,+0,07:18:01 24.03.2020
5514,+23.7,+25.5,+23.8,+23.7,+23.9,+24.1,+23.6,+24.7,+24.7,+24.8,+27,FULL,999,1,+0,+0,+0.0168,+0,+0.0386,+0,+0,+0,07:19:01 24.03.2020
5515,+23.7,+25.5,+23.8,+23.7,+23.9,+24.1,+23.6,+24.7,+24.7,+24.8,+27,FULL,1000,1,+0,+0,+0.0168,+0,+0.0386,+0,+0,+0,07:20:01 24.03.2020
5516,+23.7,+25.5,+23.8,+23.7,+23.9,+24.1,+23.6,+24.7,+24.7,+24.8,+27,FULL,1000,1,+0,+0,+0.0168,+0,+0.0386,+0,+0,+0,07:21:01 24.03.2020
5517,+23.6,+25.5,+23.8,+23.7,+23.9,+24.1,+23.6,+24.7,+24.7,+24.8,+27,FULL,999,1,+0,+0,+0.0168,+0,+0.0386,+0,+0,+0,07:22:01 24.03.2020
5518,+23.6,+25.5,+23.8,+23.7,+23.9,+24.1,+23.6,+24.7,+24.6,+24.8,+27,FULL,999,1,+0,+0,+0.0167,+0,+0.0384,+0,+0,+0,07:23:01 24.03.2020
5519,+23.6,+25.5,+23.8,+23.7,+23.9,+24,+23.6,+24.7,+24.7,+24.8,+27,FULL,1000,1,+0,+0,+0.0168,+0,+0.0384,+0,+0,+0,07:24:01 24.03.2020
5520,+23.6,+25.5,+23.8,+23.7,+23.9,+24,+23.6,+24.7,+24.6,+24.8,+27,FULL,999,1,+0,+0,+0.0167,+0,+0.0384,+0,+0,+0,07:25:01 24.03.2020
5521,+23.6,+25.5,+23.8,+23.7,+23.9,+24,+23.6,+24.7,+24.6,+24.8,+27,FULL,999,1,+0,+0,+0.0167,+0,+0.0384,+0,+0,+0,07:26:01 24.03.2020
5522,+23.6,+25.5,+23.8,+23.7,+23.9,+24,+23.6,+24.7,+24.6,+24.8,+27,FULL,999,1,+0,+0,+0.0167,+0,+0.0384,+0,+0,+0,07:27:01 24.03.2020
5523,+23.6,+25.6,+23.8,+23.7,+23.9,+24,+23.6,+24.7,+24.6,+24.8,+27,FULL,1000,1,+0,+0,+0.0167,+0,+0.0384,+0,+0,+0,07:28:01 24.03.2020
5524,+23.6,+25.6,+23.8,+23.7,+23.9,+24,+23.6,+24.7,+24.7,+24.8,+27,FULL,999,1,+0,+0,+0.0168,+0,+0.0386,+0,+0,+0,07:29:01 24.03.2020
5525,+23.6,+25.6,+23.8,+23.7,+23.9,+24.1,+23.6,+24.7,+24.6,+24.8,+27,FULL,999,1,+0,+0,+0.0167,+0,+0.0387,+0,+0,+0,07:30:01 24.03.2020
5526,+23.6,+25.6,+23.8,+23.7,+23.9,+24.2,+23.6,+24.7,+24.6,+24.8,+27,FULL,1000,1,+0,+0,+0.0167,+0,+0.0389,+0,+0,+0,07:31:01 24.03.2020
5527,+23.6,+25.5,+23.8,+23.7,+23.9,+24.2,+23.6,+24.7,+24.6,+24.8,+27,FULL,999,1,+0,+0,+0.0167,+0,+0.0387,+0,+0,+0,07:32:01 24.03.2020
5528,+23.6,+25.4,+23.8,+23.7,+23.9,+24.2,+23.6,+24.7,+24.7,+24.8,+27,FULL,999,1,+0,+0,+0.0168,+0,+0.0387,+0,+0,+0,07:33:01 24.03.2020
5529,+23.5,+25.4,+23.8,+23.7,+23.9,+24.2,+23.6,+24.7,+24.6,+24.8,+27,FULL,1000,1,+0,+0,+0.0167,+0,+0.0389,+0,+0,+0,07:34:01 24.03.2020
5530,+23.5,+25.4,+23.8,+23.7,+23.9,+24.2,+23.6,+24.7,+24.6,+24.7,+27,MANU,0,0,+0,+0,+0.0167,+0,+0.0389,+0,+0,+0,07:35:01 24.03.2020
5531,+23.5,+25.4,+23.8,+23.7,+23.9,+24.2,+23.6,+24.6,+24.5,+24.4,+27,MDI_,0,1,+0,+0,+0.0167,+0,+0.0387,+0,+0,+0,07:36:01 24.03.2020
5532,+23.5,+25.4,+23.8,+23.7,+23.9,+24.2,+23.6,+24.5,+24.4,+24.3,+26,MANU,0,0,+0,+0,+0.0166,+0,+0.0387,+0,+0,+0,07:37:01 24.03.2020
5533,+23.5,+25.4,+23.8,+23.7,+23.9,+24.1,+23.6,+24.5,+24.4,+24.6,+26,MANU,0,0,+0,+0,+0.0166,+0,+0.0387,+0,+0,+0,07:38:01 24.03.2020
5534,+23.4,+25.4,+23.8,+23.7,+23.9,+24.1,+23.6,+24.5,+24.4,+24.8,+26,MANU,0,0,+0,+0,+0.0166,+0,+0.0387,+0,+0,+0,07:39:01 24.03.2020
5535,+23.4,+25.4,+23.8,+23.7,+23.9,+24.1,+23.6,+24.6,+24.5,+24.9,+26,MDI_,0,0,+0,+0,+0.0167,+0,+0.0386,+0,+0,+0,07:40:01 24.03.2020
5536,+23.4,+25.3,+23.8,+23.7,+23.9,+24.1,+23.6,+24.6,+24.5,+24.9,+26,MDI_,0,0,+0,+0,+0.0167,+0,+0.0386,+0,+0,+0,07:41:01 24.03.2020
5537,+23.4,+25.2,+23.8,+23.7,+23.9,+24.1,+23.6,+24.5,+24.5,+24.9,+26,MANU,0,0,+0,+0,+0.0167,+0,+0.0386,+0,+0,+0,07:42:01 24.03.2020
5538,+23.4,+25.2,+23.8,+23.7,+23.9,+24,+23.6,+24.5,+24.5,+25,+26,MANU,0,0,+0,+0,+0.0167,+0,+0.0384,+0,+0,+0,07:43:01 24.03.2020
5539,+23.4,+25.2,+23.8,+23.7,+23.9,+24,+23.6,+24.5,+24.6,+25,+26,MANU,0,0,+0,+0,+0.0167,+0,+0.0384,+0,+0,+0,07:44:01 24.03.2020
5540,+23.4,+25.2,+23.8,+23.6,+23.9,+24,+23.6,+24.5,+24.6,+25,+26,MANU,0,0,+0,+0,+0.0167,+0,+0.0384,+0,+0,+0,07:45:01 24.03.2020
5541,+23.4,+25.2,+23.8,+23.6,+23.9,+24,+23.6,+24.5,+24.6,+25,+26,MANU,0,0,+0,+0,+0.0167,+0,+0.0384,+0,+0,+0,07:46:01 24.03.2020
5542,+23.3,+25.2,+23.8,+23.6,+23.9,+24,+23.6,+24.5,+24.6,+25,+26,MANU,0,0,+0,+0,+0.0167,+0,+0.0384,+0,+0,+0,07:47:01 24.03.2020
5543,+23.3,+25.2,+23.8,+23.6,+23.8,+24,+23.6,+24.5,+24.6,+25,+26,MANU,0,0,+0,+0,+0.0167,+0,+0.0384,+0,+0,+0,07:48:01 24.03.2020
5544,+23.3,+25.2,+23.8,+23.6,+23.8,+24,+23.6,+24.5,+24.6,+25,+26,MANU,0,0,+0,+0,+0.0167,+0,+0.0384,+0,+0,+0,07:49:01 24.03.2020
5545,+23.3,+25.2,+23.8,+23.6,+23.8,+23.9,+23.6,+24.4,+24.5,+25,+26,MANU,0,0,+0,+0,+0.0166,+0,+0.0382,+0,+0,+0,07:50:01 24.03.2020
5546,+23.3,+25.1,+23.8,+23.6,+23.8,+23.9,+23.5,+24.4,+24.5,+25,+26,MDI_,0,0,+0,+0,+0.0166,+0,+0.0382,+0,+0,+0,07:51:01 24.03.2020
5547,+23.3,+25,+23.8,+23.6,+23.8,+23.9,+23.5,+24.4,+24.5,+25,+26,MDI_,0,0,+0,+0,+0.0166,+0,+0.0382,+0,+0,+0,07:52:01 24.03.2020
5548,+23.2,+24.9,+23.8,+23.6,+23.8,+23.9,+23.5,+24.4,+24.5,+25,+26,HWHE,0,0,+0,+0,+0.0166,+0,+0.0382,+0,+0,+0,07:53:01 24.03.2020
5549,+23.2,+24.9,+23.8,+23.6,+23.8,+23.9,+23.5,+24.4,+24.5,+25,+26,HWHE,0,0,+0,+0,+0.0166,+0,+0.0382,+0,+0,+0,07:54:01 24.03.2020
5550,+23.2,+24.9,+23.8,+23.6,+23.8,+23.9,+23.5,+24.4,+24.5,+25,+26,MANU,0,0,+0,+0,+0.0166,+0,+0.0382,+0,+0,+0,07:55:01 24.03.2020
5551,+23.2,+24.9,+23.8,+23.6,+23.8,+23.9,+23.5,+24.3,+24.4,+24.2,+26.1,FULL,0,1,+0,+0,+0.0165,+0,+0.0382,+0,+0,+0,07:56:01 24.03.2020
5552,+23.2,+24.9,+23.8,+23.6,+23.8,+23.9,+23.5,+24.1,+24.1,+24,+26,MANU,0,0,+0,+0,+0.0164,+0,+0.0382,+0,+0,+0,07:57:01 24.03.2020
5553,+23.2,+24.9,+23.8,+23.6,+23.8,+23.9,+23.5,+24.1,+24.1,+24.1,+26,MANU,0,0,+0,+0,+0.0164,+0,+0.0382,+0,+0,+0,07:58:01 24.03.2020
5554,+23.2,+24.9,+23.8,+23.6,+23.8,+23.9,+23.5,+24.1,+24.1,+24.3,+26,MANU,0,0,+0,+0,+0.0164,+0,+0.0382,+0,+0,+0,07:59:01 24.03.2020
5555,+23.2,+24.9,+23.8,+23.6,+23.8,+23.9,+23.5,+24.1,+24.1,+24.4,+26,HWHE,0,0,+0,+0,+0.0164,+0,+0.0382,+0,+0,+0,08:00:01 24.03.2020
5556,+23.2,+24.9,+23.8,+23.6,+23.8,+23.9,+23.5,+24.2,+24.2,+24.5,+26,MANU,0,0,+0,+0,+0.0165,+0,+0.0382,+0,+0,+0,08:01:01 24.03.2020
5557,+23.2,+24.9,+23.8,+23.6,+23.8,+23.9,+23.5,+24.2,+24.2,+24.5,+26,HWHE,0,0,+0,+0,+0.0165,+0,+0.0382,+0,+0,+0,08:02:01 24.03.2020
5558,+23.1,+24.8,+23.8,+23.6,+23.8,+23.9,+23.5,+24.1,+24.1,+24.1,+26,FULL,0,1,+0,+0,+0.0164,+0,+0.0381,+0,+0,+0,08:03:01 24.03.2020
5559,+23.1,+24.8,+23.8,+23.6,+23.8,+23.8,+23.4,+24.1,+24,+23.9,+26,FULL,0,1,+0,+0,+0.0163,+0,+0.0381,+0,+0,+0,08:04:01 24.03.2020
5560,+23.1,+24.8,+23.8,+23.6,+23.8,+23.8,+23.4,+24.1,+24,+23.9,+26,FULL,0,1,+0,+0,+0.0163,+0,+0.0381,+0,+0,+0,08:05:01 24.03.2020
5561,+23.1,+24.8,+23.8,+23.6,+23.8,+23.8,+23.4,+24.1,+24,+23.9,+26,FULL,0,1,+0,+0,+0.0163,+0,+0.0381,+0,+0,+0,08:06:01 24.03.2020
5562,+23,+24.8,+23.8,+23.6,+23.8,+23.8,+23.4,+24.1,+24,+23.9,+26,FULL,0,1,+0,+0,+0.0163,+0,+0.0381,+0,+0,+0,08:07:01 24.03.2020
5563,+23,+24.7,+23.8,+23.6,+23.8,+23.8,+23.4,+24.1,+24,+23.8,+26,FULL,0,0,+0,+0,+0.0163,+0,+0.0381,+0,+0,+0,08:08:01 24.03.2020
5564,+23,+24.7,+23.8,+23.6,+23.8,+23.8,+23.4,+24.1,+24,+23.9,+25.8,FULL,0,0,+0,+0,+0.0163,+0,+0.0381,+0,+0,+0,08:09:01 24.03.2020
5565,+23,+24.7,+23.8,+23.6,+23.8,+23.8,+23.4,+24.1,+24,+24,+25.5,FULL,0,0,+0,+0,+0.0163,+0,+0.0381,+0,+0,+0,08:10:01 24.03.2020
5566,+23,+24.7,+23.7,+23.6,+23.8,+23.8,+23.4,+24,+24,+23.9,+26,FULL,0,1,+0,+0,+0.0163,+0,+0.0379,+0,+0,+0,08:11:01 24.03.2020
5567,+23,+24.6,+23.8,+23.6,+23.8,+23.7,+23.3,+24,+23.9,+23.8,+26,FULL,0,1,+0,+0,+0.0163,+0,+0.0379,+0,+0,+0,08:12:01 24.03.2020
5568,+23,+24.6,+23.8,+23.6,+23.8,+23.7,+23.3,+24,+23.9,+23.8,+25.6,FULL,0,1,+0,+0,+0.0163,+0,+0.0379,+0,+0,+0,08:13:01 24.03.2020
5569,+23,+24.6,+23.8,+23.6,+23.8,+23.7,+23.3,+24,+23.9,+23.8,+26,FULL,0,1,+0,+0,+0.0163,+0,+0.0379,+0,+0,+0,08:14:01 24.03.2020
5570,+23,+24.6,+23.8,+23.6,+23.8,+23.7,+23.3,+24,+24,+23.8,+25.6,FULL,0,0,+0,+0,+0.0163,+0,+0.0379,+0,+0,+0,08:15:01 24.03.2020
5571,+23,+24.6,+23.8,+23.6,+23.8,+23.7,+23.3,+24,+24,+23.8,+25.5,FULL,0,0,+0,+0,+0.0163,+0,+0.0379,+0,+0,+0,08:16:01 24.03.2020
5572,+23,+24.6,+23.8,+23.6,+23.8,+23.7,+23.3,+24,+24,+23.9,+25.1,FULL,0,0,+0,+0,+0.0163,+0,+0.0379,+0,+0,+0,08:17:01 24.03.2020
5573,+23,+24.6,+23.7,+23.6,+23.8,+23.7,+23.3,+24,+24,+23.9,+25.2,FULL,0,0,+0,+0,+0.0163,+0,+0.0379,+0,+0,+0,08:18:01 24.03.2020
5574,+23,+24.5,+23.8,+23.6,+23.8,+23.7,+23.3,+24,+24,+24,+25.2,MDI_,0,0,+0,+0,+0.0163,+0,+0.0379,+0,+0,+0,08:19:01 24.03.2020
5575,+23,+24.5,+23.8,+23.6,+23.8,+23.6,+23.3,+24,+24,+24,+25.5,HWHE,0,0,+0,+0,+0.0163,+0,+0.0379,+0,+0,+0,08:20:01 24.03.2020
5576,+23,+24.5,+23.8,+23.6,+23.8,+23.6,+23.3,+24,+24,+24,+25.5,MANU,0,0,+0,+0,+0.0163,+0,+0.0379,+0,+0,+0,08:21:01 24.03.2020
5577,+23,+24.5,+23.7,+23.6,+23.8,+23.6,+23.3,+24,+24,+23.8,+26,FULL,0,1,+0,+0,+0.0163,+0,+0.0379,+0,+0,+0,08:22:01 24.03.2020
5578,+23,+24.5,+23.7,+23.6,+23.8,+23.6,+23.3,+23.9,+23.9,+23.7,+25.8,FULL,0,1,+0,+0,+0.0163,+0,+0.0379,+0,+0,+0,08:23:01 24.03.2020
5579,+23,+24.4,+23.7,+23.6,+23.8,+23.6,+23.2,+23.9,+23.9,+23.7,+26,FULL,0,1,+0,+0,+0.0163,+0,+0.0379,+0,+0,+0,08:24:01 24.03.2020
5580,+23,+24.4,+23.7,+23.6,+23.7,+23.6,+23.2,+24,+23.9,+23.7,+26,FULL,0,1,+0,+0,+0.0163,+0,+0.0379,+0,+0,+0,08:25:01 24.03.2020
5581,+23,+24.4,+23.7,+23.6,+23.8,+23.6,+23.2,+24,+23.9,+23.7,+26,FULL,0,1,+0,+0,+0.0163,+0,+0.0379,+0,+0,+0,08:26:01 24.03.2020
5582,+23,+24.4,+23.7,+23.6,+23.7,+23.6,+23.2,+24,+23.9,+23.7,+26,FULL,0,1,+0,+0,+0.0163,+0,+0.0379,+0,+0,+0,08:27:01 24.03.2020
5583,+23,+24.4,+23.7,+23.6,+23.7,+23.6,+23.2,+24,+23.9,+23.7,+26,FULL,0,1,+0,+0,+0.0163,+0,+0.0377,+0,+0,+0,08:28:01 24.03.2020
5584,+23,+24.3,+23.7,+23.6,+23.7,+23.6,+23.2,+24,+23.9,+23.7,+25.8,FULL,0,1,+0,+0,+0.0163,+0,+0.0377,+0,+0,+0,08:29:01 24.03.2020
5585,+23,+24.3,+23.7,+23.5,+23.7,+23.6,+23.2,+24,+23.9,+23.7,+26,FULL,0,1,+0,+0,+0.0163,+0,+0.0377,+0,+0,+0,08:30:01 24.03.2020
5586,+23,+24.4,+23.7,+23.5,+23.7,+23.6,+23.2,+24,+23.9,+23.7,+25.8,FULL,0,1,+0,+0,+0.0163,+0,+0.0377,+0,+0,+0,08:31:01 24.03.2020
5587,+23,+24.4,+23.7,+23.5,+23.7,+23.6,+23.2,+24,+23.9,+23.7,+25.7,FULL,0,0,+0,+0,+0.0163,+0,+0.0377,+0,+0,+0,08:32:01 24.03.2020
5588,+23,+24.3,+23.7,+23.5,+23.7,+23.6,+23.2,+24,+23.9,+23.7,+25.8,FULL,0,1,+0,+0,+0.0163,+0,+0.0377,+0,+0,+0,08:33:01 24.03.2020
5589,+23,+24.3,+23.7,+23.5,+23.7,+23.5,+23.2,+24,+23.9,+23.7,+26,FULL,0,1,+0,+0,+0.0163,+0,+0.0377,+0,+0,+0,08:34:01 24.03.2020
5590,+23.1,+24.3,+23.7,+23.5,+23.7,+23.5,+23.2,+24,+23.9,+23.7,+25.1,FULL,0,0,+0,+0,+0.0163,+0,+0.0377,+0,+0,+0,08:35:01 24.03.2020
5591,+23.1,+24.2,+23.7,+23.5,+23.7,+23.5,+23.2,+24,+23.9,+23.7,+25,FULL,0,0,+0,+0,+0.0163,+0,+0.0377,+0,+0,+0,08:36:01 24.03.2020
5592,+23.1,+24.2,+23.7,+23.5,+23.7,+23.5,+23.2,+24,+23.9,+23.7,+25.1,FULL,0,0,+0,+0,+0.0163,+0,+0.0377,+0,+0,+0,08:37:01 24.03.2020
5593,+23.1,+24.2,+23.7,+23.5,+23.7,+23.5,+23.1,+24,+23.9,+23.8,+25,FULL,0,0,+0,+0,+0.0163,+0,+0.0377,+0,+0,+0,08:38:01 24.03.2020
5594,+23.1,+24.1,+23.7,+23.5,+23.7,+23.5,+23.1,+23.9,+23.9,+23.8,+25,FULL,0,0,+0,+0,+0.0163,+0,+0.0377,+0,+0,+0,08:39:01 24.03.2020
5595,+23.1,+24.1,+23.7,+23.5,+23.7,+23.5,+23.1,+23.9,+23.9,+23.8,+25,FULL,0,0,+0,+0,+0.0163,+0,+0.0377,+0,+0,+0,08:40:01 24.03.2020
5596,+23.1,+24.1,+23.7,+23.5,+23.7,+23.5,+23.1,+23.9,+23.9,+23.8,+25,FULL,0,0,+0,+0,+0.0163,+0,+0.0376,+0,+0,+0,08:41:01 24.03.2020
5597,+23.1,+24,+23.7,+23.5,+23.7,+23.5,+23.1,+23.9,+23.9,+23.8,+25.1,FULL,0,0,+0,+0,+0.0163,+0,+0.0376,+0,+0,+0,08:42:01 24.03.2020
5598,+23.1,+24,+23.7,+23.5,+23.7,+23.5,+23.1,+23.9,+23.9,+23.8,+25,FULL,0,0,+0,+0,+0.0163,+0,+0.0376,+0,+0,+0,08:43:01 24.03.2020
5599,+23.1,+24,+23.7,+23.5,+23.7,+23.5,+23.1,+23.9,+23.9,+23.8,+25,FULL,0,0,+0,+0,+0.0163,+0,+0.0376,+0,+0,+0,08:44:01 24.03.2020
5600,+23.1,+23.9,+23.7,+23.5,+23.7,+23.5,+23.1,+23.9,+23.9,+23.8,+25,FULL,0,0,+0,+0,+0.0163,+0,+0.0376,+0,+0,+0,08:45:01 24.03.2020
5601,+23.1,+23.9,+23.7,+23.5,+23.7,+23.5,+23.1,+23.9,+23.8,+23.7,+25,FULL,0,0,+0,+0,+0.0162,+0,+0.0376,+0,+0,+0,08:46:01 24.03.2020
5602,+23.1,+23.9,+23.7,+23.5,+23.7,+23.5,+23.1,+23.9,+23.8,+23.7,+25,FULL,0,0,+0,+0,+0.0162,+0,+0.0376,+0,+0,+0,08:47:01 24.03.2020
5603,+23.1,+23.9,+23.7,+23.5,+23.7,+23.4,+23.1,+23.8,+23.8,+23.7,+25,FULL,0,0,+0,+0,+0.0162,+0,+0.0376,+0,+0,+0,08:48:01 24.03.2020
5604,+23.2,+23.8,+23.7,+23.5,+23.7,+23.4,+23.1,+23.8,+23.8,+23.7,+25,FULL,0,0,+0,+0,+0.0162,+0,+0.0376,+0,+0,+0,08:49:01 24.03.2020
5605,+23.2,+23.8,+23.7,+23.5,+23.7,+23.4,+23.1,+23.8,+23.8,+23.7,+25,FULL,0,0,+0,+0,+0.0162,+0,+0.0376,+0,+0,+0,08:50:01 24.03.2020
5606,+23.2,+23.8,+23.7,+23.5,+23.7,+23.4,+23.1,+23.8,+23.8,+23.7,+25,MANU,0,0,+0,+0,+0.0162,+0,+0.0376,+0,+0,+0,08:51:01 24.03.2020
5607,+23.2,+23.8,+23.7,+23.5,+23.7,+23.4,+23.1,+23.8,+23.8,+23.7,+25,MANU,0,0,+0,+0,+0.0162,+0,+0.0376,+0,+0,+0,08:52:01 24.03.2020
5608,+23.2,+23.8,+23.7,+23.5,+23.6,+23.4,+23,+23.8,+23.8,+23.7,+25.1,MANU,0,0,+0,+0,+0.0162,+0,+0.0376,+0,+0,+0,08:53:01 24.03.2020
5609,+23.2,+23.8,+23.7,+23.5,+23.6,+23.4,+23.1,+23.8,+23.8,+23.7,+25,MANU,0,0,+0,+0,+0.0162,+0,+0.0376,+0,+0,+0,08:54:01 24.03.2020
5610,+23.2,+23.8,+23.7,+23.5,+23.6,+23.4,+23,+23.8,+23.8,+23.7,+25,MANU,0,0,+0,+0,+0.0162,+0,+0.0374,+0,+0,+0,08:55:01 24.03.2020
5611,+23.2,+23.8,+23.7,+23.5,+23.6,+23.4,+23,+23.8,+23.8,+23.6,+25.1,MANU,0,0,+0,+0,+0.0162,+0,+0.0374,+0,+0,+0,08:56:01 24.03.2020
5612,+23.2,+23.8,+23.7,+23.5,+23.6,+23.4,+23,+23.8,+23.8,+23.6,+25,MANU,0,0,+0,+0,+0.0162,+0,+0.0374,+0,+0,+0,08:57:01 24.03.2020
5613,+23.2,+23.9,+23.7,+23.5,+23.6,+23.4,+23,+23.8,+23.7,+23.6,+25,MANU,0,0,+0,+0,+0.0161,+0,+0.0374,+0,+0,+0,08:58:01 24.03.2020
5614,+23.2,+23.9,+23.7,+23.5,+23.6,+23.4,+23,+23.7,+23.7,+23.6,+25,MANU,0,0,+0,+0,+0.0161,+0,+0.0374,+0,+0,+0,08:59:01 24.03.2020
5615,+23.2,+23.9,+23.7,+23.5,+23.6,+23.4,+23,+23.7,+23.7,+23.6,+25,MANU,0,0,+0,+0,+0.0161,+0,+0.0374,+0,+0,+0,09:00:01 24.03.2020
5616,+23.3,+23.9,+23.7,+23.5,+23.6,+23.4,+23,+23.7,+23.7,+23.6,+25,MANU,0,0,+0,+0,+0.0161,+0,+0.0374,+0,+0,+0,09:01:01 24.03.2020
5617,+23.3,+23.9,+23.7,+23.5,+23.6,+23.4,+23,+23.7,+23.7,+23.6,+25,MANU,0,0,+0,+0,+0.0161,+0,+0.0374,+0,+0,+0,09:02:01 24.03.2020
5618,+23.3,+23.9,+23.7,+23.5,+23.6,+23.4,+23,+23.7,+23.7,+23.6,+25,MANU,0,0,+0,+0,+0.0161,+0,+0.0374,+0,+0,+0,09:03:01 24.03.2020
5619,+23.3,+23.9,+23.7,+23.4,+23.6,+23.4,+23,+23.7,+23.7,+23.6,+25,MANU,0,0,+0,+0,+0.0161,+0,+0.0374,+0,+0,+0,09:04:01 24.03.2020
5620,+23.3,+23.9,+23.7,+23.4,+23.6,+23.3,+23,+23.6,+23.7,+23.6,+25,MANU,0,0,+0,+0,+0.0161,+0,+0.0374,+0,+0,+0,09:05:01 24.03.2020
5621,+23.3,+23.9,+23.7,+23.4,+23.6,+23.3,+23,+23.6,+23.7,+23.6,+25,MANU,0,0,+0,+0,+0.0161,+0,+0.0374,+0,+0,+0,09:06:01 24.03.2020
5622,+23.3,+23.9,+23.7,+23.4,+23.6,+23.3,+23,+23.6,+23.6,+23.6,+25,MANU,0,0,+0,+0,+0.0161,+0,+0.0374,+0,+0,+0,09:07:01 24.03.2020
5623,+23.3,+23.9,+23.7,+23.4,+23.6,+23.3,+23,+23.6,+23.6,+23.6,+25,MANU,0,0,+0,+0,+0.0161,+0,+0.0374,+0,+0,+0,09:08:01 24.03.2020
5624,+23.3,+23.9,+23.7,+23.4,+23.6,+23.3,+23,+23.6,+23.6,+23.6,+25,MDI_,0,0,+0,+0,+0.0161,+0,+0.0374,+0,+0,+0,09:09:01 24.03.2020
5625,+23.3,+23.9,+23.7,+23.4,+23.6,+23.3,+23,+23.6,+23.6,+23.6,+25,MANU,0,0,+0,+0,+0.0161,+0,+0.0374,+0,+0,+0,09:10:01 24.03.2020
5626,+23.3,+23.9,+23.7,+23.4,+23.6,+23.3,+23,+23.6,+23.6,+23.6,+25,HWHE,0,0,+0,+0,+0.0161,+0,+0.0374,+0,+0,+0,09:11:01 24.03.2020
5627,+23.3,+23.9,+23.7,+23.4,+23.6,+23.3,+23,+23.6,+23.6,+23.6,+25,HWHE,0,0,+0,+0,+0.0161,+0,+0.0374,+0,+0,+0,09:12:01 24.03.2020
5628,+23.3,+23.9,+23.7,+23.4,+23.6,+23.3,+23,+23.6,+23.6,+23.5,+25,HWHE,0,0,+0,+0,+0.0161,+0,+0.0374,+0,+0,+0,09:13:01 24.03.2020
5629,+23.3,+23.8,+23.7,+23.4,+23.6,+23.3,+23,+23.6,+23.6,+23.5,+25,HWHE,0,0,+0,+0,+0.0161,+0,+0.0374,+0,+0,+0,09:14:01 24.03.2020
5630,+23.3,+23.8,+23.7,+23.4,+23.6,+23.3,+23,+23.5,+23.6,+23.5,+25,MDI_,0,0,+0,+0,+0.0161,+0,+0.0374,+0,+0,+0,09:15:01 24.03.2020
5631,+23.3,+23.8,+23.7,+23.4,+23.6,+23.3,+23,+23.5,+23.6,+23.5,+25,HWHE,0,0,+0,+0,+0.016,+0,+0.0374,+0,+0,+0,09:16:01 24.03.2020
5632,+23.3,+23.8,+23.7,+23.4,+23.6,+23.3,+23,+23.5,+23.6,+23.5,+25,HWHE,0,0,+0,+0,+0.016,+0,+0.0374,+0,+0,+0,09:17:01 24.03.2020
5633,+23.3,+23.8,+23.7,+23.4,+23.6,+23.3,+23,+23.5,+23.6,+23.5,+25,HWHE,0,0,+0,+0,+0.016,+0,+0.0374,+0,+0,+0,09:18:01 24.03.2020
5634,+23.3,+23.7,+23.7,+23.4,+23.6,+23.4,+23,+23.5,+23.6,+23.5,+25,HWHE,0,0,+0,+0,+0.016,+0,+0.0374,+0,+0,+0,09:19:01 24.03.2020
5635,+23.3,+23.7,+23.7,+23.4,+23.6,+23.4,+23,+23.5,+23.5,+23.5,+25,MANU,0,0,+0,+0,+0.016,+0,+0.0374,+0,+0,+0,09:20:01 24.03.2020
5636,+23.3,+23.7,+23.7,+23.4,+23.6,+23.4,+23,+23.5,+23.5,+23.5,+25,MANU,0,0,+0,+0,+0.016,+0,+0.0374,+0,+0,+0,09:21:01 24.03.2020
5637,+23.3,+23.6,+23.7,+23.4,+23.6,+23.4,+23,+23.5,+23.5,+23.5,+25,MANU,0,0,+0,+0,+0.016,+0,+0.0374,+0,+0,+0,09:22:01 24.03.2020
5638,+23.3,+23.6,+23.7,+23.4,+23.6,+23.4,+23,+23.5,+23.5,+23.5,+25,HWHE,0,0,+0,+0,+0.016,+0,+0.0374,+0,+0,+0,09:23:01 24.03.2020
5639,+23.3,+23.6,+23.7,+23.4,+23.6,+23.4,+23,+23.5,+23.5,+23.5,+25,MANU,0,0,+0,+0,+0.016,+0,+0.0374,+0,+0,+0,09:24:01 24.03.2020
5640,+23.3,+23.6,+23.7,+23.4,+23.6,+23.4,+23,+23.5,+23.5,+23.5,+25,HWHE,0,0,+0,+0,+0.016,+0,+0.0374,+0,+0,+0,09:25:01 24.03.2020
5641,+23.3,+23.6,+23.7,+23.4,+23.6,+23.4,+23,+23.5,+23.5,+23.5,+25,HWHE,0,0,+0,+0,+0.016,+0,+0.0374,+0,+0,+0,09:26:01 24.03.2020
5642,+23.3,+23.5,+23.7,+23.4,+23.6,+23.4,+23,+23.5,+23.5,+23.5,+25,MDI_,0,0,+0,+0,+0.016,+0,+0.0374,+0,+0,+0,09:27:01 24.03.2020
5643,+23.3,+23.5,+23.7,+23.4,+23.6,+23.4,+23,+23.5,+23.5,+23.5,+25,HWHE,0,0,+0,+0,+0.016,+0,+0.0374,+0,+0,+0,09:28:01 24.03.2020
5644,+23.4,+23.5,+23.7,+23.4,+23.6,+23.4,+23,+23.5,+23.5,+23.5,+25,HWHE,0,0,+0,+0,+0.016,+0,+0.0374,+0,+0,+0,09:29:01 24.03.2020
5645,+23.4,+23.5,+23.7,+23.4,+23.5,+23.4,+23,+23.5,+23.5,+23.5,+25,HWHE,0,0,+0,+0,+0.016,+0,+0.0374,+0,+0,+0,09:30:01 24.03.2020
5646,+23.4,+23.5,+23.7,+23.4,+23.6,+23.4,+23,+23.5,+23.5,+23.5,+25,HWHE,0,0,+0,+0,+0.016,+0,+0.0374,+0,+0,+0,09:31:01 24.03.2020
5647,+23.4,+23.3,+23.7,+23.4,+23.5,+23.4,+23,+23.5,+23.5,+23.5,+25,MANU,0,0,+0,+0,+0.016,+0,+0.0374,+0,+0,+0,09:32:01 24.03.2020
5648,+23.4,+23.1,+23.7,+23.4,+23.5,+23.4,+23,+23.5,+23.5,+23.5,+25,HWHE,0,0,+0,+0,+0.016,+0,+0.0374,+0,+0,+0,09:33:01 24.03.2020
5649,+23.4,+23.1,+23.7,+23.4,+23.5,+23.4,+23,+23.5,+23.5,+23.5,+25,HWHE,0,0,+0,+0,+0.016,+0,+0.0374,+0,+0,+0,09:34:01 24.03.2020
5650,+23.4,+23,+23.6,+23.4,+23.5,+23.4,+23,+23.5,+23.5,+23.5,+25,HWHE,0,0,+0,+0,+0.016,+0,+0.0374,+0,+0,+0,09:35:01 24.03.2020
5651,+23.4,+22.9,+23.6,+23.3,+23.5,+23.3,+23,+23.5,+23.5,+23.5,+25,MANU,0,0,+0,+0,+0.016,+0,+0.0374,+0,+0,+0,09:36:01 24.03.2020
5652,+23.4,+22.8,+23.6,+23.3,+23.5,+23.4,+23,+23.5,+23.5,+23.5,+25,MANU,0,0,+0,+0,+0.016,+0,+0.0374,+0,+0,+0,09:37:01 24.03.2020
5653,+23.4,+22.7,+23.6,+23.3,+23.5,+23.3,+23,+23.5,+23.5,+23.5,+25,MANU,0,0,+0,+0,+0.016,+0,+0.0374,+0,+0,+0,09:38:01 24.03.2020
5654,+23.4,+22.7,+23.6,+23.3,+23.5,+23.3,+23,+23.5,+23.5,+23.5,+25,MANU,0,0,+0,+0,+0.016,+0,+0.0374,+0,+0,+0,09:39:01 24.03.2020
5655,+23.4,+22.7,+23.6,+23.3,+23.5,+23.3,+22.9,+23.5,+23.5,+23.5,+25,MANU,0,0,+0,+0,+0.016,+0,+0.0374,+0,+0,+0,09:40:01 24.03.2020
5656,+23.4,+22.6,+23.6,+23.3,+23.5,+23.3,+22.9,+23.5,+23.4,+23.5,+25,MANU,0,0,+0,+0,+0.0159,+0,+0.0374,+0,+0,+0,09:41:01 24.03.2020
5657,+23.4,+22.6,+23.6,+23.3,+23.5,+23.3,+22.9,+23.5,+23.4,+23.5,+25,HWHE,0,0,+0,+0,+0.0159,+0,+0.0374,+0,+0,+0,09:42:01 24.03.2020
5658,+23.5,+22.6,+23.6,+23.3,+23.5,+23.3,+22.9,+23.5,+23.4,+23.5,+25,HWHE,0,0,+0,+0,+0.0159,+0,+0.0374,+0,+0,+0,09:43:01 24.03.2020
5659,+23.5,+22.6,+23.6,+23.3,+23.5,+23.3,+22.9,+23.5,+23.4,+23.5,+25,HWHE,0,0,+0,+0,+0.0159,+0,+0.0374,+0,+0,+0,09:44:01 24.03.2020
5660,+23.5,+22.6,+23.6,+23.3,+23.5,+23.3,+22.9,+23.5,+23.4,+23.4,+25,HWHE,0,0,+0,+0,+0.0159,+0,+0.0374,+0,+0,+0,09:45:01 24.03.2020
5661,+23.5,+22.6,+23.6,+23.3,+23.5,+23.3,+22.9,+23.5,+23.4,+23.4,+25,HWHE,0,0,+0,+0,+0.0159,+0,+0.0374,+0,+0,+0,09:46:01 24.03.2020
5662,+23.5,+22.6,+23.6,+23.3,+23.5,+23.3,+22.9,+23.5,+23.4,+23.4,+25,HWHE,0,0,+0,+0,+0.0159,+0,+0.0374,+0,+0,+0,09:47:01 24.03.2020
5663,+23.5,+22.6,+23.6,+23.3,+23.5,+23.3,+22.9,+23.5,+23.4,+23.4,+25,HWHE,0,0,+0,+0,+0.0159,+0,+0.0374,+0,+0,+0,09:48:01 24.03.2020
5664,+23.5,+22.5,+23.6,+23.3,+23.5,+23.3,+22.9,+23.5,+23.4,+23.4,+25,HWHE,0,0,+0,+0,+0.0159,+0,+0.0374,+0,+0,+0,09:49:01 24.03.2020
5665,+23.5,+22.5,+23.6,+23.3,+23.5,+23.3,+22.9,+23.5,+23.4,+23.4,+25,HWHE,0,0,+0,+0,+0.0159,+0,+0.0374,+0,+0,+0,09:50:01 24.03.2020
5666,+23.5,+22.5,+23.6,+23.3,+23.5,+23.3,+22.9,+23.5,+23.4,+23.4,+25,HWHE,0,0,+0,+0,+0.0159,+0,+0.0374,+0,+0,+0,09:51:01 24.03.2020
5667,+23.5,+22.5,+23.6,+23.3,+23.5,+23.3,+22.9,+23.5,+23.4,+23.4,+25,HWHE,0,0,+0,+0,+0.0159,+0,+0.0374,+0,+0,+0,09:52:01 24.03.2020
5668,+23.5,+22.5,+23.6,+23.3,+23.5,+23.3,+22.9,+23.5,+23.4,+23.4,+25,HWHE,0,0,+0,+0,+0.0159,+0,+0.0374,+0,+0,+0,09:53:01 24.03.2020
5669,+23.5,+22.5,+23.6,+23.3,+23.5,+23.3,+22.9,+23.5,+23.4,+23.4,+25,HWHE,0,0,+0,+0,+0.0159,+0,+0.0374,+0,+0,+0,09:54:01 24.03.2020
5670,+23.5,+22.4,+23.6,+23.3,+23.4,+23.3,+22.9,+23.5,+23.4,+23.4,+25,MANU,0,0,+0,+0,+0.0159,+0,+0.0374,+0,+0,+0,09:55:01 24.03.2020
5671,+23.5,+22.4,+23.6,+23.3,+23.4,+23.3,+22.9,+23.5,+23.4,+23.4,+25,MANU,0,0,+0,+0,+0.0159,+0,+0.0374,+0,+0,+0,09:56:01 24.03.2020
5673,+23.6,+22.3,+23.5,+23.3,+23.4,+23.4,+22.9,+23.5,+23.4,+23.4,+25,HWHE,0,0,+0,+0,+0.0159,+0,+0.0374,+0,+0,+0,09:58:01 24.03.2020
5674,+23.6,+22.3,+23.5,+23.3,+23.4,+23.4,+22.9,+23.5,+23.4,+23.4,+25,HWHE,0,0,+0,+0,+0.0159,+0,+0.0374,+0,+0,+0,09:59:01 24.03.2020
5675,+23.6,+22.2,+23.5,+23.3,+23.4,+23.4,+22.9,+23.5,+23.4,+23.3,+25,HWHE,0,0,+0,+0,+0.0159,+0,+0.0374,+0,+0,+0,10:00:01 24.03.2020
5676,+23.6,+22.2,+23.5,+23.3,+23.4,+23.4,+22.9,+23.5,+23.4,+23.3,+25,HWHE,0,0,+0,+0,+0.0159,+0,+0.0374,+0,+0,+0,10:01:01 24.03.2020
5677,+23.6,+22.2,+23.5,+23.3,+23.4,+23.4,+22.9,+23.5,+23.4,+23.3,+25,HWHE,0,0,+0,+0,+0.0159,+0,+0.0374,+0,+0,+0,10:02:01 24.03.2020
5678,+23.6,+22.1,+23.5,+23.3,+23.4,+23.4,+22.9,+23.5,+23.4,+23.3,+25,HWHE,0,0,+0,+0,+0.0159,+0,+0.0374,+0,+0,+0,10:03:01 24.03.2020
5679,+23.6,+22.1,+23.5,+23.3,+23.4,+23.4,+22.9,+23.5,+23.4,+23.3,+25,HWHE,0,0,+0,+0,+0.0159,+0,+0.0374,+0,+0,+0,10:04:01 24.03.2020
5680,+23.6,+22.1,+23.5,+23.3,+23.4,+23.4,+22.9,+23.5,+23.4,+23.3,+25,HWHE,0,0,+0,+0,+0.0159,+0,+0.0374,+0,+0,+0,10:05:01 24.03.2020
5681,+23.6,+22.1,+23.5,+23.3,+23.4,+23.4,+22.9,+23.5,+23.4,+23.3,+25,HWHE,0,0,+0,+0,+0.0159,+0,+0.0374,+0,+0,+0,10:06:01 24.03.2020
5682,+23.6,+22.1,+23.5,+23.3,+23.4,+23.4,+22.9,+23.5,+23.4,+23.3,+25,HWHE,0,0,+0,+0,+0.0159,+0,+0.0374,+0,+0,+0,10:07:01 24.03.2020
5683,+23.6,+22.1,+23.5,+23.3,+23.4,+23.4,+22.9,+23.5,+23.4,+23.3,+25,MANU,0,0,+0,+0,+0.0159,+0,+0.0374,+0,+0,+0,10:08:01 24.03.2020
5684,+23.6,+22,+23.5,+23.3,+23.4,+23.4,+22.9,+23.5,+23.4,+23.3,+25,MANU,0,0,+0,+0,+0.0159,+0,+0.0374,+0,+0,+0,10:09:01 24.03.2020
5685,+23.6,+22,+23.5,+23.2,+23.4,+23.4,+22.9,+23.5,+23.4,+23.3,+25,MANU,0,0,+0,+0,+0.0159,+0,+0.0374,+0,+0,+0,10:10:01 24.03.2020
5686,+23.6,+22,+23.5,+23.2,+23.4,+23.4,+22.9,+23.5,+23.4,+23.3,+25,MANU,0,0,+0,+0,+0.0159,+0,+0.0374,+0,+0,+0,10:11:01 24.03.2020
5687,+23.6,+22,+23.5,+23.2,+23.4,+23.4,+22.9,+23.5,+23.4,+23.3,+25,HWHE,0,0,+0,+0,+0.0159,+0,+0.0374,+0,+0,+0,10:12:01 24.03.2020
5688,+23.6,+22,+23.5,+23.2,+23.4,+23.4,+22.9,+23.5,+23.4,+23.3,+25,HWHE,0,0,+0,+0,+0.0159,+0,+0.0374,+0,+0,+0,10:13:01 24.03.2020
5689,+23.6,+22,+23.5,+23.2,+23.4,+23.4,+22.9,+23.5,+23.4,+23.3,+25,HWHE,0,0,+0,+0,+0.0159,+0,+0.0374,+0,+0,+0,10:14:01 24.03.2020
5690,+23.6,+22,+23.5,+23.2,+23.4,+23.4,+22.9,+23.5,+23.4,+23.3,+25,MANU,0,0,+0,+0,+0.0159,+0,+0.0374,+0,+0,+0,10:15:01 24.03.2020
5691,+23.6,+22,+23.5,+23.2,+23.4,+23.4,+22.9,+23.5,+23.4,+23.3,+25,MANU,0,0,+0,+0,+0.0159,+0,+0.0374,+0,+0,+0,10:16:01 24.03.2020
5692,+23.6,+22,+23.5,+23.2,+23.4,+23.4,+22.9,+23.5,+23.4,+23.3,+25,MANU,0,0,+0,+0,+0.0159,+0,+0.0374,+0,+0,+0,10:17:01 24.03.2020
5693,+23.6,+22,+23.5,+23.2,+23.4,+23.4,+22.9,+23.5,+23.4,+23.3,+25,MANU,0,0,+0,+0,+0.0159,+0,+0.0374,+0,+0,+0,10:18:01 24.03.2020
5694,+23.6,+22,+23.5,+23.2,+23.4,+23.4,+22.9,+23.5,+23.4,+23.3,+25,MANU,0,0,+0,+0,+0.0159,+0,+0.0374,+0,+0,+0,10:19:01 24.03.2020
5695,+23.6,+22,+23.5,+23.2,+23.4,+23.4,+22.9,+23.5,+23.4,+23.3,+25,MANU,0,0,+0,+0,+0.0159,+0,+0.0374,+0,+0,+0,10:20:01 24.03.2020
5696,+23.6,+22,+23.5,+23.2,+23.4,+23.4,+22.9,+23.5,+23.4,+23.3,+25,MANU,0,0,+0,+0,+0.0159,+0,+0.0374,+0,+0,+0,10:21:01 24.03.2020
5697,+23.6,+22,+23.5,+23.2,+23.4,+23.4,+22.9,+23.5,+23.4,+23.3,+25,MANU,0,0,+0,+0,+0.0159,+0,+0.0374,+0,+0,+0,10:22:01 24.03.2020
5698,+23.6,+22,+23.5,+23.2,+23.3,+23.4,+22.9,+23.5,+23.4,+23.3,+25,MANU,0,0,+0,+0,+0.0159,+0,+0.0374,+0,+0,+0,10:23:01 24.03.2020
5699,+23.6,+22,+23.5,+23.2,+23.3,+23.4,+22.9,+23.5,+23.3,+23.3,+25,MANU,0,0,+0,+0,+0.0159,+0,+0.0374,+0,+0,+0,10:24:01 24.03.2020
5700,+23.7,+22,+23.5,+23.2,+23.4,+23.4,+22.9,+23.5,+23.4,+23.3,+25,MANU,0,0,+0,+0,+0.0159,+0,+0.0374,+0,+0,+0,10:25:01 24.03.2020
5701,+23.7,+22,+23.5,+23.2,+23.3,+23.4,+22.9,+23.5,+23.3,+23.3,+25,MANU,0,0,+0,+0,+0.0159,+0,+0.0374,+0,+0,+0,10:26:01 24.03.2020
5702,+23.7,+22,+23.5,+23.2,+23.3,+23.4,+22.9,+23.5,+23.4,+23.3,+25,MANU,0,0,+0,+0,+0.0159,+0,+0.0374,+0,+0,+0,10:27:01 24.03.2020
5703,+23.7,+21.9,+23.5,+23.2,+23.3,+23.4,+22.9,+23.5,+23.3,+23.3,+25,MANU,0,0,+0,+0,+0.0159,+0,+0.0374,+0,+0,+0,10:28:01 24.03.2020
5704,+23.7,+21.9,+23.5,+23.2,+23.3,+23.4,+22.9,+23.5,+23.4,+23.3,+25,MANU,0,0,+0,+0,+0.0159,+0,+0.0374,+0,+0,+0,10:29:01 24.03.2020
5705,+23.7,+21.9,+23.5,+23.2,+23.3,+23.4,+22.9,+23.5,+23.3,+23.3,+25,MANU,0,0,+0,+0,+0.0159,+0,+0.0374,+0,+0,+0,10:30:01 24.03.2020
5706,+23.7,+22,+23.5,+23.2,+23.3,+23.4,+22.9,+23.5,+23.4,+23.3,+25,MANU,0,0,+0,+0,+0.0159,+0,+0.0374,+0,+0,+0,10:31:01 24.03.2020
5707,+23.7,+22,+23.5,+23.2,+23.3,+23.4,+22.9,+23.5,+23.3,+23.3,+25,MANU,0,0,+0,+0,+0.0159,+0,+0.0374,+0,+0,+0,10:32:01 24.03.2020
5708,+23.7,+21.9,+23.5,+23.2,+23.3,+23.4,+22.9,+23.5,+23.3,+23.3,+25,MANU,0,0,+0,+0,+0.0159,+0,+0.0374,+0,+0,+0,10:33:01 24.03.2020
5709,+23.7,+21.9,+23.5,+23.2,+23.3,+23.4,+22.9,+23.5,+23.3,+23.3,+25,MANU,0,0,+0,+0,+0.0159,+0,+0.0374,+0,+0,+0,10:34:01 24.03.2020
5710,+23.7,+21.9,+23.5,+23.2,+23.3,+23.4,+22.9,+23.5,+23.3,+23.3,+25,MANU,0,0,+0,+0,+0.0159,+0,+0.0374,+0,+0,+0,10:35:01 24.03.2020
5711,+23.7,+21.8,+23.5,+23.2,+23.3,+23.4,+22.9,+23.5,+23.3,+23.3,+25,MANU,0,0,+0,+0,+0.0159,+0,+0.0374,+0,+0,+0,10:36:01 24.03.2020
5712,+23.7,+21.8,+23.5,+23.2,+23.3,+23.4,+22.9,+23.5,+23.3,+23.3,+25,MANU,0,0,+0,+0,+0.0159,+0,+0.0374,+0,+0,+0,10:37:01 24.03.2020
5713,+23.7,+21.8,+23.5,+23.2,+23.3,+23.4,+22.9,+23.5,+23.3,+23.3,+25,MANU,0,0,+0,+0,+0.0159,+0,+0.0374,+0,+0,+0,10:38:01 24.03.2020
5714,+23.7,+21.8,+23.5,+23.2,+23.3,+23.4,+22.9,+23.5,+23.3,+23.3,+25,MANU,0,0,+0,+0,+0.0159,+0,+0.0374,+0,+0,+0,10:39:01 24.03.2020
5715,+23.7,+21.7,+23.5,+23.2,+23.3,+23.4,+22.9,+23.5,+23.3,+23.3,+25,MANU,0,0,+0,+0,+0.0159,+0,+0.0374,+0,+0,+0,10:40:01 24.03.2020
5716,+23.7,+21.7,+23.5,+23.2,+23.3,+23.4,+22.9,+23.5,+23.3,+23.3,+25,MANU,0,0,+0,+0,+0.0159,+0,+0.0374,+0,+0,+0,10:41:01 24.03.2020
5717,+23.8,+21.7,+23.5,+23.2,+23.3,+23.4,+22.9,+23.4,+23.3,+23.3,+25,MANU,0,0,+0,+0,+0.0159,+0,+0.0374,+0,+0,+0,10:42:01 24.03.2020
5718,+23.8,+21.7,+23.5,+23.2,+23.3,+23.4,+22.9,+23.4,+23.3,+23.3,+25,MANU,0,0,+0,+0,+0.0159,+0,+0.0374,+0,+0,+0,10:43:01 24.03.2020
5719,+23.8,+21.7,+23.4,+23.1,+23.3,+23.4,+22.9,+23.5,+23.3,+23.2,+25,MANU,0,0,+0,+0,+0.0159,+0,+0.0374,+0,+0,+0,10:44:01 24.03.2020
5720,+23.8,+21.7,+23.5,+23.1,+23.3,+23.4,+22.9,+23.5,+23.3,+23.2,+25,MANU,0,0,+0,+0,+0.0159,+0,+0.0374,+0,+0,+0,10:45:01 24.03.2020
5721,+23.8,+21.7,+23.4,+23.1,+23.3,+23.4,+22.9,+23.5,+23.3,+23.2,+25,MANU,0,0,+0,+0,+0.0159,+0,+0.0374,+0,+0,+0,10:46:01 24.03.2020
5722,+23.8,+21.7,+23.5,+23.1,+23.3,+23.4,+22.9,+23.5,+23.3,+23.2,+25,MANU,0,0,+0,+0,+0.0159,+0,+0.0374,+0,+0,+0,10:47:01 24.03.2020
5723,+23.8,+21.7,+23.4,+23.1,+23.3,+23.4,+22.9,+23.5,+23.3,+23.2,+25,MANU,0,0,+0,+0,+0.0159,+0,+0.0374,+0,+0,+0,10:48:01 24.03.2020
5724,+23.8,+21.7,+23.4,+23.1,+23.3,+23.4,+22.9,+23.5,+23.3,+23.2,+25,MANU,0,0,+0,+0,+0.0159,+0,+0.0374,+0,+0,+0,10:49:01 24.03.2020
5725,+23.8,+21.7,+23.4,+23.1,+23.3,+23.4,+22.9,+23.5,+23.3,+23.2,+25,MANU,0,0,+0,+0,+0.0159,+0,+0.0374,+0,+0,+0,10:50:01 24.03.2020
5726,+23.8,+21.7,+23.4,+23.1,+23.3,+23.4,+22.9,+23.5,+23.3,+23.2,+25,MANU,0,0,+0,+0,+0.0159,+0,+0.0374,+0,+0,+0,10:51:01 24.03.2020
5727,+23.8,+21.7,+23.4,+23.1,+23.3,+23.4,+22.9,+23.5,+23.3,+23.2,+25,MANU,0,0,+0,+0,+0.0159,+0,+0.0374,+0,+0,+0,10:52:01 24.03.2020
5728,+23.8,+21.7,+23.4,+23.1,+23.3,+23.4,+22.9,+23.5,+23.3,+23.2,+25,MANU,0,0,+0,+0,+0.0159,+0,+0.0374,+0,+0,+0,10:53:01 24.03.2020
5729,+23.8,+21.7,+23.4,+23.1,+23.3,+23.4,+22.9,+23.5,+23.3,+23.2,+25,MANU,0,0,+0,+0,+0.0159,+0,+0.0374,+0,+0,+0,10:54:01 24.03.2020
5730,+23.8,+21.7,+23.4,+23.1,+23.3,+23.4,+22.9,+23.5,+23.3,+23.2,+25,MANU,0,0,+0,+0,+0.0159,+0,+0.0374,+0,+0,+0,10:55:01 24.03.2020
5731,+23.8,+21.7,+23.4,+23.1,+23.3,+23.4,+22.9,+23.4,+23.3,+23.2,+25,MANU,0,0,+0,+0,+0.0159,+0,+0.0372,+0,+0,+0,10:56:01 24.03.2020
5732,+23.8,+21.7,+23.4,+23.1,+23.3,+23.4,+22.9,+23.4,+23.3,+23.2,+25,MANU,0,0,+0,+0,+0.0159,+0,+0.0374,+0,+0,+0,10:57:01 24.03.2020
5733,+23.8,+21.7,+23.4,+23.1,+23.3,+23.4,+22.9,+23.4,+23.3,+23.2,+25,MANU,0,0,+0,+0,+0.0159,+0,+0.0372,+0,+0,+0,10:58:01 24.03.2020
5734,+23.8,+21.7,+23.4,+23.1,+23.3,+23.4,+22.9,+23.4,+23.3,+23.2,+25,MANU,0,0,+0,+0,+0.0159,+0,+0.0372,+0,+0,+0,10:59:01 24.03.2020
5735,+23.9,+21.7,+23.4,+23.1,+23.3,+23.4,+22.9,+23.4,+23.3,+23.2,+25,MANU,0,0,+0,+0,+0.0159,+0,+0.0374,+0,+0,+0,11:00:01 24.03.2020
5736,+23.9,+21.7,+23.4,+23.1,+23.3,+23.4,+22.9,+23.4,+23.3,+23.2,+25,MANU,0,0,+0,+0,+0.0159,+0,+0.0373,+0,+0,+0,11:01:01 24.03.2020
5737,+23.9,+21.6,+23.4,+23.1,+23.3,+23.4,+22.9,+23.4,+23.3,+23.2,+25,MANU,0,0,+0,+0,+0.0159,+0,+0.0374,+0,+0,+0,11:02:01 24.03.2020
5738,+23.9,+21.6,+23.4,+23.1,+23.3,+23.4,+22.9,+23.4,+23.3,+23.2,+25,MANU,0,0,+0,+0,+0.0159,+0,+0.0372,+0,+0,+0,11:03:01 24.03.2020
5739,+23.9,+21.6,+23.4,+23.1,+23.3,+23.4,+22.9,+23.4,+23.3,+23.2,+25,MANU,0,0,+0,+0,+0.0159,+0,+0.0372,+0,+0,+0,11:04:01 24.03.2020
5740,+23.9,+21.6,+23.4,+23.1,+23.2,+23.4,+22.9,+23.4,+23.3,+23.2,+25,MANU,0,0,+0,+0,+0.0159,+0,+0.0373,+0,+0,+0,11:05:01 24.03.2020
5741,+23.9,+21.6,+23.4,+23.1,+23.3,+23.4,+22.9,+23.4,+23.3,+23.2,+25,MANU,0,0,+0,+0,+0.0159,+0,+0.0373,+0,+0,+0,11:06:01 24.03.2020
5742,+23.9,+21.6,+23.4,+23.1,+23.3,+23.4,+22.9,+23.4,+23.3,+23.2,+25,MANU,0,0,+0,+0,+0.0159,+0,+0.0374,+0,+0,+0,11:07:01 24.03.2020
5743,+23.9,+21.6,+23.4,+23.1,+23.2,+23.4,+22.9,+23.4,+23.3,+23.2,+25,MANU,0,0,+0,+0,+0.0159,+0,+0.0372,+0,+0,+0,11:08:01 24.03.2020
5744,+23.9,+21.6,+23.4,+23.1,+23.2,+23.4,+22.9,+23.4,+23.3,+23.2,+25,MANU,0,0,+0,+0,+0.0159,+0,+0.0374,+0,+0,+0,11:09:01 24.03.2020
5745,+23.9,+21.6,+23.4,+23.1,+23.2,+23.4,+22.9,+23.4,+23.3,+23.2,+25,MANU,0,0,+0,+0,+0.0159,+0,+0.0372,+0,+0,+0,11:10:01 24.03.2020
5746,+23.9,+21.5,+23.4,+23.1,+23.2,+23.4,+22.9,+23.4,+23.3,+23.2,+25,MANU,0,0,+0,+0,+0.0159,+0,+0.0372,+0,+0,+0,11:11:01 24.03.2020
5747,+23.9,+21.6,+23.4,+23.1,+23.2,+23.4,+22.9,+23.4,+23.3,+23.2,+25,MANU,0,0,+0,+0,+0.0159,+0,+0.0372,+0,+0,+0,11:12:01 24.03.2020
5748,+23.9,+21.6,+23.4,+23.1,+23.2,+23.4,+22.9,+23.4,+23.3,+23.2,+25,MANU,0,0,+0,+0,+0.0159,+0,+0.0372,+0,+0,+0,11:13:01 24.03.2020
5749,+23.9,+21.6,+23.4,+23.1,+23.2,+23.4,+22.9,+23.4,+23.3,+23.2,+25,MANU,0,0,+0,+0,+0.0159,+0,+0.0372,+0,+0,+0,11:14:01 24.03.2020
5750,+23.9,+21.6,+23.4,+23.1,+23.2,+23.4,+22.9,+23.4,+23.3,+23.2,+25,MANU,0,0,+0,+0,+0.0159,+0,+0.0372,+0,+0,+0,11:15:01 24.03.2020
5751,+23.9,+21.6,+23.4,+23.1,+23.2,+23.4,+22.9,+23.4,+23.3,+23.2,+25,MANU,0,0,+0,+0,+0.0159,+0,+0.0372,+0,+0,+0,11:16:01 24.03.2020
5752,+23.9,+21.6,+23.4,+23.1,+23.2,+23.5,+22.9,+23.4,+23.3,+23.2,+25,MANU,0,0,+0,+0,+0.0159,+0,+0.0372,+0,+0,+0,11:17:01 24.03.2020
5753,+23.9,+21.5,+23.4,+23.1,+23.2,+23.5,+22.9,+23.4,+23.3,+23.2,+25,MANU,0,0,+0,+0,+0.0159,+0,+0.0372,+0,+0,+0,11:18:01 24.03.2020
5754,+24,+21.5,+23.4,+23.1,+23.2,+23.5,+22.9,+23.4,+23.3,+23.2,+25,MANU,0,0,+0,+0,+0.0159,+0,+0.0372,+0,+0,+0,11:19:01 24.03.2020
5755,+24,+21.5,+23.4,+23.1,+23.2,+23.5,+23,+23.4,+23.3,+23.2,+25,MANU,0,0,+0,+0,+0.0159,+0,+0.0374,+0,+0,+0,11:20:01 24.03.2020
5756,+24,+21.5,+23.4,+23,+23.2,+23.5,+23,+23.4,+23.3,+23.2,+25,MANU,0,0,+0,+0,+0.0159,+0,+0.0372,+0,+0,+0,11:21:01 24.03.2020
5757,+24,+21.5,+23.4,+23,+23.2,+23.5,+23,+23.4,+23.3,+23.2,+25,MANU,0,0,+0,+0,+0.0159,+0,+0.0374,+0,+0,+0,11:22:01 24.03.2020
5758,+24,+21.5,+23.4,+23,+23.2,+23.5,+23,+23.4,+23.3,+23.2,+25,MANU,0,0,+0,+0,+0.0159,+0,+0.0374,+0,+0,+0,11:23:01 24.03.2020
5759,+24,+21.5,+23.4,+23,+23.2,+23.5,+23,+23.4,+23.3,+23.2,+25,MANU,0,0,+0,+0,+0.0159,+0,+0.0373,+0,+0,+0,11:24:01 24.03.2020
5760,+24,+21.5,+23.4,+23,+23.2,+23.5,+23,+23.4,+23.3,+23.2,+25,MANU,0,0,+0,+0,+0.0159,+0,+0.0374,+0,+0,+0,11:25:01 24.03.2020
5761,+24,+21.5,+23.4,+23,+23.2,+23.5,+23,+23.4,+23.3,+23.2,+25,MANU,0,0,+0,+0,+0.0159,+0,+0.0372,+0,+0,+0,11:26:01 24.03.2020
5762,+24,+21.5,+23.4,+23,+23.2,+23.5,+23,+23.4,+23.3,+23.2,+25,MANU,0,0,+0,+0,+0.0159,+0,+0.0374,+0,+0,+0,11:27:01 24.03.2020
5763,+24,+21.5,+23.4,+23,+23.2,+23.5,+23,+23.4,+23.3,+23.2,+25,MANU,0,0,+0,+0,+0.0159,+0,+0.0374,+0,+0,+0,11:28:01 24.03.2020
5764,+24,+21.5,+23.4,+23,+23.2,+23.5,+23,+23.4,+23.3,+23.2,+25,MANU,0,0,+0,+0,+0.0159,+0,+0.0372,+0,+0,+0,11:29:01 24.03.2020
5765,+24,+21.5,+23.4,+23,+23.2,+23.5,+23,+23.4,+23.3,+23.2,+25,MANU,0,0,+0,+0,+0.0159,+0,+0.0374,+0,+0,+0,11:30:01 24.03.2020
5766,+24,+21.6,+23.4,+23,+23.2,+23.5,+23,+23.4,+23.3,+23.2,+25,MANU,0,0,+0,+0,+0.0159,+0,+0.0373,+0,+0,+0,11:31:01 24.03.2020
5767,+24,+21.5,+23.4,+23,+23.2,+23.5,+23,+23.4,+23.3,+23.2,+25,MANU,0,0,+0,+0,+0.0159,+0,+0.0373,+0,+0,+0,11:32:01 24.03.2020
5768,+24,+21.4,+23.4,+23,+23.2,+23.5,+23,+23.4,+23.3,+23.2,+25,MANU,0,0,+0,+0,+0.0159,+0,+0.0372,+0,+0,+0,11:33:01 24.03.2020
5769,+24,+21.4,+23.4,+23,+23.2,+23.5,+23,+23.4,+23.3,+23.2,+25,MANU,0,0,+0,+0,+0.0159,+0,+0.0372,+0,+0,+0,11:34:01 24.03.2020
5770,+24,+21.4,+23.3,+23,+23.2,+23.5,+23,+23.4,+23.3,+23.1,+25,MANU,0,0,+0,+0,+0.0159,+0,+0.0372,+0,+0,+0,11:35:01 24.03.2020
5771,+24,+21.4,+23.4,+23,+23.2,+23.5,+23,+23.4,+23.3,+23.1,+25,MANU,0,0,+0,+0,+0.0159,+0,+0.0372,+0,+0,+0,11:36:01 24.03.2020
5772,+24,+21.3,+23.3,+23,+23.2,+23.5,+23,+23.4,+23.3,+23.1,+25,MANU,0,0,+0,+0,+0.0159,+0,+0.0372,+0,+0,+0,11:37:01 24.03.2020
5773,+24,+21.3,+23.3,+23,+23.2,+23.5,+23,+23.4,+23.3,+23.1,+25,MANU,0,0,+0,+0,+0.0159,+0,+0.0372,+0,+0,+0,11:38:01 24.03.2020
5774,+24,+21.3,+23.3,+23,+23.2,+23.5,+23,+23.4,+23.3,+23.1,+25,MANU,0,0,+0,+0,+0.0159,+0,+0.0372,+0,+0,+0,11:39:01 24.03.2020
5775,+24,+21.3,+23.3,+23,+23.2,+23.5,+23,+23.4,+23.3,+23.1,+25,MANU,0,0,+0,+0,+0.0159,+0,+0.0372,+0,+0,+0,11:40:01 24.03.2020
5776,+24,+21.3,+23.3,+23,+23.1,+23.5,+23,+23.4,+23.3,+23.1,+25,MANU,0,0,+0,+0,+0.0159,+0,+0.0372,+0,+0,+0,11:41:01 24.03.2020
5777,+24,+21.3,+23.3,+23,+23.1,+23.5,+23,+23.4,+23.3,+23.1,+25,MANU,0,0,+0,+0,+0.0159,+0,+0.0372,+0,+0,+0,11:42:01 24.03.2020
5778,+24,+21.3,+23.3,+23,+23.1,+23.5,+23,+23.4,+23.3,+23.1,+25,MANU,0,0,+0,+0,+0.0159,+0,+0.0372,+0,+0,+0,11:43:01 24.03.2020
5779,+24.1,+21.3,+23.3,+23,+23.1,+23.5,+23,+23.4,+23.3,+23.1,+25,MANU,0,0,+0,+0,+0.0159,+0,+0.0372,+0,+0,+0,11:44:01 24.03.2020
5780,+24.1,+21.3,+23.3,+23,+23.1,+23.5,+23,+23.4,+23.3,+23.1,+25,MANU,0,0,+0,+0,+0.0159,+0,+0.0374,+0,+0,+0,11:45:01 24.03.2020
5781,+24.1,+21.3,+23.3,+23,+23.1,+23.5,+23,+23.4,+23.3,+23.1,+25,MANU,0,0,+0,+0,+0.0159,+0,+0.0373,+0,+0,+0,11:46:01 24.03.2020
5782,+24.1,+21.3,+23.3,+23,+23.1,+23.5,+23,+23.4,+23.3,+23.1,+25,MANU,0,0,+0,+0,+0.0159,+0,+0.0374,+0,+0,+0,11:47:01 24.03.2020
5783,+24,+21.3,+23.3,+23,+23.1,+23.5,+23,+23.4,+23.3,+23.1,+25,MANU,0,0,+0,+0,+0.0159,+0,+0.0374,+0,+0,+0,11:48:01 24.03.2020
5784,+24,+21.3,+23.3,+23,+23.1,+23.5,+23,+23.4,+23.3,+23.1,+25,MANU,0,0,+0,+0,+0.0159,+0,+0.0374,+0,+0,+0,11:49:01 24.03.2020
5785,+24,+21.3,+23.3,+23,+23.1,+23.5,+23,+23.4,+23.3,+23.1,+25,MANU,0,0,+0,+0,+0.0159,+0,+0.0374,+0,+0,+0,11:50:01 24.03.2020
5786,+24,+21.3,+23.3,+23,+23.1,+23.5,+23,+23.4,+23.3,+23.1,+25,MANU,0,0,+0,+0,+0.0159,+0,+0.0374,+0,+0,+0,11:51:01 24.03.2020
5787,+24,+21.2,+23.3,+23,+23.1,+23.5,+23,+23.4,+23.3,+23.1,+25,MANU,0,0,+0,+0,+0.0159,+0,+0.0374,+0,+0,+0,11:52:01 24.03.2020
5788,+24,+21.2,+23.3,+23,+23.1,+23.5,+23,+23.4,+23.3,+23.1,+25,MANU,0,0,+0,+0,+0.0159,+0,+0.0374,+0,+0,+0,11:53:01 24.03.2020
5789,+23.9,+21.2,+23.3,+23,+23.1,+23.5,+23,+23.4,+23.3,+23.1,+25,MANU,0,0,+0,+0,+0.0159,+0,+0.0374,+0,+0,+0,11:54:01 24.03.2020
5790,+23.9,+21.2,+23.3,+23,+23.1,+23.5,+23,+23.4,+23.3,+23.1,+25,MANU,0,0,+0,+0,+0.0159,+0,+0.0374,+0,+0,+0,11:55:01 24.03.2020
5791,+23.9,+21.2,+23.3,+23,+23.1,+23.5,+23,+23.4,+23.3,+23.1,+25,MANU,0,0,+0,+0,+0.0159,+0,+0.0374,+0,+0,+0,11:56:01 24.03.2020
5792,+23.9,+21.2,+23.3,+23,+23.1,+23.5,+23,+23.4,+23.3,+23.1,+25,MANU,0,0,+0,+0,+0.0159,+0,+0.0374,+0,+0,+0,11:57:01 24.03.2020
5793,+23.9,+21.2,+23.3,+23,+23.1,+23.5,+23,+23.4,+23.3,+23.1,+25,MANU,0,0,+0,+0,+0.0159,+0,+0.0374,+0,+0,+0,11:58:01 24.03.2020
5794,+23.9,+21.2,+23.3,+23,+23.1,+23.5,+23,+23.4,+23.3,+23.1,+25,MANU,0,0,+0,+0,+0.0159,+0,+0.0374,+0,+0,+0,11:59:01 24.03.2020
5795,+23.9,+21.2,+23.3,+23,+23.1,+23.5,+23,+23.4,+23.3,+23.1,+25,MANU,0,0,+0,+0,+0.0159,+0,+0.0374,+0,+0,+0,12:00:01 24.03.2020
5796,+23.9,+21.2,+23.3,+23,+23.1,+23.5,+23,+23.4,+23.3,+23.1,+25,MANU,0,0,+0,+0,+0.0159,+0,+0.0374,+0,+0,+0,12:01:01 24.03.2020
5797,+23.9,+21.2,+23.3,+23,+23.1,+23.5,+23,+23.4,+23.3,+23.1,+25,MANU,0,0,+0,+0,+0.0159,+0,+0.0374,+0,+0,+0,12:02:01 24.03.2020
5798,+23.9,+21.2,+23.3,+23,+23.1,+23.5,+23,+23.4,+23.3,+23.1,+25,MANU,0,0,+0,+0,+0.0159,+0,+0.0374,+0,+0,+0,12:03:01 24.03.2020
5799,+23.8,+21.2,+23.3,+23,+23.1,+23.5,+23,+23.4,+23.3,+23.1,+25,MANU,0,0,+0,+0,+0.0159,+0,+0.0374,+0,+0,+0,12:04:01 24.03.2020
5800,+23.8,+21.2,+23.3,+23,+23.1,+23.5,+23,+23.4,+23.3,+23.1,+25,MANU,0,0,+0,+0,+0.0159,+0,+0.0374,+0,+0,+0,12:05:01 24.03.2020
5801,+23.8,+21.2,+23.3,+23,+23.1,+23.5,+23,+23.4,+23.3,+23.1,+25,MANU,0,0,+0,+0,+0.0159,+0,+0.0374,+0,+0,+0,12:06:01 24.03.2020
5802,+23.8,+21.1,+23.3,+23,+23.1,+23.5,+23,+23.4,+23.3,+23.1,+25,MANU,0,0,+0,+0,+0.0159,+0,+0.0374,+0,+0,+0,12:07:01 24.03.2020
5803,+23.8,+21.1,+23.3,+23,+23.1,+23.5,+23,+23.4,+23.3,+23.1,+25,MANU,0,0,+0,+0,+0.0159,+0,+0.0374,+0,+0,+0,12:08:01 24.03.2020
5804,+23.8,+21.1,+23.3,+23,+23.1,+23.5,+23,+23.4,+23.2,+23.1,+25,MANU,0,0,+0,+0,+0.0159,+0,+0.0372,+0,+0,+0,12:09:01 24.03.2020
5805,+23.8,+21.1,+23.3,+23,+23.1,+23.5,+23,+23.4,+23.2,+23.1,+25,MANU,0,0,+0,+0,+0.0159,+0,+0.0372,+0,+0,+0,12:10:01 24.03.2020
5806,+23.8,+21.1,+23.3,+23,+23.1,+23.5,+23,+23.4,+23.2,+23.1,+25,MANU,0,0,+0,+0,+0.0159,+0,+0.0372,+0,+0,+0,12:11:01 24.03.2020
5807,+23.8,+21.1,+23.3,+23,+23.1,+23.5,+23,+23.4,+23.2,+23.1,+25,MANU,0,0,+0,+0,+0.0159,+0,+0.0374,+0,+0,+0,12:12:01 24.03.2020
5808,+23.8,+21.1,+23.3,+23,+23.1,+23.5,+23,+23.4,+23.3,+23.1,+25,MANU,0,0,+0,+0,+0.0159,+0,+0.0374,+0,+0,+0,12:13:01 24.03.2020
5809,+23.8,+21.1,+23.3,+23,+23.1,+23.5,+23,+23.4,+23.2,+23.1,+25,MANU,0,0,+0,+0,+0.0159,+0,+0.0374,+0,+0,+0,12:14:01 24.03.2020
5810,+23.8,+21.1,+23.3,+23,+23.1,+23.5,+23,+23.4,+23.3,+23.1,+25,MANU,0,0,+0,+0,+0.0159,+0,+0.0374,+0,+0,+0,12:15:01 24.03.2020
5811,+23.8,+21.1,+23.3,+23,+23.1,+23.5,+23,+23.4,+23.2,+23.1,+25,MANU,0,0,+0,+0,+0.0159,+0,+0.0374,+0,+0,+0,12:16:01 24.03.2020
5812,+23.8,+21.1,+23.3,+23,+23,+23.4,+23,+23.4,+23.2,+23.1,+25,MANU,0,0,+0,+0,+0.0159,+0,+0.0374,+0,+0,+0,12:17:01 24.03.2020
5813,+23.8,+21.1,+23.3,+23,+23,+23.4,+23,+23.4,+23.2,+23.1,+25,MANU,0,0,+0,+0,+0.0159,+0,+0.0374,+0,+0,+0,12:18:01 24.03.2020
5814,+23.8,+21.1,+23.3,+23,+23,+23.5,+23,+23.4,+23.2,+23.1,+25,MANU,0,0,+0,+0,+0.0159,+0,+0.0374,+0,+0,+0,12:19:01 24.03.2020
5815,+23.8,+21.1,+23.3,+22.9,+23,+23.5,+22.9,+23.4,+23.2,+23.1,+25,MANU,0,0,+0,+0,+0.0159,+0,+0.0374,+0,+0,+0,12:20:01 24.03.2020
5816,+23.8,+21.1,+23.3,+22.9,+23,+23.5,+23,+23.4,+23.2,+23.1,+25,MANU,0,0,+0,+0,+0.0159,+0,+0.0374,+0,+0,+0,12:21:01 24.03.2020
5817,+23.8,+21.1,+23.3,+22.9,+23,+23.5,+23,+23.4,+23.2,+23.1,+25,MANU,0,0,+0,+0,+0.0159,+0,+0.0374,+0,+0,+0,12:22:01 24.03.2020
5818,+23.7,+21.1,+23.3,+22.9,+23,+23.5,+23,+23.4,+23.2,+23.1,+25,MANU,0,0,+0,+0,+0.0159,+0,+0.0374,+0,+0,+0,12:23:01 24.03.2020
5819,+23.7,+21.1,+23.3,+22.9,+23,+23.5,+23,+23.4,+23.2,+23.1,+25,MANU,0,0,+0,+0,+0.0159,+0,+0.0374,+0,+0,+0,12:24:01 24.03.2020
5820,+23.7,+21.1,+23.3,+22.9,+23,+23.5,+23,+23.4,+23.2,+23.1,+25,MANU,0,0,+0,+0,+0.0159,+0,+0.0374,+0,+0,+0,12:25:01 24.03.2020
5821,+23.7,+21.1,+23.3,+22.9,+23,+23.5,+23,+23.4,+23.2,+23.1,+25,MANU,0,0,+0,+0,+0.0159,+0,+0.0374,+0,+0,+0,12:26:01 24.03.2020
5822,+23.7,+21.1,+23.3,+22.9,+23,+23.5,+23,+23.4,+23.2,+23.1,+25,MANU,0,0,+0,+0,+0.0159,+0,+0.0374,+0,+0,+0,12:27:01 24.03.2020
5823,+23.7,+21.1,+23.3,+22.9,+23,+23.5,+23,+23.3,+23.2,+23.1,+25,MANU,0,0,+0,+0,+0.0158,+0,+0.0374,+0,+0,+0,12:28:01 24.03.2020
5824,+23.7,+21.1,+23.3,+22.9,+23,+23.5,+23,+23.4,+23.2,+23.1,+25,MANU,0,0,+0,+0,+0.0159,+0,+0.0374,+0,+0,+0,12:29:01 24.03.2020
5825,+23.7,+21.1,+23.3,+22.9,+23,+23.5,+23,+23.3,+23.2,+23.1,+25,MANU,0,0,+0,+0,+0.0158,+0,+0.0374,+0,+0,+0,12:30:01 24.03.2020
5826,+23.7,+21.1,+23.3,+22.9,+23,+23.5,+23,+23.3,+23.2,+23.1,+25,MANU,0,0,+0,+0,+0.0158,+0,+0.0374,+0,+0,+0,12:31:01 24.03.2020
5827,+23.7,+21,+23.3,+22.9,+23,+23.5,+23,+23.3,+23.2,+23,+25,MANU,0,0,+0,+0,+0.0158,+0,+0.0374,+0,+0,+0,12:32:01 24.03.2020
5828,+23.6,+21,+23.3,+22.9,+23,+23.5,+23,+23.3,+23.2,+23,+25,MANU,0,0,+0,+0,+0.0158,+0,+0.0374,+0,+0,+0,12:33:01 24.03.2020
5829,+23.6,+21,+23.3,+22.9,+23,+23.5,+22.9,+23.3,+23.2,+23,+25,MANU,0,0,+0,+0,+0.0158,+0,+0.0374,+0,+0,+0,12:34:01 24.03.2020
5830,+23.6,+21,+23.3,+22.9,+23,+23.5,+23,+23.3,+23.2,+23,+25,MANU,0,0,+0,+0,+0.0158,+0,+0.0372,+0,+0,+0,12:35:01 24.03.2020
5831,+23.6,+21,+23.2,+22.9,+23,+23.5,+23,+23.3,+23.2,+23,+25,MANU,0,0,+0,+0,+0.0158,+0,+0.0374,+0,+0,+0,12:36:01 24.03.2020
5832,+23.6,+21,+23.2,+22.9,+23,+23.5,+22.9,+23.3,+23.2,+23,+25,MANU,0,0,+0,+0,+0.0158,+0,+0.0374,+0,+0,+0,12:37:01 24.03.2020
5833,+23.6,+21,+23.2,+22.9,+23,+23.5,+22.9,+23.3,+23.2,+23,+25,MANU,0,0,+0,+0,+0.0158,+0,+0.0374,+0,+0,+0,12:38:01 24.03.2020
5834,+23.6,+21,+23.2,+22.9,+23,+23.5,+22.9,+23.3,+23.2,+23,+25,MANU,0,0,+0,+0,+0.0158,+0,+0.0374,+0,+0,+0,12:39:01 24.03.2020
5835,+23.6,+21,+23.2,+22.9,+23,+23.5,+22.9,+23.3,+23.2,+23,+25,MANU,0,0,+0,+0,+0.0158,+0,+0.0373,+0,+0,+0,12:40:01 24.03.2020
5836,+23.6,+21,+23.2,+22.9,+23,+23.5,+22.9,+23.3,+23.2,+23,+25,MANU,0,0,+0,+0,+0.0158,+0,+0.0373,+0,+0,+0,12:41:01 24.03.2020
5837,+23.6,+21,+23.2,+22.9,+23,+23.5,+22.9,+23.3,+23.2,+23,+25,MANU,0,0,+0,+0,+0.0158,+0,+0.0374,+0,+0,+0,12:42:01 24.03.2020
5838,+23.6,+21,+23.2,+22.9,+23,+23.5,+22.9,+23.3,+23.2,+23,+25,MANU,0,0,+0,+0,+0.0158,+0,+0.0374,+0,+0,+0,12:43:01 24.03.2020
5839,+23.6,+21,+23.2,+22.9,+23,+23.5,+22.9,+23.3,+23.2,+23,+25,MANU,0,0,+0,+0,+0.0158,+0,+0.0374,+0,+0,+0,12:44:01 24.03.2020
5840,+23.6,+21,+23.2,+22.9,+23,+23.5,+22.9,+23.3,+23.2,+23,+25,MANU,0,0,+0,+0,+0.0158,+0,+0.0372,+0,+0,+0,12:45:01 24.03.2020
5841,+23.5,+20.9,+23.2,+22.9,+23,+23.4,+22.9,+23.3,+23.2,+23,+25,MANU,0,0,+0,+0,+0.0158,+0,+0.0372,+0,+0,+0,12:46:01 24.03.2020
5842,+23.5,+20.9,+23.2,+22.9,+23,+23.4,+22.9,+23.3,+23.2,+23,+25,MANU,0,0,+0,+0,+0.0158,+0,+0.0372,+0,+0,+0,12:47:01 24.03.2020
5843,+23.5,+20.9,+23.2,+22.9,+23,+23.5,+22.9,+23.3,+23.2,+23,+25,MANU,0,0,+0,+0,+0.0158,+0,+0.0374,+0,+0,+0,12:48:01 24.03.2020
5844,+23.5,+20.9,+23.2,+22.9,+23,+23.4,+22.9,+23.3,+23.2,+23,+25,MANU,0,0,+0,+0,+0.0158,+0,+0.0372,+0,+0,+0,12:49:01 24.03.2020
5845,+23.5,+20.9,+23.2,+22.9,+23,+23.4,+22.9,+23.3,+23.2,+23,+25,MANU,0,0,+0,+0,+0.0158,+0,+0.0374,+0,+0,+0,12:50:01 24.03.2020
5846,+23.5,+20.9,+23.2,+22.9,+23,+23.4,+22.9,+23.3,+23.2,+23,+25,MANU,0,0,+0,+0,+0.0158,+0,+0.0373,+0,+0,+0,12:51:01 24.03.2020
5847,+23.5,+20.9,+23.2,+22.9,+23,+23.4,+22.9,+23.3,+23.2,+23,+25,MANU,0,0,+0,+0,+0.0158,+0,+0.0374,+0,+0,+0,12:52:01 24.03.2020
5848,+23.5,+20.9,+23.2,+22.9,+23,+23.4,+22.9,+23.3,+23.2,+23,+25,MANU,0,0,+0,+0,+0.0158,+0,+0.0372,+0,+0,+0,12:53:01 24.03.2020
5849,+23.5,+20.9,+23.2,+22.9,+23,+23.4,+22.9,+23.3,+23.2,+23,+25,MANU,0,0,+0,+0,+0.0158,+0,+0.0372,+0,+0,+0,12:54:01 24.03.2020
5850,+23.5,+20.9,+23.2,+22.9,+23,+23.4,+22.9,+23.3,+23.2,+23,+25,MANU,0,0,+0,+0,+0.0158,+0,+0.0372,+0,+0,+0,12:55:01 24.03.2020
5851,+23.4,+20.9,+23.2,+22.9,+23,+23.4,+22.9,+23.3,+23.2,+23,+25,MANU,0,0,+0,+0,+0.0158,+0,+0.0372,+0,+0,+0,12:56:01 24.03.2020
5852,+23.4,+20.9,+23.2,+22.9,+23,+23.4,+22.9,+23.3,+23.2,+23,+25,MANU,0,0,+0,+0,+0.0158,+0,+0.0372,+0,+0,+0,12:57:01 24.03.2020
5853,+23.4,+20.9,+23.2,+22.9,+23,+23.4,+22.9,+23.3,+23.2,+23,+25,MANU,0,0,+0,+0,+0.0158,+0,+0.0372,+0,+0,+0,12:58:01 24.03.2020
5854,+23.4,+20.9,+23.2,+22.9,+23,+23.4,+22.9,+23.3,+23.2,+23,+25,MANU,0,0,+0,+0,+0.0158,+0,+0.0372,+0,+0,+0,12:59:01 24.03.2020
5855,+23.4,+20.9,+23.2,+22.9,+23,+23.4,+22.9,+23.3,+23.2,+23,+25,MANU,0,0,+0,+0,+0.0158,+0,+0.0372,+0,+0,+0,13:00:01 24.03.2020
5856,+23.4,+20.9,+23.2,+22.9,+23,+23.4,+22.9,+23.3,+23.2,+23,+25,MANU,0,0,+0,+0,+0.0158,+0,+0.0372,+0,+0,+0,13:01:01 24.03.2020
5857,+23.4,+20.9,+23.2,+22.9,+23,+23.4,+22.9,+23.3,+23.2,+23,+25,MANU,0,0,+0,+0,+0.0158,+0,+0.0372,+0,+0,+0,13:02:01 24.03.2020
5858,+23.4,+20.9,+23.2,+22.9,+23,+23.4,+22.9,+23.3,+23.2,+23,+25,MANU,0,0,+0,+0,+0.0158,+0,+0.0372,+0,+0,+0,13:03:01 24.03.2020
5859,+23.4,+20.9,+23.2,+22.9,+23,+23.4,+22.9,+23.3,+23.2,+23,+25,MANU,0,0,+0,+0,+0.0158,+0,+0.0372,+0,+0,+0,13:04:01 24.03.2020
5860,+23.4,+20.9,+23.2,+22.9,+23,+23.4,+22.9,+23.3,+23.2,+23,+25,MANU,0,0,+0,+0,+0.0158,+0,+0.0372,+0,+0,+0,13:05:01 24.03.2020
5861,+23.4,+20.9,+23.2,+22.8,+23,+23.4,+22.9,+23.3,+23.2,+23,+25,MANU,0,0,+0,+0,+0.0158,+0,+0.0372,+0,+0,+0,13:06:01 24.03.2020
5862,+23.4,+20.8,+23.2,+22.8,+23,+23.4,+22.9,+23.3,+23.2,+23,+25,MANU,0,0,+0,+0,+0.0158,+0,+0.0372,+0,+0,+0,13:07:01 24.03.2020
5863,+23.4,+20.8,+23.2,+22.8,+22.9,+23.4,+22.9,+23.3,+23.2,+23,+25,MANU,0,0,+0,+0,+0.0158,+0,+0.0372,+0,+0,+0,13:08:01 24.03.2020
5864,+23.4,+20.8,+23.2,+22.8,+23,+23.4,+22.9,+23.3,+23.2,+23,+25,MANU,0,0,+0,+0,+0.0158,+0,+0.0372,+0,+0,+0,13:09:01 24.03.2020
5865,+23.3,+20.8,+23.2,+22.8,+22.9,+23.4,+22.9,+23.3,+23.2,+23,+25,MANU,0,0,+0,+0,+0.0158,+0,+0.0372,+0,+0,+0,13:10:01 24.03.2020
5866,+23.3,+20.8,+23.2,+22.8,+22.9,+23.5,+22.9,+23.3,+23.2,+23,+25,MANU,0,0,+0,+0,+0.0158,+0,+0.0372,+0,+0,+0,13:11:01 24.03.2020
5867,+23.3,+20.8,+23.2,+22.8,+22.9,+23.5,+22.9,+23.3,+23.2,+23,+25,MANU,0,0,+0,+0,+0.0158,+0,+0.0372,+0,+0,+0,13:12:01 24.03.2020
5868,+23.3,+20.8,+23.2,+22.8,+22.9,+23.5,+22.9,+23.3,+23.2,+23,+25,MDI_,0,0,+0,+0,+0.0158,+0,+0.0372,+0,+0,+0,13:13:01 24.03.2020
5869,+23.3,+20.8,+23.2,+22.8,+22.9,+23.4,+22.9,+23.3,+23.1,+23,+25,MDI_,0,0,+0,+0,+0.0158,+0,+0.0372,+0,+0,+0,13:14:16 24.03.2020
5870,+23.3,+20.8,+23.2,+22.8,+22.9,+23.5,+22.9,+23.3,+23.1,+23,+25,MDI_,0,0,+0,+0,+0.0158,+0,+0.0372,+0,+0,+0,13:15:01 24.03.2020
5871,+23.3,+21,+23.1,+22.8,+22.9,+23.5,+22.9,+23.3,+23.1,+23,+25,MDI_,0,0,+0,+0,+0.0158,+0,+0.0374,+0,+0,+0,13:16:01 24.03.2020
5872,+23.3,+21.1,+23.1,+22.8,+22.9,+23.5,+22.9,+23.3,+23.2,+23,+25,MDI_,0,0,+0,+0,+0.0158,+0,+0.0374,+0,+0,+0,13:17:01 24.03.2020
5873,+23.3,+21.1,+23.1,+22.8,+22.9,+23.5,+22.9,+23.3,+23.2,+23,+25,MDI_,0,0,+0,+0,+0.0158,+0,+0.0374,+0,+0,+0,13:18:01 24.03.2020
5874,+23.3,+21.1,+23.1,+22.8,+22.9,+23.5,+22.9,+23.3,+23.2,+23,+25,MANU,0,0,+0,+0,+0.0158,+0,+0.0374,+0,+0,+0,13:19:01 24.03.2020
5875,+23.3,+21.1,+23.1,+22.8,+22.9,+23.6,+22.9,+23.3,+23.2,+23,+25,MANU,0,0,+0,+0,+0.0158,+0,+0.0374,+0,+0,+0,13:20:01 24.03.2020
5876,+23.3,+21.1,+23.1,+22.8,+22.9,+23.6,+23,+23.3,+23.2,+23,+25,MANU,0,0,+0,+0,+0.0158,+0,+0.0374,+0,+0,+0,13:21:01 24.03.2020
5877,+23.2,+21.1,+23.1,+22.8,+22.9,+23.6,+23,+23.3,+23.2,+23,+25,MANU,0,0,+0,+0,+0.0158,+0,+0.0374,+0,+0,+0,13:22:01 24.03.2020
5878,+23.2,+21,+23.1,+22.8,+22.9,+23.6,+23,+23.3,+23.2,+23,+25,MANU,0,0,+0,+0,+0.0158,+0,+0.0374,+0,+0,+0,13:23:01 24.03.2020
5879,+23.2,+21.1,+23.1,+22.8,+22.9,+23.6,+23,+23.3,+23.2,+23,+25,MANU,0,0,+0,+0,+0.0158,+0,+0.0374,+0,+0,+0,13:24:01 24.03.2020
5880,+23.2,+21.1,+23.1,+22.8,+22.9,+23.6,+23,+23.3,+23.2,+23,+25,MANU,0,0,+0,+0,+0.0158,+0,+0.0374,+0,+0,+0,13:25:01 24.03.2020
5881,+23.2,+21.1,+23.1,+22.8,+22.9,+23.6,+23,+23.3,+23.2,+23,+25,MANU,0,0,+0,+0,+0.0158,+0,+0.0374,+0,+0,+0,13:26:01 24.03.2020
5882,+23.2,+21.1,+23.1,+22.8,+22.9,+23.6,+23,+23.3,+23.2,+23,+25,MANU,0,0,+0,+0,+0.0158,+0,+0.0374,+0,+0,+0,13:27:01 24.03.2020
5883,+23.2,+21.1,+23.1,+22.8,+22.9,+23.6,+23,+23.3,+23.2,+23,+25,MANU,0,0,+0,+0,+0.0158,+0,+0.0374,+0,+0,+0,13:28:01 24.03.2020
5884,+23.2,+21.1,+23.1,+22.8,+22.9,+23.6,+23,+23.3,+23.2,+23,+25,MANU,0,0,+0,+0,+0.0158,+0,+0.0374,+0,+0,+0,13:29:01 24.03.2020
5885,+23.2,+21.1,+23.1,+22.8,+22.9,+23.6,+23,+23.3,+23.2,+23,+25,MANU,0,0,+0,+0,+0.0158,+0,+0.0374,+0,+0,+0,13:30:01 24.03.2020
5886,+23.1,+21.1,+23.1,+22.8,+22.9,+23.6,+23,+23.3,+23.2,+23,+25,MANU,0,0,+0,+0,+0.0158,+0,+0.0374,+0,+0,+0,13:31:01 24.03.2020
5887,+23.1,+21.1,+23.1,+22.8,+22.9,+23.6,+23,+23.3,+23.2,+23,+25,MANU,0,0,+0,+0,+0.0158,+0,+0.0374,+0,+0,+0,13:32:01 24.03.2020
5888,+23.1,+21.1,+23.1,+22.8,+22.9,+23.6,+23,+23.3,+23.2,+23,+25,MANU,0,0,+0,+0,+0.0158,+0,+0.0374,+0,+0,+0,13:33:01 24.03.2020
5889,+23.1,+21.1,+23.1,+22.8,+22.9,+23.6,+23,+23.3,+23.2,+23,+25,MANU,0,0,+0,+0,+0.0158,+0,+0.0374,+0,+0,+0,13:34:01 24.03.2020
5890,+23.1,+21.1,+23.1,+22.8,+22.9,+23.6,+23,+23.3,+23.2,+23,+25,MANU,0,0,+0,+0,+0.0158,+0,+0.0374,+0,+0,+0,13:35:01 24.03.2020
5891,+23.1,+21.1,+23.1,+22.8,+22.9,+23.6,+23,+23.3,+23.2,+23,+25,MANU,0,0,+0,+0,+0.0158,+0,+0.0374,+0,+0,+0,13:36:01 24.03.2020
5892,+23.1,+21.1,+23.1,+22.8,+22.9,+23.6,+23,+23.3,+23.2,+23,+25,MANU,0,0,+0,+0,+0.0158,+0,+0.0374,+0,+0,+0,13:37:01 24.03.2020
5893,+23.1,+21.1,+23.1,+22.8,+22.9,+23.6,+23,+23.3,+23.2,+23,+25,MANU,0,0,+0,+0,+0.0158,+0,+0.0374,+0,+0,+0,13:38:01 24.03.2020
5894,+23.1,+21.1,+23.1,+22.8,+22.9,+23.6,+23,+23.3,+23.2,+23,+25,MANU,0,0,+0,+0,+0.0158,+0,+0.0374,+0,+0,+0,13:39:01 24.03.2020
5895,+23.2,+21.1,+23.1,+22.8,+22.9,+23.7,+23,+23.3,+23.2,+23,+25,MANU,0,0,+0,+0,+0.0158,+0,+0.0374,+0,+0,+0,13:40:01 24.03.2020
5896,+23.2,+21.1,+23.1,+22.8,+22.9,+23.7,+23,+23.3,+23.2,+23,+25,MANU,0,0,+0,+0,+0.0158,+0,+0.0374,+0,+0,+0,13:41:01 24.03.2020
5897,+23.2,+21.1,+23.1,+22.8,+22.9,+23.8,+23,+23.4,+23.2,+23,+25,MANU,0,0,+0,+0,+0.0159,+0,+0.0376,+0,+0,+0,13:42:01 24.03.2020
5898,+23.2,+21.1,+23.1,+22.8,+22.9,+23.8,+23,+23.4,+23.2,+23,+25,MANU,0,0,+0,+0,+0.0159,+0,+0.0376,+0,+0,+0,13:43:01 24.03.2020
5899,+23.1,+21.1,+23.1,+22.8,+22.9,+23.8,+23,+23.4,+23.2,+23,+25,MANU,0,0,+0,+0,+0.0159,+0,+0.0376,+0,+0,+0,13:44:01 24.03.2020
5900,+23.1,+21.1,+23.1,+22.8,+22.9,+23.8,+23,+23.4,+23.2,+23,+25,MANU,0,0,+0,+0,+0.0159,+0,+0.0376,+0,+0,+0,13:45:01 24.03.2020
5901,+23.1,+21.1,+23.1,+22.8,+22.9,+23.8,+23,+23.4,+23.2,+23,+25,MANU,0,0,+0,+0,+0.0159,+0,+0.0376,+0,+0,+0,13:46:01 24.03.2020
5902,+23.1,+21.1,+23,+22.8,+22.9,+23.8,+23,+23.4,+23.2,+23,+25,MANU,0,0,+0,+0,+0.0159,+0,+0.0376,+0,+0,+0,13:47:01 24.03.2020
5903,+23.1,+21.1,+23,+22.8,+22.9,+23.8,+23,+23.4,+23.2,+23.1,+25,MANU,0,0,+0,+0,+0.0159,+0,+0.0376,+0,+0,+0,13:48:01 24.03.2020
5904,+23.1,+21.1,+23,+22.8,+22.9,+23.7,+23,+23.4,+23.2,+23.1,+25,MANU,0,0,+0,+0,+0.0159,+0,+0.0376,+0,+0,+0,13:49:01 24.03.2020
5905,+23.1,+21.1,+23,+22.8,+22.9,+23.7,+23,+23.4,+23.2,+23.1,+25,MANU,0,0,+0,+0,+0.0159,+0,+0.0376,+0,+0,+0,13:50:01 24.03.2020
5906,+23.1,+21.1,+23,+22.8,+22.9,+23.7,+23,+23.4,+23.2,+23.1,+25,MANU,0,0,+0,+0,+0.0159,+0,+0.0376,+0,+0,+0,13:51:01 24.03.2020
5907,+23.1,+21.1,+23,+22.8,+22.9,+23.7,+23,+23.4,+23.3,+23.1,+25,MANU,0,0,+0,+0,+0.0159,+0,+0.0376,+0,+0,+0,13:52:01 24.03.2020
5908,+23.1,+21.1,+23,+22.8,+22.8,+23.7,+23.1,+23.4,+23.3,+23.1,+25,MANU,0,0,+0,+0,+0.0159,+0,+0.0376,+0,+0,+0,13:53:01 24.03.2020
5909,+23.1,+21.1,+23,+22.8,+22.9,+23.7,+23.1,+23.4,+23.3,+23.1,+25,MANU,0,0,+0,+0,+0.0159,+0,+0.0376,+0,+0,+0,13:54:01 24.03.2020
5910,+23.1,+21.1,+23,+22.8,+22.8,+23.6,+23.1,+23.4,+23.3,+23.1,+25,HWHE,0,0,+0,+0,+0.0159,+0,+0.0376,+0,+0,+0,13:55:01 24.03.2020
5911,+23.1,+21.1,+23,+22.8,+22.8,+23.6,+23.1,+23.4,+23.3,+23.1,+25,HWHE,0,0,+0,+0,+0.0159,+0,+0.0376,+0,+0,+0,13:56:01 24.03.2020
5912,+23.1,+21.1,+23,+22.8,+22.8,+23.6,+23.1,+23.4,+23.3,+23.1,+25,HWHE,0,0,+0,+0,+0.0159,+0,+0.0376,+0,+0,+0,13:57:01 24.03.2020
5913,+23.1,+21.1,+23,+22.8,+22.8,+23.6,+23.1,+23.4,+23.3,+23.1,+25,HWHE,0,0,+0,+0,+0.0159,+0,+0.0376,+0,+0,+0,13:58:01 24.03.2020
5914,+23.1,+21.1,+23,+22.8,+22.8,+23.6,+23.1,+23.4,+23.3,+23.1,+25,HWHE,0,0,+0,+0,+0.0159,+0,+0.0376,+0,+0,+0,13:59:01 24.03.2020
5915,+23.1,+21.1,+23,+22.8,+22.8,+23.6,+23.1,+23.4,+23.3,+23.1,+25,HWHE,0,0,+0,+0,+0.0159,+0,+0.0374,+0,+0,+0,14:00:01 24.03.2020
5916,+23.1,+21.1,+23,+22.8,+22.8,+23.6,+23.1,+23.4,+23.3,+23.1,+25,HWHE,0,0,+0,+0,+0.0159,+0,+0.0374,+0,+0,+0,14:01:01 24.03.2020
5917,+23.1,+21,+23,+22.8,+22.8,+23.5,+23.1,+23.4,+23.3,+23.1,+25,HWHE,0,0,+0,+0,+0.0159,+0,+0.0374,+0,+0,+0,14:02:01 24.03.2020
5918,+23.1,+21,+23,+22.8,+22.8,+23.5,+23.1,+23.4,+23.3,+23.1,+25,HWHE,0,0,+0,+0,+0.0159,+0,+0.0374,+0,+0,+0,14:03:01 24.03.2020
5919,+23,+21,+23,+22.8,+22.8,+23.5,+23.1,+23.4,+23.3,+23.1,+25,HWHE,0,0,+0,+0,+0.0159,+0,+0.0374,+0,+0,+0,14:04:01 24.03.2020
5920,+23,+21,+23,+22.7,+22.8,+23.5,+23.1,+23.4,+23.3,+23.1,+25,MANU,0,0,+0,+0,+0.0159,+0,+0.0374,+0,+0,+0,14:05:01 24.03.2020
5921,+23,+21,+23,+22.8,+22.8,+23.5,+23.1,+23.4,+23.3,+23.1,+25,MANU,0,0,+0,+0,+0.0159,+0,+0.0374,+0,+0,+0,14:06:01 24.03.2020
5922,+23,+21,+23,+22.7,+22.8,+23.5,+23.1,+23.4,+23.3,+23.1,+25,MANU,0,0,+0,+0,+0.0159,+0,+0.0374,+0,+0,+0,14:07:01 24.03.2020
5923,+23,+21,+23,+22.7,+22.8,+23.5,+23.1,+23.4,+23.3,+23.1,+25,MANU,0,0,+0,+0,+0.0159,+0,+0.0374,+0,+0,+0,14:08:01 24.03.2020
5924,+23,+21,+23,+22.7,+22.8,+23.5,+23.1,+23.4,+23.3,+23.1,+25,MANU,0,0,+0,+0,+0.0159,+0,+0.0374,+0,+0,+0,14:09:01 24.03.2020
5925,+23.1,+21,+23,+22.7,+22.8,+23.5,+23.1,+23.4,+23.2,+23.1,+25,MANU,0,0,+0,+0,+0.0159,+0,+0.0374,+0,+0,+0,14:10:01 24.03.2020
5926,+23.1,+21,+23,+22.7,+22.8,+23.5,+23.1,+23.4,+23.3,+23.1,+25,MDI_,0,0,+0,+0,+0.0159,+0,+0.0374,+0,+0,+0,14:11:01 24.03.2020
5927,+23.1,+21.3,+23,+22.7,+22.8,+23.5,+23.1,+23.4,+23.2,+23.1,+25,MANU,0,0,+0,+0,+0.0159,+0,+0.0374,+0,+0,+0,14:12:01 24.03.2020
5928,+23.1,+21.5,+23,+22.7,+22.8,+23.4,+23.1,+23.4,+23.3,+23.1,+25,MANU,0,0,+0,+0,+0.0159,+0,+0.0374,+0,+0,+0,14:13:01 24.03.2020
5929,+23.1,+21.6,+23,+22.7,+22.8,+23.5,+23.1,+23.4,+23.3,+23.1,+25,MANU,0,0,+0,+0,+0.0159,+0,+0.0374,+0,+0,+0,14:14:01 24.03.2020
5930,+23.1,+21.6,+23,+22.7,+22.8,+23.4,+23.1,+23.4,+23.3,+23.1,+25,MANU,0,0,+0,+0,+0.0159,+0,+0.0374,+0,+0,+0,14:15:01 24.03.2020
5931,+23.1,+21.6,+23,+22.7,+22.8,+23.4,+23.1,+23.4,+23.2,+23.1,+25,MANU,0,0,+0,+0,+0.0159,+0,+0.0374,+0,+0,+0,14:16:01 24.03.2020
5932,+23.1,+21.6,+23,+22.7,+22.8,+23.4,+23.1,+23.4,+23.3,+23.1,+25,MANU,0,0,+0,+0,+0.0159,+0,+0.0374,+0,+0,+0,14:17:01 24.03.2020
5933,+23.1,+21.6,+23,+22.7,+22.8,+23.4,+23.1,+23.4,+23.2,+23.1,+25,MANU,0,0,+0,+0,+0.0159,+0,+0.0374,+0,+0,+0,14:18:01 24.03.2020
5934,+23.1,+21.5,+23,+22.7,+22.8,+23.4,+23.1,+23.4,+23.2,+23.1,+25,MANU,0,0,+0,+0,+0.0159,+0,+0.0374,+0,+0,+0,14:19:01 24.03.2020
5935,+23.1,+21.5,+23,+22.7,+22.8,+23.4,+23.1,+23.4,+23.2,+23.1,+25,MANU,0,0,+0,+0,+0.0159,+0,+0.0374,+0,+0,+0,14:20:01 24.03.2020
5936,+23.1,+21.5,+23,+22.7,+22.8,+23.4,+23.1,+23.4,+23.2,+23.1,+25,MANU,0,0,+0,+0,+0.0159,+0,+0.0374,+0,+0,+0,14:21:01 24.03.2020
5937,+23.1,+21.5,+23,+22.7,+22.8,+23.4,+23.1,+23.4,+23.2,+23.1,+25,MANU,0,0,+0,+0,+0.0159,+0,+0.0374,+0,+0,+0,14:22:01 24.03.2020
5938,+23.1,+21.5,+23,+22.7,+22.8,+23.4,+23.1,+23.4,+23.2,+23.1,+25,MANU,0,0,+0,+0,+0.0159,+0,+0.0374,+0,+0,+0,14:23:01 24.03.2020
5939,+23.1,+21.5,+23,+22.7,+22.8,+23.4,+23.1,+23.4,+23.2,+23.1,+25,MANU,0,0,+0,+0,+0.0159,+0,+0.0374,+0,+0,+0,14:24:01 24.03.2020
5940,+23.1,+21.5,+23,+22.7,+22.8,+23.4,+23.1,+23.4,+23.2,+23.1,+25,MANU,0,0,+0,+0,+0.0159,+0,+0.0374,+0,+0,+0,14:25:01 24.03.2020
5941,+23.1,+21.5,+23,+22.7,+22.8,+23.4,+23.1,+23.4,+23.2,+23.1,+25,MANU,0,0,+0,+0,+0.0159,+0,+0.0374,+0,+0,+0,14:26:01 24.03.2020
5942,+23.1,+21.5,+23,+22.7,+22.8,+23.4,+23.1,+23.4,+23.2,+23.1,+25,MANU,0,0,+0,+0,+0.0159,+0,+0.0374,+0,+0,+0,14:27:01 24.03.2020
5943,+23.1,+21.5,+23,+22.7,+22.8,+23.4,+23.1,+23.4,+23.2,+23.1,+25,MANU,0,0,+0,+0,+0.0159,+0,+0.0374,+0,+0,+0,14:28:01 24.03.2020
5944,+23.1,+21.5,+23,+22.7,+22.8,+23.4,+23.1,+23.4,+23.2,+23.1,+25,MANU,0,0,+0,+0,+0.0159,+0,+0.0374,+0,+0,+0,14:29:01 24.03.2020
5945,+23.1,+21.5,+23,+22.7,+22.8,+23.4,+23.1,+23.4,+23.2,+23.1,+25,MANU,0,0,+0,+0,+0.0159,+0,+0.0374,+0,+0,+0,14:30:01 24.03.2020
5946,+23.1,+21.5,+23,+22.7,+22.8,+23.4,+23.1,+23.4,+23.2,+23.1,+25,MANU,0,0,+0,+0,+0.0159,+0,+0.0374,+0,+0,+0,14:31:01 24.03.2020
5947,+23.1,+21.5,+23,+22.7,+22.8,+23.4,+23.1,+23.4,+23.2,+23.1,+25,MANU,0,0,+0,+0,+0.0159,+0,+0.0374,+0,+0,+0,14:32:01 24.03.2020
5948,+23.1,+21.5,+23,+22.7,+22.8,+23.4,+23.1,+23.4,+23.2,+23.1,+25,MANU,0,0,+0,+0,+0.0159,+0,+0.0374,+0,+0,+0,14:33:01 24.03.2020
5949,+23.1,+21.5,+23,+22.7,+22.8,+23.4,+23.1,+23.4,+23.2,+23.1,+25,MANU,0,0,+0,+0,+0.0159,+0,+0.0374,+0,+0,+0,14:34:01 24.03.2020
5950,+23.1,+21.5,+23,+22.7,+22.8,+23.4,+23.1,+23.4,+23.2,+23.1,+25,MANU,0,0,+0,+0,+0.0159,+0,+0.0374,+0,+0,+0,14:35:01 24.03.2020
5951,+23.2,+21.5,+23,+22.7,+22.8,+23.4,+23.1,+23.4,+23.2,+23.1,+25,MANU,0,0,+0,+0,+0.0159,+0,+0.0374,+0,+0,+0,14:36:01 24.03.2020
5952,+23.2,+21.5,+23,+22.7,+22.8,+23.4,+23.1,+23.4,+23.2,+23.1,+25,MANU,0,0,+0,+0,+0.0159,+0,+0.0374,+0,+0,+0,14:37:01 24.03.2020
5953,+23.1,+21.5,+23,+22.7,+22.8,+23.4,+23.1,+23.4,+23.2,+23.1,+25,MANU,0,0,+0,+0,+0.0159,+0,+0.0374,+0,+0,+0,14:38:01 24.03.2020
5954,+23.2,+21.5,+23,+22.7,+22.8,+23.4,+23.1,+23.4,+23.2,+23.1,+25,MANU,0,0,+0,+0,+0.0159,+0,+0.0374,+0,+0,+0,14:39:01 24.03.2020
5955,+23.2,+21.5,+23,+22.7,+22.8,+23.4,+23.1,+23.4,+23.2,+23.1,+25,MANU,0,0,+0,+0,+0.0159,+0,+0.0374,+0,+0,+0,14:40:01 24.03.2020
5956,+23.2,+21.5,+23,+22.7,+22.8,+23.4,+23.1,+23.4,+23.2,+23.1,+25,MANU,0,0,+0,+0,+0.0159,+0,+0.0374,+0,+0,+0,14:41:01 24.03.2020
5957,+23.2,+21.5,+23,+22.7,+22.8,+23.4,+23.1,+23.4,+23.2,+23.1,+25,MANU,0,0,+0,+0,+0.0159,+0,+0.0374,+0,+0,+0,14:42:01 24.03.2020
5958,+23.2,+21.5,+23,+22.7,+22.8,+23.4,+23.1,+23.4,+23.2,+23.1,+25,MANU,0,0,+0,+0,+0.0159,+0,+0.0374,+0,+0,+0,14:43:01 24.03.2020
5959,+23.2,+21.5,+23,+22.7,+22.8,+23.4,+23.1,+23.4,+23.2,+23.1,+25,MANU,0,0,+0,+0,+0.0159,+0,+0.0374,+0,+0,+0,14:44:01 24.03.2020
5960,+23.2,+21.5,+23,+22.7,+22.8,+23.4,+23.1,+23.4,+23.2,+23.1,+25,MANU,0,0,+0,+0,+0.0159,+0,+0.0374,+0,+0,+0,14:45:01 24.03.2020
5961,+23.2,+21.5,+23,+22.7,+22.8,+23.4,+23.1,+23.4,+23.2,+23.1,+25,MANU,0,0,+0,+0,+0.0159,+0,+0.0374,+0,+0,+0,14:46:01 24.03.2020
5962,+23.2,+21.5,+23,+22.7,+22.8,+23.4,+23.1,+23.4,+23.2,+23.1,+25,MANU,0,0,+0,+0,+0.0159,+0,+0.0374,+0,+0,+0,14:47:01 24.03.2020
5963,+23.2,+21.5,+23,+22.7,+22.8,+23.4,+23.1,+23.4,+23.2,+23.1,+25,MANU,0,0,+0,+0,+0.0159,+0,+0.0374,+0,+0,+0,14:48:01 24.03.2020
5964,+23.2,+21.4,+23,+22.7,+22.8,+23.4,+23.1,+23.4,+23.2,+23.1,+25,MANU,0,0,+0,+0,+0.0159,+0,+0.0374,+0,+0,+0,14:49:01 24.03.2020
5965,+23.2,+21.4,+23,+22.7,+22.8,+23.4,+23.1,+23.4,+23.2,+23.1,+25,MANU,0,0,+0,+0,+0.0159,+0,+0.0374,+0,+0,+0,14:50:01 24.03.2020
5966,+23.2,+21.4,+23,+22.7,+22.8,+23.4,+23.1,+23.4,+23.2,+23.1,+25,MANU,0,0,+0,+0,+0.0159,+0,+0.0374,+0,+0,+0,14:51:01 24.03.2020
5967,+23.2,+21.4,+23,+22.7,+22.8,+23.4,+23.1,+23.4,+23.2,+23.1,+25,MANU,0,0,+0,+0,+0.0159,+0,+0.0374,+0,+0,+0,14:52:01 24.03.2020
5968,+23.2,+21.4,+23,+22.7,+22.8,+23.4,+23.1,+23.4,+23.3,+23.1,+25,MANU,0,0,+0,+0,+0.0159,+0,+0.0374,+0,+0,+0,14:53:01 24.03.2020
5969,+23.3,+21.4,+23,+22.7,+22.8,+23.4,+23.1,+23.4,+23.3,+23.1,+25,MANU,0,0,+0,+0,+0.0159,+0,+0.0374,+0,+0,+0,14:54:01 24.03.2020
5970,+23.3,+21.4,+23,+22.7,+22.8,+23.4,+23.1,+23.4,+23.3,+23.1,+25,MANU,0,0,+0,+0,+0.0159,+0,+0.0374,+0,+0,+0,14:55:01 24.03.2020
5971,+23.3,+21.4,+23,+22.7,+22.8,+23.4,+23.1,+23.4,+23.3,+23.1,+25,MANU,0,0,+0,+0,+0.0159,+0,+0.0374,+0,+0,+0,14:56:01 24.03.2020
5972,+23.3,+21.4,+22.9,+22.7,+22.8,+23.4,+23.1,+23.4,+23.3,+23.1,+25,MANU,0,0,+0,+0,+0.0159,+0,+0.0374,+0,+0,+0,14:57:01 24.03.2020
5973,+23.3,+21.4,+22.9,+22.7,+22.8,+23.4,+23.1,+23.4,+23.3,+23.1,+25,MANU,0,0,+0,+0,+0.0159,+0,+0.0374,+0,+0,+0,14:58:01 24.03.2020
5974,+23.3,+21.4,+22.9,+22.7,+22.8,+23.4,+23.1,+23.4,+23.3,+23.1,+25,MANU,0,0,+0,+0,+0.0159,+0,+0.0374,+0,+0,+0,14:59:01 24.03.2020
5975,+23.3,+21.4,+22.9,+22.7,+22.8,+23.4,+23.1,+23.4,+23.3,+23.1,+25,MANU,0,0,+0,+0,+0.0159,+0,+0.0374,+0,+0,+0,15:00:01 24.03.2020
5976,+23.3,+21.4,+22.9,+22.7,+22.8,+23.4,+23.1,+23.4,+23.3,+23.1,+25,MANU,0,0,+0,+0,+0.0159,+0,+0.0374,+0,+0,+0,15:01:01 24.03.2020
5977,+23.3,+21.4,+22.9,+22.7,+22.8,+23.4,+23.1,+23.4,+23.3,+23.1,+25,MANU,0,0,+0,+0,+0.0159,+0,+0.0374,+0,+0,+0,15:02:01 24.03.2020
5978,+23.3,+21.4,+22.9,+22.7,+22.8,+23.4,+23.1,+23.4,+23.3,+23.1,+25,MANU,0,0,+0,+0,+0.0159,+0,+0.0374,+0,+0,+0,15:03:01 24.03.2020
5979,+23.3,+21.3,+22.9,+22.7,+22.8,+23.4,+23.1,+23.4,+23.3,+23.1,+25,MANU,0,0,+0,+0,+0.0159,+0,+0.0374,+0,+0,+0,15:04:01 24.03.2020
5980,+23.3,+21.3,+22.9,+22.7,+22.8,+23.4,+23.1,+23.4,+23.3,+23.1,+25,FULL,0,0,+0,+0,+0.0159,+0,+0.0374,+0,+0,+0,15:05:01 24.03.2020
5981,+23.3,+21.4,+22.9,+22.7,+22.8,+23.4,+23.1,+23.4,+23.3,+23.1,+25,FULL,0,0,+0,+0,+0.0159,+0,+0.0374,+0,+0,+0,15:06:01 24.03.2020
5982,+23.3,+22,+22.9,+22.7,+22.8,+23.4,+23.1,+23.4,+23.3,+23.1,+25,FULL,0,0,+0,+0,+0.0159,+0,+0.0374,+0,+0,+0,15:07:01 24.03.2020
5983,+23.3,+22.2,+22.9,+22.7,+22.8,+23.4,+23.1,+23.4,+23.3,+23.1,+25,FULL,0,0,+0,+0,+0.0159,+0,+0.0374,+0,+0,+0,15:08:01 24.03.2020
5984,+23.3,+22.3,+22.9,+22.7,+22.8,+23.4,+23.1,+23.4,+23.3,+23.1,+25,FULL,0,0,+0,+0,+0.0159,+0,+0.0374,+0,+0,+0,15:09:01 24.03.2020
5985,+23.3,+22.3,+22.9,+22.7,+22.8,+23.4,+23.1,+23.4,+23.3,+23.1,+25,FULL,0,0,+0,+0,+0.0159,+0,+0.0374,+0,+0,+0,15:10:01 24.03.2020
5986,+23.3,+22.3,+22.9,+22.6,+22.8,+23.4,+23.1,+23.4,+23.3,+23.1,+25,FULL,0,0,+0,+0,+0.0159,+0,+0.0374,+0,+0,+0,15:11:01 24.03.2020
5987,+23.3,+22.2,+22.9,+22.6,+22.8,+23.4,+23.1,+23.4,+23.3,+23.1,+25,FULL,0,0,+0,+0,+0.0159,+0,+0.0374,+0,+0,+0,15:12:01 24.03.2020
5988,+23.3,+22.2,+22.9,+22.7,+22.8,+23.4,+23.1,+23.4,+23.3,+23.1,+25,FULL,0,0,+0,+0,+0.0159,+0,+0.0374,+0,+0,+0,15:13:01 24.03.2020
5989,+23.3,+22.2,+22.9,+22.6,+22.8,+23.4,+23.1,+23.4,+23.3,+23.1,+25,FULL,0,0,+0,+0,+0.0159,+0,+0.0374,+0,+0,+0,15:14:01 24.03.2020
5990,+23.3,+22.2,+22.9,+22.6,+22.8,+23.4,+23.1,+23.4,+23.3,+23.1,+25,FULL,0,0,+0,+0,+0.0159,+0,+0.0374,+0,+0,+0,15:15:01 24.03.2020
5991,+23.3,+22.2,+22.9,+22.6,+22.8,+23.4,+23.1,+23.4,+23.3,+23.1,+25,FULL,0,0,+0,+0,+0.0159,+0,+0.0374,+0,+0,+0,15:16:01 24.03.2020
5992,+23.3,+22.2,+22.9,+22.6,+22.8,+23.4,+23.1,+23.4,+23.3,+23.1,+25,FULL,0,0,+0,+0,+0.0159,+0,+0.0374,+0,+0,+0,15:17:01 24.03.2020
5993,+23.4,+22.2,+22.9,+22.6,+22.8,+23.4,+23.1,+23.4,+23.3,+23.1,+25,FULL,0,0,+0,+0,+0.0159,+0,+0.0374,+0,+0,+0,15:18:01 24.03.2020
5994,+23.4,+22.2,+22.9,+22.6,+22.8,+23.4,+23.1,+23.4,+23.3,+23.1,+25,FULL,0,0,+0,+0,+0.0159,+0,+0.0374,+0,+0,+0,15:19:01 24.03.2020
5995,+23.3,+22.2,+22.9,+22.6,+22.8,+23.4,+23.1,+23.4,+23.3,+23.1,+25,FULL,0,0,+0,+0,+0.0159,+0,+0.0374,+0,+0,+0,15:20:01 24.03.2020
5996,+23.4,+22.1,+22.9,+22.6,+22.8,+23.4,+23.1,+23.4,+23.3,+23.1,+25,FULL,0,0,+0,+0,+0.0159,+0,+0.0374,+0,+0,+0,15:21:01 24.03.2020
5997,+23.4,+22.2,+22.9,+22.6,+22.8,+23.4,+23.1,+23.4,+23.3,+23.1,+25,FULL,0,0,+0,+0,+0.0159,+0,+0.0374,+0,+0,+0,15:22:01 24.03.2020
5998,+23.4,+22.4,+22.9,+22.6,+22.8,+23.4,+23.1,+23.4,+23.3,+23.1,+25,FULL,0,0,+0,+0,+0.0159,+0,+0.0374,+0,+0,+0,15:23:01 24.03.2020
5999,+23.4,+22.5,+22.9,+22.6,+22.8,+23.4,+23.1,+23.4,+23.3,+23.1,+25,FULL,0,0,+0,+0,+0.0159,+0,+0.0374,+0,+0,+0,15:24:01 24.03.2020
6000,+23.4,+22.7,+22.9,+22.6,+22.8,+23.4,+23.1,+23.4,+23.3,+23.1,+25,FULL,0,0,+0,+0,+0.0159,+0,+0.0374,+0,+0,+0,15:25:01 24.03.2020
6001,+23.4,+22.9,+22.9,+22.6,+22.8,+23.4,+23.1,+23.4,+23.3,+23.1,+25,FULL,0,0,+0,+0,+0.0159,+0,+0.0374,+0,+0,+0,15:26:01 24.03.2020
6002,+23.4,+22.9,+22.9,+22.6,+22.8,+23.4,+23.1,+23.4,+23.3,+23.1,+25,FULL,0,0,+0,+0,+0.0159,+0,+0.0374,+0,+0,+0,15:27:01 24.03.2020
6003,+23.4,+23.4,+22.9,+22.7,+22.8,+23.4,+23.1,+23.4,+23.3,+23.1,+25,FULL,0,0,+0,+0,+0.0159,+0,+0.0374,+0,+0,+0,15:28:01 24.03.2020
6004,+23.4,+23.9,+22.9,+22.7,+22.8,+23.4,+23.1,+23.4,+23.3,+23.1,+25,FULL,0,0,+0,+0,+0.0159,+0,+0.0374,+0,+0,+0,15:29:01 24.03.2020
6005,+23.4,+24.2,+23,+22.7,+22.8,+23.4,+23.1,+23.4,+23.3,+23.1,+25,FULL,0,0,+0,+0,+0.0159,+0,+0.0374,+0,+0,+0,15:30:01 24.03.2020
6006,+23.4,+24.4,+23,+22.7,+22.8,+23.4,+23.1,+23.4,+23.3,+23.1,+25,FULL,0,0,+0,+0,+0.0159,+0,+0.0374,+0,+0,+0,15:31:01 24.03.2020
6007,+23.4,+24.6,+23,+22.7,+22.8,+23.4,+23.1,+23.4,+23.3,+23.1,+25,FULL,0,0,+0,+0,+0.0159,+0,+0.0374,+0,+0,+0,15:32:01 24.03.2020
6008,+23.4,+24.6,+23,+22.8,+22.8,+23.4,+23.1,+23.4,+23.3,+23.1,+25,FULL,0,0,+0,+0,+0.0159,+0,+0.0374,+0,+0,+0,15:33:01 24.03.2020
6009,+23.4,+24.7,+23,+22.8,+22.9,+23.4,+23.1,+23.4,+23.3,+23.1,+25,FULL,0,0,+0,+0,+0.0159,+0,+0.0374,+0,+0,+0,15:34:01 24.03.2020
6010,+23.4,+24.8,+23,+22.8,+22.9,+23.4,+23.1,+23.4,+23.3,+23.1,+25,MANU,0,0,+0,+0,+0.0159,+0,+0.0374,+0,+0,+0,15:35:01 24.03.2020
6011,+23.4,+24.9,+23,+22.8,+22.9,+23.4,+23.1,+23.4,+23.3,+23.1,+25,MANU,0,0,+0,+0,+0.0159,+0,+0.0374,+0,+0,+0,15:36:01 24.03.2020
6012,+23.4,+24.9,+23,+22.8,+22.9,+23.4,+23.1,+23.4,+23.3,+23.1,+25,FULL,0,0,+0,+0,+0.0159,+0,+0.0374,+0,+0,+0,15:37:01 24.03.2020
6013,+23.4,+24.8,+23,+22.8,+22.9,+23.4,+23.1,+23.4,+23.3,+23.1,+25,FULL,0,0,+0,+0,+0.0159,+0,+0.0374,+0,+0,+0,15:38:01 24.03.2020
6014,+23.4,+24.9,+23,+22.8,+22.9,+23.4,+23.1,+23.4,+23.3,+23.1,+25,FULL,0,0,+0,+0,+0.0159,+0,+0.0374,+0,+0,+0,15:39:01 24.03.2020
6015,+23.4,+25,+23.1,+22.8,+22.9,+23.4,+23.1,+23.4,+23.3,+23.1,+25,FULL,0,0,+0,+0,+0.0159,+0,+0.0374,+0,+0,+0,15:40:01 24.03.2020
6016,+23.4,+25.1,+23.1,+22.9,+23,+23.4,+23.1,+23.4,+23.3,+23.1,+25,FULL,0,0,+0,+0,+0.0159,+0,+0.0374,+0,+0,+0,15:41:01 24.03.2020
6017,+23.4,+25.2,+23.1,+22.9,+23,+23.4,+23.1,+23.4,+23.3,+23.1,+25,FULL,0,0,+0,+0,+0.0159,+0,+0.0374,+0,+0,+0,15:42:01 24.03.2020
6018,+23.4,+25.2,+23.1,+22.9,+23,+23.4,+23.1,+23.4,+23.3,+23.1,+25,FULL,0,0,+0,+0,+0.0159,+0,+0.0374,+0,+0,+0,15:43:01 24.03.2020
6019,+23.4,+25.3,+23.1,+22.9,+23,+23.4,+23.1,+23.4,+23.3,+23.1,+25,FULL,0,0,+0,+0,+0.0159,+0,+0.0374,+0,+0,+0,15:44:01 24.03.2020
6020,+23.4,+25.3,+23.2,+22.9,+23,+23.4,+23.1,+23.4,+23.3,+23.1,+25,FULL,0,0,+0,+0,+0.0159,+0,+0.0374,+0,+0,+0,15:45:01 24.03.2020
6021,+23.5,+25.4,+23.2,+22.9,+23,+23.4,+23.1,+23.4,+23.3,+23.1,+25,FULL,0,0,+0,+0,+0.0159,+0,+0.0374,+0,+0,+0,15:46:01 24.03.2020
6022,+23.5,+25.4,+23.2,+23,+23,+23.4,+23.1,+23.4,+23.3,+23.1,+25,FULL,0,0,+0,+0,+0.0159,+0,+0.0374,+0,+0,+0,15:47:01 24.03.2020
6023,+23.5,+25.4,+23.2,+23,+23.1,+23.4,+23.1,+23.4,+23.3,+23.1,+25,FULL,0,0,+0,+0,+0.0159,+0,+0.0374,+0,+0,+0,15:48:01 24.03.2020
6024,+23.5,+25.4,+23.2,+23,+23.1,+23.4,+23.1,+23.4,+23.3,+23.1,+25,FULL,0,0,+0,+0,+0.0159,+0,+0.0374,+0,+0,+0,15:49:01 24.03.2020
6025,+23.5,+25.5,+23.2,+23,+23.1,+23.4,+23.1,+23.4,+23.3,+23.1,+25,FULL,0,0,+0,+0,+0.0159,+0,+0.0374,+0,+0,+0,15:50:01 24.03.2020
6026,+23.5,+25.5,+23.2,+23,+23.1,+23.4,+23.1,+23.4,+23.3,+23.1,+25,FULL,0,0,+0,+0,+0.0159,+0,+0.0374,+0,+0,+0,15:51:01 24.03.2020
6027,+23.5,+25.6,+23.3,+23,+23.1,+23.4,+23.1,+23.4,+23.3,+23.1,+25,FULL,0,0,+0,+0,+0.0159,+0,+0.0374,+0,+0,+0,15:52:01 24.03.2020
6028,+23.5,+25.6,+23.3,+23,+23.1,+23.4,+23.1,+23.4,+23.3,+23.1,+25,FULL,0,0,+0,+0,+0.0159,+0,+0.0374,+0,+0,+0,15:53:01 24.03.2020
6029,+23.5,+25.6,+23.3,+23,+23.1,+23.4,+23.1,+23.4,+23.3,+23.1,+25,FULL,0,0,+0,+0,+0.0159,+0,+0.0374,+0,+0,+0,15:54:01 24.03.2020
6030,+23.5,+25.7,+23.3,+23,+23.1,+23.4,+23.1,+23.4,+23.3,+23.1,+25,FULL,0,0,+0,+0,+0.0159,+0,+0.0374,+0,+0,+0,15:55:01 24.03.2020
6031,+23.5,+25.7,+23.3,+23,+23.2,+23.4,+23.1,+23.4,+23.3,+23.1,+25,FULL,0,0,+0,+0,+0.0159,+0,+0.0374,+0,+0,+0,15:56:01 24.03.2020
6032,+23.5,+25.7,+23.3,+23,+23.2,+23.4,+23.1,+23.4,+23.3,+23.1,+25,FULL,0,0,+0,+0,+0.0159,+0,+0.0374,+0,+0,+0,15:57:01 24.03.2020
6033,+23.5,+25.7,+23.3,+23,+23.2,+23.4,+23.1,+23.4,+23.3,+23.1,+25,FULL,0,0,+0,+0,+0.0159,+0,+0.0374,+0,+0,+0,15:58:01 24.03.2020
6034,+23.5,+25.7,+23.3,+23.1,+23.2,+23.4,+23.1,+23.4,+23.3,+23.1,+25,FULL,0,0,+0,+0,+0.0159,+0,+0.0374,+0,+0,+0,15:59:01 24.03.2020
6035,+23.5,+25.7,+23.3,+23.1,+23.2,+23.4,+23.1,+23.4,+23.3,+23.1,+25,FULL,0,0,+0,+0,+0.0159,+0,+0.0374,+0,+0,+0,16:00:01 24.03.2020
6036,+23.5,+25.8,+23.3,+23.1,+23.2,+23.4,+23.1,+23.4,+23.3,+23.1,+25,FULL,0,0,+0,+0,+0.0159,+0,+0.0374,+0,+0,+0,16:01:01 24.03.2020
6037,+23.5,+25.9,+23.3,+23.1,+23.2,+23.4,+23.1,+23.4,+23.3,+23.1,+25,FULL,0,0,+0,+0,+0.0159,+0,+0.0374,+0,+0,+0,16:02:01 24.03.2020
6038,+23.5,+25.9,+23.3,+23.1,+23.2,+23.4,+23.1,+23.4,+23.3,+23.1,+25,FULL,0,0,+0,+0,+0.0159,+0,+0.0374,+0,+0,+0,16:03:01 24.03.2020
6039,+23.5,+25.9,+23.4,+23.1,+23.2,+23.4,+23.1,+23.4,+23.3,+23.1,+25,FULL,0,0,+0,+0,+0.0159,+0,+0.0374,+0,+0,+0,16:04:01 24.03.2020
6040,+23.5,+26,+23.4,+23.1,+23.3,+23.4,+23.1,+23.4,+23.3,+23.1,+25,FULL,0,0,+0,+0,+0.0159,+0,+0.0374,+0,+0,+0,16:05:01 24.03.2020
6041,+23.5,+26,+23.4,+23.2,+23.3,+23.4,+23.1,+23.4,+23.3,+23.1,+25,FULL,0,0,+0,+0,+0.0159,+0,+0.0374,+0,+0,+0,16:06:01 24.03.2020
6042,+23.5,+26,+23.4,+23.2,+23.3,+23.4,+23.1,+23.4,+23.3,+23.1,+25,FULL,0,0,+0,+0,+0.0159,+0,+0.0374,+0,+0,+0,16:07:01 24.03.2020
6043,+23.5,+26.1,+23.4,+23.2,+23.3,+23.4,+23.1,+23.4,+23.3,+23.1,+25,FULL,0,0,+0,+0,+0.0159,+0,+0.0374,+0,+0,+0,16:08:01 24.03.2020
6044,+23.5,+26.1,+23.4,+23.2,+23.3,+23.4,+23.1,+23.4,+23.3,+23.1,+25,FULL,0,0,+0,+0,+0.0159,+0,+0.0374,+0,+0,+0,16:09:01 24.03.2020
6045,+23.5,+26.1,+23.4,+23.2,+23.3,+23.4,+23.1,+23.4,+23.3,+23.1,+25,FULL,0,0,+0,+0,+0.0159,+0,+0.0374,+0,+0,+0,16:10:01 24.03.2020
6046,+23.5,+26.1,+23.4,+23.2,+23.3,+23.4,+23.1,+23.4,+23.3,+23.1,+25,FULL,0,0,+0,+0,+0.0159,+0,+0.0374,+0,+0,+0,16:11:01 24.03.2020
6047,+23.5,+26.1,+23.5,+23.2,+23.3,+23.4,+23.1,+23.4,+23.3,+23.1,+25,FULL,0,0,+0,+0,+0.0159,+0,+0.0374,+0,+0,+0,16:12:01 24.03.2020
6048,+23.6,+26.2,+23.5,+23.2,+23.3,+23.4,+23.1,+23.4,+23.3,+23.1,+25,FULL,0,0,+0,+0,+0.0159,+0,+0.0374,+0,+0,+0,16:13:01 24.03.2020
6049,+23.6,+26.2,+23.5,+23.3,+23.3,+23.4,+23.1,+23.4,+23.3,+23.1,+25,FULL,0,0,+0,+0,+0.0159,+0,+0.0374,+0,+0,+0,16:14:01 24.03.2020
6050,+23.6,+26.2,+23.5,+23.3,+23.3,+23.4,+23.1,+23.4,+23.3,+23.1,+25,FULL,0,0,+0,+0,+0.0159,+0,+0.0374,+0,+0,+0,16:15:01 24.03.2020
6051,+23.6,+26.3,+23.5,+23.3,+23.3,+23.4,+23.1,+23.4,+23.3,+23.1,+25,FULL,0,0,+0,+0,+0.0159,+0,+0.0374,+0,+0,+0,16:16:01 24.03.2020
6052,+23.6,+26.3,+23.5,+23.3,+23.3,+23.4,+23.1,+23.4,+23.3,+23.1,+25,FULL,0,0,+0,+0,+0.0159,+0,+0.0374,+0,+0,+0,16:17:01 24.03.2020
6053,+23.6,+26.3,+23.5,+23.3,+23.4,+23.4,+23.1,+23.4,+23.3,+23.1,+25,FULL,0,0,+0,+0,+0.0159,+0,+0.0374,+0,+0,+0,16:18:01 24.03.2020
6054,+23.6,+26.3,+23.5,+23.3,+23.4,+23.4,+23.1,+23.4,+23.3,+23.1,+25,FULL,0,0,+0,+0,+0.0159,+0,+0.0374,+0,+0,+0,16:19:01 24.03.2020
6055,+23.6,+26.4,+23.5,+23.3,+23.4,+23.4,+23.1,+23.4,+23.3,+23.1,+25,FULL,0,0,+0,+0,+0.0159,+0,+0.0374,+0,+0,+0,16:20:01 24.03.2020
6056,+23.6,+26.4,+23.5,+23.3,+23.4,+23.4,+23.1,+23.4,+23.3,+23.1,+25,FULL,0,0,+0,+0,+0.0159,+0,+0.0374,+0,+0,+0,16:21:01 24.03.2020
6057,+23.6,+26.4,+23.5,+23.3,+23.4,+23.4,+23.1,+23.4,+23.3,+23.1,+25,FULL,0,0,+0,+0,+0.0159,+0,+0.0374,+0,+0,+0,16:22:01 24.03.2020
6058,+23.6,+26.4,+23.6,+23.3,+23.4,+23.4,+23.1,+23.4,+23.3,+23.1,+25,FULL,0,0,+0,+0,+0.0159,+0,+0.0374,+0,+0,+0,16:23:01 24.03.2020
6059,+23.6,+26.4,+23.6,+23.3,+23.4,+23.4,+23.1,+23.4,+23.3,+23.1,+25,FULL,0,0,+0,+0,+0.0159,+0,+0.0374,+0,+0,+0,16:24:01 24.03.2020
6060,+23.6,+26.4,+23.6,+23.3,+23.4,+23.4,+23.1,+23.4,+23.3,+23.1,+25,FULL,0,0,+0,+0,+0.0159,+0,+0.0374,+0,+0,+0,16:25:01 24.03.2020
6061,+23.6,+26.4,+23.6,+23.3,+23.4,+23.4,+23.1,+23.4,+23.3,+23.1,+25,FULL,0,0,+0,+0,+0.0159,+0,+0.0374,+0,+0,+0,16:26:01 24.03.2020
6062,+23.6,+26.4,+23.6,+23.4,+23.4,+23.5,+23.1,+23.4,+23.3,+23.1,+25,FULL,0,0,+0,+0,+0.0159,+0,+0.0374,+0,+0,+0,16:27:01 24.03.2020
6063,+23.6,+26.4,+23.6,+23.4,+23.4,+23.5,+23.1,+23.4,+23.3,+23.1,+25,FULL,0,0,+0,+0,+0.0159,+0,+0.0374,+0,+0,+0,16:28:01 24.03.2020
6064,+23.6,+26.4,+23.6,+23.4,+23.5,+23.5,+23.1,+23.5,+23.3,+23.1,+25,FULL,0,0,+0,+0,+0.0159,+0,+0.0374,+0,+0,+0,16:29:01 24.03.2020
6065,+23.6,+26.4,+23.6,+23.4,+23.5,+23.5,+23.1,+23.5,+23.3,+23.1,+25,FULL,0,0,+0,+0,+0.0159,+0,+0.0374,+0,+0,+0,16:30:01 24.03.2020
6066,+23.6,+26.4,+23.6,+23.4,+23.5,+23.5,+23.1,+23.5,+23.3,+23.1,+25,FULL,0,0,+0,+0,+0.0159,+0,+0.0375,+0,+0,+0,16:31:01 24.03.2020
6067,+23.6,+26.4,+23.6,+23.4,+23.5,+23.5,+23.1,+23.5,+23.3,+23.1,+25,FULL,0,0,+0,+0,+0.0159,+0,+0.0375,+0,+0,+0,16:32:01 24.03.2020
6068,+23.6,+26.4,+23.6,+23.4,+23.5,+23.5,+23.1,+23.5,+23.3,+23.2,+25,FULL,0,0,+0,+0,+0.0159,+0,+0.0376,+0,+0,+0,16:33:01 24.03.2020
6069,+23.6,+26.4,+23.6,+23.4,+23.5,+23.5,+23.1,+23.5,+23.3,+23.2,+25,FULL,0,0,+0,+0,+0.0159,+0,+0.0376,+0,+0,+0,16:34:01 24.03.2020
6070,+23.6,+26.3,+23.6,+23.4,+23.5,+23.5,+23.1,+23.5,+23.3,+23.2,+25,FULL,0,0,+0,+0,+0.0159,+0,+0.0374,+0,+0,+0,16:35:01 24.03.2020
6071,+23.6,+26.3,+23.6,+23.4,+23.5,+23.5,+23.1,+23.5,+23.3,+23.2,+25,FULL,0,0,+0,+0,+0.0159,+0,+0.0376,+0,+0,+0,16:36:01 24.03.2020
6072,+23.6,+26.3,+23.6,+23.4,+23.5,+23.5,+23.1,+23.5,+23.3,+23.2,+25,FULL,0,0,+0,+0,+0.0159,+0,+0.0374,+0,+0,+0,16:37:01 24.03.2020
6073,+23.6,+26.3,+23.6,+23.4,+23.5,+23.5,+23.1,+23.5,+23.3,+23.2,+25,FULL,0,0,+0,+0,+0.0159,+0,+0.0375,+0,+0,+0,16:38:01 24.03.2020
6074,+23.6,+26.4,+23.6,+23.4,+23.5,+23.5,+23.1,+23.5,+23.3,+23.2,+25,FULL,0,0,+0,+0,+0.0159,+0,+0.0376,+0,+0,+0,16:39:01 24.03.2020
6075,+23.6,+26.4,+23.6,+23.4,+23.5,+23.5,+23.1,+23.5,+23.3,+23.2,+25,FULL,0,0,+0,+0,+0.0159,+0,+0.0376,+0,+0,+0,16:40:01 24.03.2020
6076,+23.6,+26.4,+23.6,+23.4,+23.5,+23.5,+23.1,+23.5,+23.3,+23.2,+25,FULL,0,0,+0,+0,+0.0159,+0,+0.0376,+0,+0,+0,16:41:01 24.03.2020
6077,+23.6,+26.4,+23.6,+23.4,+23.5,+23.5,+23.1,+23.5,+23.3,+23.2,+25,FULL,0,0,+0,+0,+0.0159,+0,+0.0376,+0,+0,+0,16:42:01 24.03.2020
6078,+23.6,+26.3,+23.6,+23.4,+23.5,+23.5,+23.2,+23.5,+23.3,+23.2,+25,MANU,0,0,+0,+0,+0.0159,+0,+0.0375,+0,+0,+0,16:43:01 24.03.2020
6079,+23.6,+26.3,+23.6,+23.4,+23.5,+23.5,+23.1,+23.5,+23.3,+23.2,+25,MANU,0,0,+0,+0,+0.0159,+0,+0.0376,+0,+0,+0,16:44:01 24.03.2020
6080,+23.6,+26.4,+23.6,+23.4,+23.5,+23.5,+23.1,+23.5,+23.3,+23.2,+25,FULL,0,0,+0,+0,+0.0159,+0,+0.0376,+0,+0,+0,16:45:01 24.03.2020
6081,+23.6,+26.5,+23.6,+23.4,+23.5,+23.5,+23.2,+23.5,+23.3,+23.2,+25,FULL,0,0,+0,+0,+0.0159,+0,+0.0376,+0,+0,+0,16:46:01 24.03.2020
6082,+23.6,+26.5,+23.6,+23.4,+23.5,+23.5,+23.2,+23.5,+23.3,+23.2,+25,FULL,0,0,+0,+0,+0.0159,+0,+0.0376,+0,+0,+0,16:47:01 24.03.2020
6083,+23.6,+26.6,+23.6,+23.4,+23.5,+23.5,+23.2,+23.5,+23.3,+23.2,+25,FULL,0,0,+0,+0,+0.0159,+0,+0.0375,+0,+0,+0,16:48:01 24.03.2020
6084,+23.6,+26.2,+23.6,+23.4,+23.5,+23.5,+23.1,+23.5,+23.3,+23.2,+25,FULL,0,0,+0,+0,+0.0159,+0,+0.0374,+0,+0,+0,16:49:01 24.03.2020
6085,+23.6,+26.1,+23.6,+23.4,+23.5,+23.5,+23.2,+23.5,+23.3,+23.2,+25,FULL,0,0,+0,+0,+0.0159,+0,+0.0374,+0,+0,+0,16:50:01 24.03.2020
6086,+23.6,+26.1,+23.6,+23.4,+23.5,+23.5,+23.2,+23.5,+23.3,+23.2,+25,FULL,0,0,+0,+0,+0.0159,+0,+0.0374,+0,+0,+0,16:51:01 24.03.2020
6087,+23.6,+26.2,+23.6,+23.4,+23.5,+23.5,+23.2,+23.5,+23.3,+23.2,+25,FULL,0,0,+0,+0,+0.0159,+0,+0.0376,+0,+0,+0,16:52:01 24.03.2020
6088,+23.6,+26.2,+23.6,+23.4,+23.5,+23.5,+23.2,+23.5,+23.3,+23.2,+25,FULL,0,0,+0,+0,+0.0159,+0,+0.0376,+0,+0,+0,16:53:01 24.03.2020
6089,+23.6,+26.2,+23.6,+23.4,+23.5,+23.5,+23.2,+23.5,+23.3,+23.2,+25,FULL,0,0,+0,+0,+0.0159,+0,+0.0374,+0,+0,+0,16:54:01 24.03.2020
6090,+23.6,+26.2,+23.6,+23.4,+23.5,+23.5,+23.2,+23.5,+23.3,+23.2,+25,FULL,0,0,+0,+0,+0.0159,+0,+0.0374,+0,+0,+0,16:55:01 24.03.2020
6091,+23.6,+26.2,+23.6,+23.4,+23.5,+23.5,+23.2,+23.5,+23.3,+23.2,+25,FULL,0,0,+0,+0,+0.0159,+0,+0.0374,+0,+0,+0,16:56:01 24.03.2020
6092,+23.7,+26.3,+23.6,+23.4,+23.5,+23.5,+23.2,+23.5,+23.3,+23.2,+25,FULL,0,0,+0,+0,+0.0159,+0,+0.0374,+0,+0,+0,16:57:01 24.03.2020
6093,+23.7,+26.3,+23.6,+23.5,+23.5,+23.5,+23.2,+23.5,+23.3,+23.2,+25,FULL,0,0,+0,+0,+0.0159,+0,+0.0374,+0,+0,+0,16:58:01 24.03.2020
6094,+23.7,+26.3,+23.6,+23.5,+23.6,+23.5,+23.2,+23.5,+23.3,+23.2,+25,FULL,0,0,+0,+0,+0.0159,+0,+0.0375,+0,+0,+0,16:59:01 24.03.2020
6095,+23.7,+26.3,+23.6,+23.5,+23.6,+23.5,+23.2,+23.5,+23.3,+23.2,+25,FULL,0,0,+0,+0,+0.0159,+0,+0.0376,+0,+0,+0,17:00:01 24.03.2020
6096,+23.7,+26.3,+23.6,+23.5,+23.6,+23.5,+23.2,+23.5,+23.3,+23.2,+25,FULL,0,0,+0,+0,+0.0159,+0,+0.0376,+0,+0,+0,17:01:01 24.03.2020
6097,+23.7,+26.4,+23.7,+23.5,+23.6,+23.5,+23.2,+23.5,+23.3,+23.2,+25,FULL,0,0,+0,+0,+0.0159,+0,+0.0376,+0,+0,+0,17:02:01 24.03.2020
6098,+23.7,+26.4,+23.7,+23.5,+23.6,+23.5,+23.2,+23.5,+23.3,+23.2,+25,FULL,0,0,+0,+0,+0.0159,+0,+0.0376,+0,+0,+0,17:03:01 24.03.2020
6099,+23.7,+26.4,+23.7,+23.5,+23.6,+23.5,+23.2,+23.5,+23.3,+23.2,+25,FULL,0,0,+0,+0,+0.0159,+0,+0.0376,+0,+0,+0,17:04:01 24.03.2020
6100,+23.7,+26.4,+23.7,+23.5,+23.6,+23.5,+23.2,+23.5,+23.3,+23.2,+25,FULL,0,0,+0,+0,+0.0159,+0,+0.0376,+0,+0,+0,17:05:01 24.03.2020
6101,+23.7,+26.4,+23.7,+23.5,+23.6,+23.5,+23.2,+23.5,+23.3,+23.2,+25,FULL,0,0,+0,+0,+0.0159,+0,+0.0376,+0,+0,+0,17:06:01 24.03.2020
6102,+23.7,+26.3,+23.7,+23.5,+23.6,+23.5,+23.2,+23.5,+23.3,+23.2,+25,FULL,0,0,+0,+0,+0.0159,+0,+0.0376,+0,+0,+0,17:07:01 24.03.2020
6103,+23.7,+26.3,+23.7,+23.5,+23.6,+23.5,+23.2,+23.5,+23.3,+23.2,+25,FULL,0,0,+0,+0,+0.0159,+0,+0.0376,+0,+0,+0,17:08:01 24.03.2020
6104,+23.7,+26.3,+23.7,+23.6,+23.6,+23.5,+23.2,+23.5,+23.3,+23.2,+25,FULL,0,0,+0,+0,+0.0159,+0,+0.0375,+0,+0,+0,17:09:01 24.03.2020
6105,+23.7,+26.3,+23.7,+23.6,+23.6,+23.5,+23.2,+23.5,+23.3,+23.2,+25,FULL,0,0,+0,+0,+0.0159,+0,+0.0376,+0,+0,+0,17:10:01 24.03.2020
6106,+23.7,+26.3,+23.7,+23.6,+23.6,+23.5,+23.2,+23.5,+23.3,+23.2,+25,FULL,0,0,+0,+0,+0.0159,+0,+0.0376,+0,+0,+0,17:11:01 24.03.2020
6107,+23.7,+26.3,+23.7,+23.6,+23.6,+23.5,+23.2,+23.5,+23.3,+23.2,+25,FULL,0,0,+0,+0,+0.0159,+0,+0.0376,+0,+0,+0,17:12:01 24.03.2020
6108,+23.7,+26.3,+23.7,+23.6,+23.6,+23.5,+23.2,+23.5,+23.3,+23.2,+25,FULL,0,0,+0,+0,+0.0159,+0,+0.0376,+0,+0,+0,17:13:01 24.03.2020
6109,+23.7,+26.3,+23.7,+23.6,+23.6,+23.5,+23.2,+23.5,+23.3,+23.2,+25,FULL,0,0,+0,+0,+0.0159,+0,+0.0376,+0,+0,+0,17:14:01 24.03.2020
6110,+23.7,+26.3,+23.7,+23.6,+23.6,+23.5,+23.2,+23.5,+23.3,+23.2,+25,FULL,0,0,+0,+0,+0.0159,+0,+0.0376,+0,+0,+0,17:15:01 24.03.2020
6111,+23.7,+26.3,+23.7,+23.6,+23.6,+23.5,+23.2,+23.5,+23.3,+23.2,+25,FULL,0,0,+0,+0,+0.0159,+0,+0.0376,+0,+0,+0,17:16:01 24.03.2020
6112,+23.7,+26.3,+23.7,+23.6,+23.6,+23.5,+23.2,+23.5,+23.3,+23.2,+25,FULL,0,0,+0,+0,+0.0159,+0,+0.0376,+0,+0,+0,17:17:01 24.03.2020
6113,+23.7,+26.3,+23.7,+23.6,+23.6,+23.5,+23.2,+23.5,+23.3,+23.2,+25,FULL,0,0,+0,+0,+0.0159,+0,+0.0376,+0,+0,+0,17:18:01 24.03.2020
6114,+23.7,+26.3,+23.7,+23.6,+23.6,+23.5,+23.2,+23.5,+23.3,+23.2,+25,FULL,0,0,+0,+0,+0.0159,+0,+0.0376,+0,+0,+0,17:19:01 24.03.2020
6115,+23.7,+26.3,+23.7,+23.6,+23.6,+23.5,+23.2,+23.5,+23.3,+23.2,+25,FULL,0,0,+0,+0,+0.0159,+0,+0.0374,+0,+0,+0,17:20:01 24.03.2020
6116,+23.7,+26.3,+23.7,+23.6,+23.6,+23.5,+23.2,+23.5,+23.3,+23.2,+25,FULL,0,0,+0,+0,+0.0159,+0,+0.0374,+0,+0,+0,17:21:01 24.03.2020
6117,+23.7,+26.3,+23.7,+23.6,+23.6,+23.5,+23.2,+23.5,+23.3,+23.2,+25,FULL,0,0,+0,+0,+0.0159,+0,+0.0374,+0,+0,+0,17:22:01 24.03.2020
6118,+23.7,+26.3,+23.7,+23.6,+23.7,+23.5,+23.2,+23.5,+23.3,+23.2,+25,FULL,0,0,+0,+0,+0.0159,+0,+0.0376,+0,+0,+0,17:23:01 24.03.2020
6119,+23.7,+26.3,+23.7,+23.6,+23.7,+23.5,+23.2,+23.5,+23.3,+23.2,+25,FULL,0,0,+0,+0,+0.0159,+0,+0.0375,+0,+0,+0,17:24:01 24.03.2020
6120,+23.7,+26.3,+23.7,+23.6,+23.7,+23.5,+23.2,+23.5,+23.3,+23.2,+25,FULL,0,0,+0,+0,+0.0159,+0,+0.0376,+0,+0,+0,17:25:01 24.03.2020
6121,+23.7,+26.3,+23.7,+23.6,+23.7,+23.5,+23.2,+23.5,+23.3,+23.2,+25,FULL,0,0,+0,+0,+0.0159,+0,+0.0376,+0,+0,+0,17:26:01 24.03.2020
6122,+23.7,+26.3,+23.7,+23.6,+23.7,+23.5,+23.2,+23.5,+23.3,+23.2,+25,FULL,0,0,+0,+0,+0.0159,+0,+0.0376,+0,+0,+0,17:27:01 24.03.2020
6123,+23.7,+26.3,+23.7,+23.6,+23.7,+23.5,+23.2,+23.5,+23.3,+23.2,+25,FULL,0,0,+0,+0,+0.0159,+0,+0.0376,+0,+0,+0,17:28:01 24.03.2020
6124,+23.7,+26.3,+23.7,+23.6,+23.7,+23.5,+23.2,+23.5,+23.3,+23.2,+25,FULL,0,0,+0,+0,+0.0159,+0,+0.0376,+0,+0,+0,17:29:01 24.03.2020
6125,+23.8,+26.3,+23.7,+23.6,+23.7,+23.5,+23.2,+23.5,+23.3,+23.2,+25,FULL,0,0,+0,+0,+0.0159,+0,+0.0376,+0,+0,+0,17:30:01 24.03.2020
6126,+23.7,+26.3,+23.7,+23.6,+23.7,+23.5,+23.2,+23.5,+23.3,+23.2,+25,FULL,0,0,+0,+0,+0.0159,+0,+0.0376,+0,+0,+0,17:31:01 24.03.2020
6127,+23.7,+26.3,+23.7,+23.6,+23.7,+23.5,+23.2,+23.5,+23.3,+23.2,+25,FULL,0,0,+0,+0,+0.0159,+0,+0.0376,+0,+0,+0,17:32:01 24.03.2020
6128,+23.7,+26.3,+23.7,+23.6,+23.7,+23.5,+23.2,+23.5,+23.3,+23.2,+25,FULL,0,0,+0,+0,+0.0159,+0,+0.0376,+0,+0,+0,17:33:01 24.03.2020
6129,+23.8,+26.3,+23.7,+23.6,+23.7,+23.5,+23.2,+23.5,+23.3,+23.2,+25,FULL,0,0,+0,+0,+0.0159,+0,+0.0376,+0,+0,+0,17:34:01 24.03.2020
6130,+23.8,+26.3,+23.7,+23.6,+23.7,+23.5,+23.2,+23.5,+23.3,+23.2,+25,FULL,0,0,+0,+0,+0.0159,+0,+0.0376,+0,+0,+0,17:35:01 24.03.2020
6131,+23.8,+26.4,+23.7,+23.6,+23.7,+23.5,+23.2,+23.5,+23.3,+23.2,+25,FULL,0,0,+0,+0,+0.0159,+0,+0.0376,+0,+0,+0,17:36:01 24.03.2020
6132,+23.8,+26.4,+23.7,+23.6,+23.7,+23.5,+23.2,+23.5,+23.3,+23.2,+25,FULL,0,0,+0,+0,+0.0159,+0,+0.0376,+0,+0,+0,17:37:01 24.03.2020
6133,+23.8,+26.3,+23.7,+23.6,+23.7,+23.5,+23.2,+23.5,+23.3,+23.2,+25,FULL,0,0,+0,+0,+0.0159,+0,+0.0376,+0,+0,+0,17:38:01 24.03.2020
6134,+23.7,+26.4,+23.7,+23.6,+23.7,+23.5,+23.2,+23.5,+23.3,+23.2,+25,FULL,0,0,+0,+0,+0.0159,+0,+0.0376,+0,+0,+0,17:39:01 24.03.2020
6135,+23.8,+26.3,+23.7,+23.6,+23.7,+23.5,+23.2,+23.5,+23.3,+23.2,+25,FULL,0,0,+0,+0,+0.0159,+0,+0.0376,+0,+0,+0,17:40:01 24.03.2020
6136,+23.8,+26.3,+23.7,+23.6,+23.7,+23.5,+23.2,+23.5,+23.3,+23.2,+25,FULL,0,0,+0,+0,+0.0159,+0,+0.0376,+0,+0,+0,17:41:01 24.03.2020
6137,+23.8,+26.3,+23.8,+23.6,+23.7,+23.5,+23.2,+23.5,+23.3,+23.2,+25,FULL,0,0,+0,+0,+0.0159,+0,+0.0376,+0,+0,+0,17:42:01 24.03.2020
6138,+23.8,+26.3,+23.8,+23.6,+23.7,+23.5,+23.2,+23.5,+23.3,+23.2,+25,FULL,0,0,+0,+0,+0.0159,+0,+0.0376,+0,+0,+0,17:43:01 24.03.2020
6139,+23.8,+26.3,+23.8,+23.6,+23.7,+23.5,+23.2,+23.5,+23.3,+23.2,+25,FULL,0,0,+0,+0,+0.0159,+0,+0.0376,+0,+0,+0,17:44:01 24.03.2020
6140,+23.8,+26.3,+23.8,+23.6,+23.7,+23.5,+23.2,+23.5,+23.3,+23.2,+25,FULL,0,0,+0,+0,+0.0159,+0,+0.0376,+0,+0,+0,17:45:01 24.03.2020
6141,+23.8,+26.3,+23.8,+23.6,+23.7,+23.5,+23.2,+23.5,+23.3,+23.2,+25,FULL,0,0,+0,+0,+0.0159,+0,+0.0376,+0,+0,+0,17:46:01 24.03.2020
6142,+23.8,+26.4,+23.8,+23.6,+23.7,+23.5,+23.2,+23.5,+23.3,+23.2,+25,FULL,0,0,+0,+0,+0.0159,+0,+0.0376,+0,+0,+0,17:47:01 24.03.2020
6143,+23.8,+26.4,+23.8,+23.6,+23.7,+23.5,+23.2,+23.5,+23.3,+23.2,+25,FULL,0,0,+0,+0,+0.0159,+0,+0.0376,+0,+0,+0,17:48:01 24.03.2020
6144,+23.8,+26.4,+23.8,+23.6,+23.7,+23.5,+23.2,+23.5,+23.3,+23.2,+25,FULL,0,0,+0,+0,+0.0159,+0,+0.0376,+0,+0,+0,17:49:01 24.03.2020
6145,+23.8,+26.3,+23.8,+23.6,+23.7,+23.5,+23.2,+23.5,+23.3,+23.2,+25,FULL,0,0,+0,+0,+0.0159,+0,+0.0376,+0,+0,+0,17:50:01 24.03.2020
6146,+23.8,+26.3,+23.8,+23.7,+23.7,+23.5,+23.2,+23.5,+23.3,+23.2,+25,FULL,0,0,+0,+0,+0.0159,+0,+0.0376,+0,+0,+0,17:51:01 24.03.2020
6147,+23.8,+26.3,+23.8,+23.6,+23.7,+23.5,+23.2,+23.5,+23.3,+23.2,+25,FULL,0,0,+0,+0,+0.0159,+0,+0.0376,+0,+0,+0,17:52:01 24.03.2020
6148,+23.8,+26.3,+23.8,+23.7,+23.7,+23.5,+23.2,+23.5,+23.3,+23.2,+25,FULL,0,0,+0,+0,+0.0159,+0,+0.0376,+0,+0,+0,17:53:01 24.03.2020
6149,+23.8,+26.3,+23.8,+23.7,+23.7,+23.5,+23.2,+23.5,+23.3,+23.2,+25,FULL,0,0,+0,+0,+0.0159,+0,+0.0376,+0,+0,+0,17:54:01 24.03.2020
6150,+23.8,+26.4,+23.8,+23.7,+23.7,+23.5,+23.2,+23.5,+23.3,+23.2,+25,FULL,0,0,+0,+0,+0.0159,+0,+0.0376,+0,+0,+0,17:55:01 24.03.2020
6151,+23.8,+26.4,+23.8,+23.7,+23.7,+23.5,+23.2,+23.5,+23.3,+23.2,+25,FULL,0,0,+0,+0,+0.0159,+0,+0.0376,+0,+0,+0,17:56:01 24.03.2020
6152,+23.8,+26.4,+23.8,+23.7,+23.7,+23.5,+23.2,+23.5,+23.3,+23.2,+25,FULL,0,0,+0,+0,+0.0159,+0,+0.0376,+0,+0,+0,17:57:01 24.03.2020
6153,+23.8,+26.4,+23.8,+23.7,+23.7,+23.5,+23.2,+23.5,+23.3,+23.2,+25,FULL,0,0,+0,+0,+0.0159,+0,+0.0376,+0,+0,+0,17:58:01 24.03.2020
6154,+23.8,+26.4,+23.8,+23.7,+23.8,+23.5,+23.2,+23.5,+23.3,+23.2,+25,FULL,0,0,+0,+0,+0.0159,+0,+0.0376,+0,+0,+0,17:59:01 24.03.2020
6155,+23.8,+26.3,+23.8,+23.7,+23.8,+23.5,+23.2,+23.5,+23.3,+23.2,+25,MANU,0,0,+0,+0,+0.0159,+0,+0.0376,+0,+0,+0,18:00:01 24.03.2020
6156,+23.8,+26.3,+23.8,+23.7,+23.8,+23.5,+23.2,+23.5,+23.3,+23.2,+25,MANU,0,0,+0,+0,+0.0159,+0,+0.0376,+0,+0,+0,18:01:01 24.03.2020
6157,+23.8,+26.3,+23.8,+23.7,+23.7,+23.5,+23.2,+23.5,+23.3,+23.2,+25,MANU,0,0,+0,+0,+0.0159,+0,+0.0376,+0,+0,+0,18:02:01 24.03.2020
6158,+23.8,+26.4,+23.8,+23.7,+23.7,+23.5,+23.2,+23.5,+23.3,+23.2,+25,MANU,0,0,+0,+0,+0.0159,+0,+0.0376,+0,+0,+0,18:03:01 24.03.2020
6159,+23.8,+26.5,+23.8,+23.6,+23.7,+23.5,+23.2,+23.5,+23.3,+23.2,+25,MANU,0,0,+0,+0,+0.0159,+0,+0.0376,+0,+0,+0,18:04:01 24.03.2020
6160,+23.8,+26.5,+23.8,+23.6,+23.7,+23.5,+23.2,+23.5,+23.3,+23.2,+25,MANU,0,0,+0,+0,+0.0159,+0,+0.0376,+0,+0,+0,18:05:01 24.03.2020
6161,+23.8,+26.6,+23.8,+23.6,+23.7,+23.5,+23.2,+23.5,+23.3,+23.2,+25,MANU,0,0,+0,+0,+0.0159,+0,+0.0376,+0,+0,+0,18:06:01 24.03.2020
6162,+23.8,+26.6,+23.8,+23.6,+23.7,+23.5,+23.2,+23.5,+23.3,+23.2,+25,MANU,0,0,+0,+0,+0.0159,+0,+0.0376,+0,+0,+0,18:07:01 24.03.2020
6163,+23.8,+26.7,+23.8,+23.6,+23.7,+23.5,+23.2,+23.5,+23.3,+23.2,+25,MANU,0,0,+0,+0,+0.0159,+0,+0.0376,+0,+0,+0,18:08:01 24.03.2020
6164,+23.8,+26.7,+23.8,+23.6,+23.7,+23.5,+23.2,+23.5,+23.3,+23.2,+25,MANU,0,0,+0,+0,+0.0159,+0,+0.0376,+0,+0,+0,18:09:01 24.03.2020
6165,+23.8,+26.7,+23.8,+23.6,+23.7,+23.5,+23.2,+23.5,+23.3,+23.2,+25,MANU,0,0,+0,+0,+0.0159,+0,+0.0376,+0,+0,+0,18:10:01 24.03.2020
6166,+23.8,+26.8,+23.8,+23.6,+23.7,+23.5,+23.2,+23.5,+23.3,+23.2,+25,MANU,0,0,+0,+0,+0.0159,+0,+0.0376,+0,+0,+0,18:11:01 24.03.2020
6167,+23.8,+26.8,+23.8,+23.6,+23.7,+23.5,+23.2,+23.5,+23.3,+23.2,+25,MANU,0,0,+0,+0,+0.0159,+0,+0.0376,+0,+0,+0,18:12:01 24.03.2020
6168,+23.8,+26.8,+23.8,+23.6,+23.7,+23.5,+23.2,+23.5,+23.3,+23.2,+25,MANU,0,0,+0,+0,+0.0159,+0,+0.0376,+0,+0,+0,18:13:01 24.03.2020
6169,+23.8,+26.9,+23.8,+23.6,+23.7,+23.5,+23.2,+23.5,+23.3,+23.2,+25,MANU,0,0,+0,+0,+0.0159,+0,+0.0376,+0,+0,+0,18:14:01 24.03.2020
6170,+23.8,+26.9,+23.7,+23.6,+23.7,+23.5,+23.2,+23.5,+23.3,+23.2,+25,MANU,0,0,+0,+0,+0.0159,+0,+0.0376,+0,+0,+0,18:15:01 24.03.2020
6171,+23.8,+26.9,+23.8,+23.6,+23.6,+23.5,+23.2,+23.5,+23.3,+23.2,+25,MANU,0,0,+0,+0,+0.0159,+0,+0.0376,+0,+0,+0,18:16:01 24.03.2020
6172,+23.8,+26.9,+23.8,+23.6,+23.6,+23.5,+23.2,+23.5,+23.3,+23.2,+25,MANU,0,0,+0,+0,+0.0159,+0,+0.0376,+0,+0,+0,18:17:01 24.03.2020
6173,+23.8,+26.9,+23.7,+23.6,+23.6,+23.5,+23.2,+23.5,+23.3,+23.2,+25,MANU,0,0,+0,+0,+0.0159,+0,+0.0376,+0,+0,+0,18:18:01 24.03.2020
6174,+23.8,+26.9,+23.8,+23.6,+23.6,+23.5,+23.2,+23.5,+23.3,+23.2,+25,MANU,0,0,+0,+0,+0.0159,+0,+0.0375,+0,+0,+0,18:19:01 24.03.2020
6175,+23.8,+26.9,+23.7,+23.6,+23.6,+23.5,+23.2,+23.5,+23.3,+23.2,+25,MANU,0,0,+0,+0,+0.0159,+0,+0.0374,+0,+0,+0,18:20:01 24.03.2020
6176,+23.8,+26.9,+23.7,+23.6,+23.6,+23.5,+23.2,+23.5,+23.3,+23.2,+25,MANU,0,0,+0,+0,+0.0159,+0,+0.0374,+0,+0,+0,18:21:01 24.03.2020
6177,+23.8,+26.9,+23.7,+23.6,+23.6,+23.5,+23.2,+23.5,+23.3,+23.2,+25,MANU,0,0,+0,+0,+0.0159,+0,+0.0374,+0,+0,+0,18:22:01 24.03.2020
6178,+23.8,+26.9,+23.7,+23.6,+23.6,+23.5,+23.2,+23.5,+23.3,+23.2,+25,MANU,0,0,+0,+0,+0.0159,+0,+0.0374,+0,+0,+0,18:23:01 24.03.2020
6179,+23.8,+26.9,+23.7,+23.6,+23.6,+23.5,+23.2,+23.5,+23.3,+23.2,+25,MANU,0,0,+0,+0,+0.0159,+0,+0.0374,+0,+0,+0,18:24:01 24.03.2020
6180,+23.8,+26.8,+23.7,+23.6,+23.6,+23.5,+23.2,+23.5,+23.3,+23.2,+25,MANU,0,0,+0,+0,+0.0159,+0,+0.0374,+0,+0,+0,18:25:01 24.03.2020
6181,+23.8,+26.8,+23.7,+23.6,+23.6,+23.5,+23.2,+23.5,+23.3,+23.2,+25,MANU,0,0,+0,+0,+0.0159,+0,+0.0374,+0,+0,+0,18:26:01 24.03.2020
6182,+23.8,+26.8,+23.7,+23.6,+23.6,+23.5,+23.2,+23.5,+23.3,+23.2,+25,MANU,0,0,+0,+0,+0.0159,+0,+0.0374,+0,+0,+0,18:27:01 24.03.2020
6183,+23.8,+26.8,+23.7,+23.5,+23.6,+23.5,+23.2,+23.5,+23.3,+23.2,+25,MANU,0,0,+0,+0,+0.0159,+0,+0.0376,+0,+0,+0,18:28:01 24.03.2020
6184,+23.8,+26.8,+23.7,+23.5,+23.6,+23.5,+23.2,+23.5,+23.3,+23.2,+25,MANU,0,0,+0,+0,+0.0159,+0,+0.0374,+0,+0,+0,18:29:01 24.03.2020
6185,+23.8,+26.7,+23.7,+23.5,+23.6,+23.5,+23.2,+23.5,+23.3,+23.2,+25,MANU,0,0,+0,+0,+0.0159,+0,+0.0374,+0,+0,+0,18:30:01 24.03.2020
6186,+23.8,+26.4,+23.7,+23.5,+23.6,+23.5,+23.2,+23.5,+23.3,+23.2,+25,MANU,0,0,+0,+0,+0.0159,+0,+0.0374,+0,+0,+0,18:31:01 24.03.2020
6187,+23.8,+26.3,+23.7,+23.5,+23.6,+23.5,+23.2,+23.5,+23.3,+23.2,+25,MANU,0,0,+0,+0,+0.0159,+0,+0.0376,+0,+0,+0,18:32:01 24.03.2020
6188,+23.8,+26.3,+23.7,+23.5,+23.6,+23.5,+23.2,+23.5,+23.3,+23.2,+25,MANU,0,0,+0,+0,+0.0159,+0,+0.0374,+0,+0,+0,18:33:01 24.03.2020
6189,+23.8,+26.3,+23.7,+23.5,+23.6,+23.5,+23.2,+23.5,+23.3,+23.2,+25,MANU,0,0,+0,+0,+0.0159,+0,+0.0374,+0,+0,+0,18:34:01 24.03.2020
6190,+23.8,+26.3,+23.7,+23.5,+23.6,+23.5,+23.2,+23.5,+23.3,+23.2,+25,MANU,0,0,+0,+0,+0.0159,+0,+0.0376,+0,+0,+0,18:35:01 24.03.2020
6191,+23.8,+26.3,+23.7,+23.5,+23.6,+23.5,+23.2,+23.5,+23.3,+23.2,+25,MANU,0,0,+0,+0,+0.0159,+0,+0.0374,+0,+0,+0,18:36:01 24.03.2020
6192,+23.8,+26.3,+23.7,+23.5,+23.6,+23.5,+23.2,+23.5,+23.3,+23.2,+25,MANU,0,0,+0,+0,+0.0159,+0,+0.0374,+0,+0,+0,18:37:01 24.03.2020
6193,+23.8,+26.3,+23.7,+23.5,+23.6,+23.5,+23.2,+23.5,+23.3,+23.2,+25,MANU,0,0,+0,+0,+0.0159,+0,+0.0374,+0,+0,+0,18:38:01 24.03.2020
6194,+23.8,+26.3,+23.7,+23.5,+23.6,+23.5,+23.2,+23.5,+23.3,+23.2,+25,MANU,0,0,+0,+0,+0.0159,+0,+0.0374,+0,+0,+0,18:39:01 24.03.2020
6195,+23.9,+26.2,+23.7,+23.5,+23.6,+23.5,+23.2,+23.5,+23.3,+23.2,+25,MANU,0,0,+0,+0,+0.0159,+0,+0.0374,+0,+0,+0,18:40:01 24.03.2020
6196,+23.9,+26.2,+23.7,+23.5,+23.5,+23.5,+23.2,+23.5,+23.3,+23.2,+25,MANU,0,0,+0,+0,+0.0159,+0,+0.0374,+0,+0,+0,18:41:01 24.03.2020
6197,+23.9,+26.2,+23.7,+23.5,+23.6,+23.5,+23.2,+23.5,+23.3,+23.2,+25,MANU,0,0,+0,+0,+0.0159,+0,+0.0374,+0,+0,+0,18:42:01 24.03.2020
6198,+23.8,+26.2,+23.7,+23.5,+23.5,+23.5,+23.2,+23.5,+23.3,+23.2,+25,MANU,0,0,+0,+0,+0.0159,+0,+0.0374,+0,+0,+0,18:43:01 24.03.2020
6199,+23.8,+26.2,+23.7,+23.5,+23.5,+23.5,+23.2,+23.5,+23.3,+23.2,+25,MANU,0,0,+0,+0,+0.0159,+0,+0.0374,+0,+0,+0,18:44:01 24.03.2020
6200,+23.8,+26.2,+23.7,+23.5,+23.5,+23.5,+23.2,+23.5,+23.3,+23.2,+25,MANU,0,0,+0,+0,+0.0159,+0,+0.0374,+0,+0,+0,18:45:01 24.03.2020
6201,+23.8,+26.2,+23.7,+23.5,+23.5,+23.5,+23.2,+23.5,+23.3,+23.2,+25,MANU,0,0,+0,+0,+0.0159,+0,+0.0374,+0,+0,+0,18:46:01 24.03.2020
6202,+23.8,+26.2,+23.7,+23.5,+23.5,+23.5,+23.2,+23.5,+23.3,+23.2,+25,MANU,0,0,+0,+0,+0.0159,+0,+0.0374,+0,+0,+0,18:47:01 24.03.2020
6203,+23.8,+26.2,+23.7,+23.5,+23.5,+23.5,+23.2,+23.5,+23.3,+23.2,+25,MANU,0,0,+0,+0,+0.0159,+0,+0.0374,+0,+0,+0,18:48:01 24.03.2020
6204,+23.8,+26.1,+23.7,+23.5,+23.5,+23.5,+23.2,+23.5,+23.3,+23.2,+25,MANU,0,0,+0,+0,+0.0159,+0,+0.0374,+0,+0,+0,18:49:01 24.03.2020
6205,+23.8,+26.1,+23.7,+23.5,+23.5,+23.5,+23.2,+23.5,+23.3,+23.2,+25,MANU,0,0,+0,+0,+0.0159,+0,+0.0374,+0,+0,+0,18:50:01 24.03.2020
6206,+23.8,+26.1,+23.7,+23.5,+23.5,+23.5,+23.2,+23.5,+23.3,+23.2,+25,MANU,0,0,+0,+0,+0.0159,+0,+0.0374,+0,+0,+0,18:51:01 24.03.2020
6207,+23.8,+26.1,+23.7,+23.5,+23.5,+23.5,+23.2,+23.5,+23.3,+23.2,+25,MANU,0,0,+0,+0,+0.0159,+0,+0.0374,+0,+0,+0,18:52:01 24.03.2020
6208,+23.8,+26.1,+23.7,+23.5,+23.5,+23.5,+23.2,+23.5,+23.3,+23.2,+25,MANU,0,0,+0,+0,+0.0159,+0,+0.0374,+0,+0,+0,18:53:01 24.03.2020
6209,+23.8,+26.1,+23.7,+23.5,+23.5,+23.5,+23.2,+23.5,+23.3,+23.2,+25,MANU,0,0,+0,+0,+0.0159,+0,+0.0374,+0,+0,+0,18:54:01 24.03.2020
6210,+23.8,+26.1,+23.7,+23.5,+23.5,+23.5,+23.2,+23.5,+23.3,+23.2,+25,MANU,0,0,+0,+0,+0.0159,+0,+0.0374,+0,+0,+0,18:55:01 24.03.2020
6211,+23.8,+26.1,+23.7,+23.4,+23.5,+23.5,+23.2,+23.5,+23.3,+23.2,+25,MANU,0,0,+0,+0,+0.0159,+0,+0.0374,+0,+0,+0,18:56:01 24.03.2020
6212,+23.8,+26.1,+23.7,+23.4,+23.5,+23.5,+23.2,+23.5,+23.3,+23.2,+25,MANU,0,0,+0,+0,+0.0159,+0,+0.0374,+0,+0,+0,18:57:01 24.03.2020
6213,+23.9,+26.1,+23.7,+23.4,+23.5,+23.5,+23.2,+23.5,+23.3,+23.1,+25,MANU,0,0,+0,+0,+0.0159,+0,+0.0374,+0,+0,+0,18:58:01 24.03.2020
6214,+23.9,+26.1,+23.6,+23.4,+23.5,+23.5,+23.2,+23.5,+23.3,+23.2,+25,MANU,0,0,+0,+0,+0.0159,+0,+0.0374,+0,+0,+0,18:59:01 24.03.2020
6215,+23.9,+26.1,+23.6,+23.4,+23.5,+23.5,+23.2,+23.5,+23.3,+23.1,+25,MANU,0,0,+0,+0,+0.0159,+0,+0.0374,+0,+0,+0,19:00:01 24.03.2020
6216,+23.9,+26.1,+23.6,+23.4,+23.5,+23.5,+23.2,+23.5,+23.3,+23.1,+25,MANU,0,0,+0,+0,+0.0159,+0,+0.0374,+0,+0,+0,19:01:01 24.03.2020
6217,+23.9,+26,+23.6,+23.4,+23.5,+23.5,+23.2,+23.5,+23.3,+23.2,+25,MANU,0,0,+0,+0,+0.0159,+0,+0.0374,+0,+0,+0,19:02:01 24.03.2020
6218,+23.9,+26,+23.6,+23.4,+23.5,+23.5,+23.2,+23.5,+23.3,+23.1,+25,MANU,0,0,+0,+0,+0.0159,+0,+0.0374,+0,+0,+0,19:03:01 24.03.2020
6219,+23.9,+26,+23.6,+23.4,+23.5,+23.5,+23.2,+23.5,+23.3,+23.2,+25,MANU,0,0,+0,+0,+0.0159,+0,+0.0374,+0,+0,+0,19:04:01 24.03.2020
6220,+23.9,+26,+23.6,+23.4,+23.4,+23.5,+23.2,+23.5,+23.3,+23.1,+25,MANU,0,0,+0,+0,+0.0159,+0,+0.0374,+0,+0,+0,19:05:01 24.03.2020
6221,+23.9,+26,+23.6,+23.4,+23.5,+23.5,+23.2,+23.5,+23.3,+23.2,+25,MANU,0,0,+0,+0,+0.0159,+0,+0.0374,+0,+0,+0,19:06:01 24.03.2020
6222,+23.9,+26,+23.6,+23.4,+23.4,+23.5,+23.2,+23.5,+23.3,+23.2,+25,MANU,0,0,+0,+0,+0.0159,+0,+0.0374,+0,+0,+0,19:07:01 24.03.2020
6223,+23.8,+26,+23.6,+23.4,+23.4,+23.5,+23.2,+23.5,+23.3,+23.1,+25,MANU,0,0,+0,+0,+0.0159,+0,+0.0374,+0,+0,+0,19:08:01 24.03.2020
6224,+23.9,+26,+23.6,+23.4,+23.4,+23.5,+23.2,+23.4,+23.3,+23.1,+25,MANU,0,0,+0,+0,+0.0159,+0,+0.0374,+0,+0,+0,19:09:01 24.03.2020
6225,+23.9,+26,+23.6,+23.4,+23.4,+23.5,+23.2,+23.5,+23.3,+23.1,+25,MANU,0,0,+0,+0,+0.0159,+0,+0.0374,+0,+0,+0,19:10:01 24.03.2020
6226,+23.9,+26,+23.6,+23.4,+23.4,+23.5,+23.2,+23.4,+23.3,+23.1,+25,MANU,0,0,+0,+0,+0.0159,+0,+0.0374,+0,+0,+0,19:11:01 24.03.2020
6227,+23.9,+26,+23.6,+23.4,+23.4,+23.5,+23.2,+23.4,+23.3,+23.1,+25,MANU,0,0,+0,+0,+0.0159,+0,+0.0374,+0,+0,+0,19:12:01 24.03.2020
6228,+23.9,+26,+23.6,+23.4,+23.4,+23.5,+23.2,+23.4,+23.3,+23.1,+25,MANU,0,0,+0,+0,+0.0159,+0,+0.0374,+0,+0,+0,19:13:01 24.03.2020
6229,+23.9,+25.9,+23.6,+23.4,+23.4,+23.5,+23.2,+23.4,+23.3,+23.1,+25,MANU,0,0,+0,+0,+0.0159,+0,+0.0374,+0,+0,+0,19:14:01 24.03.2020
6230,+23.9,+25.9,+23.6,+23.4,+23.4,+23.5,+23.2,+23.4,+23.3,+23.1,+25,MANU,0,0,+0,+0,+0.0159,+0,+0.0374,+0,+0,+0,19:15:01 24.03.2020
6231,+23.9,+25.9,+23.6,+23.4,+23.4,+23.5,+23.2,+23.4,+23.3,+23.1,+25,MANU,0,0,+0,+0,+0.0159,+0,+0.0374,+0,+0,+0,19:16:01 24.03.2020
6232,+23.9,+25.9,+23.6,+23.4,+23.4,+23.5,+23.2,+23.5,+23.3,+23.1,+25,MANU,0,0,+0,+0,+0.0159,+0,+0.0374,+0,+0,+0,19:17:01 24.03.2020
6233,+23.9,+25.9,+23.6,+23.4,+23.4,+23.5,+23.2,+23.4,+23.3,+23.1,+25,MANU,0,0,+0,+0,+0.0159,+0,+0.0374,+0,+0,+0,19:18:01 24.03.2020
6234,+23.9,+25.8,+23.6,+23.4,+23.4,+23.5,+23.2,+23.4,+23.3,+23.1,+25,MANU,0,0,+0,+0,+0.0159,+0,+0.0374,+0,+0,+0,19:19:01 24.03.2020
6235,+23.9,+25.8,+23.6,+23.4,+23.4,+23.5,+23.2,+23.5,+23.3,+23.1,+25,MANU,0,0,+0,+0,+0.0159,+0,+0.0374,+0,+0,+0,19:20:01 24.03.2020
6236,+23.9,+25.8,+23.6,+23.4,+23.4,+23.5,+23.2,+23.5,+23.3,+23.1,+25,MANU,0,0,+0,+0,+0.0159,+0,+0.0374,+0,+0,+0,19:21:01 24.03.2020
6237,+23.9,+25.7,+23.6,+23.4,+23.4,+23.5,+23.2,+23.4,+23.3,+23.1,+25,MANU,0,0,+0,+0,+0.0159,+0,+0.0374,+0,+0,+0,19:22:01 24.03.2020
6238,+23.9,+25.7,+23.6,+23.4,+23.4,+23.5,+23.2,+23.5,+23.3,+23.1,+25,MANU,0,0,+0,+0,+0.0159,+0,+0.0374,+0,+0,+0,19:23:01 24.03.2020
6239,+23.9,+25.7,+23.6,+23.4,+23.4,+23.5,+23.2,+23.5,+23.3,+23.1,+25,MANU,0,0,+0,+0,+0.0159,+0,+0.0374,+0,+0,+0,19:24:01 24.03.2020
6240,+23.9,+25.7,+23.6,+23.4,+23.4,+23.5,+23.2,+23.4,+23.3,+23.1,+25,MANU,0,0,+0,+0,+0.0159,+0,+0.0374,+0,+0,+0,19:25:01 24.03.2020
6241,+23.9,+25.6,+23.6,+23.4,+23.4,+23.5,+23.2,+23.4,+23.3,+23.1,+25,MANU,0,0,+0,+0,+0.0159,+0,+0.0374,+0,+0,+0,19:26:01 24.03.2020
6242,+23.9,+25.6,+23.6,+23.4,+23.4,+23.5,+23.2,+23.4,+23.3,+23.1,+25,MANU,0,0,+0,+0,+0.0159,+0,+0.0374,+0,+0,+0,19:27:01 24.03.2020
6243,+23.9,+25.6,+23.6,+23.4,+23.4,+23.5,+23.2,+23.4,+23.3,+23.1,+25,MANU,0,0,+0,+0,+0.0159,+0,+0.0374,+0,+0,+0,19:28:01 24.03.2020
6244,+23.9,+25.6,+23.6,+23.3,+23.4,+23.5,+23.2,+23.4,+23.3,+23.1,+25,MANU,0,0,+0,+0,+0.0159,+0,+0.0374,+0,+0,+0,19:29:01 24.03.2020
6245,+23.9,+25.5,+23.6,+23.3,+23.4,+23.5,+23.2,+23.4,+23.3,+23.1,+25,MANU,0,0,+0,+0,+0.0159,+0,+0.0374,+0,+0,+0,19:30:01 24.03.2020
6246,+23.9,+25.6,+23.6,+23.3,+23.4,+23.5,+23.2,+23.4,+23.3,+23.1,+25,MANU,0,0,+0,+0,+0.0159,+0,+0.0374,+0,+0,+0,19:31:01 24.03.2020
6247,+23.9,+25.4,+23.6,+23.3,+23.4,+23.5,+23.2,+23.4,+23.3,+23.1,+25,MANU,0,0,+0,+0,+0.0159,+0,+0.0374,+0,+0,+0,19:32:01 24.03.2020
6248,+23.9,+25.3,+23.6,+23.3,+23.4,+23.5,+23.2,+23.4,+23.3,+23.1,+25,MANU,0,0,+0,+0,+0.0159,+0,+0.0374,+0,+0,+0,19:33:01 24.03.2020
6249,+23.9,+25.2,+23.6,+23.3,+23.3,+23.5,+23.2,+23.4,+23.3,+23.1,+25,MANU,0,0,+0,+0,+0.0159,+0,+0.0374,+0,+0,+0,19:34:01 24.03.2020
6250,+23.9,+25.2,+23.6,+23.3,+23.4,+23.5,+23.2,+23.4,+23.3,+23.1,+25,MANU,0,0,+0,+0,+0.0159,+0,+0.0374,+0,+0,+0,19:35:01 24.03.2020
6251,+23.9,+25.1,+23.6,+23.3,+23.3,+23.5,+23.2,+23.4,+23.3,+23.1,+25,MANU,0,0,+0,+0,+0.0159,+0,+0.0374,+0,+0,+0,19:36:01 24.03.2020
6252,+23.9,+25.1,+23.6,+23.3,+23.3,+23.5,+23.2,+23.4,+23.3,+23.1,+25,MANU,0,0,+0,+0,+0.0159,+0,+0.0374,+0,+0,+0,19:37:01 24.03.2020
6253,+23.9,+25.1,+23.6,+23.3,+23.3,+23.5,+23.2,+23.4,+23.3,+23.1,+25,MANU,0,0,+0,+0,+0.0159,+0,+0.0374,+0,+0,+0,19:38:01 24.03.2020
6254,+23.9,+25.1,+23.6,+23.3,+23.3,+23.5,+23.2,+23.4,+23.3,+23.1,+25,MANU,0,0,+0,+0,+0.0159,+0,+0.0374,+0,+0,+0,19:39:01 24.03.2020
6255,+23.9,+25,+23.6,+23.3,+23.3,+23.5,+23.2,+23.4,+23.3,+23.1,+25,MANU,0,0,+0,+0,+0.0159,+0,+0.0374,+0,+0,+0,19:40:01 24.03.2020
6256,+23.9,+25,+23.6,+23.3,+23.3,+23.5,+23.2,+23.4,+23.3,+23.1,+25,MANU,0,0,+0,+0,+0.0159,+0,+0.0374,+0,+0,+0,19:41:01 24.03.2020
6257,+23.9,+24.9,+23.6,+23.3,+23.3,+23.5,+23.2,+23.4,+23.3,+23.1,+25,MANU,0,0,+0,+0,+0.0159,+0,+0.0374,+0,+0,+0,19:42:01 24.03.2020
6258,+23.9,+24.9,+23.6,+23.3,+23.3,+23.5,+23.2,+23.4,+23.3,+23.1,+25,MANU,0,0,+0,+0,+0.0159,+0,+0.0374,+0,+0,+0,19:43:01 24.03.2020
6259,+23.9,+24.9,+23.6,+23.3,+23.3,+23.5,+23.2,+23.4,+23.3,+23.1,+25,MANU,0,0,+0,+0,+0.0159,+0,+0.0374,+0,+0,+0,19:44:01 24.03.2020
6260,+23.9,+24.9,+23.6,+23.3,+23.3,+23.5,+23.2,+23.4,+23.3,+23.1,+25,MANU,0,0,+0,+0,+0.0159,+0,+0.0374,+0,+0,+0,19:45:01 24.03.2020
6261,+23.9,+24.8,+23.6,+23.3,+23.3,+23.5,+23.2,+23.4,+23.3,+23.1,+25,MANU,0,0,+0,+0,+0.0159,+0,+0.0374,+0,+0,+0,19:46:01 24.03.2020
6262,+23.9,+24.8,+23.6,+23.3,+23.3,+23.5,+23.2,+23.4,+23.3,+23.1,+25,MANU,0,0,+0,+0,+0.0159,+0,+0.0374,+0,+0,+0,19:47:01 24.03.2020
6263,+23.9,+24.8,+23.6,+23.3,+23.3,+23.5,+23.2,+23.4,+23.3,+23.1,+25,MANU,0,0,+0,+0,+0.0159,+0,+0.0374,+0,+0,+0,19:48:01 24.03.2020
6264,+23.9,+24.8,+23.6,+23.3,+23.3,+23.5,+23.2,+23.4,+23.3,+23.1,+25,MANU,0,0,+0,+0,+0.0159,+0,+0.0374,+0,+0,+0,19:49:01 24.03.2020
6265,+23.9,+24.7,+23.6,+23.3,+23.3,+23.5,+23.2,+23.4,+23.3,+23.1,+25,MANU,0,0,+0,+0,+0.0159,+0,+0.0374,+0,+0,+0,19:50:01 24.03.2020
6266,+23.9,+24.7,+23.6,+23.3,+23.3,+23.5,+23.2,+23.4,+23.3,+23.1,+25,MANU,0,0,+0,+0,+0.0159,+0,+0.0374,+0,+0,+0,19:51:01 24.03.2020
6267,+23.9,+24.7,+23.5,+23.3,+23.3,+23.5,+23.2,+23.4,+23.3,+23.1,+25,MANU,0,0,+0,+0,+0.0159,+0,+0.0374,+0,+0,+0,19:52:01 24.03.2020
6268,+23.9,+24.7,+23.5,+23.3,+23.3,+23.5,+23.2,+23.4,+23.3,+23.1,+25,MANU,0,0,+0,+0,+0.0159,+0,+0.0374,+0,+0,+0,19:53:01 24.03.2020
6269,+23.9,+24.6,+23.5,+23.3,+23.3,+23.5,+23.2,+23.4,+23.3,+23.1,+25,MANU,0,0,+0,+0,+0.0159,+0,+0.0374,+0,+0,+0,19:54:01 24.03.2020
6270,+23.9,+24.6,+23.5,+23.3,+23.3,+23.5,+23.2,+23.4,+23.3,+23.1,+25,MANU,0,0,+0,+0,+0.0159,+0,+0.0374,+0,+0,+0,19:55:01 24.03.2020
6271,+23.9,+24.6,+23.5,+23.3,+23.3,+23.5,+23.2,+23.4,+23.3,+23.1,+25,MANU,0,0,+0,+0,+0.0159,+0,+0.0374,+0,+0,+0,19:56:01 24.03.2020
6272,+23.9,+24.6,+23.5,+23.3,+23.3,+23.5,+23.2,+23.4,+23.3,+23.1,+25,MANU,0,0,+0,+0,+0.0159,+0,+0.0374,+0,+0,+0,19:57:01 24.03.2020
6273,+23.9,+24.6,+23.5,+23.3,+23.3,+23.5,+23.2,+23.4,+23.3,+23.1,+25,MANU,0,0,+0,+0,+0.0159,+0,+0.0374,+0,+0,+0,19:58:01 24.03.2020
6274,+23.9,+24.5,+23.5,+23.3,+23.3,+23.5,+23.2,+23.4,+23.3,+23.1,+25,MANU,0,0,+0,+0,+0.0159,+0,+0.0374,+0,+0,+0,19:59:01 24.03.2020
6275,+23.9,+24.5,+23.5,+23.3,+23.3,+23.5,+23.2,+23.4,+23.3,+23.1,+25,MANU,0,0,+0,+0,+0.0159,+0,+0.0374,+0,+0,+0,20:00:01 24.03.2020
6276,+23.9,+24.5,+23.5,+23.3,+23.3,+23.5,+23.2,+23.4,+23.3,+23.1,+25,MANU,0,0,+0,+0,+0.0159,+0,+0.0374,+0,+0,+0,20:01:01 24.03.2020
6277,+23.9,+24.5,+23.5,+23.3,+23.3,+23.5,+23.2,+23.4,+23.3,+23.1,+25,MANU,0,0,+0,+0,+0.0159,+0,+0.0374,+0,+0,+0,20:02:01 24.03.2020
6278,+23.9,+24.4,+23.5,+23.3,+23.3,+23.5,+23.2,+23.4,+23.3,+23.1,+25,MANU,0,0,+0,+0,+0.0159,+0,+0.0374,+0,+0,+0,20:03:01 24.03.2020
6279,+23.9,+24.4,+23.5,+23.3,+23.3,+23.5,+23.2,+23.4,+23.3,+23.1,+25,MANU,0,0,+0,+0,+0.0159,+0,+0.0374,+0,+0,+0,20:04:01 24.03.2020
6280,+23.9,+24.4,+23.5,+23.3,+23.3,+23.5,+23.2,+23.4,+23.3,+23.1,+25,MANU,0,0,+0,+0,+0.0159,+0,+0.0374,+0,+0,+0,20:05:01 24.03.2020
6281,+23.9,+24.4,+23.5,+23.3,+23.3,+23.5,+23.2,+23.4,+23.3,+23.1,+25,MANU,0,0,+0,+0,+0.0159,+0,+0.0374,+0,+0,+0,20:06:01 24.03.2020
6282,+23.9,+24.4,+23.5,+23.3,+23.3,+23.5,+23.2,+23.4,+23.3,+23.1,+25,MANU,0,0,+0,+0,+0.0159,+0,+0.0374,+0,+0,+0,20:07:01 24.03.2020
6283,+23.8,+24.3,+23.5,+23.3,+23.3,+23.5,+23.2,+23.4,+23.3,+23.1,+25,MANU,0,0,+0,+0,+0.0159,+0,+0.0374,+0,+0,+0,20:08:01 24.03.2020
6284,+23.8,+24.3,+23.5,+23.3,+23.3,+23.5,+23.2,+23.4,+23.3,+23.1,+25,MANU,0,0,+0,+0,+0.0159,+0,+0.0374,+0,+0,+0,20:09:01 24.03.2020
6285,+23.8,+24.3,+23.5,+23.2,+23.3,+23.5,+23.2,+23.4,+23.3,+23.1,+25,MANU,0,0,+0,+0,+0.0159,+0,+0.0374,+0,+0,+0,20:10:01 24.03.2020
6286,+23.8,+24.3,+23.5,+23.3,+23.3,+23.5,+23.2,+23.4,+23.3,+23.1,+25,MANU,0,0,+0,+0,+0.0159,+0,+0.0374,+0,+0,+0,20:11:01 24.03.2020
6287,+23.8,+24.3,+23.5,+23.3,+23.3,+23.5,+23.2,+23.4,+23.3,+23.1,+25,MANU,0,0,+0,+0,+0.0159,+0,+0.0374,+0,+0,+0,20:12:01 24.03.2020
6288,+23.8,+24.2,+23.5,+23.2,+23.3,+23.5,+23.2,+23.4,+23.3,+23.1,+25,MANU,0,0,+0,+0,+0.0159,+0,+0.0374,+0,+0,+0,20:13:01 24.03.2020
6289,+23.8,+24.2,+23.5,+23.2,+23.2,+23.5,+23.2,+23.4,+23.3,+23.1,+25,MANU,0,0,+0,+0,+0.0159,+0,+0.0374,+0,+0,+0,20:14:01 24.03.2020
6290,+23.8,+24.2,+23.5,+23.2,+23.2,+23.5,+23.2,+23.4,+23.3,+23.1,+25,MANU,0,0,+0,+0,+0.0159,+0,+0.0374,+0,+0,+0,20:15:01 24.03.2020
6291,+23.8,+24.2,+23.5,+23.2,+23.2,+23.5,+23.1,+23.4,+23.3,+23.1,+25,MANU,0,0,+0,+0,+0.0159,+0,+0.0374,+0,+0,+0,20:16:01 24.03.2020
6292,+23.8,+24.2,+23.5,+23.2,+23.2,+23.5,+23.1,+23.4,+23.3,+23.1,+25,MANU,0,0,+0,+0,+0.0159,+0,+0.0374,+0,+0,+0,20:17:01 24.03.2020
6293,+23.8,+24.1,+23.5,+23.2,+23.2,+23.5,+23.1,+23.4,+23.3,+23.1,+25,MANU,0,0,+0,+0,+0.0159,+0,+0.0374,+0,+0,+0,20:18:01 24.03.2020
6294,+23.8,+24.1,+23.5,+23.2,+23.2,+23.5,+23.1,+23.4,+23.3,+23.1,+25,MANU,0,0,+0,+0,+0.0159,+0,+0.0374,+0,+0,+0,20:19:01 24.03.2020
6295,+23.8,+24.1,+23.5,+23.2,+23.2,+23.5,+23.1,+23.4,+23.3,+23.1,+25,MANU,0,0,+0,+0,+0.0159,+0,+0.0374,+0,+0,+0,20:20:01 24.03.2020
6296,+23.8,+24.1,+23.5,+23.2,+23.2,+23.5,+23.1,+23.4,+23.3,+23.1,+25,MANU,0,0,+0,+0,+0.0159,+0,+0.0374,+0,+0,+0,20:21:01 24.03.2020
6297,+23.7,+24.1,+23.5,+23.2,+23.2,+23.5,+23.1,+23.4,+23.3,+23.1,+25,MANU,0,0,+0,+0,+0.0159,+0,+0.0374,+0,+0,+0,20:22:01 24.03.2020
6298,+23.7,+24.1,+23.5,+23.2,+23.2,+23.5,+23.1,+23.4,+23.3,+23.1,+25,MANU,0,0,+0,+0,+0.0159,+0,+0.0374,+0,+0,+0,20:23:01 24.03.2020
6299,+23.7,+24,+23.5,+23.2,+23.2,+23.5,+23.1,+23.4,+23.3,+23.1,+25,MANU,0,0,+0,+0,+0.0159,+0,+0.0374,+0,+0,+0,20:24:01 24.03.2020
6300,+23.7,+24,+23.5,+23.2,+23.2,+23.5,+23.1,+23.4,+23.3,+23.1,+25,MANU,0,0,+0,+0,+0.0159,+0,+0.0374,+0,+0,+0,20:25:01 24.03.2020
6301,+23.7,+24,+23.5,+23.2,+23.2,+23.5,+23.1,+23.4,+23.3,+23.1,+25,MANU,0,0,+0,+0,+0.0159,+0,+0.0374,+0,+0,+0,20:26:01 24.03.2020
6302,+23.7,+24,+23.5,+23.2,+23.2,+23.5,+23.1,+23.4,+23.3,+23.1,+25,MANU,0,0,+0,+0,+0.0159,+0,+0.0374,+0,+0,+0,20:27:01 24.03.2020
6303,+23.7,+23.9,+23.5,+23.2,+23.2,+23.5,+23.1,+23.4,+23.3,+23.1,+25,MANU,0,0,+0,+0,+0.0159,+0,+0.0374,+0,+0,+0,20:28:01 24.03.2020
6304,+23.7,+23.9,+23.5,+23.2,+23.2,+23.5,+23.1,+23.4,+23.3,+23.1,+25,MANU,0,0,+0,+0,+0.0159,+0,+0.0374,+0,+0,+0,20:29:01 24.03.2020
6305,+23.6,+23.9,+23.5,+23.2,+23.2,+23.5,+23.1,+23.4,+23.3,+23.1,+25,MANU,0,0,+0,+0,+0.0159,+0,+0.0374,+0,+0,+0,20:30:01 24.03.2020
6306,+23.6,+24.1,+23.4,+23.2,+23.2,+23.5,+23.1,+23.4,+23.3,+23.1,+25,MANU,0,0,+0,+0,+0.0159,+0,+0.0374,+0,+0,+0,20:31:01 24.03.2020
6307,+23.6,+24,+23.4,+23.2,+23.2,+23.5,+23.1,+23.4,+23.2,+23,+25,MANU,0,0,+0,+0,+0.0159,+0,+0.0374,+0,+0,+0,20:32:01 24.03.2020
6308,+23.6,+23.8,+23.4,+23.2,+23.2,+23.5,+23.1,+23.4,+23.2,+23,+25,MANU,0,0,+0,+0,+0.0159,+0,+0.0374,+0,+0,+0,20:33:01 24.03.2020
6309,+23.6,+23.8,+23.4,+23.2,+23.2,+23.5,+23.1,+23.4,+23.2,+23,+25,MANU,0,0,+0,+0,+0.0159,+0,+0.0374,+0,+0,+0,20:34:01 24.03.2020
6310,+23.6,+23.8,+23.4,+23.2,+23.2,+23.5,+23.1,+23.4,+23.2,+23,+25,MANU,0,0,+0,+0,+0.0159,+0,+0.0374,+0,+0,+0,20:35:01 24.03.2020
6311,+23.6,+23.7,+23.4,+23.2,+23.2,+23.5,+23.1,+23.4,+23.2,+23,+25,MANU,0,0,+0,+0,+0.0159,+0,+0.0374,+0,+0,+0,20:36:01 24.03.2020
6312,+23.6,+23.6,+23.4,+23.2,+23.2,+23.5,+23.1,+23.4,+23.2,+23,+25,MANU,0,0,+0,+0,+0.0159,+0,+0.0374,+0,+0,+0,20:37:01 24.03.2020
6313,+23.6,+23.6,+23.4,+23.2,+23.2,+23.5,+23.1,+23.4,+23.2,+23,+25,MANU,0,0,+0,+0,+0.0159,+0,+0.0374,+0,+0,+0,20:38:01 24.03.2020
6314,+23.6,+23.6,+23.4,+23.2,+23.2,+23.5,+23.1,+23.4,+23.2,+23,+25,MANU,0,0,+0,+0,+0.0159,+0,+0.0374,+0,+0,+0,20:39:01 24.03.2020
6315,+23.6,+23.6,+23.4,+23.2,+23.2,+23.5,+23.1,+23.3,+23.2,+23,+25,MANU,0,0,+0,+0,+0.0158,+0,+0.0374,+0,+0,+0,20:40:01 24.03.2020
6316,+23.6,+23.5,+23.4,+23.2,+23.2,+23.5,+23.1,+23.3,+23.2,+23,+25,MANU,0,0,+0,+0,+0.0158,+0,+0.0374,+0,+0,+0,20:41:01 24.03.2020
6317,+23.5,+23.5,+23.4,+23.2,+23.2,+23.5,+23.1,+23.3,+23.2,+23,+25,MANU,0,0,+0,+0,+0.0158,+0,+0.0374,+0,+0,+0,20:42:01 24.03.2020
6318,+23.5,+23.5,+23.4,+23.2,+23.2,+23.5,+23.1,+23.3,+23.2,+23,+25,MANU,0,0,+0,+0,+0.0158,+0,+0.0374,+0,+0,+0,20:43:01 24.03.2020
6319,+23.5,+23.4,+23.4,+23.2,+23.2,+23.5,+23.1,+23.3,+23.2,+23,+25,MANU,0,0,+0,+0,+0.0158,+0,+0.0374,+0,+0,+0,20:44:01 24.03.2020
6320,+23.5,+23.4,+23.4,+23.2,+23.2,+23.5,+23.1,+23.3,+23.2,+23,+25,MANU,0,0,+0,+0,+0.0158,+0,+0.0374,+0,+0,+0,20:45:01 24.03.2020
6321,+23.5,+23.4,+23.4,+23.2,+23.1,+23.5,+23.1,+23.3,+23.2,+23,+25,MANU,0,0,+0,+0,+0.0158,+0,+0.0374,+0,+0,+0,20:46:01 24.03.2020
6322,+23.5,+23.4,+23.4,+23.1,+23.1,+23.5,+23.1,+23.3,+23.2,+23,+25,MANU,0,0,+0,+0,+0.0158,+0,+0.0374,+0,+0,+0,20:47:01 24.03.2020
6323,+23.5,+23.4,+23.4,+23.1,+23.1,+23.5,+23.1,+23.3,+23.2,+23,+25,MANU,0,0,+0,+0,+0.0158,+0,+0.0374,+0,+0,+0,20:48:01 24.03.2020
6324,+23.5,+23.3,+23.4,+23.1,+23.1,+23.5,+23.1,+23.3,+23.2,+23,+25,MANU,0,0,+0,+0,+0.0158,+0,+0.0374,+0,+0,+0,20:49:01 24.03.2020
6325,+23.5,+23.3,+23.4,+23.1,+23.1,+23.5,+23.1,+23.3,+23.2,+23,+25,MANU,0,0,+0,+0,+0.0158,+0,+0.0374,+0,+0,+0,20:50:01 24.03.2020
6326,+23.5,+23.3,+23.4,+23.1,+23.1,+23.5,+23.1,+23.3,+23.2,+23,+25,MANU,0,0,+0,+0,+0.0158,+0,+0.0374,+0,+0,+0,20:51:01 24.03.2020
6327,+23.4,+23.3,+23.4,+23.1,+23.1,+23.5,+23.1,+23.3,+23.2,+23,+25,MANU,0,0,+0,+0,+0.0158,+0,+0.0374,+0,+0,+0,20:52:01 24.03.2020
6328,+23.4,+23.3,+23.4,+23.1,+23.1,+23.5,+23.1,+23.3,+23.2,+23,+25,MANU,0,0,+0,+0,+0.0158,+0,+0.0374,+0,+0,+0,20:53:01 24.03.2020
6329,+23.4,+23.3,+23.4,+23.1,+23.1,+23.5,+23.1,+23.3,+23.2,+23,+25,MANU,0,0,+0,+0,+0.0158,+0,+0.0374,+0,+0,+0,20:54:01 24.03.2020
6330,+23.4,+23.2,+23.4,+23.1,+23.1,+23.5,+23.1,+23.3,+23.2,+23,+25,MANU,0,0,+0,+0,+0.0158,+0,+0.0374,+0,+0,+0,20:55:01 24.03.2020
6331,+23.4,+23.2,+23.4,+23.1,+23.1,+23.5,+23.1,+23.3,+23.2,+23,+25,MANU,0,0,+0,+0,+0.0158,+0,+0.0374,+0,+0,+0,20:56:01 24.03.2020
6332,+23.4,+23.2,+23.4,+23.1,+23.1,+23.5,+23.1,+23.3,+23.2,+23,+25,MANU,0,0,+0,+0,+0.0158,+0,+0.0374,+0,+0,+0,20:57:01 24.03.2020
6333,+23.4,+23.2,+23.4,+23.1,+23.1,+23.5,+23.1,+23.3,+23.2,+23,+25,MANU,0,0,+0,+0,+0.0158,+0,+0.0374,+0,+0,+0,20:58:01 24.03.2020
6334,+23.3,+23.2,+23.4,+23.1,+23.1,+23.5,+23.1,+23.3,+23.2,+23,+25,MANU,0,0,+0,+0,+0.0158,+0,+0.0374,+0,+0,+0,20:59:01 24.03.2020
6335,+23.3,+23.2,+23.4,+23.1,+23.1,+23.5,+23.1,+23.3,+23.2,+23,+25,MANU,0,0,+0,+0,+0.0158,+0,+0.0374,+0,+0,+0,21:00:01 24.03.2020
6336,+23.3,+23.1,+23.4,+23.1,+23.1,+23.5,+23,+23.3,+23.2,+23,+25,MANU,0,0,+0,+0,+0.0158,+0,+0.0374,+0,+0,+0,21:01:01 24.03.2020
6337,+23.3,+23.1,+23.4,+23.1,+23.1,+23.5,+23,+23.3,+23.2,+23,+25,MANU,0,0,+0,+0,+0.0158,+0,+0.0374,+0,+0,+0,21:02:01 24.03.2020
6338,+23.3,+23.1,+23.4,+23.1,+23.1,+23.5,+23,+23.3,+23.2,+23,+25,MANU,0,0,+0,+0,+0.0158,+0,+0.0374,+0,+0,+0,21:03:01 24.03.2020
6339,+23.3,+23.1,+23.4,+23.1,+23.1,+23.5,+23,+23.3,+23.2,+23,+25,MANU,0,0,+0,+0,+0.0158,+0,+0.0374,+0,+0,+0,21:04:01 24.03.2020
6340,+23.3,+23.1,+23.4,+23.1,+23.1,+23.5,+23,+23.3,+23.2,+23,+25,MANU,0,0,+0,+0,+0.0158,+0,+0.0374,+0,+0,+0,21:05:01 24.03.2020
6341,+23.3,+23,+23.4,+23.1,+23.1,+23.5,+23,+23.3,+23.2,+23,+25,MANU,0,0,+0,+0,+0.0158,+0,+0.0374,+0,+0,+0,21:06:01 24.03.2020
6342,+23.3,+23,+23.4,+23.1,+23.1,+23.5,+23,+23.3,+23.2,+23,+25,MANU,0,0,+0,+0,+0.0158,+0,+0.0374,+0,+0,+0,21:07:01 24.03.2020
6343,+23.3,+23,+23.4,+23.1,+23.1,+23.5,+23,+23.3,+23.2,+23,+25,MANU,0,0,+0,+0,+0.0158,+0,+0.0374,+0,+0,+0,21:08:01 24.03.2020
6344,+23.3,+23,+23.3,+23.1,+23.1,+23.5,+23,+23.3,+23.2,+23,+25,MANU,0,0,+0,+0,+0.0158,+0,+0.0374,+0,+0,+0,21:09:01 24.03.2020
6345,+23.3,+23,+23.3,+23.1,+23.1,+23.5,+23,+23.3,+23.2,+23,+25,MANU,0,0,+0,+0,+0.0158,+0,+0.0374,+0,+0,+0,21:10:01 24.03.2020
6346,+23.2,+23,+23.3,+23.1,+23.1,+23.5,+23,+23.3,+23.2,+23,+25,MANU,0,0,+0,+0,+0.0158,+0,+0.0374,+0,+0,+0,21:11:01 24.03.2020
6347,+23.2,+23,+23.3,+23.1,+23.1,+23.5,+23,+23.3,+23.2,+23,+25,MANU,0,0,+0,+0,+0.0158,+0,+0.0374,+0,+0,+0,21:12:01 24.03.2020
6348,+23.2,+23,+23.3,+23.1,+23.1,+23.5,+23,+23.3,+23.2,+23,+25,MANU,0,0,+0,+0,+0.0158,+0,+0.0374,+0,+0,+0,21:13:01 24.03.2020
6349,+23.2,+22.9,+23.3,+23.1,+23.1,+23.5,+23,+23.3,+23.2,+23,+25,MANU,0,0,+0,+0,+0.0158,+0,+0.0374,+0,+0,+0,21:14:01 24.03.2020
6350,+23.2,+22.9,+23.3,+23.1,+23.1,+23.5,+23,+23.3,+23.2,+23,+25,MANU,0,0,+0,+0,+0.0158,+0,+0.0374,+0,+0,+0,21:15:01 24.03.2020
6351,+23.2,+22.9,+23.3,+23.1,+23.1,+23.5,+23,+23.3,+23.2,+23,+25,MANU,0,0,+0,+0,+0.0158,+0,+0.0374,+0,+0,+0,21:16:01 24.03.2020
6352,+23.2,+22.9,+23.3,+23.1,+23.1,+23.5,+23,+23.3,+23.2,+23,+25,MANU,0,0,+0,+0,+0.0158,+0,+0.0374,+0,+0,+0,21:17:01 24.03.2020
6353,+23.1,+22.9,+23.3,+23.1,+23.1,+23.5,+23,+23.3,+23.2,+23,+25,MANU,0,0,+0,+0,+0.0158,+0,+0.0374,+0,+0,+0,21:18:01 24.03.2020
6354,+23.2,+22.8,+23.3,+23,+23.1,+23.5,+23,+23.3,+23.2,+23,+25,MANU,0,0,+0,+0,+0.0158,+0,+0.0374,+0,+0,+0,21:19:01 24.03.2020
6355,+23.1,+22.8,+23.3,+23.1,+23,+23.5,+23,+23.3,+23.1,+23,+25,MANU,0,0,+0,+0,+0.0158,+0,+0.0374,+0,+0,+0,21:20:01 24.03.2020
6356,+23.1,+22.8,+23.3,+23,+23,+23.5,+23,+23.3,+23.1,+23,+25,MANU,0,0,+0,+0,+0.0158,+0,+0.0374,+0,+0,+0,21:21:01 24.03.2020
6357,+23.1,+22.8,+23.3,+23,+23,+23.5,+23,+23.3,+23.1,+23,+25,MANU,0,0,+0,+0,+0.0158,+0,+0.0374,+0,+0,+0,21:22:01 24.03.2020
6358,+23.1,+22.8,+23.3,+23,+23,+23.5,+23,+23.3,+23.1,+23,+25,MANU,0,0,+0,+0,+0.0158,+0,+0.0374,+0,+0,+0,21:23:01 24.03.2020
6359,+23.1,+22.8,+23.3,+23,+23,+23.5,+23,+23.3,+23.1,+23,+25,MANU,0,0,+0,+0,+0.0158,+0,+0.0374,+0,+0,+0,21:24:01 24.03.2020
6360,+23.1,+22.8,+23.3,+23,+23,+23.5,+23,+23.3,+23.1,+23,+25,MANU,0,0,+0,+0,+0.0158,+0,+0.0374,+0,+0,+0,21:25:01 24.03.2020
6361,+23.1,+22.8,+23.3,+23,+23,+23.5,+23,+23.3,+23.1,+23,+25,MANU,0,0,+0,+0,+0.0158,+0,+0.0374,+0,+0,+0,21:26:01 24.03.2020
6362,+23.1,+22.7,+23.3,+23,+23,+23.5,+23,+23.3,+23.1,+23,+25,MANU,0,0,+0,+0,+0.0158,+0,+0.0374,+0,+0,+0,21:27:01 24.03.2020
6363,+23,+22.7,+23.3,+23,+23,+23.5,+23,+23.3,+23.1,+23,+25,MANU,0,0,+0,+0,+0.0158,+0,+0.0374,+0,+0,+0,21:28:01 24.03.2020
6364,+23,+22.7,+23.3,+23,+23,+23.5,+23,+23.3,+23.1,+23,+25,MANU,0,0,+0,+0,+0.0158,+0,+0.0374,+0,+0,+0,21:29:01 24.03.2020
6365,+23,+22.7,+23.3,+23,+23,+23.5,+23,+23.3,+23.1,+23,+25,MANU,0,0,+0,+0,+0.0158,+0,+0.0374,+0,+0,+0,21:30:01 24.03.2020
6366,+23,+22.9,+23.3,+23,+23,+23.5,+23,+23.3,+23.1,+23,+25,MANU,0,0,+0,+0,+0.0158,+0,+0.0374,+0,+0,+0,21:31:01 24.03.2020
6367,+23,+22.8,+23.3,+23,+23,+23.4,+23,+23.3,+23.1,+23,+25,MANU,0,0,+0,+0,+0.0158,+0,+0.0374,+0,+0,+0,21:32:01 24.03.2020
6368,+23,+22.8,+23.3,+23,+23,+23.5,+23,+23.3,+23.1,+23,+25,MANU,0,0,+0,+0,+0.0158,+0,+0.0373,+0,+0,+0,21:33:01 24.03.2020
6369,+23,+22.7,+23.3,+23,+23,+23.5,+23,+23.3,+23.1,+23,+25,MANU,0,0,+0,+0,+0.0158,+0,+0.0374,+0,+0,+0,21:34:01 24.03.2020
6370,+23,+22.6,+23.3,+23,+23,+23.5,+23,+23.3,+23.1,+23,+25,MANU,0,0,+0,+0,+0.0157,+0,+0.0374,+0,+0,+0,21:35:01 24.03.2020
6371,+23,+22.6,+23.3,+23,+23,+23.5,+23,+23.3,+23.1,+22.9,+25,MANU,0,0,+0,+0,+0.0158,+0,+0.0374,+0,+0,+0,21:36:01 24.03.2020
6372,+23,+22.5,+23.3,+23,+23,+23.5,+23,+23.3,+23.1,+23,+25,MANU,0,0,+0,+0,+0.0158,+0,+0.0374,+0,+0,+0,21:37:01 24.03.2020
6373,+23,+22.5,+23.3,+23,+23,+23.5,+23,+23.2,+23.1,+23,+25,MANU,0,0,+0,+0,+0.0157,+0,+0.0374,+0,+0,+0,21:38:01 24.03.2020
6374,+23,+22.5,+23.3,+23,+23,+23.4,+23,+23.2,+23.1,+23,+25,MANU,0,0,+0,+0,+0.0157,+0,+0.0374,+0,+0,+0,21:39:01 24.03.2020
6375,+23,+22.5,+23.3,+23,+23,+23.4,+22.9,+23.2,+23.1,+22.9,+25,MANU,0,0,+0,+0,+0.0157,+0,+0.0374,+0,+0,+0,21:40:01 24.03.2020
6376,+23,+22.4,+23.3,+23,+23,+23.4,+22.9,+23.2,+23.1,+22.9,+25,MANU,0,0,+0,+0,+0.0157,+0,+0.0374,+0,+0,+0,21:41:01 24.03.2020
6377,+23,+22.4,+23.3,+23,+23,+23.4,+22.9,+23.2,+23.1,+22.9,+25,MANU,0,0,+0,+0,+0.0157,+0,+0.0372,+0,+0,+0,21:42:01 24.03.2020
6378,+23,+22.4,+23.3,+23,+23,+23.4,+22.9,+23.2,+23.1,+22.9,+25,MANU,0,0,+0,+0,+0.0157,+0,+0.0372,+0,+0,+0,21:43:01 24.03.2020
6379,+23,+22.4,+23.3,+23,+23,+23.3,+22.9,+23.2,+23.1,+22.9,+25,MANU,0,0,+0,+0,+0.0157,+0,+0.0372,+0,+0,+0,21:44:01 24.03.2020
6380,+23,+22.4,+23.3,+23,+23,+23.3,+22.9,+23.2,+23.1,+22.9,+25,MANU,0,0,+0,+0,+0.0157,+0,+0.0372,+0,+0,+0,21:45:01 24.03.2020
6381,+23,+22.3,+23.3,+23,+23,+23.3,+22.9,+23.2,+23.1,+22.9,+25,MANU,0,0,+0,+0,+0.0157,+0,+0.0372,+0,+0,+0,21:46:01 24.03.2020
6382,+23,+22.3,+23.3,+23,+23,+23.3,+22.9,+23.2,+23.1,+22.9,+25,MANU,0,0,+0,+0,+0.0157,+0,+0.0372,+0,+0,+0,21:47:01 24.03.2020
6383,+23,+22.3,+23.3,+23,+23,+23.3,+22.9,+23.2,+23.1,+22.9,+25,MANU,0,0,+0,+0,+0.0157,+0,+0.0372,+0,+0,+0,21:48:01 24.03.2020
6384,+23,+22.3,+23.3,+23,+23,+23.3,+22.9,+23.2,+23.1,+22.9,+25,MANU,0,0,+0,+0,+0.0157,+0,+0.0372,+0,+0,+0,21:49:01 24.03.2020
6385,+23,+22.3,+23.3,+23,+23,+23.3,+22.9,+23.2,+23.1,+22.9,+25,MANU,0,0,+0,+0,+0.0157,+0,+0.0372,+0,+0,+0,21:50:01 24.03.2020
6386,+23,+22.3,+23.3,+23,+23,+23.3,+22.9,+23.2,+23.1,+22.9,+25,MANU,0,0,+0,+0,+0.0157,+0,+0.0372,+0,+0,+0,21:51:01 24.03.2020
6387,+23,+22.3,+23.3,+23,+23,+23.3,+22.9,+23.2,+23.1,+22.9,+25,MANU,0,0,+0,+0,+0.0157,+0,+0.0372,+0,+0,+0,21:52:01 24.03.2020
6388,+23,+22.2,+23.3,+23,+23,+23.3,+22.9,+23.2,+23.1,+22.9,+25,MANU,0,0,+0,+0,+0.0157,+0,+0.0372,+0,+0,+0,21:53:01 24.03.2020
6389,+23,+22.2,+23.3,+23,+23,+23.3,+22.9,+23.2,+23.1,+22.9,+25,MANU,0,0,+0,+0,+0.0157,+0,+0.0372,+0,+0,+0,21:54:01 24.03.2020
6390,+23,+22.2,+23.3,+23,+23,+23.3,+22.9,+23.2,+23.1,+22.9,+25,MANU,0,0,+0,+0,+0.0157,+0,+0.0372,+0,+0,+0,21:55:01 24.03.2020
6391,+23,+22.2,+23.3,+23,+23,+23.3,+22.9,+23.2,+23.1,+22.9,+25,MANU,0,0,+0,+0,+0.0157,+0,+0.0372,+0,+0,+0,21:56:01 24.03.2020
6392,+23,+22.2,+23.3,+23,+23,+23.3,+22.9,+23.2,+23.1,+22.9,+25,MANU,0,0,+0,+0,+0.0157,+0,+0.0372,+0,+0,+0,21:57:01 24.03.2020
6393,+23,+22.2,+23.3,+23,+23,+23.3,+22.9,+23.2,+23.1,+22.9,+25,MANU,0,0,+0,+0,+0.0157,+0,+0.0372,+0,+0,+0,21:58:01 24.03.2020
6394,+23,+22.2,+23.3,+23,+23,+23.3,+22.9,+23.2,+23.1,+22.9,+25,MANU,0,0,+0,+0,+0.0157,+0,+0.0372,+0,+0,+0,21:59:01 24.03.2020
6395,+23,+22.1,+23.3,+23,+23,+23.3,+22.9,+23.2,+23.1,+22.9,+25,MANU,0,0,+0,+0,+0.0157,+0,+0.0372,+0,+0,+0,22:00:01 24.03.2020
6396,+23,+22.1,+23.2,+23,+23,+23.3,+22.9,+23.2,+23.1,+22.9,+25,MANU,0,0,+0,+0,+0.0157,+0,+0.0372,+0,+0,+0,22:01:01 24.03.2020
6397,+23,+22.1,+23.2,+23,+23,+23.3,+22.9,+23.2,+23.1,+22.9,+25,MANU,0,0,+0,+0,+0.0157,+0,+0.0372,+0,+0,+0,22:02:01 24.03.2020
6398,+23,+22.1,+23.2,+23,+23,+23.3,+22.9,+23.2,+23.1,+22.9,+25,MANU,0,0,+0,+0,+0.0157,+0,+0.0372,+0,+0,+0,22:03:01 24.03.2020
6399,+23,+22.1,+23.2,+23,+22.9,+23.3,+22.9,+23.2,+23.1,+22.9,+25,MANU,0,0,+0,+0,+0.0157,+0,+0.0372,+0,+0,+0,22:04:01 24.03.2020
6400,+23,+22.1,+23.2,+23,+22.9,+23.3,+22.9,+23.2,+23.1,+22.9,+25,MANU,0,0,+0,+0,+0.0157,+0,+0.0372,+0,+0,+0,22:05:01 24.03.2020
6401,+23,+22,+23.2,+23,+23,+23.3,+22.9,+23.2,+23.1,+22.9,+25,MANU,0,0,+0,+0,+0.0157,+0,+0.0372,+0,+0,+0,22:06:01 24.03.2020
6402,+23,+22,+23.2,+23,+22.9,+23.3,+22.9,+23.2,+23.1,+22.9,+25,MANU,0,0,+0,+0,+0.0157,+0,+0.0372,+0,+0,+0,22:07:01 24.03.2020
6403,+23,+22,+23.2,+22.9,+22.9,+23.3,+22.9,+23.2,+23.1,+22.9,+25,MANU,0,0,+0,+0,+0.0157,+0,+0.0372,+0,+0,+0,22:08:01 24.03.2020
6404,+23,+22,+23.2,+22.9,+22.9,+23.3,+22.9,+23.2,+23.1,+22.9,+25,MANU,0,0,+0,+0,+0.0157,+0,+0.0372,+0,+0,+0,22:09:01 24.03.2020
6405,+23,+22,+23.2,+23,+22.9,+23.3,+22.9,+23.2,+23.1,+22.9,+25,MANU,0,0,+0,+0,+0.0157,+0,+0.0372,+0,+0,+0,22:10:01 24.03.2020
6406,+23,+22,+23.2,+22.9,+22.9,+23.3,+22.9,+23.2,+23.1,+22.9,+25,MANU,0,0,+0,+0,+0.0157,+0,+0.0372,+0,+0,+0,22:11:01 24.03.2020
6407,+23,+22,+23.2,+22.9,+22.9,+23.3,+22.9,+23.2,+23.1,+22.9,+25,MANU,0,0,+0,+0,+0.0157,+0,+0.0372,+0,+0,+0,22:12:01 24.03.2020
6408,+23,+22,+23.2,+22.9,+22.9,+23.2,+22.9,+23.2,+23.1,+22.9,+25,MANU,0,0,+0,+0,+0.0157,+0,+0.0372,+0,+0,+0,22:13:01 24.03.2020
6409,+23,+22,+23.2,+22.9,+22.9,+23.2,+22.9,+23.2,+23.1,+22.9,+25,MANU,0,0,+0,+0,+0.0157,+0,+0.0372,+0,+0,+0,22:14:01 24.03.2020
6410,+23.1,+22,+23.2,+22.9,+22.9,+23.3,+22.9,+23.2,+23.1,+22.9,+25,MANU,0,0,+0,+0,+0.0157,+0,+0.0372,+0,+0,+0,22:15:01 24.03.2020
6411,+23.1,+22,+23.2,+22.9,+22.9,+23.3,+22.9,+23.2,+23.1,+22.9,+25,MANU,0,0,+0,+0,+0.0157,+0,+0.0372,+0,+0,+0,22:16:01 24.03.2020
6412,+23.1,+21.9,+23.2,+22.9,+22.9,+23.3,+22.9,+23.2,+23.1,+22.9,+25,MANU,0,0,+0,+0,+0.0157,+0,+0.0372,+0,+0,+0,22:17:01 24.03.2020
6413,+23.1,+21.9,+23.2,+22.9,+22.9,+23.3,+22.9,+23.2,+23.1,+22.9,+25,MANU,0,0,+0,+0,+0.0157,+0,+0.0372,+0,+0,+0,22:18:01 24.03.2020
6414,+23.1,+21.9,+23.2,+22.9,+22.9,+23.3,+22.9,+23.2,+23.1,+22.9,+25,MANU,0,0,+0,+0,+0.0157,+0,+0.0372,+0,+0,+0,22:19:01 24.03.2020
6415,+23.1,+21.9,+23.2,+22.9,+22.9,+23.3,+22.9,+23.2,+23.1,+22.9,+25,MANU,0,0,+0,+0,+0.0157,+0,+0.0372,+0,+0,+0,22:20:01 24.03.2020
6416,+23.1,+21.9,+23.2,+22.9,+22.9,+23.3,+22.9,+23.2,+23.1,+22.9,+25,MANU,0,0,+0,+0,+0.0157,+0,+0.0372,+0,+0,+0,22:21:01 24.03.2020
6417,+23.1,+21.9,+23.2,+22.9,+22.9,+23.3,+22.9,+23.2,+23.1,+22.9,+25,MANU,0,0,+0,+0,+0.0157,+0,+0.0372,+0,+0,+0,22:22:01 24.03.2020
6418,+23.1,+21.8,+23.2,+22.9,+22.9,+23.2,+22.9,+23.2,+23.1,+22.9,+25,MANU,0,0,+0,+0,+0.0157,+0,+0.0372,+0,+0,+0,22:23:01 24.03.2020
6419,+23.1,+21.8,+23.2,+22.9,+22.9,+23.2,+22.9,+23.2,+23.1,+22.9,+25,MANU,0,0,+0,+0,+0.0157,+0,+0.0372,+0,+0,+0,22:24:01 24.03.2020
6420,+23.1,+21.8,+23.2,+22.9,+22.9,+23.2,+22.9,+23.2,+23.1,+22.9,+25,MANU,0,0,+0,+0,+0.0157,+0,+0.0372,+0,+0,+0,22:25:01 24.03.2020
6421,+23.1,+21.8,+23.2,+22.9,+22.9,+23.2,+22.9,+23.2,+23.1,+22.9,+25,MANU,0,0,+0,+0,+0.0157,+0,+0.0372,+0,+0,+0,22:26:01 24.03.2020
6422,+23.1,+21.8,+23.2,+22.9,+22.9,+23.2,+22.8,+23.2,+23.1,+22.9,+25,MANU,0,0,+0,+0,+0.0157,+0,+0.0372,+0,+0,+0,22:27:01 24.03.2020
6423,+23.1,+21.8,+23.2,+22.9,+22.9,+23.2,+22.8,+23.2,+23.1,+22.9,+25,MANU,0,0,+0,+0,+0.0157,+0,+0.0372,+0,+0,+0,22:28:01 24.03.2020
6424,+23.1,+21.8,+23.2,+22.9,+22.9,+23.2,+22.9,+23.2,+23.1,+22.9,+25,MANU,0,0,+0,+0,+0.0157,+0,+0.0372,+0,+0,+0,22:29:01 24.03.2020
6425,+23.1,+21.8,+23.2,+22.9,+22.9,+23.3,+22.9,+23.2,+23.1,+22.9,+25,MANU,0,0,+0,+0,+0.0157,+0,+0.0372,+0,+0,+0,22:30:01 24.03.2020
6426,+23.1,+21.9,+23.2,+22.9,+22.9,+23.3,+22.9,+23.2,+23.1,+22.9,+25,MANU,0,0,+0,+0,+0.0157,+0,+0.0372,+0,+0,+0,22:31:01 24.03.2020
6427,+23.1,+21.8,+23.2,+22.9,+22.9,+23.3,+22.9,+23.2,+23.1,+22.9,+25,MANU,0,0,+0,+0,+0.0157,+0,+0.0372,+0,+0,+0,22:32:01 24.03.2020
6428,+23.1,+21.8,+23.2,+22.9,+22.9,+23.3,+22.9,+23.2,+23.1,+22.9,+25,MANU,0,0,+0,+0,+0.0157,+0,+0.0372,+0,+0,+0,22:33:01 24.03.2020
6429,+23.1,+21.8,+23.2,+22.9,+22.9,+23.3,+22.9,+23.2,+23.1,+22.9,+25,MANU,0,0,+0,+0,+0.0157,+0,+0.0372,+0,+0,+0,22:34:01 24.03.2020
6430,+23.1,+21.7,+23.2,+22.9,+22.9,+23.2,+22.8,+23.2,+23.1,+22.9,+25,MANU,0,0,+0,+0,+0.0157,+0,+0.0372,+0,+0,+0,22:35:01 24.03.2020
6431,+23.1,+21.7,+23.2,+22.9,+22.9,+23.2,+22.8,+23.2,+23,+22.9,+25,MANU,0,0,+0,+0,+0.0157,+0,+0.0372,+0,+0,+0,22:36:01 24.03.2020
6432,+23.1,+21.7,+23.2,+22.9,+22.9,+23.2,+22.9,+23.2,+23,+22.9,+25,MANU,0,0,+0,+0,+0.0157,+0,+0.0372,+0,+0,+0,22:37:01 24.03.2020
6433,+23.1,+21.7,+23.2,+22.9,+22.9,+23.2,+22.8,+23.2,+23.1,+22.9,+25,MANU,0,0,+0,+0,+0.0157,+0,+0.0372,+0,+0,+0,22:38:01 24.03.2020
6434,+23.1,+21.6,+23.2,+22.9,+22.9,+23.2,+22.8,+23.2,+23,+22.9,+25,MANU,0,0,+0,+0,+0.0157,+0,+0.0372,+0,+0,+0,22:39:01 24.03.2020
6435,+23.1,+21.6,+23.2,+22.9,+22.9,+23.2,+22.8,+23.2,+23,+22.9,+25,MANU,0,0,+0,+0,+0.0157,+0,+0.0372,+0,+0,+0,22:40:01 24.03.2020
6436,+23.1,+21.6,+23.2,+22.9,+22.9,+23.2,+22.8,+23.2,+23,+22.9,+25,MANU,0,0,+0,+0,+0.0157,+0,+0.0372,+0,+0,+0,22:41:01 24.03.2020
6437,+23.2,+21.6,+23.1,+22.9,+22.9,+23.2,+22.8,+23.2,+23,+22.9,+25,MANU,0,0,+0,+0,+0.0157,+0,+0.0372,+0,+0,+0,22:42:01 24.03.2020
6438,+23.2,+21.6,+23.1,+22.9,+22.8,+23.2,+22.8,+23.2,+23.1,+22.9,+25,MANU,0,0,+0,+0,+0.0157,+0,+0.0372,+0,+0,+0,22:43:01 24.03.2020
6439,+23.2,+21.5,+23.1,+22.9,+22.8,+23.2,+22.8,+23.2,+23,+22.9,+25,MANU,0,0,+0,+0,+0.0157,+0,+0.0372,+0,+0,+0,22:44:01 24.03.2020
6440,+23.2,+21.5,+23.1,+22.9,+22.8,+23.3,+22.8,+23.2,+23,+22.9,+25,MANU,0,0,+0,+0,+0.0157,+0,+0.0372,+0,+0,+0,22:45:01 24.03.2020
6441,+23.2,+21.5,+23.1,+22.9,+22.8,+23.3,+22.8,+23.2,+23.1,+22.9,+25,MANU,0,0,+0,+0,+0.0157,+0,+0.0372,+0,+0,+0,22:46:01 24.03.2020
6442,+23.2,+21.5,+23.1,+22.9,+22.8,+23.3,+22.8,+23.2,+23,+22.9,+25,MANU,0,0,+0,+0,+0.0157,+0,+0.0372,+0,+0,+0,22:47:01 24.03.2020
6443,+23.2,+21.5,+23.1,+22.8,+22.8,+23.2,+22.8,+23.2,+23.1,+22.9,+25,MANU,0,0,+0,+0,+0.0157,+0,+0.0372,+0,+0,+0,22:48:01 24.03.2020
6444,+23.2,+21.5,+23.1,+22.8,+22.8,+23.2,+22.8,+23.2,+23.1,+22.9,+25,MANU,0,0,+0,+0,+0.0157,+0,+0.0372,+0,+0,+0,22:49:01 24.03.2020
6445,+23.2,+21.4,+23.1,+22.8,+22.8,+23.2,+22.8,+23.2,+23,+22.9,+25,MANU,0,0,+0,+0,+0.0157,+0,+0.0372,+0,+0,+0,22:50:01 24.03.2020
6446,+23.2,+21.4,+23.1,+22.8,+22.8,+23.2,+22.8,+23.2,+23.1,+22.9,+25,MANU,0,0,+0,+0,+0.0157,+0,+0.0372,+0,+0,+0,22:51:01 24.03.2020
6447,+23.2,+21.4,+23.1,+22.8,+22.8,+23.2,+22.8,+23.2,+23,+22.9,+25,MANU,0,0,+0,+0,+0.0157,+0,+0.0372,+0,+0,+0,22:52:01 24.03.2020
6448,+23.2,+21.4,+23.1,+22.8,+22.8,+23.2,+22.8,+23.2,+23.1,+22.9,+25,MANU,0,0,+0,+0,+0.0157,+0,+0.0372,+0,+0,+0,22:53:01 24.03.2020
6449,+23.2,+21.4,+23.1,+22.8,+22.8,+23.2,+22.8,+23.2,+23,+22.9,+25,MANU,0,0,+0,+0,+0.0157,+0,+0.0372,+0,+0,+0,22:54:01 24.03.2020
6450,+23.3,+21.4,+23.1,+22.8,+22.8,+23.3,+22.8,+23.2,+23,+22.9,+25,MANU,0,0,+0,+0,+0.0157,+0,+0.0372,+0,+0,+0,22:55:01 24.03.2020
6451,+23.2,+21.4,+23.1,+22.8,+22.8,+23.3,+22.8,+23.2,+23,+22.9,+25,MANU,0,0,+0,+0,+0.0157,+0,+0.0372,+0,+0,+0,22:56:01 24.03.2020
6452,+23.2,+21.4,+23.1,+22.8,+22.8,+23.3,+22.8,+23.2,+23,+22.9,+25,MANU,0,0,+0,+0,+0.0157,+0,+0.0372,+0,+0,+0,22:57:01 24.03.2020
6453,+23.2,+21.4,+23.1,+22.8,+22.8,+23.2,+22.8,+23.2,+23,+22.9,+25,MANU,0,0,+0,+0,+0.0157,+0,+0.0372,+0,+0,+0,22:58:01 24.03.2020
6454,+23.2,+21.4,+23.1,+22.8,+22.8,+23.3,+22.8,+23.2,+23.1,+22.9,+25,MANU,0,0,+0,+0,+0.0157,+0,+0.0372,+0,+0,+0,22:59:01 24.03.2020
6455,+23.2,+21.4,+23.1,+22.8,+22.8,+23.2,+22.8,+23.2,+23,+22.9,+25,MANU,0,0,+0,+0,+0.0157,+0,+0.0372,+0,+0,+0,23:00:01 24.03.2020
6456,+23.2,+21.4,+23.1,+22.8,+22.8,+23.2,+22.8,+23.2,+23.1,+22.9,+25,MANU,0,0,+0,+0,+0.0157,+0,+0.0372,+0,+0,+0,23:01:01 24.03.2020
6457,+23.3,+21.4,+23.1,+22.8,+22.8,+23.2,+22.8,+23.2,+23,+22.9,+25,MANU,0,0,+0,+0,+0.0157,+0,+0.0372,+0,+0,+0,23:02:01 24.03.2020
6458,+23.2,+21.3,+23.1,+22.8,+22.8,+23.2,+22.8,+23.2,+23.1,+22.9,+25,MANU,0,0,+0,+0,+0.0157,+0,+0.0372,+0,+0,+0,23:03:01 24.03.2020
6459,+23.2,+21.3,+23.1,+22.8,+22.8,+23.2,+22.8,+23.2,+23.1,+22.9,+25,MANU,0,0,+0,+0,+0.0157,+0,+0.0372,+0,+0,+0,23:04:01 24.03.2020
6460,+23.3,+21.3,+23.1,+22.8,+22.8,+23.2,+22.8,+23.2,+23,+22.9,+25,MANU,0,0,+0,+0,+0.0157,+0,+0.0372,+0,+0,+0,23:05:01 24.03.2020
6461,+23.3,+21.3,+23.1,+22.8,+22.8,+23.2,+22.8,+23.2,+23,+22.9,+25,MANU,0,0,+0,+0,+0.0157,+0,+0.0372,+0,+0,+0,23:06:01 24.03.2020
6462,+23.3,+21.3,+23.1,+22.8,+22.8,+23.2,+22.8,+23.2,+23,+22.9,+25,MANU,0,0,+0,+0,+0.0157,+0,+0.0372,+0,+0,+0,23:07:01 24.03.2020
6463,+23.3,+21.3,+23.1,+22.8,+22.8,+23.2,+22.8,+23.2,+23,+22.9,+25,MANU,0,0,+0,+0,+0.0157,+0,+0.0372,+0,+0,+0,23:08:01 24.03.2020
6464,+23.3,+21.3,+23.1,+22.8,+22.8,+23.2,+22.8,+23.2,+23,+22.9,+25,MANU,0,0,+0,+0,+0.0157,+0,+0.0372,+0,+0,+0,23:09:01 24.03.2020
6465,+23.3,+21.3,+23.1,+22.8,+22.8,+23.2,+22.8,+23.2,+23,+22.9,+25,MANU,0,0,+0,+0,+0.0157,+0,+0.0372,+0,+0,+0,23:10:01 24.03.2020
6466,+23.3,+21.3,+23.1,+22.8,+22.8,+23.2,+22.8,+23.2,+23,+22.9,+25,MANU,0,0,+0,+0,+0.0157,+0,+0.0372,+0,+0,+0,23:11:01 24.03.2020
6467,+23.3,+21.2,+23.1,+22.8,+22.8,+23.3,+22.8,+23.2,+23.1,+22.9,+25,MANU,0,0,+0,+0,+0.0157,+0,+0.0372,+0,+0,+0,23:12:01 24.03.2020
6468,+23.3,+21.2,+23.1,+22.8,+22.8,+23.3,+22.8,+23.2,+23,+22.9,+25,MANU,0,0,+0,+0,+0.0157,+0,+0.0372,+0,+0,+0,23:13:01 24.03.2020
6469,+23.3,+21.2,+23.1,+22.8,+22.8,+23.3,+22.8,+23.2,+23.1,+22.9,+25,MANU,0,0,+0,+0,+0.0157,+0,+0.0372,+0,+0,+0,23:14:01 24.03.2020
6470,+23.3,+21.2,+23.1,+22.8,+22.8,+23.3,+22.8,+23.2,+23,+22.9,+25,MANU,0,0,+0,+0,+0.0157,+0,+0.0372,+0,+0,+0,23:15:01 24.03.2020
6471,+23.3,+21.2,+23.1,+22.8,+22.8,+23.3,+22.8,+23.2,+23.1,+22.9,+25,MANU,0,0,+0,+0,+0.0157,+0,+0.0372,+0,+0,+0,23:16:01 24.03.2020
6472,+23.3,+21.2,+23.1,+22.8,+22.8,+23.2,+22.8,+23.2,+23,+22.9,+25,MANU,0,0,+0,+0,+0.0157,+0,+0.0372,+0,+0,+0,23:17:01 24.03.2020
6473,+23.3,+21.2,+23.1,+22.8,+22.8,+23.2,+22.8,+23.2,+23,+22.9,+25,MANU,0,0,+0,+0,+0.0157,+0,+0.0372,+0,+0,+0,23:18:01 24.03.2020
6474,+23.3,+21.2,+23.1,+22.8,+22.8,+23.2,+22.8,+23.2,+23.1,+22.9,+25,MANU,0,0,+0,+0,+0.0157,+0,+0.0372,+0,+0,+0,23:19:01 24.03.2020
6475,+23.3,+21.2,+23.1,+22.8,+22.8,+23.2,+22.8,+23.2,+23.1,+22.9,+25,MANU,0,0,+0,+0,+0.0157,+0,+0.0372,+0,+0,+0,23:20:01 24.03.2020
6476,+23.3,+21.2,+23,+22.8,+22.8,+23.2,+22.8,+23.2,+23,+22.9,+25,MANU,0,0,+0,+0,+0.0157,+0,+0.0372,+0,+0,+0,23:21:01 24.03.2020
6477,+23.3,+21.2,+23,+22.8,+22.8,+23.2,+22.8,+23.2,+23,+22.9,+25,MANU,0,0,+0,+0,+0.0157,+0,+0.0372,+0,+0,+0,23:22:01 24.03.2020
6478,+23.3,+21.2,+23,+22.8,+22.8,+23.2,+22.8,+23.2,+23,+22.9,+25,MANU,0,0,+0,+0,+0.0157,+0,+0.0372,+0,+0,+0,23:23:01 24.03.2020
6479,+23.3,+21.2,+23,+22.8,+22.8,+23.2,+22.8,+23.2,+23,+22.9,+25,MANU,0,0,+0,+0,+0.0157,+0,+0.0372,+0,+0,+0,23:24:01 24.03.2020
6480,+23.3,+21.2,+23,+22.8,+22.8,+23.3,+22.8,+23.2,+23,+22.9,+25,MANU,0,0,+0,+0,+0.0157,+0,+0.0372,+0,+0,+0,23:25:01 24.03.2020
6481,+23.3,+21.1,+23,+22.8,+22.8,+23.3,+22.8,+23.2,+23,+22.9,+25,MANU,0,0,+0,+0,+0.0157,+0,+0.0372,+0,+0,+0,23:26:01 24.03.2020
6482,+23.3,+21.1,+23,+22.8,+22.8,+23.3,+22.8,+23.2,+23,+22.9,+25,MANU,0,0,+0,+0,+0.0157,+0,+0.0372,+0,+0,+0,23:27:01 24.03.2020
6483,+23.3,+21.1,+23,+22.8,+22.8,+23.3,+22.8,+23.2,+23,+22.9,+25,MANU,0,0,+0,+0,+0.0157,+0,+0.0372,+0,+0,+0,23:28:01 24.03.2020
6484,+23.3,+21.1,+23,+22.8,+22.8,+23.3,+22.8,+23.2,+23,+22.9,+25,MANU,0,0,+0,+0,+0.0157,+0,+0.0372,+0,+0,+0,23:29:01 24.03.2020
6485,+23.3,+21.1,+23,+22.8,+22.8,+23.3,+22.8,+23.2,+23.1,+22.9,+25,MANU,0,0,+0,+0,+0.0157,+0,+0.0372,+0,+0,+0,23:30:01 24.03.2020
6486,+23.3,+21.2,+23,+22.8,+22.8,+23.3,+22.8,+23.2,+23.1,+22.9,+25,MANU,0,0,+0,+0,+0.0157,+0,+0.0372,+0,+0,+0,23:31:01 24.03.2020
6487,+23.3,+21.2,+23,+22.8,+22.8,+23.2,+22.8,+23.2,+23.1,+22.9,+25,MANU,0,0,+0,+0,+0.0157,+0,+0.0372,+0,+0,+0,23:32:01 24.03.2020
6488,+23.3,+21.1,+23,+22.8,+22.8,+23.2,+22.8,+23.2,+23.1,+22.9,+25,MANU,0,0,+0,+0,+0.0157,+0,+0.0372,+0,+0,+0,23:33:01 24.03.2020
6489,+23.3,+21.1,+23,+22.8,+22.8,+23.2,+22.8,+23.2,+23.1,+22.9,+25,MANU,0,0,+0,+0,+0.0157,+0,+0.0372,+0,+0,+0,23:34:01 24.03.2020
6490,+23.3,+21.1,+23,+22.8,+22.7,+23.2,+22.8,+23.2,+23,+22.9,+25,MANU,0,0,+0,+0,+0.0157,+0,+0.0372,+0,+0,+0,23:35:01 24.03.2020
6491,+23.3,+21.1,+23,+22.8,+22.8,+23.2,+22.8,+23.2,+23,+22.9,+25,MANU,0,0,+0,+0,+0.0157,+0,+0.0372,+0,+0,+0,23:36:01 24.03.2020
6492,+23.3,+21,+23,+22.8,+22.7,+23.2,+22.8,+23.2,+23,+22.9,+25,MANU,0,0,+0,+0,+0.0157,+0,+0.0372,+0,+0,+0,23:37:01 24.03.2020
6493,+23.4,+21,+23,+22.8,+22.7,+23.2,+22.8,+23.2,+23,+22.9,+25,MANU,0,0,+0,+0,+0.0157,+0,+0.0372,+0,+0,+0,23:38:01 24.03.2020
6494,+23.4,+21,+23,+22.8,+22.7,+23.2,+22.8,+23.2,+23,+22.9,+25,MANU,0,0,+0,+0,+0.0157,+0,+0.0372,+0,+0,+0,23:39:01 24.03.2020
6495,+23.4,+21,+23,+22.8,+22.7,+23.2,+22.8,+23.2,+23,+22.9,+25,MANU,0,0,+0,+0,+0.0157,+0,+0.0372,+0,+0,+0,23:40:01 24.03.2020
6496,+23.4,+21,+23,+22.8,+22.7,+23.2,+22.8,+23.2,+23,+22.9,+25,MANU,0,0,+0,+0,+0.0157,+0,+0.0372,+0,+0,+0,23:41:01 24.03.2020
6497,+23.4,+20.9,+23,+22.8,+22.7,+23.3,+22.8,+23.2,+23,+22.9,+25,MANU,0,0,+0,+0,+0.0157,+0,+0.0372,+0,+0,+0,23:42:01 24.03.2020
6498,+23.4,+20.9,+23,+22.8,+22.7,+23.3,+22.8,+23.2,+23,+22.9,+25,MANU,0,0,+0,+0,+0.0157,+0,+0.0372,+0,+0,+0,23:43:01 24.03.2020
6499,+23.4,+20.9,+23,+22.7,+22.7,+23.3,+22.8,+23.2,+23,+22.9,+25,MANU,0,0,+0,+0,+0.0157,+0,+0.0372,+0,+0,+0,23:44:01 24.03.2020
6500,+23.4,+20.9,+23,+22.7,+22.7,+23.3,+22.8,+23.2,+23,+22.9,+25,MANU,0,0,+0,+0,+0.0157,+0,+0.0372,+0,+0,+0,23:45:01 24.03.2020
6501,+23.4,+20.9,+23,+22.7,+22.7,+23.3,+22.8,+23.2,+23,+22.9,+25,MANU,0,0,+0,+0,+0.0157,+0,+0.0372,+0,+0,+0,23:46:01 24.03.2020
6502,+23.4,+20.9,+23,+22.7,+22.7,+23.3,+22.8,+23.2,+23,+22.9,+25,MANU,0,0,+0,+0,+0.0157,+0,+0.0372,+0,+0,+0,23:47:01 24.03.2020
6503,+23.4,+20.9,+23,+22.7,+22.7,+23.2,+22.8,+23.2,+23,+22.9,+25,MANU,0,0,+0,+0,+0.0157,+0,+0.0372,+0,+0,+0,23:48:01 24.03.2020
6504,+23.4,+20.9,+23,+22.7,+22.7,+23.2,+22.8,+23.2,+23,+22.9,+25,MANU,0,0,+0,+0,+0.0157,+0,+0.0372,+0,+0,+0,23:49:01 24.03.2020
6505,+23.4,+20.9,+23,+22.7,+22.7,+23.2,+22.8,+23.2,+23,+22.9,+25,MANU,0,0,+0,+0,+0.0157,+0,+0.0372,+0,+0,+0,23:50:01 24.03.2020
6506,+23.4,+20.9,+23,+22.7,+22.7,+23.2,+22.8,+23.2,+23,+22.9,+25,MANU,0,0,+0,+0,+0.0157,+0,+0.0372,+0,+0,+0,23:51:01 24.03.2020
6507,+23.4,+20.9,+23,+22.7,+22.7,+23.2,+22.8,+23.2,+23,+22.9,+25,MANU,0,0,+0,+0,+0.0157,+0,+0.0372,+0,+0,+0,23:52:01 24.03.2020
6508,+23.4,+20.9,+23,+22.7,+22.7,+23.2,+22.8,+23.2,+23,+22.9,+25,MANU,0,0,+0,+0,+0.0157,+0,+0.0372,+0,+0,+0,23:53:01 24.03.2020
6509,+23.4,+20.8,+23,+22.7,+22.7,+23.3,+22.8,+23.2,+23,+22.9,+25,MANU,0,0,+0,+0,+0.0157,+0,+0.0372,+0,+0,+0,23:54:01 24.03.2020
6510,+23.4,+20.8,+23,+22.7,+22.7,+23.3,+22.8,+23.2,+23,+22.9,+25,MANU,0,0,+0,+0,+0.0157,+0,+0.0372,+0,+0,+0,23:55:01 24.03.2020
6511,+23.4,+20.8,+23,+22.7,+22.7,+23.3,+22.8,+23.2,+23,+22.9,+25,MANU,0,0,+0,+0,+0.0157,+0,+0.0372,+0,+0,+0,23:56:01 24.03.2020
6512,+23.4,+20.8,+23,+22.7,+22.7,+23.3,+22.8,+23.2,+23,+22.9,+25,MANU,0,0,+0,+0,+0.0157,+0,+0.0372,+0,+0,+0,23:57:01 24.03.2020
6513,+23.4,+20.8,+23,+22.7,+22.7,+23.3,+22.8,+23.2,+23,+22.9,+25,MANU,0,0,+0,+0,+0.0157,+0,+0.0372,+0,+0,+0,23:58:01 24.03.2020
6514,+23.4,+20.8,+23,+22.7,+22.7,+23.3,+22.8,+23.2,+23,+22.9,+25,MANU,0,0,+0,+0,+0.0157,+0,+0.0372,+0,+0,+0,23:59:01 24.03.2020
6515,+23.4,+20.8,+23,+22.7,+22.7,+23.2,+22.8,+23.2,+23,+22.9,+25,MANU,0,0,+0,+0,+0.0157,+0,+0.0372,+0,+0,+0,00:00:01 25.03.2020
6516,+23.4,+20.8,+23,+22.7,+22.7,+23.2,+22.8,+23.2,+23,+22.9,+25,MANU,0,0,+0,+0,+0.0157,+0,+0.0372,+0,+0,+0,00:01:01 25.03.2020
6517,+23.4,+20.8,+23,+22.7,+22.7,+23.2,+22.8,+23.2,+23,+22.9,+25,MANU,0,0,+0,+0,+0.0157,+0,+0.0372,+0,+0,+0,00:02:01 25.03.2020
6518,+23.4,+20.8,+23,+22.7,+22.7,+23.2,+22.8,+23.2,+23,+22.9,+25,MANU,0,0,+0,+0,+0.0157,+0,+0.0372,+0,+0,+0,00:03:01 25.03.2020
6519,+23.4,+20.8,+23,+22.7,+22.7,+23.2,+22.8,+23.2,+23,+22.9,+25,MANU,0,0,+0,+0,+0.0157,+0,+0.0372,+0,+0,+0,00:04:01 25.03.2020
6520,+23.4,+20.7,+23,+22.7,+22.7,+23.2,+22.8,+23.2,+23,+22.9,+25,MANU,0,0,+0,+0,+0.0157,+0,+0.0372,+0,+0,+0,00:05:01 25.03.2020
6521,+23.5,+20.7,+23,+22.7,+22.7,+23.2,+22.8,+23.2,+23,+22.9,+25,MANU,0,0,+0,+0,+0.0157,+0,+0.0372,+0,+0,+0,00:06:01 25.03.2020
6522,+23.5,+20.7,+23,+22.7,+22.7,+23.3,+22.8,+23.2,+23,+22.9,+25,MANU,0,0,+0,+0,+0.0157,+0,+0.0372,+0,+0,+0,00:07:01 25.03.2020
6523,+23.5,+20.7,+23,+22.7,+22.7,+23.2,+22.8,+23.2,+23,+22.9,+25,MANU,0,0,+0,+0,+0.0157,+0,+0.0372,+0,+0,+0,00:08:01 25.03.2020
6524,+23.5,+20.7,+23,+22.7,+22.7,+23.2,+22.8,+23.2,+23,+22.9,+25,MANU,0,0,+0,+0,+0.0157,+0,+0.0372,+0,+0,+0,00:09:01 25.03.2020
6525,+23.5,+20.7,+23,+22.7,+22.7,+23.3,+22.8,+23.2,+23,+22.9,+25,MANU,0,0,+0,+0,+0.0157,+0,+0.0372,+0,+0,+0,00:10:01 25.03.2020
6526,+23.5,+20.7,+23,+22.7,+22.7,+23.3,+22.8,+23.2,+23,+22.9,+25,MANU,0,0,+0,+0,+0.0157,+0,+0.0372,+0,+0,+0,00:11:01 25.03.2020
6527,+23.5,+20.7,+23,+22.7,+22.7,+23.2,+22.8,+23.2,+23,+22.9,+25,MANU,0,0,+0,+0,+0.0157,+0,+0.0372,+0,+0,+0,00:12:01 25.03.2020
6528,+23.5,+20.7,+23,+22.7,+22.7,+23.2,+22.8,+23.2,+23,+22.9,+25,MANU,0,0,+0,+0,+0.0157,+0,+0.0372,+0,+0,+0,00:13:01 25.03.2020
6529,+23.5,+20.7,+23,+22.7,+22.7,+23.2,+22.8,+23.2,+23,+22.9,+25,MANU,0,0,+0,+0,+0.0157,+0,+0.0372,+0,+0,+0,00:14:01 25.03.2020
6530,+23.5,+20.7,+23,+22.7,+22.7,+23.2,+22.8,+23.2,+23,+22.9,+25,MANU,0,0,+0,+0,+0.0157,+0,+0.0372,+0,+0,+0,00:15:01 25.03.2020
6531,+23.5,+20.7,+23,+22.7,+22.7,+23.2,+22.8,+23.2,+23,+22.9,+25,MANU,0,0,+0,+0,+0.0157,+0,+0.0372,+0,+0,+0,00:16:01 25.03.2020
6532,+23.5,+20.7,+22.9,+22.7,+22.6,+23.2,+22.8,+23.2,+23,+22.9,+25,MANU,0,0,+0,+0,+0.0157,+0,+0.0372,+0,+0,+0,00:17:01 25.03.2020
6533,+23.5,+20.7,+22.9,+22.7,+22.6,+23.2,+22.8,+23.2,+23,+22.9,+25,MANU,0,0,+0,+0,+0.0157,+0,+0.0372,+0,+0,+0,00:18:01 25.03.2020
6534,+23.5,+20.7,+22.9,+22.7,+22.6,+23.2,+22.8,+23.2,+23,+22.9,+25,MANU,0,0,+0,+0,+0.0157,+0,+0.0372,+0,+0,+0,00:19:01 25.03.2020
6535,+23.5,+20.6,+22.9,+22.7,+22.6,+23.2,+22.8,+23.2,+23,+22.9,+25,MANU,0,0,+0,+0,+0.0157,+0,+0.0372,+0,+0,+0,00:20:01 25.03.2020
6536,+23.5,+20.6,+22.9,+22.7,+22.6,+23.2,+22.8,+23.2,+23,+22.9,+25,MANU,0,0,+0,+0,+0.0157,+0,+0.0372,+0,+0,+0,00:21:01 25.03.2020
6537,+23.5,+20.6,+22.9,+22.7,+22.6,+23.2,+22.8,+23.2,+23,+22.9,+25,MANU,0,0,+0,+0,+0.0157,+0,+0.0372,+0,+0,+0,00:22:01 25.03.2020
6538,+23.5,+20.6,+22.9,+22.7,+22.6,+23.3,+22.8,+23.2,+23,+22.9,+25,MANU,0,0,+0,+0,+0.0157,+0,+0.0372,+0,+0,+0,00:23:01 25.03.2020
6539,+23.5,+20.6,+22.9,+22.7,+22.6,+23.3,+22.8,+23.2,+23,+22.9,+25,MANU,0,0,+0,+0,+0.0157,+0,+0.0372,+0,+0,+0,00:24:01 25.03.2020
6540,+23.5,+20.6,+22.9,+22.7,+22.6,+23.3,+22.8,+23.2,+23,+22.9,+25,MANU,0,0,+0,+0,+0.0157,+0,+0.0372,+0,+0,+0,00:25:01 25.03.2020
6541,+23.5,+20.6,+22.9,+22.6,+22.6,+23.3,+22.8,+23.2,+23,+22.9,+25,MANU,0,0,+0,+0,+0.0157,+0,+0.0372,+0,+0,+0,00:26:01 25.03.2020
6542,+23.5,+20.6,+22.9,+22.6,+22.6,+23.3,+22.8,+23.2,+23,+22.9,+25,MANU,0,0,+0,+0,+0.0157,+0,+0.0372,+0,+0,+0,00:27:01 25.03.2020
6543,+23.5,+20.6,+22.9,+22.6,+22.6,+23.2,+22.8,+23.2,+23,+22.9,+25,MANU,0,0,+0,+0,+0.0157,+0,+0.0372,+0,+0,+0,00:28:01 25.03.2020
6544,+23.5,+20.6,+22.9,+22.6,+22.6,+23.2,+22.8,+23.2,+23,+22.9,+25,MANU,0,0,+0,+0,+0.0157,+0,+0.0372,+0,+0,+0,00:29:01 25.03.2020
6545,+23.5,+20.6,+22.9,+22.6,+22.6,+23.2,+22.8,+23.2,+23,+22.9,+25,MANU,0,0,+0,+0,+0.0157,+0,+0.0372,+0,+0,+0,00:30:01 25.03.2020
6546,+23.5,+20.7,+22.9,+22.6,+22.6,+23.2,+22.8,+23.2,+23,+22.9,+25,MANU,0,0,+0,+0,+0.0157,+0,+0.0372,+0,+0,+0,00:31:01 25.03.2020
6547,+23.5,+20.6,+22.9,+22.6,+22.6,+23.2,+22.8,+23.2,+23,+22.9,+25,MANU,0,0,+0,+0,+0.0157,+0,+0.0372,+0,+0,+0,00:32:01 25.03.2020
6548,+23.5,+20.6,+22.9,+22.6,+22.6,+23.2,+22.8,+23.2,+23,+22.9,+25,MANU,0,0,+0,+0,+0.0157,+0,+0.0372,+0,+0,+0,00:33:01 25.03.2020
6549,+23.6,+20.6,+22.9,+22.6,+22.6,+23.3,+22.8,+23.2,+23,+22.9,+25,MANU,0,0,+0,+0,+0.0157,+0,+0.0372,+0,+0,+0,00:34:01 25.03.2020
6550,+23.5,+20.5,+22.9,+22.6,+22.6,+23.3,+22.8,+23.2,+23,+22.9,+25,MANU,0,0,+0,+0,+0.0157,+0,+0.0372,+0,+0,+0,00:35:01 25.03.2020
6551,+23.5,+20.5,+22.9,+22.6,+22.6,+23.3,+22.8,+23.2,+23,+22.9,+25,MANU,0,0,+0,+0,+0.0157,+0,+0.0372,+0,+0,+0,00:36:01 25.03.2020
6552,+23.5,+20.5,+22.9,+22.6,+22.6,+23.3,+22.8,+23.2,+23,+22.9,+25,MANU,0,0,+0,+0,+0.0157,+0,+0.0372,+0,+0,+0,00:37:01 25.03.2020
6553,+23.5,+20.5,+22.9,+22.6,+22.6,+23.3,+22.8,+23.2,+23,+22.9,+25,MANU,0,0,+0,+0,+0.0157,+0,+0.0372,+0,+0,+0,00:38:01 25.03.2020
6554,+23.5,+20.5,+22.9,+22.6,+22.6,+23.3,+22.8,+23.2,+23,+22.9,+25,MANU,0,0,+0,+0,+0.0157,+0,+0.0372,+0,+0,+0,00:39:01 25.03.2020
6555,+23.5,+20.5,+22.9,+22.6,+22.6,+23.3,+22.8,+23.2,+23,+22.9,+25,MANU,0,0,+0,+0,+0.0157,+0,+0.0372,+0,+0,+0,00:40:01 25.03.2020
6556,+23.5,+20.4,+22.9,+22.6,+22.6,+23.2,+22.8,+23.2,+23,+22.9,+25,MANU,0,0,+0,+0,+0.0157,+0,+0.0372,+0,+0,+0,00:41:01 25.03.2020
6557,+23.5,+20.4,+22.9,+22.6,+22.6,+23.2,+22.8,+23.2,+23,+22.9,+25,MANU,0,0,+0,+0,+0.0157,+0,+0.0372,+0,+0,+0,00:42:01 25.03.2020
6558,+23.5,+20.4,+22.9,+22.6,+22.6,+23.2,+22.8,+23.2,+23,+22.9,+25,MANU,0,0,+0,+0,+0.0157,+0,+0.0372,+0,+0,+0,00:43:01 25.03.2020
6559,+23.5,+20.4,+22.9,+22.6,+22.6,+23.2,+22.8,+23.2,+23,+22.9,+25,MANU,0,0,+0,+0,+0.0157,+0,+0.0372,+0,+0,+0,00:44:01 25.03.2020
6560,+23.5,+20.4,+22.9,+22.6,+22.6,+23.2,+22.8,+23.2,+23,+22.9,+25,MANU,0,0,+0,+0,+0.0157,+0,+0.0372,+0,+0,+0,00:45:01 25.03.2020
6561,+23.6,+20.4,+22.9,+22.6,+22.6,+23.2,+22.8,+23.2,+23,+22.9,+25,MANU,0,0,+0,+0,+0.0157,+0,+0.0372,+0,+0,+0,00:46:01 25.03.2020
6562,+23.6,+20.4,+22.9,+22.6,+22.6,+23.2,+22.8,+23.2,+23,+22.9,+25,MANU,0,0,+0,+0,+0.0157,+0,+0.0372,+0,+0,+0,00:47:01 25.03.2020
6563,+23.6,+20.4,+22.9,+22.6,+22.6,+23.2,+22.8,+23.2,+23,+22.9,+25,MANU,0,0,+0,+0,+0.0157,+0,+0.0372,+0,+0,+0,00:48:01 25.03.2020
6564,+23.6,+20.4,+22.9,+22.6,+22.6,+23.3,+22.8,+23.2,+23,+22.9,+25,MANU,0,0,+0,+0,+0.0157,+0,+0.0372,+0,+0,+0,00:49:01 25.03.2020
6565,+23.6,+20.4,+22.9,+22.6,+22.6,+23.3,+22.8,+23.2,+23,+22.9,+25,MANU,0,0,+0,+0,+0.0157,+0,+0.0372,+0,+0,+0,00:50:01 25.03.2020
6566,+23.6,+20.4,+22.9,+22.6,+22.6,+23.3,+22.8,+23.2,+23,+22.9,+25,MANU,0,0,+0,+0,+0.0157,+0,+0.0372,+0,+0,+0,00:51:01 25.03.2020
6567,+23.6,+20.4,+22.9,+22.6,+22.6,+23.3,+22.8,+23.2,+23,+22.9,+25,MANU,0,0,+0,+0,+0.0157,+0,+0.0372,+0,+0,+0,00:52:01 25.03.2020
6568,+23.6,+20.4,+22.9,+22.6,+22.6,+23.3,+22.8,+23.2,+23,+22.9,+25,MANU,0,0,+0,+0,+0.0157,+0,+0.0372,+0,+0,+0,00:53:01 25.03.2020
6569,+23.6,+20.3,+22.9,+22.6,+22.6,+23.2,+22.8,+23.2,+23,+22.9,+25,MANU,0,0,+0,+0,+0.0157,+0,+0.0372,+0,+0,+0,00:54:01 25.03.2020
6570,+23.6,+20.3,+22.9,+22.6,+22.6,+23.2,+22.8,+23.2,+23,+22.9,+25,MANU,0,0,+0,+0,+0.0157,+0,+0.0372,+0,+0,+0,00:55:01 25.03.2020
6571,+23.6,+20.3,+22.9,+22.6,+22.6,+23.2,+22.8,+23.2,+23,+22.9,+25,MANU,0,0,+0,+0,+0.0157,+0,+0.0372,+0,+0,+0,00:56:01 25.03.2020
6572,+23.6,+20.3,+22.9,+22.6,+22.6,+23.2,+22.8,+23.2,+23,+22.9,+25,MANU,0,0,+0,+0,+0.0157,+0,+0.0372,+0,+0,+0,00:57:01 25.03.2020
6573,+23.6,+20.3,+22.9,+22.6,+22.6,+23.2,+22.8,+23.2,+23,+22.9,+25,MANU,0,0,+0,+0,+0.0157,+0,+0.0372,+0,+0,+0,00:58:01 25.03.2020
6574,+23.6,+20.3,+22.9,+22.6,+22.6,+23.2,+22.8,+23.2,+23,+22.9,+25,MANU,0,0,+0,+0,+0.0157,+0,+0.0372,+0,+0,+0,00:59:01 25.03.2020
6575,+23.6,+20.3,+22.8,+22.6,+22.6,+23.2,+22.8,+23.2,+23,+22.9,+25,MANU,0,0,+0,+0,+0.0157,+0,+0.0372,+0,+0,+0,01:00:01 25.03.2020
6576,+23.6,+20.3,+22.8,+22.6,+22.5,+23.3,+22.8,+23.2,+23,+22.9,+25,MANU,0,0,+0,+0,+0.0157,+0,+0.0372,+0,+0,+0,01:01:01 25.03.2020
6577,+23.6,+20.3,+22.8,+22.6,+22.5,+23.3,+22.8,+23.2,+23,+22.9,+25,MANU,0,0,+0,+0,+0.0157,+0,+0.0372,+0,+0,+0,01:02:01 25.03.2020
6578,+23.6,+20.3,+22.8,+22.6,+22.5,+23.3,+22.8,+23.2,+23,+22.9,+25,MANU,0,0,+0,+0,+0.0157,+0,+0.0372,+0,+0,+0,01:03:01 25.03.2020
6579,+23.6,+20.3,+22.8,+22.6,+22.5,+23.3,+22.8,+23.2,+23,+22.9,+25,MANU,0,0,+0,+0,+0.0157,+0,+0.0372,+0,+0,+0,01:04:01 25.03.2020
6580,+23.6,+20.3,+22.8,+22.6,+22.5,+23.3,+22.8,+23.2,+23,+22.9,+25,MANU,0,0,+0,+0,+0.0157,+0,+0.0372,+0,+0,+0,01:05:01 25.03.2020
6581,+23.6,+20.2,+22.8,+22.6,+22.5,+23.3,+22.8,+23.2,+23,+22.9,+25,MANU,0,0,+0,+0,+0.0157,+0,+0.0372,+0,+0,+0,01:06:01 25.03.2020
6582,+23.6,+20.2,+22.8,+22.6,+22.5,+23.3,+22.8,+23.2,+23,+22.9,+25,MANU,0,0,+0,+0,+0.0157,+0,+0.0372,+0,+0,+0,01:07:01 25.03.2020
6583,+23.6,+20.2,+22.8,+22.6,+22.5,+23.2,+22.8,+23.2,+23,+22.9,+25,MANU,0,0,+0,+0,+0.0157,+0,+0.0372,+0,+0,+0,01:08:01 25.03.2020
6584,+23.6,+20.2,+22.8,+22.6,+22.5,+23.2,+22.8,+23.2,+23,+22.9,+25,MANU,0,0,+0,+0,+0.0157,+0,+0.0372,+0,+0,+0,01:09:01 25.03.2020
6585,+23.6,+20.2,+22.8,+22.6,+22.5,+23.2,+22.8,+23.2,+23,+22.9,+25,MANU,0,0,+0,+0,+0.0157,+0,+0.0372,+0,+0,+0,01:10:01 25.03.2020
6586,+23.6,+20.2,+22.8,+22.5,+22.5,+23.2,+22.8,+23.2,+23,+22.9,+25,MANU,0,0,+0,+0,+0.0157,+0,+0.0372,+0,+0,+0,01:11:01 25.03.2020
6587,+23.6,+20.2,+22.8,+22.6,+22.5,+23.2,+22.8,+23.2,+23,+22.9,+25,MANU,0,0,+0,+0,+0.0157,+0,+0.0372,+0,+0,+0,01:12:01 25.03.2020
6588,+23.6,+20.2,+22.8,+22.5,+22.5,+23.2,+22.8,+23.2,+23,+22.9,+25,MANU,0,0,+0,+0,+0.0157,+0,+0.0372,+0,+0,+0,01:13:01 25.03.2020
6589,+23.6,+20.2,+22.8,+22.5,+22.5,+23.2,+22.8,+23.2,+23,+22.9,+25,MANU,0,0,+0,+0,+0.0157,+0,+0.0372,+0,+0,+0,01:14:01 25.03.2020
6590,+23.6,+20.2,+22.8,+22.5,+22.5,+23.3,+22.8,+23.2,+23,+22.9,+25,MANU,0,0,+0,+0,+0.0157,+0,+0.0372,+0,+0,+0,01:15:01 25.03.2020
6591,+23.6,+20.2,+22.8,+22.5,+22.5,+23.3,+22.8,+23.2,+23,+22.9,+25,MANU,0,0,+0,+0,+0.0157,+0,+0.0372,+0,+0,+0,01:16:01 25.03.2020
6592,+23.6,+20.2,+22.8,+22.5,+22.5,+23.2,+22.8,+23.2,+23,+22.9,+25,MANU,0,0,+0,+0,+0.0157,+0,+0.0372,+0,+0,+0,01:17:01 25.03.2020
6593,+23.6,+20.2,+22.8,+22.5,+22.5,+23.2,+22.8,+23.2,+23,+22.9,+25,MANU,0,0,+0,+0,+0.0157,+0,+0.0372,+0,+0,+0,01:18:01 25.03.2020
6594,+23.6,+20.2,+22.8,+22.5,+22.5,+23.2,+22.8,+23.2,+23,+22.9,+25,MANU,0,0,+0,+0,+0.0157,+0,+0.0372,+0,+0,+0,01:19:01 25.03.2020
6595,+23.6,+20.2,+22.8,+22.5,+22.5,+23.2,+22.8,+23.2,+23,+22.9,+25,MANU,0,0,+0,+0,+0.0157,+0,+0.0372,+0,+0,+0,01:20:01 25.03.2020
6596,+23.6,+20.2,+22.8,+22.5,+22.5,+23.2,+22.8,+23.2,+23,+22.9,+25,MANU,0,0,+0,+0,+0.0157,+0,+0.0372,+0,+0,+0,01:21:01 25.03.2020
6597,+23.6,+20.2,+22.8,+22.5,+22.5,+23.2,+22.8,+23.2,+23,+22.9,+25,MANU,0,0,+0,+0,+0.0157,+0,+0.0372,+0,+0,+0,01:22:01 25.03.2020
6598,+23.6,+20.2,+22.8,+22.5,+22.5,+23.2,+22.8,+23.2,+23,+22.9,+25,MANU,0,0,+0,+0,+0.0157,+0,+0.0372,+0,+0,+0,01:23:01 25.03.2020
6599,+23.6,+20.1,+22.8,+22.5,+22.5,+23.2,+22.8,+23.2,+23,+22.9,+25,MANU,0,0,+0,+0,+0.0157,+0,+0.0372,+0,+0,+0,01:24:01 25.03.2020
6600,+23.6,+20.1,+22.8,+22.5,+22.5,+23.2,+22.8,+23.2,+23,+22.9,+25,MANU,0,0,+0,+0,+0.0157,+0,+0.0372,+0,+0,+0,01:25:01 25.03.2020
6601,+23.6,+20.1,+22.8,+22.5,+22.5,+23.2,+22.8,+23.2,+23,+22.9,+25,MANU,0,0,+0,+0,+0.0157,+0,+0.0372,+0,+0,+0,01:26:01 25.03.2020
6602,+23.6,+20.1,+22.8,+22.5,+22.5,+23.2,+22.8,+23.2,+23,+22.9,+25,MANU,0,0,+0,+0,+0.0157,+0,+0.0372,+0,+0,+0,01:27:01 25.03.2020
6603,+23.6,+20.1,+22.8,+22.5,+22.5,+23.3,+22.8,+23.2,+23,+22.9,+25,MANU,0,0,+0,+0,+0.0157,+0,+0.0372,+0,+0,+0,01:28:01 25.03.2020
6604,+23.6,+20.1,+22.8,+22.5,+22.5,+23.3,+22.8,+23.2,+23,+22.9,+25,MANU,0,0,+0,+0,+0.0157,+0,+0.0372,+0,+0,+0,01:29:01 25.03.2020
6605,+23.6,+20.1,+22.8,+22.5,+22.5,+23.3,+22.8,+23.2,+23,+22.9,+25,MANU,0,0,+0,+0,+0.0157,+0,+0.0372,+0,+0,+0,01:30:01 25.03.2020
6606,+23.6,+20.2,+22.8,+22.5,+22.5,+23.2,+22.8,+23.2,+23,+22.9,+25,MANU,0,0,+0,+0,+0.0157,+0,+0.0372,+0,+0,+0,01:31:01 25.03.2020
6607,+23.6,+20.1,+22.8,+22.5,+22.5,+23.2,+22.8,+23.2,+23,+22.9,+25,MANU,0,0,+0,+0,+0.0157,+0,+0.0372,+0,+0,+0,01:32:01 25.03.2020
6608,+23.6,+20.1,+22.8,+22.5,+22.5,+23.2,+22.8,+23.2,+23,+22.9,+25,MANU,0,0,+0,+0,+0.0157,+0,+0.0372,+0,+0,+0,01:33:01 25.03.2020
6609,+23.6,+20.1,+22.8,+22.5,+22.5,+23.2,+22.8,+23.2,+23,+22.9,+25,MANU,0,0,+0,+0,+0.0157,+0,+0.0372,+0,+0,+0,01:34:01 25.03.2020
6610,+23.6,+20.1,+22.8,+22.5,+22.5,+23.2,+22.8,+23.2,+23,+22.9,+25,MANU,0,0,+0,+0,+0.0157,+0,+0.0372,+0,+0,+0,01:35:01 25.03.2020
6611,+23.6,+20.1,+22.8,+22.5,+22.5,+23.2,+22.8,+23.2,+23,+22.9,+25,MANU,0,0,+0,+0,+0.0157,+0,+0.0372,+0,+0,+0,01:36:01 25.03.2020
6612,+23.6,+20.1,+22.8,+22.5,+22.5,+23.2,+22.8,+23.2,+23,+22.9,+25,MANU,0,0,+0,+0,+0.0157,+0,+0.0372,+0,+0,+0,01:37:01 25.03.2020
6613,+23.6,+20.1,+22.8,+22.5,+22.5,+23.2,+22.8,+23.1,+23,+22.9,+25,MANU,0,0,+0,+0,+0.0156,+0,+0.0372,+0,+0,+0,01:38:01 25.03.2020
6614,+23.6,+20,+22.8,+22.5,+22.5,+23.2,+22.8,+23.2,+23,+22.9,+25,MANU,0,0,+0,+0,+0.0157,+0,+0.0372,+0,+0,+0,01:39:01 25.03.2020
6615,+23.6,+20,+22.8,+22.5,+22.5,+23.3,+22.8,+23.2,+23,+22.9,+25,MANU,0,0,+0,+0,+0.0157,+0,+0.0372,+0,+0,+0,01:40:01 25.03.2020
6616,+23.6,+20,+22.8,+22.5,+22.5,+23.2,+22.8,+23.1,+23,+22.9,+25,MANU,0,0,+0,+0,+0.0157,+0,+0.0372,+0,+0,+0,01:41:01 25.03.2020
6617,+23.6,+20,+22.8,+22.5,+22.5,+23.2,+22.8,+23.1,+23,+22.9,+25,MANU,0,0,+0,+0,+0.0156,+0,+0.0372,+0,+0,+0,01:42:01 25.03.2020
6618,+23.6,+20,+22.8,+22.5,+22.5,+23.2,+22.8,+23.2,+23,+22.9,+25,MANU,0,0,+0,+0,+0.0157,+0,+0.0372,+0,+0,+0,01:43:01 25.03.2020
6619,+23.6,+20,+22.8,+22.5,+22.5,+23.2,+22.8,+23.2,+23,+22.9,+25,MANU,0,0,+0,+0,+0.0157,+0,+0.0372,+0,+0,+0,01:44:01 25.03.2020
6620,+23.6,+20,+22.8,+22.5,+22.5,+23.2,+22.8,+23.2,+23,+22.9,+25,MANU,0,0,+0,+0,+0.0157,+0,+0.0372,+0,+0,+0,01:45:01 25.03.2020
6621,+23.6,+20,+22.8,+22.5,+22.5,+23.2,+22.8,+23.2,+23,+22.8,+25,MANU,0,0,+0,+0,+0.0157,+0,+0.0372,+0,+0,+0,01:46:01 25.03.2020
6622,+23.6,+20,+22.8,+22.5,+22.5,+23.2,+22.8,+23.2,+23,+22.8,+25,MANU,0,0,+0,+0,+0.0156,+0,+0.0372,+0,+0,+0,01:47:01 25.03.2020
6623,+23.6,+20,+22.8,+22.5,+22.5,+23.2,+22.8,+23.1,+23,+22.8,+25,MANU,0,0,+0,+0,+0.0156,+0,+0.0372,+0,+0,+0,01:48:01 25.03.2020
6624,+23.6,+19.9,+22.8,+22.5,+22.5,+23.2,+22.8,+23.1,+23,+22.9,+25,MANU,0,0,+0,+0,+0.0156,+0,+0.0372,+0,+0,+0,01:49:01 25.03.2020
6625,+23.7,+19.9,+22.8,+22.5,+22.5,+23.2,+22.8,+23.1,+23,+22.8,+25,MANU,0,0,+0,+0,+0.0156,+0,+0.0372,+0,+0,+0,01:50:01 25.03.2020
6626,+23.6,+19.9,+22.8,+22.5,+22.5,+23.2,+22.8,+23.1,+23,+22.9,+25,MANU,0,0,+0,+0,+0.0156,+0,+0.0372,+0,+0,+0,01:51:01 25.03.2020
6627,+23.6,+19.9,+22.8,+22.5,+22.5,+23.2,+22.8,+23.2,+23,+22.8,+25,MANU,0,0,+0,+0,+0.0157,+0,+0.0372,+0,+0,+0,01:52:01 25.03.2020
6628,+23.6,+19.9,+22.8,+22.5,+22.5,+23.3,+22.8,+23.1,+23,+22.9,+25,MANU,0,0,+0,+0,+0.0156,+0,+0.0372,+0,+0,+0,01:53:01 25.03.2020
6629,+23.6,+19.9,+22.8,+22.5,+22.5,+23.3,+22.8,+23.2,+23,+22.9,+25,MANU,0,0,+0,+0,+0.0157,+0,+0.0372,+0,+0,+0,01:54:01 25.03.2020
6630,+23.6,+19.9,+22.8,+22.5,+22.5,+23.2,+22.8,+23.2,+23,+22.8,+25,MANU,0,0,+0,+0,+0.0157,+0,+0.0372,+0,+0,+0,01:55:01 25.03.2020
6631,+23.6,+19.9,+22.7,+22.5,+22.5,+23.2,+22.8,+23.2,+23,+22.9,+25,MANU,0,0,+0,+0,+0.0157,+0,+0.0372,+0,+0,+0,01:56:01 25.03.2020
6632,+23.6,+19.9,+22.8,+22.5,+22.5,+23.2,+22.8,+23.1,+23,+22.9,+25,MANU,0,0,+0,+0,+0.0156,+0,+0.0372,+0,+0,+0,01:57:01 25.03.2020
6633,+23.6,+19.9,+22.8,+22.5,+22.5,+23.2,+22.8,+23.2,+23,+22.8,+25,MANU,0,0,+0,+0,+0.0157,+0,+0.0372,+0,+0,+0,01:58:01 25.03.2020
6634,+23.6,+19.9,+22.7,+22.5,+22.5,+23.2,+22.8,+23.1,+23,+22.8,+25,MANU,0,0,+0,+0,+0.0156,+0,+0.0372,+0,+0,+0,01:59:01 25.03.2020
6635,+23.6,+19.9,+22.8,+22.5,+22.4,+23.2,+22.8,+23.1,+23,+22.8,+25,MANU,0,0,+0,+0,+0.0156,+0,+0.0372,+0,+0,+0,02:00:01 25.03.2020
6636,+23.6,+19.9,+22.7,+22.5,+22.4,+23.2,+22.8,+23.1,+23,+22.8,+25,MANU,0,0,+0,+0,+0.0156,+0,+0.0372,+0,+0,+0,02:01:01 25.03.2020
6637,+23.7,+19.9,+22.7,+22.5,+22.4,+23.2,+22.8,+23.1,+23,+22.8,+25,MANU,0,0,+0,+0,+0.0156,+0,+0.0372,+0,+0,+0,02:02:01 25.03.2020
6638,+23.7,+19.9,+22.7,+22.5,+22.4,+23.2,+22.8,+23.1,+23,+22.8,+25,MANU,0,0,+0,+0,+0.0156,+0,+0.0372,+0,+0,+0,02:03:01 25.03.2020
6639,+23.7,+19.9,+22.7,+22.5,+22.4,+23.2,+22.8,+23.1,+23,+22.8,+25,MANU,0,0,+0,+0,+0.0156,+0,+0.0372,+0,+0,+0,02:04:01 25.03.2020
6640,+23.7,+19.9,+22.7,+22.5,+22.4,+23.3,+22.8,+23.1,+23,+22.8,+25,MANU,0,0,+0,+0,+0.0156,+0,+0.0372,+0,+0,+0,02:05:01 25.03.2020
6641,+23.7,+19.9,+22.7,+22.5,+22.4,+23.3,+22.8,+23.1,+23,+22.8,+25,MANU,0,0,+0,+0,+0.0156,+0,+0.0372,+0,+0,+0,02:06:01 25.03.2020
6642,+23.6,+19.9,+22.7,+22.5,+22.4,+23.2,+22.8,+23.1,+23,+22.8,+25,MANU,0,0,+0,+0,+0.0156,+0,+0.0372,+0,+0,+0,02:07:01 25.03.2020
6643,+23.6,+19.9,+22.7,+22.5,+22.4,+23.2,+22.8,+23.1,+23,+22.8,+25,MANU,0,0,+0,+0,+0.0156,+0,+0.0372,+0,+0,+0,02:08:01 25.03.2020
6644,+23.6,+19.8,+22.7,+22.5,+22.4,+23.3,+22.8,+23.1,+23,+22.8,+25,MANU,0,0,+0,+0,+0.0157,+0,+0.0372,+0,+0,+0,02:09:01 25.03.2020
6645,+23.6,+19.8,+22.7,+22.5,+22.4,+23.2,+22.8,+23.1,+23,+22.8,+25,MANU,0,0,+0,+0,+0.0156,+0,+0.0372,+0,+0,+0,02:10:01 25.03.2020
6646,+23.6,+19.8,+22.7,+22.5,+22.4,+23.2,+22.8,+23.1,+23,+22.8,+25,MANU,0,0,+0,+0,+0.0156,+0,+0.0372,+0,+0,+0,02:11:01 25.03.2020
6647,+23.6,+19.8,+22.7,+22.5,+22.4,+23.2,+22.8,+23.1,+23,+22.8,+25,MANU,0,0,+0,+0,+0.0156,+0,+0.0372,+0,+0,+0,02:12:01 25.03.2020
6648,+23.6,+19.8,+22.7,+22.5,+22.4,+23.2,+22.8,+23.1,+23,+22.8,+25,MANU,0,0,+0,+0,+0.0156,+0,+0.0372,+0,+0,+0,02:13:01 25.03.2020
6649,+23.7,+19.8,+22.7,+22.5,+22.4,+23.2,+22.8,+23.1,+23,+22.8,+25,MANU,0,0,+0,+0,+0.0156,+0,+0.0372,+0,+0,+0,02:14:01 25.03.2020
6650,+23.7,+19.8,+22.7,+22.4,+22.4,+23.2,+22.8,+23.1,+23,+22.8,+25,MANU,0,0,+0,+0,+0.0156,+0,+0.0372,+0,+0,+0,02:15:01 25.03.2020
6651,+23.7,+19.8,+22.7,+22.4,+22.4,+23.2,+22.8,+23.1,+23,+22.8,+25,MANU,0,0,+0,+0,+0.0156,+0,+0.0372,+0,+0,+0,02:16:01 25.03.2020
6652,+23.7,+19.8,+22.7,+22.4,+22.4,+23.2,+22.8,+23.1,+23,+22.8,+25,MANU,0,0,+0,+0,+0.0156,+0,+0.0372,+0,+0,+0,02:17:01 25.03.2020
6653,+23.7,+19.8,+22.7,+22.4,+22.4,+23.2,+22.8,+23.1,+23,+22.8,+25,MANU,0,0,+0,+0,+0.0156,+0,+0.0372,+0,+0,+0,02:18:01 25.03.2020
6654,+23.7,+19.8,+22.7,+22.4,+22.4,+23.2,+22.8,+23.1,+23,+22.8,+25,MANU,0,0,+0,+0,+0.0156,+0,+0.0372,+0,+0,+0,02:19:01 25.03.2020
6655,+23.7,+19.8,+22.7,+22.4,+22.4,+23.3,+22.8,+23.1,+23,+22.8,+25,MANU,0,0,+0,+0,+0.0156,+0,+0.0372,+0,+0,+0,02:20:01 25.03.2020
6656,+23.7,+19.8,+22.7,+22.4,+22.4,+23.2,+22.8,+23.1,+23,+22.8,+25,MANU,0,0,+0,+0,+0.0156,+0,+0.0372,+0,+0,+0,02:21:01 25.03.2020
6657,+23.7,+19.8,+22.7,+22.4,+22.4,+23.2,+22.8,+23.1,+23,+22.8,+25,MANU,0,0,+0,+0,+0.0156,+0,+0.0372,+0,+0,+0,02:22:01 25.03.2020
6658,+23.7,+19.8,+22.7,+22.4,+22.4,+23.2,+22.8,+23.1,+23,+22.8,+25,MANU,0,0,+0,+0,+0.0156,+0,+0.0372,+0,+0,+0,02:23:01 25.03.2020
6659,+23.7,+19.8,+22.7,+22.4,+22.4,+23.2,+22.8,+23.1,+23,+22.8,+25,MANU,0,0,+0,+0,+0.0156,+0,+0.0372,+0,+0,+0,02:24:01 25.03.2020
6660,+23.6,+19.8,+22.7,+22.4,+22.4,+23.2,+22.8,+23.1,+23,+22.8,+25,MANU,0,0,+0,+0,+0.0156,+0,+0.0372,+0,+0,+0,02:25:01 25.03.2020
6661,+23.7,+19.7,+22.7,+22.4,+22.4,+23.2,+22.8,+23.1,+23,+22.8,+25,MANU,0,0,+0,+0,+0.0156,+0,+0.0372,+0,+0,+0,02:26:01 25.03.2020
6662,+23.7,+19.7,+22.7,+22.4,+22.4,+23.2,+22.8,+23.1,+23,+22.8,+25,MANU,0,0,+0,+0,+0.0156,+0,+0.0372,+0,+0,+0,02:27:01 25.03.2020
6663,+23.7,+19.7,+22.7,+22.4,+22.4,+23.2,+22.8,+23.1,+23,+22.8,+25,MANU,0,0,+0,+0,+0.0156,+0,+0.0372,+0,+0,+0,02:28:01 25.03.2020
6664,+23.7,+19.7,+22.7,+22.4,+22.4,+23.2,+22.8,+23.1,+23,+22.8,+25,MANU,0,0,+0,+0,+0.0156,+0,+0.0372,+0,+0,+0,02:29:01 25.03.2020
6665,+23.7,+19.7,+22.7,+22.4,+22.4,+23.2,+22.8,+23.1,+23,+22.8,+25,MANU,0,0,+0,+0,+0.0156,+0,+0.0372,+0,+0,+0,02:30:01 25.03.2020
6666,+23.7,+19.8,+22.7,+22.4,+22.4,+23.2,+22.8,+23.1,+23,+22.8,+25,MANU,0,0,+0,+0,+0.0156,+0,+0.0372,+0,+0,+0,02:31:01 25.03.2020
6667,+23.7,+19.7,+22.7,+22.4,+22.4,+23.2,+22.8,+23.1,+23,+22.8,+25,MANU,0,0,+0,+0,+0.0156,+0,+0.0372,+0,+0,+0,02:32:01 25.03.2020
6668,+23.7,+19.7,+22.7,+22.4,+22.4,+23.2,+22.8,+23.1,+23,+22.8,+25,MANU,0,0,+0,+0,+0.0156,+0,+0.0372,+0,+0,+0,02:33:01 25.03.2020
6669,+23.7,+19.7,+22.7,+22.4,+22.4,+23.2,+22.8,+23.1,+23,+22.8,+25,MANU,0,0,+0,+0,+0.0156,+0,+0.0372,+0,+0,+0,02:34:01 25.03.2020
6670,+23.7,+19.7,+22.7,+22.4,+22.4,+23.2,+22.8,+23.1,+23,+22.8,+25,MANU,0,0,+0,+0,+0.0156,+0,+0.0372,+0,+0,+0,02:35:01 25.03.2020
6671,+23.7,+19.7,+22.7,+22.4,+22.4,+23.2,+22.8,+23.1,+23,+22.8,+25,MANU,0,0,+0,+0,+0.0156,+0,+0.0372,+0,+0,+0,02:36:01 25.03.2020
6672,+23.7,+19.7,+22.7,+22.4,+22.4,+23.2,+22.8,+23.1,+23,+22.8,+25,MANU,0,0,+0,+0,+0.0156,+0,+0.0372,+0,+0,+0,02:37:01 25.03.2020
6673,+23.7,+19.7,+22.7,+22.4,+22.4,+23.2,+22.8,+23.1,+23,+22.8,+25,MANU,0,0,+0,+0,+0.0156,+0,+0.0372,+0,+0,+0,02:38:01 25.03.2020
6674,+23.7,+19.7,+22.7,+22.4,+22.4,+23.2,+22.8,+23.1,+23,+22.8,+25,MANU,0,0,+0,+0,+0.0156,+0,+0.0372,+0,+0,+0,02:39:01 25.03.2020
6675,+23.7,+19.7,+22.7,+22.4,+22.4,+23.2,+22.8,+23.1,+23,+22.8,+25,MANU,0,0,+0,+0,+0.0156,+0,+0.0372,+0,+0,+0,02:40:01 25.03.2020
6676,+23.7,+19.7,+22.7,+22.4,+22.4,+23.2,+22.8,+23.1,+23,+22.8,+25,MANU,0,0,+0,+0,+0.0156,+0,+0.0372,+0,+0,+0,02:41:01 25.03.2020
6677,+23.7,+19.7,+22.7,+22.4,+22.4,+23.2,+22.8,+23.1,+23,+22.8,+25,MANU,0,0,+0,+0,+0.0156,+0,+0.0372,+0,+0,+0,02:42:01 25.03.2020
6678,+23.7,+19.7,+22.7,+22.4,+22.4,+23.2,+22.8,+23.1,+23,+22.8,+25,MANU,0,0,+0,+0,+0.0156,+0,+0.0372,+0,+0,+0,02:43:01 25.03.2020
6679,+23.7,+19.6,+22.7,+22.4,+22.3,+23.2,+22.8,+23.1,+23,+22.8,+25,MANU,0,0,+0,+0,+0.0156,+0,+0.0372,+0,+0,+0,02:44:01 25.03.2020
6680,+23.7,+19.6,+22.7,+22.4,+22.3,+23.2,+22.8,+23.1,+23,+22.8,+25,MANU,0,0,+0,+0,+0.0156,+0,+0.0372,+0,+0,+0,02:45:01 25.03.2020
6681,+23.7,+19.6,+22.6,+22.4,+22.3,+23.2,+22.8,+23.1,+23,+22.8,+25,MANU,0,0,+0,+0,+0.0156,+0,+0.0372,+0,+0,+0,02:46:01 25.03.2020
6682,+23.6,+19.6,+22.6,+22.4,+22.3,+23.2,+22.8,+23.1,+23,+22.8,+25,MANU,0,0,+0,+0,+0.0156,+0,+0.0372,+0,+0,+0,02:47:01 25.03.2020
6683,+23.6,+19.6,+22.6,+22.4,+22.3,+23.2,+22.8,+23.1,+23,+22.8,+25,MANU,0,0,+0,+0,+0.0156,+0,+0.0372,+0,+0,+0,02:48:01 25.03.2020
6684,+23.6,+19.6,+22.6,+22.4,+22.3,+23.2,+22.8,+23.1,+23,+22.8,+25,MANU,0,0,+0,+0,+0.0156,+0,+0.0372,+0,+0,+0,02:49:01 25.03.2020
6685,+23.6,+19.6,+22.6,+22.4,+22.3,+23.2,+22.8,+23.1,+23,+22.8,+25,MANU,0,0,+0,+0,+0.0156,+0,+0.0372,+0,+0,+0,02:50:01 25.03.2020
6686,+23.6,+19.6,+22.6,+22.4,+22.3,+23.2,+22.8,+23.1,+23,+22.8,+25,MANU,0,0,+0,+0,+0.0156,+0,+0.0372,+0,+0,+0,02:51:01 25.03.2020
6687,+23.6,+19.6,+22.6,+22.4,+22.3,+23.2,+22.8,+23.1,+23,+22.8,+25,MANU,0,0,+0,+0,+0.0156,+0,+0.0372,+0,+0,+0,02:52:01 25.03.2020
6688,+23.6,+19.6,+22.6,+22.4,+22.3,+23.2,+22.8,+23.1,+23,+22.8,+25,MANU,0,0,+0,+0,+0.0156,+0,+0.0372,+0,+0,+0,02:53:01 25.03.2020
6689,+23.6,+19.6,+22.6,+22.4,+22.3,+23.2,+22.8,+23.1,+23,+22.8,+25,MANU,0,0,+0,+0,+0.0156,+0,+0.0372,+0,+0,+0,02:54:01 25.03.2020
6690,+23.6,+19.6,+22.6,+22.4,+22.3,+23.2,+22.8,+23.1,+23,+22.8,+25,MANU,0,0,+0,+0,+0.0156,+0,+0.0372,+0,+0,+0,02:55:01 25.03.2020
6691,+23.6,+19.6,+22.6,+22.4,+22.3,+23.2,+22.8,+23.1,+23,+22.8,+25,MANU,0,0,+0,+0,+0.0156,+0,+0.0372,+0,+0,+0,02:56:01 25.03.2020
6692,+23.6,+19.6,+22.6,+22.4,+22.3,+23.2,+22.8,+23.1,+23,+22.8,+25,MANU,0,0,+0,+0,+0.0156,+0,+0.0372,+0,+0,+0,02:57:01 25.03.2020
6693,+23.6,+19.5,+22.6,+22.4,+22.3,+23.2,+22.8,+23.1,+23,+22.8,+25,MANU,0,0,+0,+0,+0.0156,+0,+0.0372,+0,+0,+0,02:58:01 25.03.2020
6694,+23.6,+19.5,+22.6,+22.4,+22.3,+23.2,+22.8,+23.1,+23,+22.8,+25,MANU,0,0,+0,+0,+0.0156,+0,+0.0372,+0,+0,+0,02:59:01 25.03.2020
6695,+23.5,+19.5,+22.6,+22.4,+22.3,+23.2,+22.8,+23.1,+23,+22.8,+25,MANU,0,0,+0,+0,+0.0156,+0,+0.0372,+0,+0,+0,03:00:01 25.03.2020
6696,+23.5,+19.5,+22.6,+22.4,+22.3,+23.2,+22.8,+23.1,+23,+22.8,+25,MANU,0,0,+0,+0,+0.0156,+0,+0.0372,+0,+0,+0,03:01:01 25.03.2020
6697,+23.5,+19.5,+22.6,+22.4,+22.3,+23.2,+22.8,+23.1,+23,+22.8,+25,MANU,0,0,+0,+0,+0.0156,+0,+0.0372,+0,+0,+0,03:02:01 25.03.2020
6698,+23.5,+19.5,+22.6,+22.4,+22.3,+23.2,+22.8,+23.1,+23,+22.8,+25,MANU,0,0,+0,+0,+0.0156,+0,+0.0372,+0,+0,+0,03:03:01 25.03.2020
6699,+23.5,+19.5,+22.6,+22.3,+22.3,+23.2,+22.8,+23.1,+23,+22.8,+25,MANU,0,0,+0,+0,+0.0156,+0,+0.0372,+0,+0,+0,03:04:01 25.03.2020
6700,+23.5,+19.5,+22.6,+22.3,+22.3,+23.2,+22.8,+23.1,+23,+22.8,+25,MANU,0,0,+0,+0,+0.0156,+0,+0.0372,+0,+0,+0,03:05:01 25.03.2020
6701,+23.5,+19.5,+22.6,+22.3,+22.3,+23.2,+22.8,+23.1,+23,+22.8,+25,MANU,0,0,+0,+0,+0.0156,+0,+0.0372,+0,+0,+0,03:06:01 25.03.2020
6702,+23.5,+19.5,+22.6,+22.3,+22.3,+23.2,+22.8,+23.1,+23,+22.8,+25,MANU,0,0,+0,+0,+0.0156,+0,+0.0371,+0,+0,+0,03:07:01 25.03.2020
6703,+23.5,+19.5,+22.6,+22.3,+22.3,+23.2,+22.8,+23.1,+23,+22.8,+25,MANU,0,0,+0,+0,+0.0156,+0,+0.0372,+0,+0,+0,03:08:01 25.03.2020
6704,+23.5,+19.5,+22.6,+22.3,+22.3,+23.2,+22.8,+23.1,+23,+22.8,+25,MANU,0,0,+0,+0,+0.0156,+0,+0.0372,+0,+0,+0,03:09:01 25.03.2020
6705,+23.4,+19.5,+22.6,+22.3,+22.3,+23.2,+22.8,+23.1,+23,+22.8,+25,MANU,0,0,+0,+0,+0.0156,+0,+0.0372,+0,+0,+0,03:10:01 25.03.2020
6706,+23.4,+19.5,+22.6,+22.3,+22.3,+23.2,+22.8,+23.1,+23,+22.8,+25,MANU,0,0,+0,+0,+0.0156,+0,+0.0372,+0,+0,+0,03:11:01 25.03.2020
6707,+23.4,+19.5,+22.6,+22.3,+22.3,+23.2,+22.8,+23.1,+23,+22.8,+25,MANU,0,0,+0,+0,+0.0156,+0,+0.0372,+0,+0,+0,03:12:01 25.03.2020
6708,+23.4,+19.5,+22.6,+22.3,+22.3,+23.2,+22.8,+23.1,+23,+22.8,+25,MANU,0,0,+0,+0,+0.0156,+0,+0.0372,+0,+0,+0,03:13:01 25.03.2020
6709,+23.4,+19.5,+22.6,+22.3,+22.3,+23.2,+22.8,+23.1,+23,+22.8,+25,MANU,0,0,+0,+0,+0.0156,+0,+0.0372,+0,+0,+0,03:14:01 25.03.2020
6710,+23.4,+19.5,+22.6,+22.3,+22.3,+23.2,+22.8,+23.1,+23,+22.8,+25,MANU,0,0,+0,+0,+0.0156,+0,+0.0372,+0,+0,+0,03:15:01 25.03.2020
6711,+23.3,+19.5,+22.6,+22.3,+22.3,+23.2,+22.8,+23.1,+23,+22.8,+25,MANU,0,0,+0,+0,+0.0156,+0,+0.0372,+0,+0,+0,03:16:01 25.03.2020
6712,+23.3,+19.4,+22.6,+22.3,+22.3,+23.2,+22.8,+23.1,+23,+22.8,+25,MANU,0,0,+0,+0,+0.0156,+0,+0.0371,+0,+0,+0,03:17:01 25.03.2020
6713,+23.3,+19.4,+22.6,+22.3,+22.3,+23.2,+22.8,+23.1,+23,+22.8,+25,MANU,0,0,+0,+0,+0.0156,+0,+0.0371,+0,+0,+0,03:18:01 25.03.2020
6714,+23.3,+19.4,+22.6,+22.3,+22.3,+23.2,+22.8,+23.1,+23,+22.8,+25,MANU,0,0,+0,+0,+0.0156,+0,+0.0371,+0,+0,+0,03:19:01 25.03.2020
6715,+23.3,+19.4,+22.6,+22.3,+22.3,+23.2,+22.7,+23.1,+23,+22.8,+25,MANU,0,0,+0,+0,+0.0156,+0,+0.0371,+0,+0,+0,03:20:01 25.03.2020
6716,+23.3,+19.4,+22.6,+22.3,+22.3,+23.2,+22.7,+23.1,+23,+22.8,+25,MANU,0,0,+0,+0,+0.0156,+0,+0.0371,+0,+0,+0,03:21:01 25.03.2020
6717,+23.3,+19.4,+22.6,+22.3,+22.3,+23.2,+22.7,+23.1,+23,+22.8,+25,MANU,0,0,+0,+0,+0.0156,+0,+0.0371,+0,+0,+0,03:22:01 25.03.2020
6718,+23.3,+19.4,+22.6,+22.3,+22.3,+23.2,+22.7,+23.1,+23,+22.8,+25,MANU,0,0,+0,+0,+0.0156,+0,+0.0372,+0,+0,+0,03:23:01 25.03.2020
6719,+23.3,+19.4,+22.6,+22.3,+22.3,+23.2,+22.7,+23.1,+23,+22.8,+25,MANU,0,0,+0,+0,+0.0156,+0,+0.0371,+0,+0,+0,03:24:01 25.03.2020
6720,+23.3,+19.4,+22.6,+22.3,+22.3,+23.2,+22.7,+23.1,+23,+22.8,+25,MANU,0,0,+0,+0,+0.0156,+0,+0.0371,+0,+0,+0,03:25:01 25.03.2020
6721,+23.3,+19.4,+22.6,+22.3,+22.3,+23.2,+22.7,+23.1,+23,+22.8,+25,MANU,0,0,+0,+0,+0.0156,+0,+0.0371,+0,+0,+0,03:26:01 25.03.2020
6722,+23.3,+19.4,+22.6,+22.3,+22.3,+23.2,+22.7,+23.1,+22.9,+22.8,+25,MANU,0,0,+0,+0,+0.0156,+0,+0.0371,+0,+0,+0,03:27:01 25.03.2020
6723,+23.2,+19.4,+22.6,+22.3,+22.3,+23.2,+22.7,+23.1,+23,+22.8,+25,MANU,0,0,+0,+0,+0.0156,+0,+0.0371,+0,+0,+0,03:28:01 25.03.2020
6724,+23.2,+19.4,+22.6,+22.3,+22.3,+23.2,+22.7,+23.1,+23,+22.8,+25,MANU,0,0,+0,+0,+0.0156,+0,+0.0371,+0,+0,+0,03:29:01 25.03.2020
6725,+23.2,+19.4,+22.6,+22.3,+22.3,+23.2,+22.7,+23.1,+23,+22.8,+25,MANU,0,0,+0,+0,+0.0156,+0,+0.0371,+0,+0,+0,03:30:01 25.03.2020
6726,+23.2,+19.4,+22.5,+22.3,+22.3,+23.2,+22.7,+23,+22.9,+22.8,+25,MANU,0,0,+0,+0,+0.0156,+0,+0.0371,+0,+0,+0,03:31:01 25.03.2020
6727,+23.2,+19.4,+22.6,+22.3,+22.3,+23.2,+22.7,+23,+22.9,+22.8,+25,MANU,0,0,+0,+0,+0.0156,+0,+0.0371,+0,+0,+0,03:32:01 25.03.2020
6728,+23.2,+19.4,+22.5,+22.3,+22.3,+23.2,+22.7,+23,+22.9,+22.8,+25,MANU,0,0,+0,+0,+0.0156,+0,+0.0371,+0,+0,+0,03:33:01 25.03.2020
6729,+23.2,+19.4,+22.5,+22.3,+22.3,+23.2,+22.7,+23,+22.9,+22.8,+25,MANU,0,0,+0,+0,+0.0156,+0,+0.0371,+0,+0,+0,03:34:01 25.03.2020
6730,+23.2,+19.4,+22.5,+22.3,+22.3,+23.2,+22.7,+23,+22.9,+22.8,+25,MANU,0,0,+0,+0,+0.0156,+0,+0.0371,+0,+0,+0,03:35:01 25.03.2020
6731,+23.2,+19.4,+22.5,+22.3,+22.3,+23.2,+22.7,+23,+22.9,+22.8,+25,MANU,0,0,+0,+0,+0.0156,+0,+0.0371,+0,+0,+0,03:36:01 25.03.2020
6732,+23.1,+19.4,+22.5,+22.3,+22.3,+23.2,+22.7,+23,+22.9,+22.8,+25,MANU,0,0,+0,+0,+0.0156,+0,+0.0371,+0,+0,+0,03:37:01 25.03.2020
6733,+23.1,+19.4,+22.5,+22.3,+22.3,+23.2,+22.7,+23,+22.9,+22.8,+25,MANU,0,0,+0,+0,+0.0156,+0,+0.0371,+0,+0,+0,03:38:01 25.03.2020
6734,+23.1,+19.4,+22.5,+22.3,+22.3,+23.2,+22.7,+23,+22.9,+22.8,+25,MANU,0,0,+0,+0,+0.0156,+0,+0.0371,+0,+0,+0,03:39:01 25.03.2020
6735,+23.1,+19.4,+22.5,+22.3,+22.3,+23.2,+22.7,+23,+22.9,+22.8,+25,MANU,0,0,+0,+0,+0.0156,+0,+0.0371,+0,+0,+0,03:40:01 25.03.2020
6736,+23.1,+19.3,+22.5,+22.3,+22.3,+23.2,+22.7,+23,+22.9,+22.8,+25,MANU,0,0,+0,+0,+0.0156,+0,+0.0371,+0,+0,+0,03:41:01 25.03.2020
6737,+23.1,+19.3,+22.5,+22.3,+22.3,+23.2,+22.7,+23,+22.9,+22.8,+25,MANU,0,0,+0,+0,+0.0156,+0,+0.0371,+0,+0,+0,03:42:01 25.03.2020
6738,+23.1,+19.3,+22.5,+22.3,+22.3,+23.2,+22.7,+23,+22.9,+22.8,+25,MANU,0,0,+0,+0,+0.0156,+0,+0.0371,+0,+0,+0,03:43:01 25.03.2020
6739,+23.1,+19.3,+22.5,+22.3,+22.3,+23.2,+22.7,+23,+22.9,+22.8,+25,MANU,0,0,+0,+0,+0.0156,+0,+0.0371,+0,+0,+0,03:44:01 25.03.2020
6740,+23.1,+19.3,+22.5,+22.3,+22.2,+23.2,+22.7,+23,+22.9,+22.8,+25,MANU,0,0,+0,+0,+0.0156,+0,+0.0371,+0,+0,+0,03:45:01 25.03.2020
6741,+23.1,+19.3,+22.5,+22.3,+22.3,+23.2,+22.7,+23,+22.9,+22.8,+25,MANU,0,0,+0,+0,+0.0156,+0,+0.0371,+0,+0,+0,03:46:01 25.03.2020
6742,+23,+19.3,+22.5,+22.3,+22.2,+23.2,+22.7,+23,+22.9,+22.8,+25,MANU,0,0,+0,+0,+0.0156,+0,+0.0371,+0,+0,+0,03:47:01 25.03.2020
6743,+23,+19.3,+22.5,+22.3,+22.2,+23.2,+22.7,+23,+22.9,+22.8,+25,MANU,0,0,+0,+0,+0.0156,+0,+0.0371,+0,+0,+0,03:48:01 25.03.2020
6744,+23,+19.3,+22.5,+22.3,+22.2,+23.2,+22.7,+23,+22.9,+22.8,+25,MANU,0,0,+0,+0,+0.0156,+0,+0.0371,+0,+0,+0,03:49:01 25.03.2020
6745,+23,+19.3,+22.5,+22.3,+22.2,+23.2,+22.7,+23,+22.9,+22.8,+25,MANU,0,0,+0,+0,+0.0156,+0,+0.0371,+0,+0,+0,03:50:01 25.03.2020
6746,+23,+19.3,+22.5,+22.3,+22.2,+23.2,+22.7,+23,+22.9,+22.8,+25,MANU,0,0,+0,+0,+0.0156,+0,+0.0371,+0,+0,+0,03:51:01 25.03.2020
6747,+23,+19.3,+22.5,+22.3,+22.2,+23.2,+22.7,+23,+22.9,+22.8,+25,MANU,0,0,+0,+0,+0.0156,+0,+0.0371,+0,+0,+0,03:52:01 25.03.2020
6748,+23,+19.2,+22.5,+22.3,+22.2,+23.2,+22.7,+23,+22.9,+22.7,+25,MANU,0,0,+0,+0,+0.0156,+0,+0.0371,+0,+0,+0,03:53:01 25.03.2020
6749,+23,+19.2,+22.5,+22.3,+22.2,+23.2,+22.6,+23,+22.9,+22.7,+25,MANU,0,0,+0,+0,+0.0156,+0,+0.0371,+0,+0,+0,03:54:01 25.03.2020
6750,+23,+19.2,+22.5,+22.3,+22.2,+23.2,+22.6,+23,+22.9,+22.7,+25,MANU,0,0,+0,+0,+0.0156,+0,+0.0371,+0,+0,+0,03:55:01 25.03.2020
6751,+23,+19.2,+22.5,+22.3,+22.2,+23.2,+22.6,+23,+22.9,+22.7,+25,MANU,0,0,+0,+0,+0.0156,+0,+0.0371,+0,+0,+0,03:56:01 25.03.2020
6752,+23,+19.2,+22.5,+22.3,+22.2,+23.1,+22.6,+23,+22.9,+22.7,+25,MANU,0,0,+0,+0,+0.0156,+0,+0.0371,+0,+0,+0,03:57:01 25.03.2020
6753,+23,+19.2,+22.5,+22.3,+22.2,+23.1,+22.6,+23,+22.9,+22.7,+25,MANU,0,0,+0,+0,+0.0156,+0,+0.0371,+0,+0,+0,03:58:01 25.03.2020
6754,+23,+19.2,+22.5,+22.3,+22.2,+23.1,+22.6,+23,+22.9,+22.7,+25,MANU,0,0,+0,+0,+0.0156,+0,+0.0371,+0,+0,+0,03:59:01 25.03.2020
6755,+23,+19.2,+22.5,+22.3,+22.2,+23.1,+22.6,+23,+22.9,+22.7,+25,MANU,0,0,+0,+0,+0.0156,+0,+0.0371,+0,+0,+0,04:00:01 25.03.2020
6756,+23,+19.2,+22.5,+22.3,+22.2,+23.1,+22.6,+23,+22.9,+22.7,+25,MANU,0,0,+0,+0,+0.0156,+0,+0.0371,+0,+0,+0,04:01:01 25.03.2020
6757,+23,+19.2,+22.5,+22.3,+22.2,+23,+22.6,+23,+22.9,+22.7,+25,MANU,0,0,+0,+0,+0.0156,+0,+0.0371,+0,+0,+0,04:02:01 25.03.2020
6758,+23,+19.2,+22.5,+22.3,+22.2,+23,+22.6,+23,+22.9,+22.7,+25,MANU,0,0,+0,+0,+0.0156,+0,+0.0371,+0,+0,+0,04:03:01 25.03.2020
6759,+23,+19.2,+22.5,+22.3,+22.2,+23,+22.6,+23,+22.9,+22.7,+25,MANU,0,0,+0,+0,+0.0156,+0,+0.0371,+0,+0,+0,04:04:01 25.03.2020
6760,+23,+19.2,+22.5,+22.3,+22.2,+23,+22.6,+23,+22.9,+22.7,+25,MANU,0,0,+0,+0,+0.0156,+0,+0.0371,+0,+0,+0,04:05:01 25.03.2020
6761,+23,+19.2,+22.5,+22.3,+22.2,+23,+22.6,+23,+22.9,+22.7,+25,MANU,0,0,+0,+0,+0.0156,+0,+0.0371,+0,+0,+0,04:06:01 25.03.2020
6762,+23,+19.2,+22.5,+22.3,+22.2,+23,+22.6,+23,+22.9,+22.7,+25,MANU,0,0,+0,+0,+0.0156,+0,+0.0371,+0,+0,+0,04:07:01 25.03.2020
6763,+23,+19.2,+22.5,+22.3,+22.2,+23,+22.6,+23,+22.9,+22.7,+25,MANU,0,0,+0,+0,+0.0156,+0,+0.0371,+0,+0,+0,04:08:01 25.03.2020
6764,+23,+19.2,+22.5,+22.3,+22.2,+23,+22.6,+23,+22.9,+22.7,+25,MANU,0,0,+0,+0,+0.0156,+0,+0.0371,+0,+0,+0,04:09:01 25.03.2020
6765,+23,+19.2,+22.5,+22.3,+22.2,+23,+22.6,+23,+22.9,+22.7,+25,MANU,0,0,+0,+0,+0.0156,+0,+0.0371,+0,+0,+0,04:10:01 25.03.2020
6766,+23,+19.2,+22.5,+22.3,+22.2,+23,+22.6,+23,+22.9,+22.7,+25,MANU,0,0,+0,+0,+0.0156,+0,+0.0371,+0,+0,+0,04:11:01 25.03.2020
6767,+23,+19.2,+22.5,+22.2,+22.2,+23,+22.6,+23,+22.9,+22.7,+25,MANU,0,0,+0,+0,+0.0156,+0,+0.0371,+0,+0,+0,04:12:01 25.03.2020
6768,+23,+19.2,+22.5,+22.3,+22.2,+23,+22.6,+23,+22.9,+22.7,+25,MANU,0,0,+0,+0,+0.0156,+0,+0.0371,+0,+0,+0,04:13:01 25.03.2020
6769,+23,+19.2,+22.5,+22.2,+22.2,+23,+22.6,+23,+22.9,+22.7,+25,MANU,0,0,+0,+0,+0.0156,+0,+0.0371,+0,+0,+0,04:14:01 25.03.2020
6770,+23,+19.2,+22.5,+22.2,+22.2,+23,+22.6,+23,+22.9,+22.7,+25,MANU,0,0,+0,+0,+0.0156,+0,+0.0371,+0,+0,+0,04:15:01 25.03.2020
6771,+23,+19.2,+22.5,+22.2,+22.2,+23,+22.6,+23,+22.9,+22.7,+25,MANU,0,0,+0,+0,+0.0156,+0,+0.0371,+0,+0,+0,04:16:01 25.03.2020
6772,+23,+19.1,+22.5,+22.2,+22.2,+23,+22.6,+23,+22.9,+22.7,+25,MANU,0,0,+0,+0,+0.0156,+0,+0.0371,+0,+0,+0,04:17:01 25.03.2020
6773,+23,+19.1,+22.5,+22.2,+22.2,+23,+22.6,+23,+22.9,+22.7,+25,MANU,0,0,+0,+0,+0.0156,+0,+0.0371,+0,+0,+0,04:18:01 25.03.2020
6774,+23,+19.1,+22.5,+22.2,+22.2,+23,+22.6,+23,+22.9,+22.7,+25,MANU,0,0,+0,+0,+0.0156,+0,+0.0371,+0,+0,+0,04:19:01 25.03.2020
6775,+23,+19.1,+22.5,+22.2,+22.2,+23,+22.6,+23,+22.9,+22.7,+25,MANU,0,0,+0,+0,+0.0156,+0,+0.0371,+0,+0,+0,04:20:01 25.03.2020
6776,+23,+19.1,+22.5,+22.2,+22.2,+23,+22.6,+23,+22.9,+22.7,+25,MANU,0,0,+0,+0,+0.0156,+0,+0.0371,+0,+0,+0,04:21:01 25.03.2020
6777,+23,+19.1,+22.5,+22.2,+22.2,+23,+22.6,+23,+22.9,+22.7,+25,MANU,0,0,+0,+0,+0.0156,+0,+0.0371,+0,+0,+0,04:22:01 25.03.2020
6778,+23,+19.1,+22.5,+22.2,+22.2,+23,+22.6,+23,+22.9,+22.7,+25,MANU,0,0,+0,+0,+0.0156,+0,+0.0371,+0,+0,+0,04:23:01 25.03.2020
6779,+23,+19.1,+22.5,+22.2,+22.2,+23,+22.6,+23,+22.9,+22.7,+25,MANU,0,0,+0,+0,+0.0156,+0,+0.0371,+0,+0,+0,04:24:01 25.03.2020
6780,+23,+19.1,+22.5,+22.2,+22.2,+23,+22.6,+23,+22.9,+22.7,+25,MANU,0,0,+0,+0,+0.0156,+0,+0.0371,+0,+0,+0,04:25:01 25.03.2020
6781,+23,+19.1,+22.5,+22.2,+22.2,+23,+22.6,+23,+22.8,+22.7,+25,MANU,0,0,+0,+0,+0.0156,+0,+0.0371,+0,+0,+0,04:26:01 25.03.2020
6782,+23,+19.1,+22.5,+22.2,+22.2,+23,+22.6,+23,+22.9,+22.7,+25,MANU,0,0,+0,+0,+0.0156,+0,+0.0371,+0,+0,+0,04:27:01 25.03.2020
6783,+23,+19.1,+22.5,+22.2,+22.2,+23,+22.6,+23,+22.9,+22.7,+25,MANU,0,0,+0,+0,+0.0156,+0,+0.0371,+0,+0,+0,04:28:01 25.03.2020
6784,+23,+19.1,+22.5,+22.2,+22.1,+23,+22.6,+23,+22.8,+22.7,+25,MANU,0,0,+0,+0,+0.0156,+0,+0.0371,+0,+0,+0,04:29:01 25.03.2020
6785,+23,+19.1,+22.5,+22.2,+22.1,+23,+22.5,+23,+22.9,+22.7,+25,MANU,0,0,+0,+0,+0.0156,+0,+0.0371,+0,+0,+0,04:30:01 25.03.2020
6786,+23,+19.1,+22.5,+22.2,+22.1,+23,+22.5,+23,+22.8,+22.7,+25,MANU,0,0,+0,+0,+0.0156,+0,+0.0371,+0,+0,+0,04:31:01 25.03.2020
6787,+23,+19.1,+22.5,+22.2,+22.1,+23,+22.5,+23,+22.8,+22.7,+25,MANU,0,0,+0,+0,+0.0156,+0,+0.0371,+0,+0,+0,04:32:01 25.03.2020
6788,+23,+19.1,+22.5,+22.2,+22.1,+23,+22.5,+23,+22.8,+22.7,+25,MANU,0,0,+0,+0,+0.0156,+0,+0.0371,+0,+0,+0,04:33:01 25.03.2020
6789,+23,+19.1,+22.5,+22.2,+22.1,+23,+22.5,+23,+22.8,+22.7,+25,MANU,0,0,+0,+0,+0.0156,+0,+0.0371,+0,+0,+0,04:34:01 25.03.2020
6790,+23,+19.1,+22.4,+22.2,+22.1,+23,+22.5,+23,+22.8,+22.7,+25,MANU,0,0,+0,+0,+0.0156,+0,+0.0371,+0,+0,+0,04:35:01 25.03.2020
6791,+23,+19.1,+22.4,+22.2,+22.1,+23,+22.5,+23,+22.8,+22.7,+25,MANU,0,0,+0,+0,+0.0156,+0,+0.0371,+0,+0,+0,04:36:01 25.03.2020
6792,+23,+19.1,+22.5,+22.2,+22.1,+23,+22.5,+23,+22.8,+22.7,+25,MANU,0,0,+0,+0,+0.0156,+0,+0.0371,+0,+0,+0,04:37:01 25.03.2020
6793,+23,+19.1,+22.4,+22.2,+22.1,+23,+22.5,+23,+22.8,+22.7,+25,MANU,0,0,+0,+0,+0.0156,+0,+0.0371,+0,+0,+0,04:38:01 25.03.2020
6794,+23,+19.1,+22.4,+22.2,+22.1,+23,+22.5,+23,+22.8,+22.7,+25,MANU,0,0,+0,+0,+0.0156,+0,+0.0371,+0,+0,+0,04:39:01 25.03.2020
6795,+23,+19,+22.4,+22.2,+22.1,+23,+22.5,+23,+22.8,+22.7,+25,MANU,0,0,+0,+0,+0.0156,+0,+0.0371,+0,+0,+0,04:40:01 25.03.2020
6796,+23,+19,+22.4,+22.2,+22.1,+23,+22.5,+23,+22.8,+22.7,+25,MANU,0,0,+0,+0,+0.0156,+0,+0.0371,+0,+0,+0,04:41:01 25.03.2020
6797,+23,+19,+22.4,+22.2,+22.1,+23,+22.5,+23,+22.9,+22.7,+25,MANU,0,0,+0,+0,+0.0156,+0,+0.0371,+0,+0,+0,04:42:01 25.03.2020
6798,+23,+19,+22.4,+22.2,+22.1,+23,+22.5,+23,+22.9,+22.7,+25,MANU,0,0,+0,+0,+0.0156,+0,+0.0371,+0,+0,+0,04:43:01 25.03.2020
6799,+23,+19,+22.4,+22.2,+22.1,+23,+22.5,+23,+22.8,+22.7,+25,MANU,0,0,+0,+0,+0.0156,+0,+0.0371,+0,+0,+0,04:44:01 25.03.2020
6800,+23,+19,+22.4,+22.2,+22.1,+23,+22.5,+23,+22.8,+22.7,+25,MANU,0,0,+0,+0,+0.0156,+0,+0.0371,+0,+0,+0,04:45:01 25.03.2020
6801,+23.1,+19,+22.4,+22.2,+22.1,+23,+22.5,+23,+22.8,+22.7,+25,MANU,0,0,+0,+0,+0.0156,+0,+0.0371,+0,+0,+0,04:46:01 25.03.2020
6802,+23.1,+19,+22.4,+22.2,+22.1,+23,+22.5,+23,+22.8,+22.7,+25,MANU,0,0,+0,+0,+0.0156,+0,+0.0371,+0,+0,+0,04:47:01 25.03.2020
6803,+23.1,+19,+22.4,+22.2,+22.1,+23,+22.5,+23,+22.8,+22.7,+25,MANU,0,0,+0,+0,+0.0156,+0,+0.0371,+0,+0,+0,04:48:01 25.03.2020
6804,+23.1,+19,+22.4,+22.2,+22.1,+23,+22.5,+23,+22.8,+22.7,+25,MANU,0,0,+0,+0,+0.0156,+0,+0.0371,+0,+0,+0,04:49:01 25.03.2020
6805,+23.1,+19,+22.4,+22.2,+22.1,+23,+22.5,+23,+22.8,+22.7,+25,MANU,0,0,+0,+0,+0.0156,+0,+0.0371,+0,+0,+0,04:50:01 25.03.2020
6806,+23.1,+19,+22.4,+22.2,+22.1,+23,+22.5,+23,+22.8,+22.7,+25,MANU,0,0,+0,+0,+0.0156,+0,+0.0371,+0,+0,+0,04:51:01 25.03.2020
6807,+23.1,+19,+22.4,+22.2,+22.1,+23,+22.5,+23,+22.8,+22.7,+25,MANU,0,0,+0,+0,+0.0156,+0,+0.0371,+0,+0,+0,04:52:01 25.03.2020
6808,+23.1,+19,+22.4,+22.2,+22.1,+23,+22.5,+23,+22.8,+22.7,+25,MANU,0,0,+0,+0,+0.0156,+0,+0.0371,+0,+0,+0,04:53:01 25.03.2020
6809,+23.1,+19,+22.4,+22.2,+22.1,+23,+22.5,+23,+22.8,+22.7,+25,MANU,0,0,+0,+0,+0.0156,+0,+0.0371,+0,+0,+0,04:54:01 25.03.2020
6810,+23.1,+19,+22.4,+22.2,+22.1,+23,+22.5,+23,+22.8,+22.7,+25,MANU,0,0,+0,+0,+0.0156,+0,+0.0371,+0,+0,+0,04:55:01 25.03.2020
6811,+23.1,+19,+22.4,+22.2,+22.1,+23,+22.5,+23,+22.8,+22.7,+25,MANU,0,0,+0,+0,+0.0156,+0,+0.0371,+0,+0,+0,04:56:01 25.03.2020
6812,+23.1,+18.9,+22.4,+22.2,+22.1,+23,+22.5,+23,+22.8,+22.7,+25,MANU,0,0,+0,+0,+0.0156,+0,+0.0371,+0,+0,+0,04:57:01 25.03.2020
6813,+23.1,+18.9,+22.4,+22.2,+22.1,+23,+22.5,+23,+22.8,+22.7,+25,MANU,0,0,+0,+0,+0.0156,+0,+0.0371,+0,+0,+0,04:58:01 25.03.2020
6814,+23.1,+18.9,+22.4,+22.2,+22.1,+23,+22.5,+23,+22.8,+22.7,+25,MANU,0,0,+0,+0,+0.0156,+0,+0.0371,+0,+0,+0,04:59:01 25.03.2020
6815,+23.1,+18.9,+22.4,+22.2,+22.1,+23,+22.5,+23,+22.8,+22.7,+25,MANU,0,0,+0,+0,+0.0156,+0,+0.0371,+0,+0,+0,05:00:01 25.03.2020
6816,+23.1,+18.9,+22.4,+22.2,+22.1,+23,+22.5,+23,+22.8,+22.7,+25,MANU,0,0,+0,+0,+0.0156,+0,+0.0371,+0,+0,+0,05:01:01 25.03.2020
6817,+23.1,+18.9,+22.4,+22.2,+22.1,+23,+22.5,+23,+22.8,+22.7,+25,MANU,0,0,+0,+0,+0.0156,+0,+0.0371,+0,+0,+0,05:02:01 25.03.2020
6818,+23.1,+18.9,+22.4,+22.2,+22.1,+23,+22.5,+23,+22.8,+22.7,+25,MANU,0,0,+0,+0,+0.0156,+0,+0.0371,+0,+0,+0,05:03:01 25.03.2020
6819,+23.1,+18.9,+22.4,+22.1,+22.1,+23,+22.5,+23,+22.8,+22.7,+25,MANU,0,0,+0,+0,+0.0156,+0,+0.0371,+0,+0,+0,05:04:01 25.03.2020
6820,+23.1,+18.9,+22.4,+22.1,+22.1,+23,+22.5,+23,+22.8,+22.7,+25,MANU,0,0,+0,+0,+0.0156,+0,+0.0371,+0,+0,+0,05:05:01 25.03.2020
6821,+23.1,+18.9,+22.4,+22.1,+22.1,+23,+22.5,+23,+22.8,+22.7,+25,MANU,0,0,+0,+0,+0.0156,+0,+0.0371,+0,+0,+0,05:06:01 25.03.2020
6822,+23.1,+18.9,+22.4,+22.1,+22.1,+23,+22.5,+23,+22.8,+22.7,+25,MANU,0,0,+0,+0,+0.0156,+0,+0.0371,+0,+0,+0,05:07:01 25.03.2020
6823,+23.1,+18.9,+22.4,+22.1,+22.1,+23,+22.5,+23,+22.8,+22.7,+25,MANU,0,0,+0,+0,+0.0156,+0,+0.0371,+0,+0,+0,05:08:01 25.03.2020
6824,+23.1,+18.9,+22.4,+22.1,+22.1,+23,+22.5,+23,+22.8,+22.7,+25,MANU,0,0,+0,+0,+0.0156,+0,+0.0371,+0,+0,+0,05:09:01 25.03.2020
6825,+23.1,+18.9,+22.4,+22.1,+22.1,+23,+22.5,+23,+22.8,+22.7,+25,MANU,0,0,+0,+0,+0.0156,+0,+0.0371,+0,+0,+0,05:10:01 25.03.2020
6826,+23.1,+18.9,+22.4,+22.1,+22.1,+23,+22.5,+23,+22.8,+22.7,+25,MANU,0,0,+0,+0,+0.0156,+0,+0.0371,+0,+0,+0,05:11:01 25.03.2020
6827,+23.1,+18.9,+22.4,+22.1,+22.1,+23,+22.5,+23,+22.8,+22.7,+25,MANU,0,0,+0,+0,+0.0156,+0,+0.0371,+0,+0,+0,05:12:01 25.03.2020
6828,+23.2,+18.9,+22.4,+22.1,+22.1,+23,+22.5,+23,+22.8,+22.7,+25,MANU,0,0,+0,+0,+0.0156,+0,+0.0371,+0,+0,+0,05:13:01 25.03.2020
6829,+23.2,+18.9,+22.4,+22.1,+22.1,+23,+22.5,+23,+22.8,+22.7,+25,MANU,0,0,+0,+0,+0.0156,+0,+0.0371,+0,+0,+0,05:14:01 25.03.2020
6830,+23.2,+18.9,+22.4,+22.1,+22,+23,+22.5,+23,+22.8,+22.7,+25,MANU,0,0,+0,+0,+0.0156,+0,+0.0371,+0,+0,+0,05:15:01 25.03.2020
6831,+23.2,+18.9,+22.4,+22.1,+22,+23,+22.5,+23,+22.8,+22.7,+25,MANU,0,0,+0,+0,+0.0156,+0,+0.0371,+0,+0,+0,05:16:01 25.03.2020
6832,+23.2,+18.9,+22.4,+22.1,+22,+23,+22.5,+23,+22.8,+22.7,+25,MANU,0,0,+0,+0,+0.0156,+0,+0.0371,+0,+0,+0,05:17:01 25.03.2020
6833,+23.2,+18.9,+22.4,+22.1,+22,+23,+22.5,+23,+22.8,+22.7,+25,MANU,0,0,+0,+0,+0.0156,+0,+0.0371,+0,+0,+0,05:18:01 25.03.2020
6834,+23.2,+18.9,+22.4,+22.1,+22,+23,+22.5,+23,+22.8,+22.7,+25,MANU,0,0,+0,+0,+0.0156,+0,+0.0371,+0,+0,+0,05:19:01 25.03.2020
6835,+23.2,+18.9,+22.4,+22.1,+22,+23,+22.5,+23,+22.8,+22.7,+25,MANU,0,0,+0,+0,+0.0156,+0,+0.0371,+0,+0,+0,05:20:01 25.03.2020
6836,+23.2,+18.9,+22.4,+22.1,+22,+23,+22.5,+23,+22.8,+22.7,+25,MANU,0,0,+0,+0,+0.0156,+0,+0.0371,+0,+0,+0,05:21:01 25.03.2020
6837,+23.2,+18.9,+22.4,+22.1,+22,+23,+22.5,+23,+22.8,+22.7,+25,MANU,0,0,+0,+0,+0.0156,+0,+0.0371,+0,+0,+0,05:22:01 25.03.2020
6838,+23.2,+18.9,+22.4,+22.1,+22,+23,+22.5,+23,+22.8,+22.7,+25,MANU,0,0,+0,+0,+0.0156,+0,+0.0371,+0,+0,+0,05:23:01 25.03.2020
6839,+23.2,+18.9,+22.4,+22.1,+22,+23,+22.5,+23,+22.8,+22.7,+25,MANU,0,0,+0,+0,+0.0156,+0,+0.0371,+0,+0,+0,05:24:01 25.03.2020
6840,+23.2,+18.9,+22.4,+22.1,+22,+23,+22.5,+23,+22.8,+22.7,+25,MANU,0,0,+0,+0,+0.0156,+0,+0.0371,+0,+0,+0,05:25:01 25.03.2020
6841,+23.2,+18.9,+22.3,+22.1,+22,+23,+22.5,+23,+22.8,+22.7,+25,MANU,0,0,+0,+0,+0.0156,+0,+0.0371,+0,+0,+0,05:26:01 25.03.2020
6842,+23.2,+18.9,+22.3,+22.1,+22,+23,+22.5,+23,+22.8,+22.7,+25,MANU,0,0,+0,+0,+0.0156,+0,+0.0371,+0,+0,+0,05:27:01 25.03.2020
6843,+23.2,+18.9,+22.3,+22.1,+22,+23,+22.5,+23,+22.8,+22.7,+25,MANU,0,0,+0,+0,+0.0156,+0,+0.0371,+0,+0,+0,05:28:01 25.03.2020
6844,+23.2,+18.9,+22.3,+22.1,+22,+23,+22.5,+23,+22.8,+22.7,+25,MANU,0,0,+0,+0,+0.0156,+0,+0.0371,+0,+0,+0,05:29:01 25.03.2020
6845,+23.2,+18.9,+22.3,+22.1,+22,+23,+22.5,+23,+22.8,+22.7,+25,MANU,0,0,+0,+0,+0.0156,+0,+0.0371,+0,+0,+0,05:30:01 25.03.2020
6846,+23.2,+18.9,+22.3,+22.1,+22,+23,+22.5,+23,+22.8,+22.7,+25,MANU,0,0,+0,+0,+0.0156,+0,+0.0371,+0,+0,+0,05:31:01 25.03.2020
6847,+23.2,+18.9,+22.3,+22.1,+22,+23,+22.5,+23,+22.8,+22.7,+25,MANU,0,0,+0,+0,+0.0156,+0,+0.0371,+0,+0,+0,05:32:01 25.03.2020
6848,+23.2,+18.9,+22.3,+22.1,+22,+23,+22.5,+23,+22.8,+22.7,+25,MANU,0,0,+0,+0,+0.0156,+0,+0.0371,+0,+0,+0,05:33:01 25.03.2020
6849,+23.2,+18.9,+22.3,+22.1,+22,+23,+22.5,+23,+22.8,+22.7,+25,MANU,0,0,+0,+0,+0.0156,+0,+0.0371,+0,+0,+0,05:34:01 25.03.2020
6850,+23.2,+18.9,+22.3,+22.1,+22,+23,+22.5,+23,+22.8,+22.7,+25,MANU,0,0,+0,+0,+0.0156,+0,+0.0371,+0,+0,+0,05:35:01 25.03.2020
6851,+23.2,+18.8,+22.3,+22.1,+22,+23,+22.5,+23,+22.8,+22.7,+25,MANU,0,0,+0,+0,+0.0156,+0,+0.0371,+0,+0,+0,05:36:01 25.03.2020
6852,+23.2,+18.8,+22.3,+22.1,+22,+23,+22.5,+23,+22.8,+22.7,+25,MANU,0,0,+0,+0,+0.0156,+0,+0.0371,+0,+0,+0,05:37:01 25.03.2020
6853,+23.3,+18.8,+22.3,+22.1,+22,+23,+22.5,+23,+22.8,+22.7,+25,MANU,0,0,+0,+0,+0.0156,+0,+0.0371,+0,+0,+0,05:38:01 25.03.2020
6854,+23.3,+18.8,+22.3,+22.1,+22,+23,+22.5,+23,+22.8,+22.7,+25,MANU,0,0,+0,+0,+0.0156,+0,+0.0371,+0,+0,+0,05:39:01 25.03.2020
6855,+23.3,+18.8,+22.3,+22.1,+22,+23,+22.5,+23,+22.8,+22.7,+25,MANU,0,0,+0,+0,+0.0156,+0,+0.0371,+0,+0,+0,05:40:01 25.03.2020
6856,+23.3,+18.8,+22.3,+22.1,+22,+23,+22.5,+23,+22.8,+22.7,+25,MANU,0,0,+0,+0,+0.0156,+0,+0.0371,+0,+0,+0,05:41:01 25.03.2020
6857,+23.3,+18.8,+22.3,+22.1,+22,+23,+22.5,+23,+22.8,+22.7,+25,MANU,0,0,+0,+0,+0.0156,+0,+0.0371,+0,+0,+0,05:42:01 25.03.2020
6858,+23.3,+18.8,+22.3,+22.1,+22,+23,+22.5,+23,+22.8,+22.7,+25,MANU,0,0,+0,+0,+0.0156,+0,+0.0371,+0,+0,+0,05:43:01 25.03.2020
6859,+23.3,+18.8,+22.3,+22.1,+22,+23,+22.5,+23,+22.8,+22.7,+25,MANU,0,0,+0,+0,+0.0156,+0,+0.0371,+0,+0,+0,05:44:01 25.03.2020
6860,+23.3,+18.8,+22.3,+22.1,+22,+23,+22.5,+23,+22.8,+22.7,+25,MANU,0,0,+0,+0,+0.0156,+0,+0.0371,+0,+0,+0,05:45:01 25.03.2020
6861,+23.3,+18.8,+22.3,+22.1,+22,+23,+22.5,+23,+22.8,+22.7,+25,MANU,0,0,+0,+0,+0.0156,+0,+0.0371,+0,+0,+0,05:46:01 25.03.2020
6862,+23.3,+18.8,+22.3,+22.1,+22,+23,+22.5,+23,+22.8,+22.7,+25,MANU,0,0,+0,+0,+0.0156,+0,+0.0371,+0,+0,+0,05:47:01 25.03.2020
6863,+23.3,+18.8,+22.3,+22.1,+22,+23,+22.5,+23,+22.8,+22.7,+25,MANU,0,0,+0,+0,+0.0156,+0,+0.0371,+0,+0,+0,05:48:01 25.03.2020
6864,+23.3,+18.8,+22.3,+22.1,+22,+23,+22.5,+23,+22.8,+22.7,+25,MANU,0,0,+0,+0,+0.0156,+0,+0.0371,+0,+0,+0,05:49:01 25.03.2020
6865,+23.3,+18.8,+22.3,+22.1,+22,+23,+22.5,+23,+22.8,+22.7,+25,MANU,0,0,+0,+0,+0.0156,+0,+0.0371,+0,+0,+0,05:50:01 25.03.2020
6866,+23.3,+18.7,+22.3,+22.1,+22,+23,+22.5,+23,+22.8,+22.7,+25,MANU,0,0,+0,+0,+0.0156,+0,+0.0371,+0,+0,+0,05:51:01 25.03.2020
6867,+23.3,+18.7,+22.3,+22.1,+22,+23,+22.5,+23,+22.8,+22.7,+25,MANU,0,0,+0,+0,+0.0156,+0,+0.0371,+0,+0,+0,05:52:01 25.03.2020
6868,+23.3,+18.7,+22.3,+22.1,+22,+23,+22.5,+23,+22.8,+22.7,+25,MANU,0,0,+0,+0,+0.0156,+0,+0.0371,+0,+0,+0,05:53:01 25.03.2020
6869,+23.3,+18.7,+22.3,+22.1,+22,+23,+22.5,+23,+22.8,+22.7,+25,MANU,0,0,+0,+0,+0.0156,+0,+0.0371,+0,+0,+0,05:54:01 25.03.2020
6870,+23.3,+18.7,+22.3,+22,+22,+23,+22.5,+23,+22.8,+22.7,+25,MANU,0,0,+0,+0,+0.0156,+0,+0.0371,+0,+0,+0,05:55:01 25.03.2020
6871,+23.3,+18.7,+22.3,+22,+22,+23,+22.5,+23,+22.8,+22.7,+25,MANU,0,0,+0,+0,+0.0156,+0,+0.0371,+0,+0,+0,05:56:01 25.03.2020
6872,+23.3,+18.7,+22.3,+22,+22,+23,+22.5,+23,+22.8,+22.7,+25,MANU,0,0,+0,+0,+0.0156,+0,+0.0371,+0,+0,+0,05:57:01 25.03.2020
6873,+23.3,+18.7,+22.3,+22,+22,+23,+22.5,+23,+22.8,+22.7,+25,MANU,0,0,+0,+0,+0.0156,+0,+0.0371,+0,+0,+0,05:58:01 25.03.2020
6874,+23.3,+18.7,+22.3,+22,+22,+23,+22.5,+23,+22.8,+22.7,+25,MANU,0,0,+0,+0,+0.0156,+0,+0.0371,+0,+0,+0,05:59:01 25.03.2020
6875,+23.3,+18.7,+22.3,+22,+22,+23,+22.5,+23,+22.8,+22.7,+25,MANU,0,0,+0,+0,+0.0156,+0,+0.0371,+0,+0,+0,06:00:01 25.03.2020
6876,+23.3,+18.7,+22.3,+22,+22,+23,+22.5,+23,+22.8,+22.7,+25,MANU,0,0,+0,+0,+0.0156,+0,+0.0371,+0,+0,+0,06:01:01 25.03.2020
6877,+23.3,+18.7,+22.3,+22,+22,+23,+22.5,+23,+22.8,+22.7,+25,MANU,0,0,+0,+0,+0.0156,+0,+0.0371,+0,+0,+0,06:02:01 25.03.2020
6878,+23.3,+18.7,+22.3,+22,+22,+23,+22.5,+23,+22.8,+22.7,+25,MANU,0,0,+0,+0,+0.0156,+0,+0.0371,+0,+0,+0,06:03:01 25.03.2020
6879,+23.3,+18.7,+22.3,+22,+22,+23,+22.5,+23,+22.8,+22.7,+25,MANU,0,0,+0,+0,+0.0156,+0,+0.0371,+0,+0,+0,06:04:01 25.03.2020
6880,+23.3,+18.7,+22.3,+22,+22,+23,+22.5,+23,+22.8,+22.7,+25,MANU,0,0,+0,+0,+0.0156,+0,+0.0371,+0,+0,+0,06:05:01 25.03.2020
6881,+23.3,+18.7,+22.3,+22,+22,+23,+22.5,+23,+22.8,+22.7,+25,MANU,0,0,+0,+0,+0.0156,+0,+0.0371,+0,+0,+0,06:06:01 25.03.2020
6882,+23.3,+18.7,+22.3,+22,+22,+23,+22.5,+23,+22.8,+22.7,+25,MANU,0,0,+0,+0,+0.0156,+0,+0.0371,+0,+0,+0,06:07:01 25.03.2020
6883,+23.3,+18.7,+22.3,+22,+22,+23,+22.5,+23,+22.8,+22.7,+25,MANU,0,0,+0,+0,+0.0156,+0,+0.0371,+0,+0,+0,06:08:01 25.03.2020
6884,+23.3,+18.7,+22.3,+22,+22,+23,+22.5,+23,+22.8,+22.7,+25,MANU,0,0,+0,+0,+0.0156,+0,+0.0371,+0,+0,+0,06:09:01 25.03.2020
6885,+23.3,+18.7,+22.3,+22,+22,+23,+22.5,+23,+22.8,+22.7,+25,MANU,0,0,+0,+0,+0.0156,+0,+0.0371,+0,+0,+0,06:10:01 25.03.2020
6886,+23.3,+18.7,+22.3,+22,+22,+23,+22.5,+23,+22.8,+22.7,+25,MANU,0,0,+0,+0,+0.0156,+0,+0.0371,+0,+0,+0,06:11:01 25.03.2020
6887,+23.3,+18.7,+22.3,+22,+22,+23,+22.5,+23,+22.8,+22.7,+25,MANU,0,0,+0,+0,+0.0156,+0,+0.0371,+0,+0,+0,06:12:01 25.03.2020
6888,+23.3,+18.7,+22.3,+22,+22,+23,+22.5,+23,+22.8,+22.7,+25,MANU,0,0,+0,+0,+0.0156,+0,+0.0371,+0,+0,+0,06:13:01 25.03.2020
6889,+23.3,+18.7,+22.3,+22,+22,+23,+22.5,+23,+22.8,+22.7,+25,MANU,0,0,+0,+0,+0.0156,+0,+0.0371,+0,+0,+0,06:14:01 25.03.2020
6890,+23.3,+18.7,+22.3,+22,+22,+23,+22.5,+23,+22.8,+22.7,+25,MANU,0,0,+0,+0,+0.0156,+0,+0.0371,+0,+0,+0,06:15:01 25.03.2020
6891,+23.3,+18.7,+22.3,+22,+22,+23,+22.5,+23,+22.8,+22.7,+25,MANU,0,0,+0,+0,+0.0156,+0,+0.0371,+0,+0,+0,06:16:01 25.03.2020
6892,+23.3,+18.7,+22.3,+22,+22,+23,+22.5,+23,+22.8,+22.7,+25,MANU,0,0,+0,+0,+0.0156,+0,+0.0371,+0,+0,+0,06:17:01 25.03.2020
6893,+23.3,+18.7,+22.3,+22,+22,+23,+22.5,+22.9,+22.8,+22.7,+25,MANU,0,0,+0,+0,+0.0155,+0,+0.0371,+0,+0,+0,06:18:01 25.03.2020
6894,+23.4,+18.7,+22.3,+22,+22,+23,+22.5,+23,+22.8,+22.7,+25,MANU,0,0,+0,+0,+0.0156,+0,+0.0371,+0,+0,+0,06:19:01 25.03.2020
6895,+23.4,+18.7,+22.3,+22,+22,+23,+22.5,+23,+22.8,+22.7,+25,MANU,0,0,+0,+0,+0.0156,+0,+0.0371,+0,+0,+0,06:20:01 25.03.2020
6896,+23.4,+18.7,+22.3,+22,+22,+23,+22.5,+23,+22.8,+22.7,+25,MANU,0,0,+0,+0,+0.0156,+0,+0.0371,+0,+0,+0,06:21:01 25.03.2020
6897,+23.4,+18.7,+22.3,+22,+21.9,+23,+22.5,+23,+22.8,+22.7,+25,MANU,0,0,+0,+0,+0.0156,+0,+0.0371,+0,+0,+0,06:22:01 25.03.2020
6898,+23.3,+18.7,+22.3,+22,+22,+23,+22.5,+23,+22.8,+22.7,+25,MANU,0,0,+0,+0,+0.0156,+0,+0.0371,+0,+0,+0,06:23:01 25.03.2020
6899,+23.3,+18.7,+22.3,+22,+21.9,+23,+22.5,+23,+22.8,+22.7,+25,MANU,0,0,+0,+0,+0.0156,+0,+0.0371,+0,+0,+0,06:24:01 25.03.2020
6900,+23.3,+18.6,+22.3,+22,+21.9,+23,+22.5,+23,+22.8,+22.7,+25,MANU,0,0,+0,+0,+0.0156,+0,+0.0371,+0,+0,+0,06:25:01 25.03.2020
6901,+23.3,+18.7,+22.3,+22,+21.9,+23,+22.5,+23,+22.8,+22.7,+25,MANU,0,0,+0,+0,+0.0156,+0,+0.0371,+0,+0,+0,06:26:01 25.03.2020
6902,+23.3,+18.6,+22.3,+22,+21.9,+23,+22.5,+23,+22.8,+22.7,+25,MANU,0,0,+0,+0,+0.0156,+0,+0.0371,+0,+0,+0,06:27:01 25.03.2020
6903,+23.3,+18.6,+22.3,+22,+21.9,+23,+22.5,+23,+22.8,+22.7,+25,MANU,0,0,+0,+0,+0.0156,+0,+0.0371,+0,+0,+0,06:28:01 25.03.2020
6904,+23.4,+18.6,+22.2,+22,+21.9,+23,+22.5,+23,+22.8,+22.7,+25,MANU,0,0,+0,+0,+0.0156,+0,+0.0371,+0,+0,+0,06:29:01 25.03.2020
6905,+23.4,+18.6,+22.2,+22,+21.9,+23,+22.5,+23,+22.8,+22.7,+25,MANU,0,0,+0,+0,+0.0156,+0,+0.0371,+0,+0,+0,06:30:01 25.03.2020
6906,+23.4,+18.7,+22.3,+22,+21.9,+23,+22.5,+23,+22.8,+22.7,+25,MANU,0,0,+0,+0,+0.0156,+0,+0.0371,+0,+0,+0,06:31:01 25.03.2020
6907,+23.4,+18.7,+22.2,+22,+21.9,+23,+22.5,+23,+22.8,+22.7,+25,MANU,0,0,+0,+0,+0.0156,+0,+0.0371,+0,+0,+0,06:32:01 25.03.2020
6908,+23.4,+18.7,+22.2,+22,+21.9,+23,+22.5,+23,+22.8,+22.7,+25,MANU,0,0,+0,+0,+0.0156,+0,+0.0371,+0,+0,+0,06:33:01 25.03.2020
6909,+23.4,+18.6,+22.2,+22,+21.9,+23,+22.5,+23,+22.8,+22.7,+25,MANU,0,0,+0,+0,+0.0156,+0,+0.0371,+0,+0,+0,06:34:01 25.03.2020
6910,+23.4,+18.6,+22.2,+22,+21.9,+23,+22.5,+23,+22.8,+22.7,+25,MANU,0,0,+0,+0,+0.0156,+0,+0.0371,+0,+0,+0,06:35:01 25.03.2020
6911,+23.4,+18.6,+22.2,+22,+21.9,+23,+22.5,+23,+22.8,+22.7,+25,MANU,0,0,+0,+0,+0.0156,+0,+0.0371,+0,+0,+0,06:36:01 25.03.2020
6912,+23.4,+18.6,+22.2,+22,+21.9,+23,+22.5,+23,+22.8,+22.7,+25,MANU,0,0,+0,+0,+0.0156,+0,+0.0371,+0,+0,+0,06:37:01 25.03.2020
6913,+23.4,+18.6,+22.2,+22,+21.9,+23,+22.5,+23,+22.8,+22.7,+25,MANU,0,0,+0,+0,+0.0156,+0,+0.0371,+0,+0,+0,06:38:01 25.03.2020
6914,+23.4,+18.6,+22.2,+22,+21.9,+23,+22.5,+23,+22.8,+22.7,+25,MANU,0,0,+0,+0,+0.0156,+0,+0.0371,+0,+0,+0,06:39:01 25.03.2020
6915,+23.4,+18.6,+22.2,+22,+21.9,+23,+22.5,+23,+22.8,+22.7,+25,MANU,0,0,+0,+0,+0.0156,+0,+0.0371,+0,+0,+0,06:40:01 25.03.2020
6916,+23.4,+18.6,+22.2,+22,+21.9,+23,+22.5,+22.9,+22.8,+22.7,+25,MANU,0,0,+0,+0,+0.0155,+0,+0.0371,+0,+0,+0,06:41:01 25.03.2020
6917,+23.4,+18.6,+22.2,+22,+21.9,+23,+22.5,+23,+22.8,+22.7,+25,MANU,0,0,+0,+0,+0.0156,+0,+0.0371,+0,+0,+0,06:42:01 25.03.2020
6918,+23.4,+18.6,+22.2,+22,+21.9,+23,+22.5,+22.9,+22.8,+22.7,+25,MANU,0,0,+0,+0,+0.0156,+0,+0.0371,+0,+0,+0,06:43:01 25.03.2020
6919,+23.4,+18.6,+22.2,+22,+21.9,+23,+22.5,+23,+22.8,+22.7,+25,MANU,0,0,+0,+0,+0.0156,+0,+0.0371,+0,+0,+0,06:44:01 25.03.2020
6920,+23.4,+18.6,+22.2,+22,+21.9,+23,+22.5,+23,+22.8,+22.7,+25,MANU,0,0,+0,+0,+0.0156,+0,+0.0371,+0,+0,+0,06:45:01 25.03.2020
6921,+23.4,+18.6,+22.2,+22,+21.9,+23,+22.5,+23,+22.8,+22.7,+25,MANU,0,0,+0,+0,+0.0156,+0,+0.0371,+0,+0,+0,06:46:01 25.03.2020
6922,+23.4,+18.6,+22.2,+22,+21.9,+23,+22.5,+23,+22.8,+22.7,+25,MANU,0,0,+0,+0,+0.0156,+0,+0.0371,+0,+0,+0,06:47:01 25.03.2020
6923,+23.4,+18.6,+22.2,+22,+21.9,+23,+22.5,+23,+22.8,+22.7,+25,MANU,0,0,+0,+0,+0.0156,+0,+0.0371,+0,+0,+0,06:48:01 25.03.2020
6924,+23.4,+18.6,+22.2,+22,+21.9,+23,+22.5,+23,+22.8,+22.7,+25,MANU,0,0,+0,+0,+0.0156,+0,+0.0371,+0,+0,+0,06:49:01 25.03.2020
6925,+23.4,+18.5,+22.2,+22,+21.9,+23,+22.5,+23,+22.8,+22.7,+25,MANU,0,0,+0,+0,+0.0156,+0,+0.0371,+0,+0,+0,06:50:01 25.03.2020
6926,+23.4,+18.5,+22.2,+22,+21.9,+23,+22.5,+23,+22.8,+22.7,+25,MANU,0,0,+0,+0,+0.0156,+0,+0.0371,+0,+0,+0,06:51:01 25.03.2020
6927,+23.4,+18.5,+22.2,+22,+21.9,+23,+22.5,+23,+22.8,+22.7,+25,MANU,0,0,+0,+0,+0.0156,+0,+0.0371,+0,+0,+0,06:52:01 25.03.2020
6928,+23.4,+18.5,+22.2,+22,+21.9,+23,+22.5,+22.9,+22.8,+22.7,+25,MANU,0,0,+0,+0,+0.0155,+0,+0.0371,+0,+0,+0,06:53:01 25.03.2020
6929,+23.4,+18.5,+22.2,+22,+21.9,+23,+22.5,+23,+22.8,+22.7,+25,MANU,0,0,+0,+0,+0.0156,+0,+0.0371,+0,+0,+0,06:54:01 25.03.2020
6930,+23.4,+18.5,+22.2,+22,+21.9,+23,+22.5,+22.9,+22.8,+22.7,+25,MANU,0,0,+0,+0,+0.0155,+0,+0.0371,+0,+0,+0,06:55:01 25.03.2020
6931,+23.4,+18.5,+22.2,+22,+21.9,+23,+22.5,+22.9,+22.8,+22.7,+25,MANU,0,0,+0,+0,+0.0155,+0,+0.0371,+0,+0,+0,06:56:01 25.03.2020
6932,+23.5,+18.5,+22.2,+22,+21.9,+23,+22.5,+22.9,+22.8,+22.7,+25,MANU,0,0,+0,+0,+0.0155,+0,+0.0371,+0,+0,+0,06:57:01 25.03.2020
6933,+23.5,+18.5,+22.2,+22,+21.9,+23,+22.5,+23,+22.8,+22.7,+25,MANU,0,0,+0,+0,+0.0156,+0,+0.0371,+0,+0,+0,06:58:01 25.03.2020
6934,+23.4,+18.5,+22.2,+22,+21.9,+23,+22.5,+23,+22.8,+22.7,+25,MANU,0,0,+0,+0,+0.0156,+0,+0.0371,+0,+0,+0,06:59:01 25.03.2020
6935,+23.4,+18.5,+22.2,+22,+21.9,+23,+22.5,+23,+22.8,+22.7,+25,MANU,0,0,+0,+0,+0.0156,+0,+0.0371,+0,+0,+0,07:00:01 25.03.2020
6936,+23.4,+18.5,+22.2,+22,+21.9,+23,+22.5,+23,+22.8,+22.7,+25,MANU,0,0,+0,+0,+0.0156,+0,+0.0371,+0,+0,+0,07:01:01 25.03.2020
6937,+23.4,+18.5,+22.2,+22,+21.9,+23,+22.5,+23,+22.8,+22.7,+25,MANU,0,0,+0,+0,+0.0156,+0,+0.0371,+0,+0,+0,07:02:01 25.03.2020
6938,+23.4,+18.5,+22.2,+22,+21.9,+23,+22.5,+23,+22.8,+22.7,+25,MANU,0,0,+0,+0,+0.0156,+0,+0.0371,+0,+0,+0,07:03:01 25.03.2020
6939,+23.4,+18.5,+22.2,+22,+21.9,+23,+22.5,+23,+22.8,+22.7,+25,MANU,0,0,+0,+0,+0.0156,+0,+0.0371,+0,+0,+0,07:04:01 25.03.2020
6940,+23.4,+18.5,+22.2,+22,+21.9,+23,+22.5,+23,+22.8,+22.7,+25,MANU,0,0,+0,+0,+0.0156,+0,+0.0371,+0,+0,+0,07:05:01 25.03.2020
6941,+23.4,+18.5,+22.2,+22,+21.9,+23,+22.5,+22.9,+22.8,+22.7,+25,MANU,0,0,+0,+0,+0.0155,+0,+0.0371,+0,+0,+0,07:06:01 25.03.2020
6942,+23.4,+18.5,+22.2,+21.9,+21.9,+23,+22.5,+23,+22.8,+22.7,+25,MANU,0,0,+0,+0,+0.0155,+0,+0.0371,+0,+0,+0,07:07:01 25.03.2020
6943,+23.5,+18.5,+22.2,+21.9,+21.9,+23,+22.5,+22.9,+22.8,+22.7,+25,MANU,0,0,+0,+0,+0.0155,+0,+0.0371,+0,+0,+0,07:08:01 25.03.2020
6944,+23.5,+18.5,+22.2,+22,+21.9,+23,+22.5,+22.9,+22.8,+22.7,+25,MANU,0,0,+0,+0,+0.0155,+0,+0.0371,+0,+0,+0,07:09:01 25.03.2020
6945,+23.5,+18.5,+22.2,+22,+21.9,+23,+22.5,+22.9,+22.8,+22.7,+25,MANU,0,0,+0,+0,+0.0155,+0,+0.0371,+0,+0,+0,07:10:01 25.03.2020
6946,+23.5,+18.5,+22.2,+21.9,+21.9,+23,+22.5,+23,+22.8,+22.7,+25,MANU,0,0,+0,+0,+0.0156,+0,+0.0371,+0,+0,+0,07:11:01 25.03.2020
6947,+23.5,+18.5,+22.2,+21.9,+21.9,+23,+22.5,+23,+22.8,+22.7,+25,MANU,0,0,+0,+0,+0.0156,+0,+0.0371,+0,+0,+0,07:12:01 25.03.2020
6948,+23.5,+18.4,+22.2,+21.9,+21.8,+23,+22.5,+23,+22.8,+22.7,+25,MANU,0,0,+0,+0,+0.0156,+0,+0.0371,+0,+0,+0,07:13:01 25.03.2020
6949,+23.5,+18.4,+22.2,+21.9,+21.8,+23,+22.5,+23,+22.8,+22.7,+25,MANU,0,0,+0,+0,+0.0156,+0,+0.0371,+0,+0,+0,07:14:01 25.03.2020
6950,+23.5,+18.4,+22.2,+21.9,+21.8,+23,+22.5,+23,+22.8,+22.7,+25,MANU,0,0,+0,+0,+0.0156,+0,+0.0371,+0,+0,+0,07:15:01 25.03.2020
6951,+23.5,+18.4,+22.2,+21.9,+21.8,+23,+22.5,+23,+22.8,+22.7,+25,MANU,0,0,+0,+0,+0.0156,+0,+0.0371,+0,+0,+0,07:16:01 25.03.2020
6952,+23.5,+18.4,+22.2,+21.9,+21.8,+23,+22.5,+23,+22.8,+22.7,+25,MANU,0,0,+0,+0,+0.0156,+0,+0.0371,+0,+0,+0,07:17:01 25.03.2020
6953,+23.5,+18.4,+22.2,+21.9,+21.8,+23,+22.5,+23,+22.8,+22.7,+25,MANU,0,0,+0,+0,+0.0156,+0,+0.0371,+0,+0,+0,07:18:01 25.03.2020
6954,+23.5,+18.4,+22.2,+21.9,+21.8,+23,+22.5,+23,+22.8,+22.7,+25,MANU,0,0,+0,+0,+0.0156,+0,+0.0371,+0,+0,+0,07:19:01 25.03.2020
6955,+23.5,+18.4,+22.2,+21.9,+21.8,+23,+22.5,+23,+22.8,+22.7,+25,MANU,0,0,+0,+0,+0.0156,+0,+0.0371,+0,+0,+0,07:20:01 25.03.2020
6956,+23.5,+18.4,+22.1,+21.9,+21.8,+23,+22.5,+22.9,+22.8,+22.7,+25,MANU,0,0,+0,+0,+0.0155,+0,+0.0371,+0,+0,+0,07:21:01 25.03.2020
6957,+23.5,+18.4,+22.2,+21.9,+21.8,+23,+22.5,+22.9,+22.8,+22.7,+25,MANU,0,0,+0,+0,+0.0155,+0,+0.0371,+0,+0,+0,07:22:01 25.03.2020
6958,+23.5,+18.4,+22.1,+21.9,+21.8,+23,+22.5,+22.9,+22.8,+22.7,+25,MANU,0,0,+0,+0,+0.0155,+0,+0.0371,+0,+0,+0,07:23:01 25.03.2020
6959,+23.5,+18.4,+22.1,+21.9,+21.8,+23,+22.5,+22.9,+22.8,+22.7,+25,MANU,0,0,+0,+0,+0.0155,+0,+0.0371,+0,+0,+0,07:24:01 25.03.2020
6960,+23.5,+18.4,+22.1,+21.9,+21.8,+23,+22.5,+23,+22.8,+22.7,+25,MANU,0,0,+0,+0,+0.0156,+0,+0.0371,+0,+0,+0,07:25:01 25.03.2020
6961,+23.5,+18.4,+22.1,+21.9,+21.8,+23,+22.5,+23,+22.8,+22.7,+25,MANU,0,0,+0,+0,+0.0156,+0,+0.0371,+0,+0,+0,07:26:01 25.03.2020
6962,+23.5,+18.4,+22.1,+21.9,+21.8,+23,+22.5,+23,+22.8,+22.7,+25,MANU,0,0,+0,+0,+0.0156,+0,+0.0371,+0,+0,+0,07:27:01 25.03.2020
6963,+23.5,+18.4,+22.1,+21.9,+21.8,+23,+22.5,+23,+22.8,+22.7,+25,MANU,0,0,+0,+0,+0.0156,+0,+0.0371,+0,+0,+0,07:28:01 25.03.2020
6964,+23.5,+18.4,+22.1,+21.9,+21.8,+23,+22.5,+23,+22.8,+22.7,+25,MANU,0,0,+0,+0,+0.0156,+0,+0.0371,+0,+0,+0,07:29:01 25.03.2020
6965,+23.5,+18.4,+22.1,+21.9,+21.8,+23,+22.5,+23,+22.8,+22.7,+25,MANU,0,0,+0,+0,+0.0156,+0,+0.0371,+0,+0,+0,07:30:01 25.03.2020
6966,+23.5,+18.4,+22.1,+21.9,+21.8,+23,+22.5,+23,+22.8,+22.7,+25,MANU,0,0,+0,+0,+0.0156,+0,+0.0371,+0,+0,+0,07:31:01 25.03.2020
6967,+23.5,+18.5,+22.1,+21.9,+21.8,+23,+22.5,+23,+22.8,+22.7,+25,MANU,0,0,+0,+0,+0.0156,+0,+0.0371,+0,+0,+0,07:32:01 25.03.2020
6968,+23.5,+18.4,+22.1,+21.9,+21.8,+23,+22.5,+23,+22.8,+22.7,+25,MANU,0,0,+0,+0,+0.0156,+0,+0.0371,+0,+0,+0,07:33:01 25.03.2020
6969,+23.5,+18.4,+22.1,+21.9,+21.8,+23,+22.5,+22.9,+22.8,+22.7,+25,MANU,0,0,+0,+0,+0.0155,+0,+0.0371,+0,+0,+0,07:34:01 25.03.2020
6970,+23.5,+18.4,+22.1,+21.9,+21.8,+23,+22.5,+23,+22.8,+22.7,+25,MANU,0,0,+0,+0,+0.0156,+0,+0.0371,+0,+0,+0,07:35:01 25.03.2020
6971,+23.5,+18.4,+22.1,+21.9,+21.8,+23,+22.5,+23,+22.8,+22.7,+25,MANU,0,0,+0,+0,+0.0156,+0,+0.0371,+0,+0,+0,07:36:01 25.03.2020
6972,+23.5,+18.4,+22.1,+21.9,+21.8,+23,+22.5,+23,+22.8,+22.7,+25,MANU,0,0,+0,+0,+0.0156,+0,+0.0371,+0,+0,+0,07:37:01 25.03.2020
6973,+23.5,+18.4,+22.1,+21.9,+21.8,+23,+22.5,+23,+22.8,+22.7,+25,MANU,0,0,+0,+0,+0.0156,+0,+0.0371,+0,+0,+0,07:38:01 25.03.2020
6974,+23.5,+18.4,+22.1,+21.9,+21.8,+23,+22.5,+23,+22.8,+22.7,+25,MANU,0,0,+0,+0,+0.0156,+0,+0.0371,+0,+0,+0,07:39:01 25.03.2020
6975,+23.5,+18.4,+22.1,+21.9,+21.8,+23,+22.5,+23,+22.8,+22.7,+25,MANU,0,0,+0,+0,+0.0156,+0,+0.0371,+0,+0,+0,07:40:01 25.03.2020
6976,+23.5,+18.4,+22.1,+21.9,+21.8,+23,+22.5,+23,+22.8,+22.7,+25,MANU,0,0,+0,+0,+0.0156,+0,+0.0371,+0,+0,+0,07:41:01 25.03.2020
6977,+23.5,+18.4,+22.1,+21.9,+21.8,+23,+22.5,+23,+22.8,+22.7,+25,MANU,0,0,+0,+0,+0.0156,+0,+0.0371,+0,+0,+0,07:42:01 25.03.2020
6978,+23.5,+18.4,+22.1,+21.9,+21.8,+23,+22.5,+22.9,+22.8,+22.7,+25,MANU,0,0,+0,+0,+0.0155,+0,+0.0371,+0,+0,+0,07:43:01 25.03.2020
6979,+23.5,+18.4,+22.1,+21.9,+21.8,+23,+22.5,+23,+22.8,+22.7,+25,MANU,0,0,+0,+0,+0.0156,+0,+0.0371,+0,+0,+0,07:44:01 25.03.2020
6980,+23.5,+18.4,+22.1,+21.9,+21.8,+23,+22.5,+23,+22.8,+22.7,+25,MANU,0,0,+0,+0,+0.0156,+0,+0.0371,+0,+0,+0,07:45:01 25.03.2020
6981,+23.5,+18.4,+22.1,+21.9,+21.8,+23,+22.5,+23,+22.8,+22.7,+25,MANU,0,0,+0,+0,+0.0156,+0,+0.0371,+0,+0,+0,07:46:01 25.03.2020
6982,+23.5,+18.4,+22.1,+21.9,+21.8,+23,+22.5,+23,+22.8,+22.7,+25,MANU,0,0,+0,+0,+0.0156,+0,+0.0371,+0,+0,+0,07:47:01 25.03.2020
6983,+23.5,+18.4,+22.1,+21.9,+21.8,+23,+22.5,+23,+22.8,+22.7,+25,MANU,0,0,+0,+0,+0.0156,+0,+0.0371,+0,+0,+0,07:48:01 25.03.2020
6984,+23.5,+18.4,+22.1,+21.9,+21.8,+23,+22.5,+23,+22.8,+22.7,+25,MANU,0,0,+0,+0,+0.0156,+0,+0.0371,+0,+0,+0,07:49:01 25.03.2020
6985,+23.5,+18.4,+22.1,+21.9,+21.8,+23,+22.5,+23,+22.8,+22.7,+25,MANU,0,0,+0,+0,+0.0156,+0,+0.0371,+0,+0,+0,07:50:01 25.03.2020
6986,+23.5,+18.4,+22.1,+21.9,+21.8,+23,+22.5,+23,+22.8,+22.7,+25,MANU,0,0,+0,+0,+0.0156,+0,+0.0371,+0,+0,+0,07:51:01 25.03.2020
6987,+23.5,+18.4,+22.1,+21.9,+21.8,+23,+22.5,+23,+22.8,+22.7,+25,MANU,0,0,+0,+0,+0.0156,+0,+0.0371,+0,+0,+0,07:52:01 25.03.2020
6988,+23.5,+18.3,+22.1,+21.9,+21.8,+23,+22.5,+23,+22.8,+22.7,+25,MANU,0,0,+0,+0,+0.0156,+0,+0.0371,+0,+0,+0,07:53:01 25.03.2020
6989,+23.5,+18.3,+22.1,+21.9,+21.8,+23,+22.5,+23,+22.8,+22.7,+25,MANU,0,0,+0,+0,+0.0156,+0,+0.0371,+0,+0,+0,07:54:01 25.03.2020
6990,+23.5,+18.3,+22.1,+21.9,+21.8,+23,+22.5,+23,+22.8,+22.7,+25,MANU,0,0,+0,+0,+0.0156,+0,+0.0371,+0,+0,+0,07:55:01 25.03.2020
6991,+23.6,+18.3,+22.1,+21.9,+21.8,+23,+22.5,+23,+22.8,+22.7,+25,MANU,0,0,+0,+0,+0.0156,+0,+0.0371,+0,+0,+0,07:56:01 25.03.2020
6992,+23.6,+18.3,+22.1,+21.9,+21.8,+23,+22.5,+23,+22.8,+22.7,+25,MANU,0,0,+0,+0,+0.0156,+0,+0.0371,+0,+0,+0,07:57:01 25.03.2020
6993,+23.6,+18.3,+22.1,+21.9,+21.8,+23,+22.5,+23,+22.8,+22.7,+25,MANU,0,0,+0,+0,+0.0156,+0,+0.0371,+0,+0,+0,07:58:01 25.03.2020
6994,+23.6,+18.3,+22.1,+21.9,+21.8,+23,+22.5,+23,+22.8,+22.7,+25,MANU,0,0,+0,+0,+0.0156,+0,+0.0371,+0,+0,+0,07:59:01 25.03.2020
6995,+23.6,+18.3,+22.1,+21.9,+21.8,+23,+22.5,+23,+22.8,+22.7,+25,MANU,0,0,+0,+0,+0.0156,+0,+0.0371,+0,+0,+0,08:00:01 25.03.2020
6996,+23.6,+18.3,+22.1,+21.9,+21.8,+23.1,+22.5,+23,+22.8,+22.7,+25,MANU,0,0,+0,+0,+0.0156,+0,+0.0371,+0,+0,+0,08:01:01 25.03.2020
6997,+23.6,+18.3,+22.1,+21.8,+21.8,+23.1,+22.5,+23,+22.8,+22.7,+25,MANU,0,0,+0,+0,+0.0156,+0,+0.0371,+0,+0,+0,08:02:01 25.03.2020
6998,+23.6,+18.3,+22.1,+21.8,+21.8,+23.1,+22.5,+23,+22.8,+22.7,+25,MANU,0,0,+0,+0,+0.0156,+0,+0.0371,+0,+0,+0,08:03:01 25.03.2020
6999,+23.5,+18.3,+22.1,+21.8,+21.8,+23,+22.5,+23,+22.8,+22.7,+25,MANU,0,0,+0,+0,+0.0156,+0,+0.0371,+0,+0,+0,08:04:01 25.03.2020
7000,+23.5,+18.3,+22.1,+21.8,+21.8,+23,+22.5,+23,+22.8,+22.7,+25,MANU,0,0,+0,+0,+0.0156,+0,+0.0371,+0,+0,+0,08:05:01 25.03.2020
7001,+23.6,+18.3,+22.1,+21.8,+21.8,+23,+22.5,+23,+22.8,+22.7,+25,MANU,0,0,+0,+0,+0.0156,+0,+0.0371,+0,+0,+0,08:06:01 25.03.2020
7002,+23.6,+18.3,+22.1,+21.8,+21.7,+23,+22.5,+23,+22.8,+22.7,+25,MANU,0,0,+0,+0,+0.0156,+0,+0.0371,+0,+0,+0,08:07:01 25.03.2020
7003,+23.6,+18.3,+22.1,+21.8,+21.7,+23,+22.5,+23,+22.8,+22.7,+25,MANU,0,0,+0,+0,+0.0156,+0,+0.0371,+0,+0,+0,08:08:01 25.03.2020
7004,+23.6,+18.3,+22.1,+21.8,+21.7,+23.1,+22.5,+23,+22.8,+22.7,+25,MANU,0,0,+0,+0,+0.0156,+0,+0.0371,+0,+0,+0,08:09:01 25.03.2020
7005,+23.6,+18.3,+22.1,+21.8,+21.7,+23.1,+22.5,+23,+22.8,+22.7,+25,MANU,0,0,+0,+0,+0.0156,+0,+0.0371,+0,+0,+0,08:10:01 25.03.2020
7006,+23.6,+18.3,+22.1,+21.8,+21.7,+23.1,+22.5,+23,+22.8,+22.7,+25,MANU,0,0,+0,+0,+0.0156,+0,+0.0371,+0,+0,+0,08:11:01 25.03.2020
7007,+23.6,+18.3,+22.1,+21.8,+21.7,+23.1,+22.5,+23,+22.8,+22.7,+25,MANU,0,0,+0,+0,+0.0156,+0,+0.0371,+0,+0,+0,08:12:01 25.03.2020
7008,+23.6,+18.3,+22.1,+21.8,+21.7,+23.1,+22.5,+23,+22.8,+22.7,+25,MANU,0,0,+0,+0,+0.0156,+0,+0.0371,+0,+0,+0,08:13:01 25.03.2020
7009,+23.6,+18.3,+22,+21.8,+21.7,+23.1,+22.5,+23,+22.8,+22.7,+25,MANU,0,0,+0,+0,+0.0156,+0,+0.0371,+0,+0,+0,08:14:01 25.03.2020
7010,+23.6,+18.3,+22,+21.8,+21.7,+23.1,+22.5,+23,+22.8,+22.7,+25,MANU,0,0,+0,+0,+0.0156,+0,+0.0371,+0,+0,+0,08:15:01 25.03.2020
7011,+23.6,+18.3,+22,+21.8,+21.7,+23.1,+22.5,+23,+22.8,+22.7,+25,MANU,0,0,+0,+0,+0.0156,+0,+0.0371,+0,+0,+0,08:16:01 25.03.2020
7012,+23.6,+18.3,+22,+21.8,+21.7,+23,+22.5,+23,+22.8,+22.7,+25,MANU,0,0,+0,+0,+0.0156,+0,+0.0371,+0,+0,+0,08:17:01 25.03.2020
7013,+23.6,+18.3,+22,+21.8,+21.7,+23,+22.5,+23,+22.8,+22.7,+25,MANU,0,0,+0,+0,+0.0156,+0,+0.0371,+0,+0,+0,08:18:01 25.03.2020
7014,+23.6,+18.3,+22,+21.8,+21.7,+23.1,+22.5,+23,+22.8,+22.7,+25,MANU,0,0,+0,+0,+0.0156,+0,+0.0371,+0,+0,+0,08:19:01 25.03.2020
7015,+23.6,+18.3,+22,+21.8,+21.7,+23.1,+22.5,+23,+22.8,+22.7,+25,MANU,0,0,+0,+0,+0.0156,+0,+0.0371,+0,+0,+0,08:20:01 25.03.2020
7016,+23.6,+18.3,+22,+21.8,+21.7,+23.1,+22.5,+23,+22.8,+22.7,+25,MANU,0,0,+0,+0,+0.0156,+0,+0.0371,+0,+0,+0,08:21:01 25.03.2020
7017,+23.6,+18.3,+22,+21.8,+21.7,+23.1,+22.5,+23,+22.8,+22.7,+25,MANU,0,0,+0,+0,+0.0156,+0,+0.0371,+0,+0,+0,08:22:01 25.03.2020
7018,+23.6,+18.3,+22,+21.8,+21.7,+23.1,+22.5,+23,+22.8,+22.7,+25,MANU,0,0,+0,+0,+0.0156,+0,+0.0371,+0,+0,+0,08:23:01 25.03.2020
7019,+23.6,+18.3,+22,+21.8,+21.7,+23.1,+22.5,+23,+22.8,+22.7,+25,MANU,0,0,+0,+0,+0.0156,+0,+0.0371,+0,+0,+0,08:24:01 25.03.2020
7020,+23.6,+18.3,+22,+21.8,+21.7,+23.1,+22.5,+23,+22.8,+22.7,+25,MANU,0,0,+0,+0,+0.0156,+0,+0.0371,+0,+0,+0,08:25:01 25.03.2020
7021,+23.6,+18.3,+22,+21.8,+21.7,+23.1,+22.5,+23,+22.8,+22.7,+25,MANU,0,0,+0,+0,+0.0156,+0,+0.0371,+0,+0,+0,08:26:01 25.03.2020
7022,+23.6,+18.3,+22,+21.8,+21.7,+23.1,+22.5,+23,+22.8,+22.7,+25,MANU,0,0,+0,+0,+0.0156,+0,+0.0371,+0,+0,+0,08:27:01 25.03.2020
7023,+23.6,+18.3,+22,+21.8,+21.7,+23.1,+22.5,+23,+22.8,+22.7,+25,MANU,0,0,+0,+0,+0.0156,+0,+0.0371,+0,+0,+0,08:28:01 25.03.2020
7024,+23.6,+18.3,+22,+21.8,+21.7,+23.1,+22.5,+23,+22.8,+22.7,+25,MANU,0,0,+0,+0,+0.0156,+0,+0.0371,+0,+0,+0,08:29:01 25.03.2020
7025,+23.6,+18.3,+22,+21.8,+21.7,+23.1,+22.5,+23,+22.8,+22.7,+25,MANU,0,0,+0,+0,+0.0156,+0,+0.0371,+0,+0,+0,08:30:01 25.03.2020
7026,+23.6,+18.3,+22,+21.8,+21.7,+23.1,+22.5,+23,+22.8,+22.7,+25,MANU,0,0,+0,+0,+0.0156,+0,+0.0371,+0,+0,+0,08:31:01 25.03.2020
7027,+23.6,+18.3,+22,+21.8,+21.7,+23.1,+22.5,+23,+22.8,+22.7,+25,MANU,0,0,+0,+0,+0.0156,+0,+0.0371,+0,+0,+0,08:32:01 25.03.2020
7028,+23.6,+18.3,+22,+21.8,+21.7,+23.1,+22.5,+23,+22.8,+22.7,+25,MANU,0,0,+0,+0,+0.0156,+0,+0.0371,+0,+0,+0,08:33:01 25.03.2020
7029,+23.6,+18.3,+22,+21.8,+21.7,+23.1,+22.5,+23,+22.8,+22.7,+25,MANU,0,0,+0,+0,+0.0156,+0,+0.0371,+0,+0,+0,08:34:01 25.03.2020
7030,+23.6,+18.3,+22,+21.8,+21.7,+23.1,+22.5,+23,+22.8,+22.7,+25,MANU,0,0,+0,+0,+0.0156,+0,+0.0371,+0,+0,+0,08:35:01 25.03.2020
7031,+23.6,+18.3,+22,+21.8,+21.7,+23.1,+22.5,+23,+22.8,+22.7,+25,MANU,0,0,+0,+0,+0.0156,+0,+0.0371,+0,+0,+0,08:36:01 25.03.2020
7032,+23.6,+18.3,+22,+21.8,+21.7,+23.1,+22.5,+23,+22.8,+22.7,+25,MANU,0,0,+0,+0,+0.0156,+0,+0.0371,+0,+0,+0,08:37:01 25.03.2020
7033,+23.6,+18.3,+22,+21.8,+21.7,+23.1,+22.5,+23,+22.8,+22.7,+25,MANU,0,0,+0,+0,+0.0156,+0,+0.0371,+0,+0,+0,08:38:01 25.03.2020
7034,+23.6,+18.3,+22,+21.8,+21.7,+23.1,+22.5,+23,+22.8,+22.7,+25,MANU,0,0,+0,+0,+0.0156,+0,+0.0371,+0,+0,+0,08:39:01 25.03.2020
7035,+23.6,+18.3,+22,+21.8,+21.7,+23.1,+22.5,+23,+22.8,+22.7,+25,MANU,0,0,+0,+0,+0.0156,+0,+0.0371,+0,+0,+0,08:40:01 25.03.2020
7036,+23.6,+18.3,+22,+21.8,+21.7,+23.1,+22.5,+23,+22.8,+22.7,+25,MANU,0,0,+0,+0,+0.0156,+0,+0.0371,+0,+0,+0,08:41:01 25.03.2020
7037,+23.6,+18.3,+22,+21.8,+21.7,+23.1,+22.5,+23,+22.8,+22.7,+25,MANU,0,0,+0,+0,+0.0156,+0,+0.0371,+0,+0,+0,08:42:01 25.03.2020
7038,+23.6,+18.3,+22,+21.8,+21.7,+23.2,+22.6,+23,+22.9,+22.7,+25,MANU,0,0,+0,+0,+0.0156,+0,+0.0371,+0,+0,+0,08:43:01 25.03.2020
7039,+23.6,+18.3,+22,+21.8,+21.7,+23.2,+22.6,+23,+22.9,+22.7,+25,MANU,0,0,+0,+0,+0.0156,+0,+0.0371,+0,+0,+0,08:44:01 25.03.2020
7040,+23.6,+18.3,+22,+21.8,+21.7,+23.2,+22.5,+23,+22.9,+22.7,+25,MANU,0,0,+0,+0,+0.0156,+0,+0.0371,+0,+0,+0,08:45:01 25.03.2020
7041,+23.6,+18.3,+22,+21.8,+21.7,+23.2,+22.6,+23,+22.9,+22.7,+25,MANU,0,0,+0,+0,+0.0156,+0,+0.0371,+0,+0,+0,08:46:01 25.03.2020
7042,+23.6,+18.3,+22,+21.8,+21.7,+23.2,+22.6,+23,+22.9,+22.7,+25,MANU,0,0,+0,+0,+0.0156,+0,+0.0371,+0,+0,+0,08:47:01 25.03.2020
7043,+23.6,+18.3,+22,+21.8,+21.7,+23.2,+22.6,+23,+22.9,+22.7,+25,MANU,0,0,+0,+0,+0.0156,+0,+0.0371,+0,+0,+0,08:48:01 25.03.2020
7044,+23.6,+18.3,+22,+21.8,+21.7,+23.2,+22.6,+23,+22.9,+22.7,+25,MANU,0,0,+0,+0,+0.0156,+0,+0.0371,+0,+0,+0,08:49:01 25.03.2020
7045,+23.6,+18.3,+22,+21.8,+21.7,+23.2,+22.6,+23,+22.9,+22.7,+25,MANU,0,0,+0,+0,+0.0156,+0,+0.0371,+0,+0,+0,08:50:01 25.03.2020
7046,+23.6,+18.3,+22,+21.8,+21.7,+23.2,+22.6,+23,+22.9,+22.7,+25,MANU,0,0,+0,+0,+0.0156,+0,+0.0371,+0,+0,+0,08:51:01 25.03.2020
7047,+23.6,+18.3,+22,+21.8,+21.7,+23.2,+22.6,+23,+22.9,+22.7,+25,MANU,0,0,+0,+0,+0.0156,+0,+0.0371,+0,+0,+0,08:52:01 25.03.2020
7048,+23.6,+18.3,+22,+21.8,+21.7,+23.2,+22.6,+23,+22.9,+22.7,+25,MANU,0,0,+0,+0,+0.0156,+0,+0.0371,+0,+0,+0,08:53:01 25.03.2020
7049,+23.6,+18.3,+22,+21.8,+21.7,+23.2,+22.6,+23,+22.9,+22.7,+25,MANU,0,0,+0,+0,+0.0156,+0,+0.0371,+0,+0,+0,08:54:01 25.03.2020
7050,+23.6,+18.3,+22,+21.8,+21.7,+23.2,+22.6,+23,+22.9,+22.7,+25,MANU,0,0,+0,+0,+0.0156,+0,+0.0371,+0,+0,+0,08:55:01 25.03.2020
7051,+23.6,+18.3,+22,+21.8,+21.7,+23.2,+22.6,+23,+22.9,+22.7,+25,MANU,0,0,+0,+0,+0.0156,+0,+0.0371,+0,+0,+0,08:56:01 25.03.2020
7052,+23.6,+18.3,+22,+21.8,+21.7,+23.2,+22.6,+23,+22.9,+22.7,+25,MANU,0,0,+0,+0,+0.0156,+0,+0.0371,+0,+0,+0,08:57:01 25.03.2020
7053,+23.6,+18.3,+22,+21.8,+21.7,+23.2,+22.6,+23,+22.9,+22.7,+25,MANU,0,0,+0,+0,+0.0156,+0,+0.0371,+0,+0,+0,08:58:01 25.03.2020
7054,+23.6,+18.3,+22,+21.8,+21.7,+23.2,+22.6,+23,+22.9,+22.7,+25,MANU,0,0,+0,+0,+0.0156,+0,+0.0371,+0,+0,+0,08:59:01 25.03.2020
7055,+23.6,+18.3,+22,+21.8,+21.7,+23.2,+22.6,+23.1,+22.9,+22.8,+25,MANU,0,0,+0,+0,+0.0156,+0,+0.0371,+0,+0,+0,09:00:01 25.03.2020
7056,+23.6,+18.3,+22,+21.8,+21.7,+23.2,+22.6,+23.1,+22.9,+22.8,+25,MANU,0,0,+0,+0,+0.0156,+0,+0.0371,+0,+0,+0,09:01:01 25.03.2020
7057,+23.6,+18.3,+22,+21.8,+21.7,+23.2,+22.6,+23.1,+22.9,+22.8,+25,MANU,0,0,+0,+0,+0.0156,+0,+0.0372,+0,+0,+0,09:02:01 25.03.2020
7058,+23.6,+18.3,+22,+21.7,+21.7,+23.2,+22.6,+23.1,+22.9,+22.8,+25,MANU,0,0,+0,+0,+0.0156,+0,+0.0372,+0,+0,+0,09:03:01 25.03.2020
7059,+23.6,+18.3,+22,+21.7,+21.7,+23.2,+22.6,+23.1,+22.9,+22.8,+25,MANU,0,0,+0,+0,+0.0156,+0,+0.0372,+0,+0,+0,09:04:01 25.03.2020
7060,+23.6,+18.3,+22,+21.7,+21.7,+23.2,+22.6,+23.1,+22.9,+22.8,+25,MANU,0,0,+0,+0,+0.0156,+0,+0.0372,+0,+0,+0,09:05:01 25.03.2020
7061,+23.6,+18.3,+22,+21.7,+21.7,+23.2,+22.6,+23.1,+22.9,+22.8,+25,MANU,0,0,+0,+0,+0.0156,+0,+0.0371,+0,+0,+0,09:06:01 25.03.2020
7062,+23.6,+18.3,+22,+21.7,+21.7,+23.2,+22.6,+23.1,+22.9,+22.8,+25,MDI_,0,0,+0,+0,+0.0156,+0,+0.0372,+0,+0,+0,09:07:01 25.03.2020
7063,+23.7,+18.3,+22,+21.7,+21.7,+23.2,+22.6,+23.1,+22.9,+22.8,+25,MDI_,0,0,+0,+0,+0.0156,+0,+0.0372,+0,+0,+0,09:08:01 25.03.2020
7064,+23.7,+18.3,+22,+21.7,+21.7,+23.2,+22.6,+23.1,+22.9,+22.8,+25,MDI_,0,0,+0,+0,+0.0156,+0,+0.0372,+0,+0,+0,09:09:01 25.03.2020
7065,+23.7,+18.3,+22,+21.7,+21.7,+23.3,+22.6,+23.1,+22.9,+22.8,+25,MDI_,0,0,+0,+0,+0.0156,+0,+0.0372,+0,+0,+0,09:10:01 25.03.2020
7066,+23.7,+18.3,+22,+21.7,+21.7,+23.3,+22.7,+23.1,+22.9,+22.8,+25,MDI_,0,0,+0,+0,+0.0156,+0,+0.0372,+0,+0,+0,09:11:01 25.03.2020
7067,+23.7,+18.3,+22,+21.7,+21.7,+23.3,+22.7,+23.1,+22.9,+22.8,+25,MDI_,0,0,+0,+0,+0.0156,+0,+0.0372,+0,+0,+0,09:12:01 25.03.2020
7068,+23.7,+18.4,+22,+21.7,+21.7,+23.3,+22.7,+23.1,+23,+22.8,+25,MDI_,0,0,+0,+0,+0.0156,+0,+0.0372,+0,+0,+0,09:13:01 25.03.2020
7069,+23.7,+18.4,+22,+21.7,+21.7,+23.3,+22.7,+23.1,+23,+22.8,+25,MDI_,0,0,+0,+0,+0.0156,+0,+0.0372,+0,+0,+0,09:14:01 25.03.2020
7070,+23.7,+18.4,+22,+21.7,+21.7,+23.3,+22.7,+23.1,+23,+22.8,+25,MANU,0,0,+0,+0,+0.0156,+0,+0.0372,+0,+0,+0,09:15:01 25.03.2020
7071,+23.7,+18.4,+22,+21.7,+21.7,+23.3,+22.7,+23.1,+23,+22.8,+25,MANU,0,0,+0,+0,+0.0156,+0,+0.0372,+0,+0,+0,09:16:01 25.03.2020
7072,+23.7,+18.4,+22,+21.7,+21.7,+23.3,+22.7,+23.1,+23,+22.8,+25,MANU,0,0,+0,+0,+0.0156,+0,+0.0372,+0,+0,+0,09:17:01 25.03.2020
7073,+23.7,+18.4,+22,+21.7,+21.7,+23.3,+22.7,+23.1,+23,+22.8,+25,MANU,0,0,+0,+0,+0.0156,+0,+0.0374,+0,+0,+0,09:18:01 25.03.2020
7074,+23.7,+18.4,+22,+21.7,+21.7,+23.3,+22.7,+23.1,+23,+22.8,+25,MANU,0,0,+0,+0,+0.0156,+0,+0.0372,+0,+0,+0,09:19:01 25.03.2020
7075,+23.7,+18.4,+22,+21.7,+21.7,+23.2,+22.7,+23.1,+23,+22.8,+25,HWHE,0,0,+0,+0,+0.0156,+0,+0.0374,+0,+0,+0,09:20:01 25.03.2020
7076,+23.7,+18.4,+22,+21.7,+21.7,+23.2,+22.7,+23.1,+23,+22.8,+25,HWHE,0,0,+0,+0,+0.0156,+0,+0.0372,+0,+0,+0,09:21:01 25.03.2020
7077,+23.7,+18.4,+22,+21.7,+21.7,+23.2,+22.7,+23.1,+23,+22.8,+25,HWHE,0,0,+0,+0,+0.0156,+0,+0.0374,+0,+0,+0,09:22:01 25.03.2020
7078,+23.7,+18.4,+22,+21.7,+21.7,+23.2,+22.7,+23.1,+23,+22.8,+25,HWHE,0,0,+0,+0,+0.0156,+0,+0.0373,+0,+0,+0,09:23:01 25.03.2020
7079,+23.7,+18.4,+22,+21.7,+21.7,+23.2,+22.7,+23.1,+23,+22.8,+25,HWHE,0,0,+0,+0,+0.0156,+0,+0.0374,+0,+0,+0,09:24:01 25.03.2020
7080,+23.7,+18.4,+22,+21.7,+21.7,+23.2,+22.7,+23.1,+23,+22.8,+25,HWHE,0,0,+0,+0,+0.0156,+0,+0.0374,+0,+0,+0,09:25:01 25.03.2020
7081,+23.7,+18.4,+22,+21.7,+21.7,+23.2,+22.7,+23.1,+23,+22.8,+25,MDI_,0,0,+0,+0,+0.0156,+0,+0.0374,+0,+0,+0,09:26:01 25.03.2020
7082,+23.7,+19.5,+21.9,+21.7,+21.7,+23.2,+22.7,+23.1,+23,+22.8,+25,HWHE,0,0,+0,+0,+0.0156,+0,+0.0374,+0,+0,+0,09:27:01 25.03.2020
7083,+23.7,+20.3,+22,+21.7,+21.7,+23.2,+22.7,+23.1,+23,+22.8,+25,HWHE,0,0,+0,+0,+0.0156,+0,+0.0374,+0,+0,+0,09:28:01 25.03.2020
7084,+23.7,+20.5,+22,+21.7,+21.7,+23.2,+22.7,+23.1,+23,+22.8,+25,MDI_,0,0,+0,+0,+0.0156,+0,+0.0374,+0,+0,+0,09:29:01 25.03.2020
7085,+23.7,+20.8,+22,+21.7,+21.7,+23.2,+22.7,+23.1,+23,+22.8,+25,HWHE,0,0,+0,+0,+0.0156,+0,+0.0374,+0,+0,+0,09:30:01 25.03.2020
7086,+23.7,+21,+22,+21.7,+21.7,+23.2,+22.7,+23.1,+23,+22.8,+25,HWHE,0,0,+0,+0,+0.0156,+0,+0.0374,+0,+0,+0,09:31:01 25.03.2020
7087,+23.7,+21,+22,+21.7,+21.7,+23.2,+22.7,+23.1,+23,+22.8,+25,HWHE,0,0,+0,+0,+0.0156,+0,+0.0374,+0,+0,+0,09:32:01 25.03.2020
7088,+23.7,+21,+22,+21.7,+21.7,+23.2,+22.7,+23.1,+23,+22.8,+25,HWHE,0,0,+0,+0,+0.0156,+0,+0.0374,+0,+0,+0,09:33:01 25.03.2020
7089,+23.7,+21,+22,+21.7,+21.7,+23.2,+22.7,+23.1,+23,+22.8,+25,HWHE,0,0,+0,+0,+0.0156,+0,+0.0374,+0,+0,+0,09:34:01 25.03.2020
7090,+23.7,+21.1,+22,+21.7,+21.7,+23.2,+22.7,+23.1,+23,+22.8,+25,HWHE,0,0,+0,+0,+0.0156,+0,+0.0374,+0,+0,+0,09:35:01 25.03.2020
7091,+23.7,+21.6,+22,+21.8,+21.7,+23.2,+22.7,+23,+23,+22.8,+25,HWHE,0,0,+0,+0,+0.0156,+0,+0.0374,+0,+0,+0,09:36:01 25.03.2020
7092,+23.7,+21.7,+22,+21.8,+21.7,+23.2,+22.7,+23,+23,+22.8,+25,HWHE,0,0,+0,+0,+0.0156,+0,+0.0374,+0,+0,+0,09:37:01 25.03.2020
7093,+23.8,+21.7,+22,+21.8,+21.7,+23.2,+22.8,+23,+22.9,+22.8,+25,HWHE,0,0,+0,+0,+0.0156,+0,+0.0374,+0,+0,+0,09:38:01 25.03.2020
7094,+23.8,+21.7,+22,+21.8,+21.7,+23.2,+22.7,+23,+22.9,+22.8,+25,HWHE,0,0,+0,+0,+0.0156,+0,+0.0374,+0,+0,+0,09:39:01 25.03.2020
7095,+23.8,+21.7,+22,+21.8,+21.7,+23.2,+22.8,+23,+22.9,+22.8,+25,MANU,0,0,+0,+0,+0.0156,+0,+0.0374,+0,+0,+0,09:40:01 25.03.2020
7096,+23.8,+21.7,+22,+21.8,+21.7,+23.2,+22.8,+23,+22.9,+22.8,+25,MANU,0,0,+0,+0,+0.0156,+0,+0.0374,+0,+0,+0,09:41:01 25.03.2020
7097,+23.8,+21.7,+22,+21.8,+21.7,+23.2,+22.8,+23,+22.9,+22.9,+25,MANU,0,0,+0,+0,+0.0156,+0,+0.0374,+0,+0,+0,09:42:01 25.03.2020
7098,+23.8,+21.6,+22,+21.8,+21.7,+23.2,+22.8,+23,+22.9,+22.9,+25,MANU,0,0,+0,+0,+0.0156,+0,+0.0374,+0,+0,+0,09:43:01 25.03.2020
7099,+23.8,+21.6,+22,+21.8,+21.7,+23.2,+22.8,+23,+22.9,+22.9,+25,MANU,0,0,+0,+0,+0.0156,+0,+0.0374,+0,+0,+0,09:44:01 25.03.2020
7100,+23.8,+21.6,+22,+21.8,+21.7,+23.2,+22.8,+23,+22.9,+22.9,+25,MANU,0,0,+0,+0,+0.0156,+0,+0.0374,+0,+0,+0,09:45:01 25.03.2020
7101,+23.8,+21.6,+22,+21.8,+21.7,+23.2,+22.8,+23,+22.9,+22.9,+25,MANU,0,0,+0,+0,+0.0156,+0,+0.0374,+0,+0,+0,09:46:01 25.03.2020
7102,+23.8,+21.6,+22,+21.8,+21.7,+23.2,+22.8,+23,+22.9,+22.9,+25,MANU,0,0,+0,+0,+0.0156,+0,+0.0374,+0,+0,+0,09:47:01 25.03.2020
7103,+23.7,+21.6,+22,+21.8,+21.7,+23.2,+22.8,+23,+22.9,+22.9,+25,MANU,0,0,+0,+0,+0.0156,+0,+0.0374,+0,+0,+0,09:48:01 25.03.2020
7104,+23.8,+21.6,+22,+21.8,+21.7,+23.2,+22.8,+23,+22.9,+22.9,+25,MANU,0,0,+0,+0,+0.0156,+0,+0.0374,+0,+0,+0,09:49:01 25.03.2020
7105,+23.8,+21.6,+22,+21.8,+21.7,+23.2,+22.8,+23,+22.9,+22.9,+25,MANU,0,0,+0,+0,+0.0156,+0,+0.0374,+0,+0,+0,09:50:01 25.03.2020
7106,+23.8,+21.6,+22,+21.8,+21.7,+23.2,+22.8,+23,+22.9,+22.9,+25,MANU,0,0,+0,+0,+0.0156,+0,+0.0374,+0,+0,+0,09:51:01 25.03.2020
7107,+23.8,+21.6,+22,+21.8,+21.7,+23.2,+22.8,+23,+22.9,+22.9,+25,MANU,0,0,+0,+0,+0.0156,+0,+0.0374,+0,+0,+0,09:52:01 25.03.2020
7108,+23.8,+21.5,+22,+21.8,+21.7,+23.2,+22.8,+23,+22.9,+22.9,+25,MANU,0,0,+0,+0,+0.0156,+0,+0.0374,+0,+0,+0,09:53:01 25.03.2020
7109,+23.8,+21.5,+22,+21.8,+21.7,+23.3,+22.8,+23,+22.9,+22.9,+25,MANU,0,0,+0,+0,+0.0156,+0,+0.0374,+0,+0,+0,09:54:01 25.03.2020
7110,+23.8,+21.5,+22,+21.8,+21.7,+23.3,+22.8,+23,+22.9,+22.9,+25,MANU,0,0,+0,+0,+0.0156,+0,+0.0374,+0,+0,+0,09:55:01 25.03.2020
7111,+23.8,+21.5,+22,+21.8,+21.7,+23.3,+22.8,+23,+22.9,+22.9,+25,MANU,0,0,+0,+0,+0.0156,+0,+0.0374,+0,+0,+0,09:56:01 25.03.2020
7112,+23.8,+21.5,+22,+21.8,+21.7,+23.3,+22.8,+23,+22.9,+22.9,+25,MANU,0,0,+0,+0,+0.0156,+0,+0.0374,+0,+0,+0,09:57:01 25.03.2020
7113,+23.8,+21.5,+22,+21.8,+21.7,+23.3,+22.8,+23,+22.9,+22.9,+25,MANU,0,0,+0,+0,+0.0156,+0,+0.0374,+0,+0,+0,09:58:01 25.03.2020
7114,+23.8,+21.5,+22,+21.8,+21.7,+23.3,+22.8,+23,+22.9,+22.9,+25,MANU,0,0,+0,+0,+0.0156,+0,+0.0374,+0,+0,+0,09:59:01 25.03.2020
7115,+23.8,+21.5,+22,+21.8,+21.7,+23.3,+22.8,+23,+22.9,+22.9,+25,MANU,0,0,+0,+0,+0.0156,+0,+0.0374,+0,+0,+0,10:00:01 25.03.2020
7116,+23.8,+21.5,+22,+21.8,+21.7,+23.3,+22.8,+23,+22.9,+22.9,+25,MANU,0,0,+0,+0,+0.0156,+0,+0.0374,+0,+0,+0,10:01:01 25.03.2020
7117,+23.8,+21.5,+22,+21.8,+21.7,+23.3,+22.8,+23,+22.9,+22.9,+25,MANU,0,0,+0,+0,+0.0156,+0,+0.0374,+0,+0,+0,10:02:01 25.03.2020
7118,+23.8,+21.5,+22,+21.8,+21.7,+23.3,+22.8,+23,+22.9,+22.9,+25,MDI_,0,0,+0,+0,+0.0156,+0,+0.0374,+0,+0,+0,10:03:01 25.03.2020
7119,+23.8,+21.5,+22,+21.8,+21.7,+23.3,+22.8,+23,+22.9,+22.9,+25,MDI_,0,0,+0,+0,+0.0156,+0,+0.0374,+0,+0,+0,10:04:01 25.03.2020
7120,+23.8,+21.8,+22,+21.8,+21.7,+23.3,+22.8,+23,+22.9,+22.9,+25,MDI_,0,0,+0,+0,+0.0156,+0,+0.0374,+0,+0,+0,10:05:01 25.03.2020
7121,+23.8,+22,+22,+21.8,+21.7,+23.3,+22.8,+23,+22.9,+22.9,+25,MDI_,0,0,+0,+0,+0.0156,+0,+0.0374,+0,+0,+0,10:06:01 25.03.2020
7122,+23.8,+22,+22,+21.8,+21.8,+23.3,+22.8,+23,+22.9,+22.9,+25,MDI_,0,0,+0,+0,+0.0156,+0,+0.0374,+0,+0,+0,10:07:01 25.03.2020
7123,+23.8,+22,+22,+21.8,+21.8,+23.3,+22.8,+23,+22.9,+23,+25,MDI_,0,0,+0,+0,+0.0156,+0,+0.0374,+0,+0,+0,10:08:01 25.03.2020
7124,+23.8,+22,+22,+21.8,+21.8,+23.3,+22.8,+23,+22.9,+23,+25,MANU,0,0,+0,+0,+0.0156,+0,+0.0374,+0,+0,+0,10:09:01 25.03.2020
7125,+23.8,+22,+22,+21.8,+21.8,+23.3,+22.8,+23,+22.9,+23,+25,MANU,0,0,+0,+0,+0.0156,+0,+0.0374,+0,+0,+0,10:10:01 25.03.2020
7126,+23.9,+22,+22,+21.8,+21.8,+23.3,+22.8,+23,+22.9,+23,+25,MANU,0,0,+0,+0,+0.0156,+0,+0.0374,+0,+0,+0,10:11:01 25.03.2020
7127,+23.8,+22,+22,+21.8,+21.8,+23.4,+22.8,+23,+23,+23,+25,HWHE,0,0,+0,+0,+0.0156,+0,+0.0376,+0,+0,+0,10:12:01 25.03.2020
7128,+23.8,+21.9,+22,+21.8,+21.7,+23.4,+22.8,+23,+23,+23,+25,HWHE,0,0,+0,+0,+0.0156,+0,+0.0376,+0,+0,+0,10:13:01 25.03.2020
7129,+23.8,+21.9,+22,+21.8,+21.7,+23.4,+22.8,+23,+23,+23,+25,HWHE,0,0,+0,+0,+0.0156,+0,+0.0376,+0,+0,+0,10:14:01 25.03.2020
7130,+23.8,+21.9,+22,+21.8,+21.8,+23.4,+22.9,+23.1,+23,+23,+25,MANU,0,0,+0,+0,+0.0156,+0,+0.0376,+0,+0,+0,10:15:01 25.03.2020
7131,+23.8,+21.9,+22,+21.8,+21.7,+23.4,+22.9,+23.1,+23,+23,+25,MANU,0,0,+0,+0,+0.0156,+0,+0.0376,+0,+0,+0,10:16:01 25.03.2020
7132,+23.8,+21.9,+22,+21.8,+21.8,+23.4,+22.9,+23.1,+23,+23,+25,MANU,0,0,+0,+0,+0.0156,+0,+0.0376,+0,+0,+0,10:17:01 25.03.2020
7133,+23.8,+21.9,+22,+21.8,+21.8,+23.4,+22.9,+23.1,+23,+23,+25,MANU,0,0,+0,+0,+0.0156,+0,+0.0376,+0,+0,+0,10:18:01 25.03.2020
7134,+23.8,+21.9,+22,+21.8,+21.7,+23.4,+22.9,+23.1,+23,+23,+25,MANU,0,0,+0,+0,+0.0156,+0,+0.0376,+0,+0,+0,10:19:01 25.03.2020
7135,+23.8,+21.9,+22,+21.8,+21.8,+23.4,+22.9,+23.1,+23,+23,+25,MANU,0,0,+0,+0,+0.0156,+0,+0.0376,+0,+0,+0,10:20:01 25.03.2020
7136,+23.8,+21.9,+22,+21.8,+21.7,+23.4,+22.9,+23.1,+23,+23,+25,MANU,0,0,+0,+0,+0.0156,+0,+0.0376,+0,+0,+0,10:21:01 25.03.2020
7137,+23.8,+21.9,+22,+21.8,+21.8,+23.4,+22.9,+23.1,+23,+23,+25,MANU,0,0,+0,+0,+0.0156,+0,+0.0376,+0,+0,+0,10:22:01 25.03.2020
7138,+23.8,+21.9,+22,+21.8,+21.7,+23.4,+22.9,+23.1,+23,+23,+25,MANU,0,0,+0,+0,+0.0156,+0,+0.0376,+0,+0,+0,10:23:01 25.03.2020
7139,+23.8,+21.9,+22,+21.8,+21.7,+23.4,+22.9,+23.1,+23,+23,+25,MANU,0,0,+0,+0,+0.0156,+0,+0.0376,+0,+0,+0,10:24:01 25.03.2020
7140,+23.8,+21.9,+22,+21.8,+21.8,+23.4,+22.9,+23.1,+23,+23,+25,MANU,0,0,+0,+0,+0.0156,+0,+0.0376,+0,+0,+0,10:25:01 25.03.2020
7141,+23.8,+21.8,+22,+21.8,+21.8,+23.4,+22.9,+23.1,+23,+23,+25,MANU,0,0,+0,+0,+0.0156,+0,+0.0376,+0,+0,+0,10:26:01 25.03.2020
7142,+23.8,+21.8,+22,+21.8,+21.8,+23.4,+22.9,+23.1,+23,+23,+25,MANU,0,0,+0,+0,+0.0156,+0,+0.0376,+0,+0,+0,10:27:01 25.03.2020
7143,+23.8,+21.8,+22,+21.8,+21.8,+23.4,+22.9,+23.1,+23,+23,+25,MANU,0,0,+0,+0,+0.0156,+0,+0.0376,+0,+0,+0,10:28:01 25.03.2020
7144,+23.8,+21.8,+22,+21.8,+21.8,+23.4,+22.9,+23.1,+23,+23,+25,MANU,0,0,+0,+0,+0.0156,+0,+0.0376,+0,+0,+0,10:29:01 25.03.2020
7145,+23.8,+21.8,+22,+21.8,+21.8,+23.4,+22.9,+23.1,+23,+23,+25,MANU,0,0,+0,+0,+0.0156,+0,+0.0376,+0,+0,+0,10:30:01 25.03.2020
7146,+23.8,+21.8,+22,+21.8,+21.8,+23.4,+22.9,+23.1,+23,+23,+25,MANU,0,0,+0,+0,+0.0156,+0,+0.0377,+0,+0,+0,10:31:01 25.03.2020
7147,+23.8,+21.8,+22,+21.8,+21.8,+23.5,+23,+23.2,+23,+23,+25,MANU,0,0,+0,+0,+0.0157,+0,+0.0377,+0,+0,+0,10:32:01 25.03.2020
7148,+23.8,+21.8,+22,+21.8,+21.7,+23.5,+23,+23.2,+23,+23,+25,MANU,0,0,+0,+0,+0.0157,+0,+0.0377,+0,+0,+0,10:33:01 25.03.2020
7149,+23.8,+21.8,+22,+21.8,+21.8,+23.5,+23,+23.2,+23.1,+23,+25,MANU,0,0,+0,+0,+0.0157,+0,+0.0377,+0,+0,+0,10:34:01 25.03.2020
7150,+23.8,+21.8,+22,+21.8,+21.8,+23.5,+23,+23.2,+23,+23,+25,MANU,0,0,+0,+0,+0.0157,+0,+0.0377,+0,+0,+0,10:35:01 25.03.2020
7151,+23.8,+21.8,+22,+21.8,+21.8,+23.5,+23,+23.2,+23.1,+23,+25,MANU,0,0,+0,+0,+0.0157,+0,+0.0377,+0,+0,+0,10:36:01 25.03.2020
7152,+23.8,+21.8,+22,+21.8,+21.8,+23.5,+23,+23.2,+23.1,+23,+25,MANU,0,0,+0,+0,+0.0157,+0,+0.0377,+0,+0,+0,10:37:01 25.03.2020
7153,+23.8,+21.7,+22,+21.8,+21.8,+23.5,+23,+23.2,+23.1,+23,+25,MANU,0,0,+0,+0,+0.0157,+0,+0.0377,+0,+0,+0,10:38:01 25.03.2020
7155,+23.8,+21.7,+22,+21.8,+21.7,+23.5,+23,+23.2,+23.1,+23,+25,MANU,0,0,+0,+0,+0.0157,+0,+0.0377,+0,+0,+0,10:40:01 25.03.2020
7156,+23.8,+21.7,+22,+21.8,+21.8,+23.5,+23,+23.2,+23.1,+23.1,+25,HWHE,0,0,+0,+0,+0.0157,+0,+0.0377,+0,+0,+0,10:41:01 25.03.2020
7157,+23.8,+21.7,+22,+21.8,+21.8,+23.5,+23,+23.2,+23.1,+23.1,+25,HWHE,0,0,+0,+0,+0.0157,+0,+0.0377,+0,+0,+0,10:42:01 25.03.2020
7158,+23.8,+21.7,+22,+21.8,+21.8,+23.5,+23,+23.2,+23.1,+23.1,+25,MANU,0,0,+0,+0,+0.0157,+0,+0.0377,+0,+0,+0,10:43:01 25.03.2020
7159,+23.8,+21.7,+22,+21.8,+21.8,+23.5,+23,+23.2,+23.1,+23.1,+25,MANU,0,0,+0,+0,+0.0157,+0,+0.0377,+0,+0,+0,10:44:01 25.03.2020
7160,+23.8,+21.7,+22,+21.8,+21.8,+23.5,+23,+23.2,+23.1,+23.1,+25,HWHE,0,0,+0,+0,+0.0157,+0,+0.0377,+0,+0,+0,10:45:01 25.03.2020
7161,+23.8,+21.7,+22,+21.8,+21.8,+23.5,+23,+23.2,+23.1,+23.1,+25,MANU,0,0,+0,+0,+0.0157,+0,+0.0377,+0,+0,+0,10:46:01 25.03.2020
7162,+23.8,+21.7,+22,+21.8,+21.8,+23.5,+23,+23.2,+23.1,+23.1,+25,MANU,0,0,+0,+0,+0.0157,+0,+0.0377,+0,+0,+0,10:47:01 25.03.2020
7163,+23.8,+21.7,+22,+21.8,+21.7,+23.5,+23,+23.2,+23.1,+23.1,+25,MANU,0,0,+0,+0,+0.0157,+0,+0.0377,+0,+0,+0,10:48:01 25.03.2020
7164,+23.9,+21.7,+22,+21.8,+21.7,+23.5,+23,+23.2,+23.1,+23.1,+25,MANU,0,0,+0,+0,+0.0157,+0,+0.0377,+0,+0,+0,10:49:01 25.03.2020
7165,+23.9,+21.7,+22,+21.8,+21.8,+23.5,+23,+23.2,+23.1,+23.1,+25,HWHE,0,0,+0,+0,+0.0157,+0,+0.0377,+0,+0,+0,10:50:01 25.03.2020
7166,+23.9,+21.7,+22,+21.8,+21.7,+23.6,+23,+23.2,+23.1,+23.1,+25,HWHE,0,0,+0,+0,+0.0157,+0,+0.0377,+0,+0,+0,10:51:01 25.03.2020
7167,+23.9,+21.6,+22,+21.8,+21.8,+23.6,+23,+23.2,+23.1,+23.1,+25,HWHE,0,0,+0,+0,+0.0157,+0,+0.0377,+0,+0,+0,10:52:01 25.03.2020
7168,+23.9,+21.6,+22,+21.8,+21.7,+23.6,+23,+23.3,+23.1,+23.1,+25,HWHE,5,0,+0,+0,+0.0158,+0,+0.0377,+0,+0,+0,10:53:01 25.03.2020
7169,+23.8,+21.6,+22,+21.8,+21.8,+23.6,+23,+23.3,+23.1,+23.1,+25,HWHE,0,0,+0,+0,+0.0158,+0,+0.0377,+0,+0,+0,10:54:01 25.03.2020
7170,+23.9,+21.6,+22,+21.8,+21.8,+23.6,+23.1,+23.3,+23.1,+23.1,+25,HWHE,0,0,+0,+0,+0.0158,+0,+0.0377,+0,+0,+0,10:55:01 25.03.2020
7171,+23.9,+21.6,+22,+21.8,+21.8,+23.6,+23.1,+23.3,+23.1,+23.1,+25,HWHE,0,0,+0,+0,+0.0158,+0,+0.0377,+0,+0,+0,10:56:01 25.03.2020
7172,+23.9,+21.6,+22,+21.8,+21.8,+23.6,+23.1,+23.3,+23.1,+23.1,+25,HWHE,0,0,+0,+0,+0.0158,+0,+0.0377,+0,+0,+0,10:57:01 25.03.2020
7173,+23.8,+21.6,+22,+21.8,+21.7,+23.6,+23.1,+23.3,+23.1,+23.1,+25,HWHE,0,0,+0,+0,+0.0158,+0,+0.0377,+0,+0,+0,10:58:01 25.03.2020
7174,+23.8,+21.6,+22,+21.8,+21.8,+23.6,+23.1,+23.3,+23.1,+23.1,+25,HWHE,0,0,+0,+0,+0.0158,+0,+0.0377,+0,+0,+0,10:59:01 25.03.2020
7175,+23.8,+21.6,+22,+21.8,+21.8,+23.6,+23.1,+23.3,+23.1,+23.1,+25,HWHE,0,0,+0,+0,+0.0158,+0,+0.0377,+0,+0,+0,11:00:01 25.03.2020
7176,+23.8,+21.6,+22,+21.8,+21.7,+23.6,+23.1,+23.3,+23.1,+23.1,+25,HWHE,0,0,+0,+0,+0.0158,+0,+0.0377,+0,+0,+0,11:01:01 25.03.2020
7177,+23.8,+21.6,+22,+21.8,+21.8,+23.6,+23.1,+23.3,+23.2,+23.1,+25,HWHE,0,0,+0,+0,+0.0158,+0,+0.0377,+0,+0,+0,11:02:01 25.03.2020
7178,+23.9,+21.6,+22,+21.8,+21.7,+23.6,+23.1,+23.3,+23.2,+23.1,+25,HWHE,0,0,+0,+0,+0.0158,+0,+0.0377,+0,+0,+0,11:03:01 25.03.2020
7179,+23.9,+21.5,+22,+21.8,+21.7,+23.6,+23.1,+23.3,+23.2,+23.1,+25,HWHE,0,0,+0,+0,+0.0158,+0,+0.0377,+0,+0,+0,11:04:01 25.03.2020
7180,+23.9,+21.5,+22,+21.8,+21.8,+23.6,+23.1,+23.3,+23.2,+23.2,+25,HWHE,0,0,+0,+0,+0.0158,+0,+0.0377,+0,+0,+0,11:05:01 25.03.2020
7181,+23.9,+21.5,+22,+21.8,+21.7,+23.6,+23.1,+23.3,+23.2,+23.2,+25,MANU,0,0,+0,+0,+0.0158,+0,+0.0377,+0,+0,+0,11:06:01 25.03.2020
7182,+23.9,+21.4,+22,+21.8,+21.7,+23.6,+23.1,+23.3,+23.2,+23.2,+25,MANU,0,0,+0,+0,+0.0158,+0,+0.0377,+0,+0,+0,11:07:01 25.03.2020
7183,+23.9,+21.4,+22,+21.8,+21.7,+23.6,+23.1,+23.3,+23.2,+23.2,+25,MANU,0,0,+0,+0,+0.0158,+0,+0.0377,+0,+0,+0,11:08:01 25.03.2020
7184,+23.9,+21.4,+22,+21.8,+21.7,+23.6,+23.1,+23.3,+23.2,+23.2,+25,MANU,0,0,+0,+0,+0.0158,+0,+0.0377,+0,+0,+0,11:09:01 25.03.2020
7185,+23.9,+21.4,+22,+21.8,+21.7,+23.6,+23.1,+23.3,+23.2,+23.2,+25,HWHE,0,0,+0,+0,+0.0158,+0,+0.0377,+0,+0,+0,11:10:01 25.03.2020
7186,+23.9,+21.4,+22,+21.8,+21.7,+23.6,+23.1,+23.3,+23.2,+23.2,+25,HWHE,0,0,+0,+0,+0.0158,+0,+0.0377,+0,+0,+0,11:11:01 25.03.2020
7187,+23.9,+21.4,+22,+21.8,+21.7,+23.6,+23.1,+23.3,+23.2,+23.2,+25,MANU,0,0,+0,+0,+0.0158,+0,+0.0377,+0,+0,+0,11:12:01 25.03.2020
7188,+23.9,+21.4,+22,+21.8,+21.7,+23.6,+23.1,+23.3,+23.2,+23.2,+25,MANU,0,0,+0,+0,+0.0158,+0,+0.0377,+0,+0,+0,11:13:01 25.03.2020
7189,+23.9,+21.3,+22,+21.8,+21.7,+23.6,+23.1,+23.3,+23.2,+23.2,+25,HWHE,0,0,+0,+0,+0.0158,+0,+0.0377,+0,+0,+0,11:14:01 25.03.2020
7190,+23.9,+21.3,+22,+21.8,+21.7,+23.6,+23.2,+23.3,+23.2,+23.2,+25,HWHE,0,0,+0,+0,+0.0158,+0,+0.0377,+0,+0,+0,11:15:01 25.03.2020
7191,+23.9,+21.3,+22,+21.8,+21.7,+23.6,+23.2,+23.3,+23.2,+23.2,+25,HWHE,0,0,+0,+0,+0.0158,+0,+0.0377,+0,+0,+0,11:16:01 25.03.2020
7192,+23.9,+21.3,+22,+21.8,+21.7,+23.6,+23.1,+23.3,+23.2,+23.2,+25,HWHE,0,0,+0,+0,+0.0158,+0,+0.0377,+0,+0,+0,11:17:01 25.03.2020
7195,+23.9,+21.3,+22,+21.8,+21.7,+23.6,+23.2,+23.3,+23.2,+23.1,+25,MANU,0,0,+0,+0,+0.0158,+0,+0.0377,+0,+0,+0,11:20:01 25.03.2020
7196,+23.9,+21.3,+22,+21.8,+21.7,+23.6,+23.2,+23.3,+23.2,+23.2,+25,HWHE,0,0,+0,+0,+0.0158,+0,+0.0377,+0,+0,+0,11:21:01 25.03.2020
7197,+23.9,+21.3,+22,+21.8,+21.7,+23.6,+23.2,+23.3,+23.2,+23.2,+25,HWHE,0,0,+0,+0,+0.0158,+0,+0.0377,+0,+0,+0,11:22:01 25.03.2020
7198,+23.9,+21.3,+22,+21.8,+21.7,+23.6,+23.2,+23.3,+23.2,+23.1,+25,MANU,0,0,+0,+0,+0.0158,+0,+0.0377,+0,+0,+0,11:23:01 25.03.2020
7199,+23.9,+21.3,+22,+21.8,+21.7,+23.6,+23.2,+23.3,+23.2,+23.1,+25,HWHE,0,0,+0,+0,+0.0158,+0,+0.0377,+0,+0,+0,11:24:01 25.03.2020
7200,+23.9,+21.3,+22,+21.8,+21.7,+23.6,+23.2,+23.3,+23.2,+23.1,+25,HWHE,0,0,+0,+0,+0.0158,+0,+0.0377,+0,+0,+0,11:25:01 25.03.2020
7201,+23.9,+21.3,+22,+21.8,+21.7,+23.6,+23.2,+23.3,+23.2,+23.1,+25,HWHE,0,0,+0,+0,+0.0158,+0,+0.0377,+0,+0,+0,11:26:01 25.03.2020
7202,+23.9,+21.3,+22,+21.8,+21.7,+23.6,+23.2,+23.3,+23.2,+23.1,+25,HWHE,0,0,+0,+0,+0.0158,+0,+0.0377,+0,+0,+0,11:27:01 25.03.2020
7203,+23.9,+21.3,+22,+21.8,+21.7,+23.6,+23.2,+23.3,+23.2,+23.1,+25,MANU,0,0,+0,+0,+0.0158,+0,+0.0377,+0,+0,+0,11:28:01 25.03.2020
7204,+23.9,+21.3,+22,+21.8,+21.7,+23.6,+23.2,+23.3,+23.2,+23.2,+25,MANU,0,0,+0,+0,+0.0158,+0,+0.0377,+0,+0,+0,11:29:01 25.03.2020
7205,+23.9,+21.3,+22,+21.8,+21.7,+23.6,+23.2,+23.3,+23.2,+23.2,+25,MANU,0,0,+0,+0,+0.0158,+0,+0.0377,+0,+0,+0,11:30:01 25.03.2020
7206,+23.9,+21.3,+22,+21.8,+21.7,+23.6,+23.2,+23.3,+23.2,+23.2,+25,MANU,0,0,+0,+0,+0.0158,+0,+0.0377,+0,+0,+0,11:31:01 25.03.2020
7207,+23.9,+21.3,+22,+21.8,+21.7,+23.6,+23.2,+23.3,+23.2,+23.2,+25,MANU,0,0,+0,+0,+0.0158,+0,+0.0377,+0,+0,+0,11:32:01 25.03.2020
7208,+23.9,+21.3,+22,+21.8,+21.7,+23.6,+23.2,+23.3,+23.2,+23.2,+25,MANU,0,0,+0,+0,+0.0158,+0,+0.0377,+0,+0,+0,11:33:01 25.03.2020
7209,+23.9,+21.3,+22,+21.8,+21.7,+23.6,+23.2,+23.3,+23.2,+23.2,+25,MANU,0,0,+0,+0,+0.0158,+0,+0.0377,+0,+0,+0,11:34:01 25.03.2020
7210,+23.9,+21.3,+22,+21.8,+21.7,+23.6,+23.2,+23.3,+23.2,+23.2,+25,MANU,0,0,+0,+0,+0.0158,+0,+0.0377,+0,+0,+0,11:35:01 25.03.2020
7211,+23.9,+21.3,+22,+21.8,+21.7,+23.6,+23.2,+23.3,+23.2,+23.2,+25,MANU,0,0,+0,+0,+0.0158,+0,+0.0377,+0,+0,+0,11:36:01 25.03.2020
7212,+23.9,+21.3,+22,+21.8,+21.7,+23.6,+23.2,+23.3,+23.2,+23.2,+25,MANU,0,0,+0,+0,+0.0158,+0,+0.0377,+0,+0,+0,11:37:01 25.03.2020
7213,+23.9,+21.3,+22,+21.8,+21.7,+23.6,+23.2,+23.3,+23.2,+23.2,+25,MANU,0,0,+0,+0,+0.0158,+0,+0.0377,+0,+0,+0,11:38:01 25.03.2020
7214,+23.9,+21.3,+22,+21.8,+21.7,+23.6,+23.2,+23.3,+23.2,+23.2,+25,MANU,0,0,+0,+0,+0.0158,+0,+0.0377,+0,+0,+0,11:39:01 25.03.2020
7215,+23.9,+21.3,+22,+21.8,+21.7,+23.6,+23.2,+23.3,+23.2,+23.2,+25,MANU,0,0,+0,+0,+0.0158,+0,+0.0377,+0,+0,+0,11:40:01 25.03.2020
7216,+23.9,+21.2,+22,+21.8,+21.7,+23.6,+23.2,+23.3,+23.2,+23.2,+25,HWHE,0,0,+0,+0,+0.0158,+0,+0.0377,+0,+0,+0,11:41:01 25.03.2020
7217,+24,+21.2,+22,+21.8,+21.7,+23.6,+23.2,+23.3,+23.2,+23.2,+25,HWHE,0,0,+0,+0,+0.0158,+0,+0.0377,+0,+0,+0,11:42:01 25.03.2020
7218,+23.9,+21.2,+22,+21.8,+21.7,+23.7,+23.2,+23.3,+23.2,+23.2,+25,HWHE,0,0,+0,+0,+0.0158,+0,+0.0379,+0,+0,+0,11:43:01 25.03.2020
7219,+24,+21.2,+22,+21.8,+21.7,+23.7,+23.2,+23.3,+23.2,+23.2,+25,MANU,0,0,+0,+0,+0.0158,+0,+0.0379,+0,+0,+0,11:44:01 25.03.2020
7220,+23.9,+21.2,+22,+21.8,+21.7,+23.6,+23.3,+23.3,+23.2,+23.2,+25,MANU,0,0,+0,+0,+0.0158,+0,+0.0377,+0,+0,+0,11:45:01 25.03.2020
7221,+23.9,+21.2,+22,+21.8,+21.7,+23.6,+23.2,+23.3,+23.2,+23.2,+25,MANU,0,0,+0,+0,+0.0158,+0,+0.0377,+0,+0,+0,11:46:01 25.03.2020
7222,+23.9,+21.2,+21.9,+21.8,+21.7,+23.6,+23.2,+23.3,+23.2,+23.2,+25,HWHE,0,0,+0,+0,+0.0158,+0,+0.0377,+0,+0,+0,11:47:01 25.03.2020
7223,+23.9,+21.2,+22,+21.8,+21.7,+23.6,+23.2,+23.3,+23.2,+23.2,+25,HWHE,0,0,+0,+0,+0.0158,+0,+0.0377,+0,+0,+0,11:48:01 25.03.2020
7224,+23.9,+21.2,+22,+21.8,+21.7,+23.6,+23.2,+23.3,+23.2,+23.2,+25,HWHE,0,0,+0,+0,+0.0158,+0,+0.0377,+0,+0,+0,11:49:01 25.03.2020
7225,+23.9,+21.2,+22,+21.8,+21.7,+23.6,+23.2,+23.3,+23.2,+23.2,+25,HWHE,0,0,+0,+0,+0.0158,+0,+0.0377,+0,+0,+0,11:50:01 25.03.2020
7226,+23.9,+21.2,+22,+21.8,+21.7,+23.7,+23.2,+23.3,+23.2,+23.2,+25,MANU,0,0,+0,+0,+0.0158,+0,+0.0377,+0,+0,+0,11:51:01 25.03.2020
7227,+23.9,+21.2,+22,+21.8,+21.7,+23.7,+23.2,+23.3,+23.2,+23.2,+25,MANU,0,0,+0,+0,+0.0158,+0,+0.0377,+0,+0,+0,11:52:01 25.03.2020
7228,+23.8,+21.2,+22,+21.8,+21.7,+23.7,+23.3,+23.3,+23.2,+23.2,+25,MANU,0,0,+0,+0,+0.0158,+0,+0.0377,+0,+0,+0,11:53:01 25.03.2020
7229,+23.8,+21.2,+22,+21.8,+21.7,+23.7,+23.3,+23.3,+23.2,+23.2,+25,MANU,0,0,+0,+0,+0.0158,+0,+0.0377,+0,+0,+0,11:54:01 25.03.2020
7230,+23.8,+21.2,+22,+21.8,+21.7,+23.7,+23.3,+23.3,+23.2,+23.2,+25,MANU,0,0,+0,+0,+0.0158,+0,+0.0377,+0,+0,+0,11:55:01 25.03.2020
7231,+23.8,+21.2,+22,+21.8,+21.7,+23.7,+23.3,+23.3,+23.2,+23.2,+25,MANU,0,0,+0,+0,+0.0158,+0,+0.0377,+0,+0,+0,11:56:01 25.03.2020
7232,+23.8,+21.2,+22,+21.8,+21.7,+23.7,+23.3,+23.3,+23.2,+23.2,+25,MANU,0,0,+0,+0,+0.0158,+0,+0.0377,+0,+0,+0,11:57:01 25.03.2020
7233,+23.8,+21.2,+21.9,+21.8,+21.7,+23.7,+23.3,+23.3,+23.2,+23.2,+25,MANU,0,0,+0,+0,+0.0158,+0,+0.0377,+0,+0,+0,11:58:01 25.03.2020
7234,+23.8,+21.2,+21.9,+21.8,+21.7,+23.7,+23.3,+23.3,+23.2,+23.2,+25,MANU,0,0,+0,+0,+0.0158,+0,+0.0377,+0,+0,+0,11:59:01 25.03.2020
7235,+23.8,+21.2,+21.9,+21.8,+21.7,+23.7,+23.3,+23.3,+23.2,+23.2,+25,MANU,0,0,+0,+0,+0.0158,+0,+0.0379,+0,+0,+0,12:00:01 25.03.2020
7236,+23.8,+21.2,+21.9,+21.8,+21.7,+23.8,+23.3,+23.3,+23.2,+23.2,+25,MANU,0,0,+0,+0,+0.0158,+0,+0.0379,+0,+0,+0,12:01:01 25.03.2020
7237,+23.8,+21.1,+21.9,+21.8,+21.7,+23.8,+23.3,+23.3,+23.2,+23.2,+25,MANU,0,0,+0,+0,+0.0158,+0,+0.0379,+0,+0,+0,12:02:01 25.03.2020
7238,+23.8,+21.1,+21.9,+21.8,+21.7,+23.8,+23.3,+23.3,+23.2,+23.2,+25,MANU,0,0,+0,+0,+0.0158,+0,+0.0379,+0,+0,+0,12:03:01 25.03.2020
7239,+23.8,+21.1,+21.9,+21.8,+21.7,+23.8,+23.3,+23.3,+23.2,+23.2,+25,MANU,0,0,+0,+0,+0.0158,+0,+0.0379,+0,+0,+0,12:04:01 25.03.2020
7240,+23.8,+21,+21.9,+21.8,+21.7,+23.8,+23.3,+23.3,+23.2,+23.2,+25,MANU,0,0,+0,+0,+0.0158,+0,+0.0379,+0,+0,+0,12:05:01 25.03.2020
7241,+23.8,+21,+21.9,+21.8,+21.7,+23.8,+23.3,+23.3,+23.2,+23.2,+25,MANU,0,0,+0,+0,+0.0158,+0,+0.0379,+0,+0,+0,12:06:01 25.03.2020
7242,+23.8,+21,+21.9,+21.8,+21.7,+23.8,+23.3,+23.3,+23.2,+23.2,+25,MANU,0,0,+0,+0,+0.0158,+0,+0.0379,+0,+0,+0,12:07:01 25.03.2020
7243,+23.8,+21,+21.9,+21.8,+21.7,+23.8,+23.3,+23.3,+23.2,+23.2,+25,MANU,0,0,+0,+0,+0.0158,+0,+0.0379,+0,+0,+0,12:08:01 25.03.2020
7244,+23.8,+21,+21.9,+21.8,+21.7,+23.8,+23.3,+23.3,+23.2,+23.2,+25,MANU,0,0,+0,+0,+0.0158,+0,+0.0379,+0,+0,+0,12:09:01 25.03.2020
7245,+23.7,+21,+21.9,+21.8,+21.7,+23.8,+23.3,+23.3,+23.2,+23.2,+25,MANU,0,0,+0,+0,+0.0158,+0,+0.0379,+0,+0,+0,12:10:01 25.03.2020
7246,+23.7,+21,+21.9,+21.8,+21.7,+23.8,+23.3,+23.3,+23.2,+23.2,+25,MANU,0,0,+0,+0,+0.0158,+0,+0.0379,+0,+0,+0,12:11:01 25.03.2020
7247,+23.7,+21,+21.9,+21.8,+21.7,+23.8,+23.3,+23.3,+23.2,+23.2,+25,MANU,0,0,+0,+0,+0.0158,+0,+0.0379,+0,+0,+0,12:12:01 25.03.2020
7248,+23.7,+21,+21.9,+21.8,+21.7,+23.8,+23.3,+23.3,+23.2,+23.2,+25,MANU,0,0,+0,+0,+0.0158,+0,+0.0379,+0,+0,+0,12:13:01 25.03.2020
7249,+23.7,+21,+21.9,+21.8,+21.7,+23.8,+23.3,+23.3,+23.2,+23.2,+25,MANU,0,0,+0,+0,+0.0158,+0,+0.0379,+0,+0,+0,12:14:01 25.03.2020
7250,+23.7,+21,+21.9,+21.8,+21.7,+23.8,+23.3,+23.3,+23.2,+23.2,+25,MANU,0,0,+0,+0,+0.0158,+0,+0.0379,+0,+0,+0,12:15:01 25.03.2020
7251,+23.7,+21,+21.9,+21.8,+21.7,+23.8,+23.3,+23.3,+23.2,+23.2,+25,MANU,0,0,+0,+0,+0.0158,+0,+0.0379,+0,+0,+0,12:16:01 25.03.2020
7252,+23.7,+21,+21.9,+21.8,+21.7,+23.8,+23.3,+23.3,+23.2,+23.2,+25,MANU,0,0,+0,+0,+0.0158,+0,+0.0379,+0,+0,+0,12:17:01 25.03.2020
7253,+23.7,+21,+21.9,+21.8,+21.7,+23.8,+23.3,+23.3,+23.2,+23.2,+25,MANU,0,0,+0,+0,+0.0158,+0,+0.0379,+0,+0,+0,12:18:01 25.03.2020
7254,+23.7,+21,+21.9,+21.8,+21.7,+23.8,+23.3,+23.3,+23.2,+23.2,+25,MANU,0,0,+0,+0,+0.0158,+0,+0.0379,+0,+0,+0,12:19:01 25.03.2020
7255,+23.6,+21,+21.9,+21.8,+21.7,+23.8,+23.3,+23.3,+23.2,+23.2,+25,MANU,0,0,+0,+0,+0.0158,+0,+0.0379,+0,+0,+0,12:20:01 25.03.2020
7256,+23.6,+21,+21.9,+21.8,+21.7,+23.8,+23.3,+23.3,+23.2,+23.2,+25,MANU,0,0,+0,+0,+0.0158,+0,+0.0379,+0,+0,+0,12:21:01 25.03.2020
7257,+23.6,+21,+21.9,+21.8,+21.7,+23.8,+23.3,+23.3,+23.2,+23.2,+25,MANU,0,0,+0,+0,+0.0158,+0,+0.0379,+0,+0,+0,12:22:01 25.03.2020
7258,+23.6,+21,+21.9,+21.7,+21.7,+23.8,+23.3,+23.3,+23.2,+23.2,+25,MANU,0,0,+0,+0,+0.0158,+0,+0.0379,+0,+0,+0,12:23:01 25.03.2020
7259,+23.6,+21,+21.9,+21.8,+21.7,+23.8,+23.3,+23.3,+23.2,+23.2,+25,MANU,0,0,+0,+0,+0.0158,+0,+0.0379,+0,+0,+0,12:24:01 25.03.2020
7260,+23.6,+21,+21.9,+21.8,+21.7,+23.8,+23.3,+23.3,+23.2,+23.2,+25,MANU,0,0,+0,+0,+0.0158,+0,+0.0379,+0,+0,+0,12:25:01 25.03.2020
7261,+23.6,+21,+21.9,+21.8,+21.7,+23.8,+23.3,+23.3,+23.2,+23.2,+25,MANU,0,0,+0,+0,+0.0158,+0,+0.0379,+0,+0,+0,12:26:01 25.03.2020
7262,+23.6,+21,+21.9,+21.8,+21.7,+23.8,+23.3,+23.3,+23.2,+23.2,+25,MANU,0,0,+0,+0,+0.0158,+0,+0.0379,+0,+0,+0,12:27:01 25.03.2020
7263,+23.6,+21,+21.9,+21.8,+21.7,+23.9,+23.3,+23.4,+23.2,+23.2,+25,MANU,0,0,+0,+0,+0.0159,+0,+0.0379,+0,+0,+0,12:28:01 25.03.2020
7264,+23.6,+21,+21.9,+21.8,+21.7,+23.9,+23.3,+23.4,+23.3,+23.2,+25,MANU,0,0,+0,+0,+0.0159,+0,+0.0379,+0,+0,+0,12:29:01 25.03.2020
7265,+23.6,+21,+21.9,+21.8,+21.7,+23.9,+23.3,+23.4,+23.3,+23.2,+25,MANU,0,0,+0,+0,+0.0159,+0,+0.0379,+0,+0,+0,12:30:01 25.03.2020
7266,+23.6,+21,+21.9,+21.7,+21.7,+23.9,+23.3,+23.4,+23.3,+23.2,+25,MANU,0,0,+0,+0,+0.0159,+0,+0.0379,+0,+0,+0,12:31:01 25.03.2020
7267,+23.6,+21,+21.9,+21.8,+21.7,+23.9,+23.3,+23.4,+23.3,+23.2,+25,MANU,0,0,+0,+0,+0.0159,+0,+0.0379,+0,+0,+0,12:32:01 25.03.2020
7268,+23.6,+21,+21.9,+21.7,+21.7,+23.9,+23.3,+23.4,+23.3,+23.2,+25,MANU,0,0,+0,+0,+0.0159,+0,+0.0379,+0,+0,+0,12:33:01 25.03.2020
7269,+23.6,+21,+21.9,+21.8,+21.7,+23.9,+23.3,+23.4,+23.3,+23.2,+25,MANU,0,0,+0,+0,+0.0159,+0,+0.0379,+0,+0,+0,12:34:01 25.03.2020
7270,+23.6,+21,+21.9,+21.8,+21.7,+23.9,+23.3,+23.4,+23.3,+23.2,+25,MANU,0,0,+0,+0,+0.0159,+0,+0.0379,+0,+0,+0,12:35:01 25.03.2020
7271,+23.6,+21,+21.9,+21.7,+21.7,+23.9,+23.3,+23.4,+23.3,+23.3,+25,MANU,0,0,+0,+0,+0.0159,+0,+0.0379,+0,+0,+0,12:36:01 25.03.2020
7272,+23.6,+21,+21.9,+21.8,+21.7,+23.9,+23.3,+23.4,+23.3,+23.3,+25,MANU,0,0,+0,+0,+0.0159,+0,+0.0379,+0,+0,+0,12:37:01 25.03.2020
7273,+23.6,+21,+21.9,+21.7,+21.7,+23.9,+23.3,+23.4,+23.3,+23.3,+25,MANU,0,0,+0,+0,+0.0159,+0,+0.0379,+0,+0,+0,12:38:01 25.03.2020
7274,+23.5,+21,+21.9,+21.7,+21.7,+23.9,+23.3,+23.4,+23.3,+23.3,+25,MANU,0,0,+0,+0,+0.0159,+0,+0.0379,+0,+0,+0,12:39:01 25.03.2020
7275,+23.5,+21,+21.9,+21.7,+21.7,+23.9,+23.3,+23.4,+23.3,+23.3,+25,MANU,0,0,+0,+0,+0.0159,+0,+0.0379,+0,+0,+0,12:40:01 25.03.2020
7276,+23.5,+20.9,+21.9,+21.7,+21.7,+23.9,+23.3,+23.4,+23.3,+23.3,+25,MANU,0,0,+0,+0,+0.0159,+0,+0.0379,+0,+0,+0,12:41:01 25.03.2020
7277,+23.5,+20.9,+21.9,+21.7,+21.7,+23.9,+23.3,+23.4,+23.3,+23.3,+25,MANU,0,0,+0,+0,+0.0159,+0,+0.0379,+0,+0,+0,12:42:01 25.03.2020
7278,+23.5,+20.9,+21.9,+21.7,+21.7,+23.9,+23.3,+23.4,+23.3,+23.3,+25,MANU,0,0,+0,+0,+0.0159,+0,+0.0379,+0,+0,+0,12:43:01 25.03.2020
7279,+23.5,+20.9,+21.9,+21.7,+21.7,+23.9,+23.3,+23.4,+23.3,+23.3,+25,MANU,0,0,+0,+0,+0.0159,+0,+0.0379,+0,+0,+0,12:44:01 25.03.2020
7280,+23.5,+20.9,+21.9,+21.7,+21.7,+23.9,+23.3,+23.4,+23.3,+23.3,+25,MANU,0,0,+0,+0,+0.0159,+0,+0.0379,+0,+0,+0,12:45:01 25.03.2020
7281,+23.5,+20.9,+21.9,+21.7,+21.7,+23.9,+23.3,+23.4,+23.3,+23.3,+25,MANU,0,0,+0,+0,+0.0159,+0,+0.0379,+0,+0,+0,12:46:01 25.03.2020
7282,+23.5,+20.9,+21.9,+21.7,+21.7,+23.9,+23.3,+23.4,+23.3,+23.3,+25,MANU,0,0,+0,+0,+0.0159,+0,+0.0379,+0,+0,+0,12:47:01 25.03.2020
7283,+23.5,+20.9,+21.9,+21.7,+21.7,+23.8,+23.3,+23.4,+23.3,+23.3,+25,MANU,0,0,+0,+0,+0.0159,+0,+0.0379,+0,+0,+0,12:48:01 25.03.2020
7284,+23.4,+20.9,+21.9,+21.7,+21.7,+23.9,+23.3,+23.4,+23.3,+23.3,+25,MANU,0,0,+0,+0,+0.0159,+0,+0.0379,+0,+0,+0,12:49:01 25.03.2020
7285,+23.4,+20.9,+21.9,+21.7,+21.7,+23.9,+23.3,+23.4,+23.3,+23.3,+25,MANU,0,0,+0,+0,+0.0159,+0,+0.0379,+0,+0,+0,12:50:01 25.03.2020
7286,+23.4,+20.9,+21.9,+21.7,+21.7,+23.9,+23.3,+23.4,+23.3,+23.3,+25,MANU,0,0,+0,+0,+0.0159,+0,+0.0379,+0,+0,+0,12:51:01 25.03.2020
7287,+23.4,+20.9,+21.9,+21.7,+21.7,+23.9,+23.3,+23.4,+23.3,+23.3,+25,MANU,0,0,+0,+0,+0.0159,+0,+0.0379,+0,+0,+0,12:52:01 25.03.2020
7288,+23.4,+20.9,+21.9,+21.7,+21.7,+23.9,+23.3,+23.4,+23.3,+23.3,+25,MANU,0,0,+0,+0,+0.0159,+0,+0.0379,+0,+0,+0,12:53:01 25.03.2020
7289,+23.4,+20.9,+21.9,+21.7,+21.7,+23.8,+23.3,+23.4,+23.3,+23.3,+25,MANU,0,0,+0,+0,+0.0159,+0,+0.0379,+0,+0,+0,12:54:01 25.03.2020
7290,+23.4,+20.9,+21.9,+21.7,+21.7,+23.8,+23.3,+23.4,+23.3,+23.3,+25,MANU,0,0,+0,+0,+0.0159,+0,+0.0379,+0,+0,+0,12:55:01 25.03.2020
7291,+23.4,+20.9,+21.9,+21.7,+21.7,+23.9,+23.3,+23.4,+23.3,+23.3,+25,MANU,0,0,+0,+0,+0.0159,+0,+0.0379,+0,+0,+0,12:56:01 25.03.2020
7292,+23.4,+20.9,+21.9,+21.7,+21.7,+23.8,+23.3,+23.4,+23.3,+23.3,+25,MANU,0,0,+0,+0,+0.0159,+0,+0.0379,+0,+0,+0,12:57:01 25.03.2020
7293,+23.4,+20.9,+21.9,+21.7,+21.7,+23.9,+23.3,+23.4,+23.3,+23.3,+25,MANU,0,0,+0,+0,+0.0159,+0,+0.0379,+0,+0,+0,12:58:01 25.03.2020
7294,+23.4,+20.9,+21.9,+21.7,+21.7,+23.9,+23.3,+23.4,+23.3,+23.3,+25,MANU,0,0,+0,+0,+0.0159,+0,+0.0379,+0,+0,+0,12:59:01 25.03.2020
7295,+23.3,+20.9,+21.9,+21.7,+21.7,+23.8,+23.3,+23.4,+23.3,+23.3,+25,MANU,0,0,+0,+0,+0.0159,+0,+0.0379,+0,+0,+0,13:00:01 25.03.2020
7296,+23.3,+20.9,+21.9,+21.7,+21.7,+23.8,+23.3,+23.4,+23.3,+23.3,+25,MANU,0,0,+0,+0,+0.0159,+0,+0.0379,+0,+0,+0,13:01:01 25.03.2020
7297,+23.3,+20.8,+21.9,+21.7,+21.7,+23.8,+23.3,+23.4,+23.3,+23.3,+25,MANU,0,0,+0,+0,+0.0159,+0,+0.0379,+0,+0,+0,13:02:01 25.03.2020
7298,+23.3,+20.8,+21.9,+21.7,+21.7,+23.9,+23.3,+23.4,+23.3,+23.3,+25,MANU,0,0,+0,+0,+0.0159,+0,+0.0379,+0,+0,+0,13:03:01 25.03.2020
7299,+23.3,+20.8,+21.9,+21.7,+21.7,+23.9,+23.3,+23.4,+23.3,+23.2,+25,MANU,0,0,+0,+0,+0.0159,+0,+0.0379,+0,+0,+0,13:04:01 25.03.2020
7300,+23.3,+20.8,+21.9,+21.7,+21.7,+23.9,+23.3,+23.4,+23.3,+23.3,+25,MANU,0,0,+0,+0,+0.0159,+0,+0.0379,+0,+0,+0,13:05:01 25.03.2020
7301,+23.3,+20.8,+21.9,+21.7,+21.7,+23.9,+23.3,+23.4,+23.3,+23.3,+25,MANU,0,0,+0,+0,+0.0159,+0,+0.0379,+0,+0,+0,13:06:01 25.03.2020
7302,+23.3,+20.8,+21.9,+21.7,+21.7,+23.9,+23.3,+23.4,+23.3,+23.3,+25,MANU,0,0,+0,+0,+0.0159,+0,+0.0379,+0,+0,+0,13:07:01 25.03.2020
7303,+23.3,+20.8,+21.9,+21.7,+21.7,+23.9,+23.3,+23.4,+23.3,+23.3,+25,MANU,0,0,+0,+0,+0.0159,+0,+0.0379,+0,+0,+0,13:08:01 25.03.2020
7304,+23.3,+20.8,+21.9,+21.7,+21.7,+23.9,+23.3,+23.4,+23.3,+23.3,+25,MANU,0,0,+0,+0,+0.0159,+0,+0.0379,+0,+0,+0,13:09:01 25.03.2020
7305,+23.3,+20.8,+21.9,+21.7,+21.7,+23.9,+23.3,+23.4,+23.3,+23.3,+25,MANU,0,0,+0,+0,+0.0159,+0,+0.0381,+0,+0,+0,13:10:01 25.03.2020
7306,+23.3,+20.7,+21.9,+21.7,+21.7,+23.9,+23.3,+23.4,+23.3,+23.3,+25,MANU,0,0,+0,+0,+0.0159,+0,+0.0379,+0,+0,+0,13:11:01 25.03.2020
7307,+23.3,+20.7,+21.9,+21.7,+21.7,+23.9,+23.3,+23.4,+23.3,+23.3,+25,MANU,0,0,+0,+0,+0.0159,+0,+0.0379,+0,+0,+0,13:12:01 25.03.2020
7308,+23.3,+20.7,+21.9,+21.7,+21.7,+23.9,+23.3,+23.4,+23.3,+23.3,+25,MANU,0,0,+0,+0,+0.0159,+0,+0.0379,+0,+0,+0,13:13:01 25.03.2020
7309,+23.3,+20.7,+21.9,+21.7,+21.7,+23.9,+23.3,+23.4,+23.3,+23.3,+25,MANU,0,0,+0,+0,+0.0159,+0,+0.0379,+0,+0,+0,13:14:01 25.03.2020
7310,+23.3,+20.7,+21.9,+21.7,+21.7,+23.9,+23.3,+23.4,+23.3,+23.3,+25,MDI_,0,0,+0,+0,+0.0159,+0,+0.0379,+0,+0,+0,13:15:01 25.03.2020
7311,+23.3,+20.7,+21.9,+21.7,+21.7,+23.9,+23.3,+23.4,+23.3,+23.3,+25,HWHE,0,0,+0,+0,+0.0159,+0,+0.0379,+0,+0,+0,13:16:01 25.03.2020
7312,+23.3,+20.7,+21.9,+21.7,+21.7,+23.9,+23.3,+23.4,+23.3,+23.3,+25,HWHE,0,0,+0,+0,+0.0159,+0,+0.0379,+0,+0,+0,13:17:01 25.03.2020
7313,+23.3,+20.7,+21.9,+21.7,+21.7,+23.9,+23.3,+23.4,+23.3,+23.3,+25,HWHE,0,0,+0,+0,+0.0159,+0,+0.0379,+0,+0,+0,13:18:01 25.03.2020
7314,+23.3,+20.7,+21.9,+21.7,+21.7,+23.9,+23.3,+23.4,+23.3,+23.3,+25,HWHE,0,0,+0,+0,+0.0159,+0,+0.0379,+0,+0,+0,13:19:01 25.03.2020
7315,+23.2,+20.7,+21.9,+21.7,+21.7,+23.9,+23.3,+23.4,+23.3,+23.3,+25,HWHE,0,0,+0,+0,+0.0159,+0,+0.0379,+0,+0,+0,13:20:01 25.03.2020
7316,+23.2,+20.7,+21.9,+21.7,+21.7,+23.8,+23.3,+23.4,+23.3,+23.3,+25,HWHE,0,0,+0,+0,+0.0159,+0,+0.0379,+0,+0,+0,13:21:01 25.03.2020
7317,+23.2,+21.2,+21.9,+21.7,+21.7,+23.8,+23.3,+23.4,+23.3,+23.3,+25,HWHE,0,0,+0,+0,+0.0159,+0,+0.0379,+0,+0,+0,13:22:01 25.03.2020
7318,+23.2,+21.4,+21.9,+21.7,+21.7,+23.8,+23.3,+23.4,+23.3,+23.3,+25,MANU,0,0,+0,+0,+0.0159,+0,+0.0379,+0,+0,+0,13:23:01 25.03.2020
7319,+23.2,+21.4,+21.9,+21.7,+21.7,+23.8,+23.3,+23.4,+23.3,+23.3,+25,MANU,0,0,+0,+0,+0.0159,+0,+0.0377,+0,+0,+0,13:24:01 25.03.2020
7320,+23.2,+21.4,+22,+21.7,+21.7,+23.8,+23.3,+23.4,+23.3,+23.3,+25,HWHE,0,0,+0,+0,+0.0159,+0,+0.0377,+0,+0,+0,13:25:01 25.03.2020
7321,+23.2,+21.4,+22,+21.7,+21.7,+23.8,+23.3,+23.4,+23.3,+23.3,+25,HWHE,0,0,+0,+0,+0.0159,+0,+0.0377,+0,+0,+0,13:26:01 25.03.2020
7322,+23.2,+21.4,+22,+21.7,+21.7,+23.8,+23.3,+23.4,+23.3,+23.2,+25,HWHE,0,0,+0,+0,+0.0159,+0,+0.0377,+0,+0,+0,13:27:01 25.03.2020
7323,+23.2,+21.4,+22,+21.7,+21.7,+23.8,+23.3,+23.4,+23.3,+23.2,+25,HWHE,0,0,+0,+0,+0.0159,+0,+0.0377,+0,+0,+0,13:28:01 25.03.2020
7324,+23.2,+21.4,+22,+21.7,+21.7,+23.8,+23.3,+23.4,+23.3,+23.2,+25,HWHE,0,0,+0,+0,+0.0159,+0,+0.0377,+0,+0,+0,13:29:01 25.03.2020
7325,+23.2,+21.4,+22,+21.7,+21.7,+23.8,+23.3,+23.4,+23.3,+23.2,+25,HWHE,0,0,+0,+0,+0.0159,+0,+0.0377,+0,+0,+0,13:30:01 25.03.2020
7326,+23.2,+21.4,+22,+21.7,+21.7,+23.8,+23.3,+23.4,+23.3,+23.2,+25,MANU,0,0,+0,+0,+0.0159,+0,+0.0377,+0,+0,+0,13:31:01 25.03.2020
7327,+23.2,+21.4,+22,+21.7,+21.7,+23.8,+23.3,+23.4,+23.3,+23.2,+25,MDI_,0,0,+0,+0,+0.0159,+0,+0.0377,+0,+0,+0,13:32:01 25.03.2020
7328,+23.2,+21.4,+22,+21.7,+21.7,+23.8,+23.3,+23.4,+23.3,+23.2,+25,MANU,0,0,+0,+0,+0.0159,+0,+0.0377,+0,+0,+0,13:33:01 25.03.2020
7329,+23.1,+21.4,+22,+21.7,+21.7,+23.8,+23.3,+23.4,+23.3,+23.2,+25,MANU,0,0,+0,+0,+0.0159,+0,+0.0377,+0,+0,+0,13:34:01 25.03.2020
7330,+23.1,+21.4,+22,+21.7,+21.7,+23.8,+23.3,+23.4,+23.3,+23.2,+25,MANU,0,0,+0,+0,+0.0159,+0,+0.0377,+0,+0,+0,13:35:01 25.03.2020
7331,+23.1,+21.4,+22,+21.7,+21.7,+23.8,+23.3,+23.4,+23.3,+23.2,+25,MANU,0,0,+0,+0,+0.0159,+0,+0.0377,+0,+0,+0,13:36:01 25.03.2020
7332,+23.2,+21.4,+22,+21.7,+21.7,+23.8,+23.3,+23.4,+23.3,+23.2,+25,MANU,0,0,+0,+0,+0.0159,+0,+0.0377,+0,+0,+0,13:37:01 25.03.2020
7333,+23.2,+21.4,+22,+21.7,+21.7,+23.8,+23.3,+23.4,+23.3,+23.2,+25,MANU,0,0,+0,+0,+0.0159,+0,+0.0377,+0,+0,+0,13:38:01 25.03.2020
7334,+23.1,+21.4,+22,+21.7,+21.7,+23.8,+23.3,+23.3,+23.3,+23.2,+25,MANU,0,0,+0,+0,+0.0159,+0,+0.0377,+0,+0,+0,13:39:01 25.03.2020
7335,+23.1,+21.4,+22,+21.7,+21.7,+23.8,+23.3,+23.3,+23.3,+23.2,+25,MANU,0,0,+0,+0,+0.0159,+0,+0.0377,+0,+0,+0,13:40:01 25.03.2020
7336,+23.1,+21.4,+22,+21.7,+21.7,+23.8,+23.3,+23.3,+23.3,+23.2,+25,MANU,0,0,+0,+0,+0.0159,+0,+0.0377,+0,+0,+0,13:41:01 25.03.2020
7337,+23.1,+21.4,+22,+21.7,+21.7,+23.8,+23.3,+23.3,+23.3,+23.2,+25,MANU,0,0,+0,+0,+0.0159,+0,+0.0377,+0,+0,+0,13:42:01 25.03.2020
7338,+23.1,+21.4,+22,+21.7,+21.7,+23.8,+23.3,+23.3,+23.3,+23.2,+25,MANU,0,0,+0,+0,+0.0159,+0,+0.0377,+0,+0,+0,13:43:01 25.03.2020
7339,+23.1,+21.4,+22,+21.7,+21.7,+23.8,+23.3,+23.3,+23.3,+23.2,+25,MANU,0,0,+0,+0,+0.0159,+0,+0.0377,+0,+0,+0,13:44:01 25.03.2020
7340,+23.1,+21.4,+22,+21.7,+21.7,+23.8,+23.3,+23.3,+23.3,+23.2,+25,HWHE,0,0,+0,+0,+0.0159,+0,+0.0377,+0,+0,+0,13:45:01 25.03.2020
7341,+23.1,+21.4,+22,+21.7,+21.7,+23.8,+23.3,+23.3,+23.3,+23.2,+25,MANU,0,0,+0,+0,+0.0159,+0,+0.0377,+0,+0,+0,13:46:01 25.03.2020
7342,+23.1,+21.4,+22,+21.7,+21.7,+23.8,+23.3,+23.3,+23.3,+23.2,+25,HWHE,0,0,+0,+0,+0.0159,+0,+0.0377,+0,+0,+0,13:47:01 25.03.2020
7343,+23.1,+21.4,+22,+21.7,+21.7,+23.8,+23.3,+23.3,+23.3,+23.2,+25,HWHE,0,0,+0,+0,+0.0159,+0,+0.0377,+0,+0,+0,13:48:01 25.03.2020
7344,+23.1,+21.4,+22,+21.7,+21.7,+23.8,+23.3,+23.3,+23.3,+23.2,+25,MANU,0,0,+0,+0,+0.0159,+0,+0.0377,+0,+0,+0,13:49:01 25.03.2020
7345,+23.1,+21.4,+22,+21.7,+21.7,+23.8,+23.3,+23.3,+23.2,+23.2,+25,HWHE,0,0,+0,+0,+0.0158,+0,+0.0377,+0,+0,+0,13:50:01 25.03.2020
7346,+23.1,+21.3,+22,+21.7,+21.7,+23.8,+23.3,+23.3,+23.2,+23.2,+25,HWHE,0,0,+0,+0,+0.0158,+0,+0.0377,+0,+0,+0,13:51:01 25.03.2020
7347,+23.1,+21.3,+22,+21.7,+21.7,+23.8,+23.3,+23.3,+23.2,+23.2,+25,MANU,0,0,+0,+0,+0.0158,+0,+0.0377,+0,+0,+0,13:52:01 25.03.2020
7348,+23.1,+21.3,+22,+21.7,+21.7,+23.8,+23.3,+23.3,+23.2,+23.2,+25,MANU,0,0,+0,+0,+0.0158,+0,+0.0377,+0,+0,+0,13:53:01 25.03.2020
7349,+23,+21.3,+22,+21.7,+21.7,+23.8,+23.3,+23.3,+23.2,+23.2,+25,MANU,0,0,+0,+0,+0.0158,+0,+0.0377,+0,+0,+0,13:54:01 25.03.2020
7350,+23,+21.3,+22,+21.7,+21.7,+23.8,+23.3,+23.3,+23.2,+23.2,+25,MANU,0,0,+0,+0,+0.0158,+0,+0.0377,+0,+0,+0,13:55:01 25.03.2020
7351,+23,+21.3,+22,+21.7,+21.7,+23.8,+23.3,+23.3,+23.2,+23.2,+25,MANU,0,0,+0,+0,+0.0158,+0,+0.0377,+0,+0,+0,13:56:01 25.03.2020
7352,+23,+21.3,+22,+21.7,+21.7,+23.8,+23.3,+23.3,+23.2,+23.2,+25,MANU,0,0,+0,+0,+0.0158,+0,+0.0377,+0,+0,+0,13:57:01 25.03.2020
7353,+23,+21.3,+22,+21.7,+21.7,+23.8,+23.3,+23.3,+23.2,+23.2,+25,MANU,0,0,+0,+0,+0.0158,+0,+0.0377,+0,+0,+0,13:58:01 25.03.2020
7354,+23,+21.3,+22,+21.7,+21.7,+23.8,+23.3,+23.3,+23.2,+23.2,+25,MANU,0,0,+0,+0,+0.0158,+0,+0.0377,+0,+0,+0,13:59:01 25.03.2020
7355,+23,+21.3,+22,+21.7,+21.7,+23.8,+23.3,+23.3,+23.2,+23.2,+25,MANU,0,0,+0,+0,+0.0158,+0,+0.0377,+0,+0,+0,14:00:01 25.03.2020
7356,+23,+21.3,+22,+21.7,+21.7,+23.8,+23.3,+23.3,+23.2,+23.2,+25,MANU,0,0,+0,+0,+0.0158,+0,+0.0377,+0,+0,+0,14:01:01 25.03.2020
7357,+23,+21.3,+22,+21.7,+21.7,+23.8,+23.3,+23.3,+23.2,+23.2,+25,MANU,0,0,+0,+0,+0.0158,+0,+0.0377,+0,+0,+0,14:02:01 25.03.2020
7358,+23,+21.3,+22,+21.7,+21.7,+23.8,+23.3,+23.3,+23.2,+23.2,+25,MANU,0,0,+0,+0,+0.0158,+0,+0.0377,+0,+0,+0,14:03:01 25.03.2020
7359,+23,+21.2,+22,+21.7,+21.7,+23.8,+23.3,+23.3,+23.2,+23.2,+25,MANU,0,0,+0,+0,+0.0158,+0,+0.0377,+0,+0,+0,14:04:01 25.03.2020
7360,+23,+21.2,+22,+21.7,+21.7,+23.8,+23.3,+23.3,+23.2,+23.2,+25,MANU,0,0,+0,+0,+0.0158,+0,+0.0377,+0,+0,+0,14:05:01 25.03.2020
7361,+23,+21.2,+21.9,+21.7,+21.7,+23.8,+23.3,+23.3,+23.2,+23.2,+25,MANU,0,0,+0,+0,+0.0158,+0,+0.0377,+0,+0,+0,14:06:01 25.03.2020
7362,+23,+21.2,+22,+21.7,+21.7,+23.8,+23.3,+23.3,+23.2,+23.2,+25,MANU,0,0,+0,+0,+0.0158,+0,+0.0377,+0,+0,+0,14:07:01 25.03.2020
7363,+23,+21.2,+22,+21.7,+21.7,+23.8,+23.3,+23.2,+23.2,+23.2,+25,HWHE,0,0,+0,+0,+0.0158,+0,+0.0377,+0,+0,+0,14:08:01 25.03.2020
7364,+23,+21.2,+21.9,+21.7,+21.7,+23.8,+23.3,+23.2,+23.2,+23.2,+25,HWHE,0,0,+0,+0,+0.0158,+0,+0.0377,+0,+0,+0,14:09:01 25.03.2020
7365,+23,+21.2,+21.9,+21.7,+21.7,+23.7,+23.3,+23.2,+23.2,+23.2,+25,HWHE,0,0,+0,+0,+0.0158,+0,+0.0377,+0,+0,+0,14:10:01 25.03.2020
7366,+23,+21.2,+21.9,+21.7,+21.7,+23.7,+23.3,+23.2,+23.2,+23.2,+25,HWHE,0,0,+0,+0,+0.0158,+0,+0.0377,+0,+0,+0,14:11:01 25.03.2020
7367,+23,+21.2,+21.9,+21.7,+21.7,+23.7,+23.3,+23.2,+23.2,+23.2,+25,HWHE,0,0,+0,+0,+0.0158,+0,+0.0377,+0,+0,+0,14:12:01 25.03.2020
7368,+23,+21.1,+21.9,+21.7,+21.7,+23.7,+23.3,+23.2,+23.2,+23.2,+25,HWHE,0,0,+0,+0,+0.0158,+0,+0.0377,+0,+0,+0,14:13:01 25.03.2020
7369,+23,+21.1,+21.9,+21.7,+21.7,+23.7,+23.3,+23.2,+23.2,+23.2,+25,MANU,0,0,+0,+0,+0.0158,+0,+0.0377,+0,+0,+0,14:14:01 25.03.2020
7370,+23,+21.1,+21.9,+21.7,+21.7,+23.6,+23.3,+23.2,+23.2,+23.2,+25,MANU,0,0,+0,+0,+0.0158,+0,+0.0377,+0,+0,+0,14:15:01 25.03.2020
7371,+23,+21.1,+21.9,+21.7,+21.7,+23.6,+23.3,+23.2,+23.2,+23.2,+25,HWHE,0,0,+0,+0,+0.0158,+0,+0.0377,+0,+0,+0,14:16:01 25.03.2020
7372,+23,+21.1,+21.9,+21.7,+21.7,+23.6,+23.3,+23.2,+23.2,+23.2,+25,HWHE,0,0,+0,+0,+0.0158,+0,+0.0377,+0,+0,+0,14:17:01 25.03.2020
7373,+23,+21.1,+21.9,+21.7,+21.7,+23.6,+23.3,+23.2,+23.2,+23.2,+25,HWHE,0,0,+0,+0,+0.0158,+0,+0.0377,+0,+0,+0,14:18:01 25.03.2020
7374,+23,+21.1,+21.9,+21.7,+21.7,+23.6,+23.3,+23.2,+23.2,+23.2,+25,HWHE,0,0,+0,+0,+0.0158,+0,+0.0376,+0,+0,+0,14:19:01 25.03.2020
7375,+23,+21.2,+21.9,+21.7,+21.7,+23.6,+23.3,+23.2,+23.1,+23.2,+25,HWHE,0,0,+0,+0,+0.0157,+0,+0.0376,+0,+0,+0,14:20:01 25.03.2020
7376,+23,+21.2,+21.9,+21.7,+21.7,+23.6,+23.3,+23.2,+23.1,+23.2,+25,HWHE,0,0,+0,+0,+0.0157,+0,+0.0376,+0,+0,+0,14:21:01 25.03.2020
7377,+23,+21.2,+21.9,+21.7,+21.7,+23.6,+23.2,+23.2,+23.1,+23.2,+25,HWHE,0,0,+0,+0,+0.0157,+0,+0.0376,+0,+0,+0,14:22:01 25.03.2020
7378,+23,+21.1,+21.9,+21.7,+21.7,+23.6,+23.2,+23.2,+23.1,+23.2,+25,MANU,0,0,+0,+0,+0.0157,+0,+0.0376,+0,+0,+0,14:23:01 25.03.2020
7379,+23,+21.1,+22,+21.7,+21.7,+23.6,+23.2,+23.2,+23.1,+23.2,+25,MANU,0,0,+0,+0,+0.0157,+0,+0.0376,+0,+0,+0,14:24:01 25.03.2020
7380,+23,+21.1,+21.9,+21.7,+21.7,+23.6,+23.2,+23.2,+23.1,+23.2,+25,MANU,0,0,+0,+0,+0.0157,+0,+0.0376,+0,+0,+0,14:25:01 25.03.2020
7381,+23,+21.1,+22,+21.7,+21.7,+23.6,+23.2,+23.2,+23.1,+23.2,+25,HWHE,0,0,+0,+0,+0.0157,+0,+0.0376,+0,+0,+0,14:26:01 25.03.2020
7382,+23,+21.1,+22,+21.7,+21.7,+23.6,+23.2,+23.2,+23.1,+23.2,+25,HWHE,0,0,+0,+0,+0.0157,+0,+0.0376,+0,+0,+0,14:27:01 25.03.2020
7383,+23,+21.1,+22,+21.7,+21.7,+23.6,+23.2,+23.2,+23.1,+23.2,+25,HWHE,0,0,+0,+0,+0.0157,+0,+0.0376,+0,+0,+0,14:28:01 25.03.2020
7384,+23,+21.6,+22,+21.7,+21.7,+23.6,+23.2,+23.1,+23.1,+23.2,+25,HWHE,0,0,+0,+0,+0.0157,+0,+0.0376,+0,+0,+0,14:29:01 25.03.2020
7385,+23,+21.7,+22,+21.7,+21.7,+23.6,+23.2,+23.2,+23.1,+23.2,+25,MANU,0,0,+0,+0,+0.0157,+0,+0.0376,+0,+0,+0,14:30:01 25.03.2020
7386,+23,+21.7,+22,+21.7,+21.7,+23.6,+23.2,+23.1,+23.1,+23.2,+25,MANU,0,0,+0,+0,+0.0157,+0,+0.0376,+0,+0,+0,14:31:01 25.03.2020
7387,+23,+21.7,+22,+21.7,+21.7,+23.6,+23.2,+23.1,+23.1,+23.2,+25,HWHE,0,0,+0,+0,+0.0157,+0,+0.0376,+0,+0,+0,14:32:01 25.03.2020
7388,+23,+21.7,+22,+21.7,+21.7,+23.6,+23.2,+23.1,+23.1,+23.2,+25,MANU,0,0,+0,+0,+0.0157,+0,+0.0376,+0,+0,+0,14:33:01 25.03.2020
7389,+23,+21.7,+22,+21.7,+21.7,+23.6,+23.2,+23.1,+23.1,+23.2,+25,MANU,0,0,+0,+0,+0.0157,+0,+0.0376,+0,+0,+0,14:34:01 25.03.2020
7390,+23,+21.7,+22,+21.7,+21.8,+23.5,+23.2,+23.1,+23.1,+23.2,+25,MANU,0,0,+0,+0,+0.0157,+0,+0.0376,+0,+0,+0,14:35:01 25.03.2020
7391,+23.1,+21.7,+22,+21.7,+21.8,+23.5,+23.2,+23.1,+23.1,+23.2,+25,MANU,0,0,+0,+0,+0.0157,+0,+0.0376,+0,+0,+0,14:36:01 25.03.2020
7392,+23.1,+21.7,+22,+21.7,+21.8,+23.5,+23.2,+23.1,+23.1,+23.2,+25,MANU,0,0,+0,+0,+0.0157,+0,+0.0376,+0,+0,+0,14:37:01 25.03.2020
7393,+23.1,+21.7,+22,+21.7,+21.8,+23.5,+23.2,+23.1,+23.1,+23.2,+25,MANU,0,0,+0,+0,+0.0157,+0,+0.0376,+0,+0,+0,14:38:01 25.03.2020
7394,+23.1,+21.7,+22,+21.7,+21.8,+23.5,+23.2,+23.1,+23.1,+23.2,+25,MANU,0,0,+0,+0,+0.0157,+0,+0.0376,+0,+0,+0,14:39:01 25.03.2020
7395,+23.1,+21.7,+22,+21.7,+21.8,+23.5,+23.2,+23.1,+23.1,+23.2,+25,MANU,0,0,+0,+0,+0.0157,+0,+0.0376,+0,+0,+0,14:40:01 25.03.2020
7396,+23.1,+22.1,+22,+21.8,+21.8,+23.5,+23.2,+23.1,+23.1,+23.2,+25,MANU,0,0,+0,+0,+0.0157,+0,+0.0376,+0,+0,+0,14:41:01 25.03.2020
7397,+23.1,+23,+22,+21.8,+21.8,+23.5,+23.2,+23.1,+23.1,+23.2,+25,MANU,0,0,+0,+0,+0.0157,+0,+0.0376,+0,+0,+0,14:42:01 25.03.2020
7398,+23.1,+23.3,+22,+21.8,+21.8,+23.5,+23.2,+23.1,+23.1,+23.2,+25,MANU,0,0,+0,+0,+0.0157,+0,+0.0376,+0,+0,+0,14:43:01 25.03.2020
7399,+23.1,+23.4,+22,+21.8,+21.8,+23.5,+23.2,+23.1,+23.1,+23.2,+25,HWHE,0,0,+0,+0,+0.0157,+0,+0.0376,+0,+0,+0,14:44:01 25.03.2020
7400,+23.1,+23.4,+22.1,+21.8,+21.8,+23.5,+23.2,+23.1,+23.1,+23.2,+25,MANU,0,0,+0,+0,+0.0157,+0,+0.0376,+0,+0,+0,14:45:01 25.03.2020
7401,+23.1,+23.4,+22.1,+21.8,+21.9,+23.5,+23.2,+23.1,+23.1,+23.2,+25,MANU,0,0,+0,+0,+0.0157,+0,+0.0376,+0,+0,+0,14:46:01 25.03.2020
7402,+23.1,+23.8,+22.1,+21.9,+21.9,+23.5,+23.2,+23.1,+23.1,+23.2,+25,MANU,0,0,+0,+0,+0.0157,+0,+0.0376,+0,+0,+0,14:47:01 25.03.2020
7403,+23.1,+24.1,+22.1,+21.9,+21.9,+23.5,+23.2,+23.1,+23.1,+23.2,+25,MANU,0,0,+0,+0,+0.0157,+0,+0.0376,+0,+0,+0,14:48:01 25.03.2020
7404,+23.1,+24.1,+22.2,+21.9,+21.9,+23.5,+23.2,+23.1,+23.1,+23.2,+25,MANU,0,0,+0,+0,+0.0157,+0,+0.0376,+0,+0,+0,14:49:01 25.03.2020
7405,+23.1,+24.1,+22.2,+21.9,+22,+23.5,+23.2,+23.1,+23.1,+23.2,+25,MANU,0,0,+0,+0,+0.0157,+0,+0.0376,+0,+0,+0,14:50:01 25.03.2020
7406,+23.1,+24.1,+22.2,+21.9,+22,+23.5,+23.2,+23.1,+23.1,+23.2,+25,MANU,0,0,+0,+0,+0.0157,+0,+0.0376,+0,+0,+0,14:51:01 25.03.2020
7407,+23.1,+24.1,+22.2,+21.9,+21.9,+23.5,+23.2,+23.1,+23.1,+23.2,+25,MANU,0,0,+0,+0,+0.0157,+0,+0.0376,+0,+0,+0,14:52:01 25.03.2020
7408,+23.1,+24.1,+22.2,+21.9,+21.9,+23.5,+23.2,+23.1,+23.1,+23.2,+25,MANU,0,0,+0,+0,+0.0157,+0,+0.0376,+0,+0,+0,14:53:01 25.03.2020
7409,+23.1,+24.1,+22.2,+21.9,+21.9,+23.5,+23.2,+23.1,+23.1,+23.2,+25,MANU,0,0,+0,+0,+0.0157,+0,+0.0376,+0,+0,+0,14:54:01 25.03.2020
7410,+23.2,+24.1,+22.2,+21.9,+21.9,+23.5,+23.2,+23.1,+23.1,+23.2,+25,HWHE,0,0,+0,+0,+0.0157,+0,+0.0376,+0,+0,+0,14:55:01 25.03.2020
7411,+23.2,+24.1,+22.2,+21.9,+21.9,+23.5,+23.2,+23.1,+23.1,+23.2,+25,MANU,0,0,+0,+0,+0.0157,+0,+0.0376,+0,+0,+0,14:56:01 25.03.2020
7412,+23.2,+24.1,+22.2,+21.9,+21.9,+23.5,+23.2,+23.1,+23.1,+23.2,+25,MDI_,0,0,+0,+0,+0.0157,+0,+0.0376,+0,+0,+0,14:57:01 25.03.2020
7413,+23.2,+24.1,+22.2,+21.9,+21.9,+23.5,+23.2,+23.1,+23.1,+23.2,+25,MDI_,0,0,+0,+0,+0.0157,+0,+0.0376,+0,+0,+0,14:58:01 25.03.2020
7414,+23.2,+24,+22.2,+21.9,+22,+23.5,+23.2,+23.1,+23.1,+23.2,+25,MDI_,0,0,+0,+0,+0.0157,+0,+0.0376,+0,+0,+0,14:59:01 25.03.2020
7415,+23.2,+24,+22.2,+21.9,+22,+23.5,+23.2,+23.2,+23.1,+23,+25,MANU,0,0,+0,+0,+0.0157,+0,+0.0376,+0,+0,+0,15:00:01 25.03.2020
7416,+23.2,+24,+22.2,+21.9,+22,+23.5,+23.2,+23.4,+23.3,+23.2,+25,MANU,0,0,+0,+0,+0.0159,+0,+0.0376,+0,+0,+0,15:01:01 25.03.2020
7417,+23.2,+23.9,+22.2,+21.9,+22,+23.5,+23.2,+23.4,+23.3,+23.2,+25,MANU,0,0,+0,+0,+0.0159,+0,+0.0376,+0,+0,+0,15:02:01 25.03.2020
7418,+23.2,+23.9,+22.2,+21.9,+22,+23.5,+23.2,+23.4,+23.3,+23.2,+25,MANU,0,0,+0,+0,+0.0159,+0,+0.0376,+0,+0,+0,15:03:01 25.03.2020
7419,+23.2,+23.9,+22.2,+21.9,+22,+23.5,+23.2,+23.6,+23.5,+23.4,+25,MDI_,0,0,+0,+0,+0.016,+0,+0.0376,+0,+0,+0,15:04:01 25.03.2020
7420,+23.2,+23.9,+22.2,+21.9,+22,+23.5,+23.2,+23.6,+23.5,+23.3,+25,MANU,0,0,+0,+0,+0.016,+0,+0.0376,+0,+0,+0,15:05:01 25.03.2020
7421,+23.2,+23.9,+22.2,+21.9,+22,+23.5,+23.2,+23.5,+23.5,+23.3,+25,MANU,0,0,+0,+0,+0.016,+0,+0.0376,+0,+0,+0,15:06:01 25.03.2020
7422,+23.2,+23.9,+22.2,+21.9,+22,+23.5,+23.2,+23.5,+23.5,+23.3,+25,MANU,0,0,+0,+0,+0.016,+0,+0.0376,+0,+0,+0,15:07:01 25.03.2020
7423,+23.2,+23.9,+22.2,+21.9,+22,+23.5,+23.2,+23.5,+23.5,+23.3,+25,HWHE,0,0,+0,+0,+0.016,+0,+0.0376,+0,+0,+0,15:08:01 25.03.2020
7424,+23.2,+23.9,+22.2,+22,+22,+23.5,+23.1,+23.5,+23.4,+23.3,+25,HWHE,0,0,+0,+0,+0.0159,+0,+0.0376,+0,+0,+0,15:09:01 25.03.2020
7426,+23.2,+23.9,+22.2,+21.9,+22,+23.5,+23.1,+23.5,+23.4,+23.3,+25,HWHE,0,0,+0,+0,+0.0159,+0,+0.0376,+0,+0,+0,15:11:01 25.03.2020
7430,+23.3,+23.8,+22.2,+21.9,+22,+23.5,+23.1,+23.4,+23.4,+23.3,+25,HWHE,0,0,+0,+0,+0.0159,+0,+0.0376,+0,+0,+0,15:15:01 25.03.2020
7431,+23.3,+23.8,+22.2,+22,+22,+23.5,+23.1,+23.4,+23.3,+23.3,+25,HWHE,0,0,+0,+0,+0.0159,+0,+0.0376,+0,+0,+0,15:16:01 25.03.2020
7432,+23.3,+23.8,+22.2,+21.9,+22,+23.5,+23.1,+23.4,+23.4,+23.3,+25,HWHE,0,0,+0,+0,+0.0159,+0,+0.0376,+0,+0,+0,15:17:01 25.03.2020
7434,+23.3,+23.8,+22.2,+22,+22,+23.5,+23.1,+23.4,+23.3,+23.3,+25,HWHE,0,0,+0,+0,+0.0159,+0,+0.0376,+0,+0,+0,15:19:01 25.03.2020
7435,+23.3,+23.8,+22.2,+22,+22,+23.5,+23.1,+23.4,+23.3,+23.3,+25,HWHE,0,0,+0,+0,+0.0159,+0,+0.0376,+0,+0,+0,15:20:01 25.03.2020
7436,+23.3,+23.8,+22.2,+22,+22,+23.5,+23.1,+23.4,+23.3,+23.3,+25,HWHE,0,0,+0,+0,+0.0159,+0,+0.0376,+0,+0,+0,15:21:01 25.03.2020
7437,+23.3,+23.8,+22.2,+22,+22,+23.4,+23.1,+23.4,+23.3,+23.3,+25,HWHE,0,0,+0,+0,+0.0159,+0,+0.0376,+0,+0,+0,15:22:01 25.03.2020
7438,+23.3,+23.8,+22.2,+22,+22,+23.4,+23.1,+23.4,+23.3,+23.3,+25,MANU,0,0,+0,+0,+0.0159,+0,+0.0376,+0,+0,+0,15:23:01 25.03.2020
7439,+23.3,+23.8,+22.2,+22,+22,+23.5,+23.1,+23.4,+23.3,+23.3,+25,MANU,0,0,+0,+0,+0.0159,+0,+0.0376,+0,+0,+0,15:24:01 25.03.2020
7440,+23.3,+23.7,+22.2,+22,+22,+23.4,+23.1,+23.4,+23.3,+23.3,+25,MDI_,0,0,+0,+0,+0.0159,+0,+0.0376,+0,+0,+0,15:25:01 25.03.2020
7441,+23.3,+23.6,+22.2,+22,+22,+23.4,+23.1,+23.4,+23.3,+23.3,+25,MDI_,0,0,+0,+0,+0.0159,+0,+0.0376,+0,+0,+0,15:26:01 25.03.2020
7442,+23.3,+23.5,+22.2,+22,+22,+23.5,+23.1,+23.4,+23.3,+23.3,+25,MDI_,0,0,+0,+0,+0.0159,+0,+0.0376,+0,+0,+0,15:27:01 25.03.2020
7443,+23.3,+23.5,+22.2,+22,+22,+23.5,+23.1,+23.4,+23.3,+23.3,+25,MDI_,0,0,+0,+0,+0.0159,+0,+0.0376,+0,+0,+0,15:28:01 25.03.2020
7444,+23.3,+23.5,+22.2,+22,+22,+23.5,+23.1,+23.4,+23.3,+23.3,+25,MDI_,0,0,+0,+0,+0.0159,+0,+0.0376,+0,+0,+0,15:29:01 25.03.2020
7445,+23.3,+23.5,+22.2,+22,+22,+23.5,+23.1,+23.4,+23.3,+23.3,+25,MDI_,0,0,+0,+0,+0.0159,+0,+0.0376,+0,+0,+0,15:30:01 25.03.2020
7446,+23.3,+23.4,+22.2,+22,+22,+23.5,+23.2,+23.4,+23.3,+23.3,+25,MDI_,0,0,+0,+0,+0.0159,+0,+0.0376,+0,+0,+0,15:31:01 25.03.2020
7447,+23.3,+23.4,+22.2,+22,+22,+23.5,+23.1,+23.4,+23.3,+23.3,+25,MDI_,0,0,+0,+0,+0.0159,+0,+0.0376,+0,+0,+0,15:32:01 25.03.2020
7448,+23.3,+23.4,+22.2,+22,+22,+23.5,+23.2,+23.4,+23.3,+23.3,+25,MDI_,0,0,+0,+0,+0.0159,+0,+0.0376,+0,+0,+0,15:33:01 25.03.2020
7449,+23.3,+23.4,+22.2,+22,+22,+23.5,+23.2,+23.4,+23.3,+23.3,+25,MANU,0,0,+0,+0,+0.0159,+0,+0.0377,+0,+0,+0,15:34:01 25.03.2020
7450,+23.3,+23.4,+22.2,+22,+22,+23.5,+23.2,+23.4,+23.3,+23.3,+25,MANU,0,0,+0,+0,+0.0159,+0,+0.0377,+0,+0,+0,15:35:01 25.03.2020
7451,+23.3,+23.4,+22.2,+22,+22,+23.5,+23.2,+23.4,+23.3,+23.3,+25,HWHE,0,0,+0,+0,+0.0159,+0,+0.0376,+0,+0,+0,15:36:01 25.03.2020
7452,+23.3,+23.4,+22.2,+22,+22,+23.5,+23.2,+23.4,+23.3,+23.3,+25,MANU,0,0,+0,+0,+0.0159,+0,+0.0376,+0,+0,+0,15:37:01 25.03.2020
7453,+23.4,+23.4,+22.2,+22,+22,+23.5,+23.2,+23.4,+23.3,+23.3,+25,HWHE,0,0,+0,+0,+0.0159,+0,+0.0376,+0,+0,+0,15:38:01 25.03.2020
7454,+23.4,+23.4,+22.2,+22,+22,+23.5,+23.2,+23.4,+23.3,+23.3,+25,HWHE,0,0,+0,+0,+0.0159,+0,+0.0376,+0,+0,+0,15:39:01 25.03.2020
7455,+23.4,+23.4,+22.2,+22,+22,+23.5,+23.2,+23.4,+23.3,+23.3,+25,MANU,0,0,+0,+0,+0.0159,+0,+0.0376,+0,+0,+0,15:40:01 25.03.2020
7456,+23.4,+23.4,+22.2,+22,+22,+23.5,+23.2,+23.4,+23.3,+23.3,+25,HWHE,0,0,+0,+0,+0.0159,+0,+0.0376,+0,+0,+0,15:41:01 25.03.2020
7457,+23.4,+23.4,+22.2,+22,+22,+23.5,+23.2,+23.4,+23.3,+23.3,+25,HWHE,0,0,+0,+0,+0.0159,+0,+0.0376,+0,+0,+0,15:42:01 25.03.2020
7458,+23.4,+23.4,+22.2,+22,+22,+23.4,+23.2,+23.4,+23.3,+23.3,+25,HWHE,0,0,+0,+0,+0.0159,+0,+0.0376,+0,+0,+0,15:43:01 25.03.2020
7459,+23.4,+23.4,+22.2,+22,+22,+23.4,+23.2,+23.4,+23.3,+23.3,+25,MANU,0,0,+0,+0,+0.0159,+0,+0.0376,+0,+0,+0,15:44:01 25.03.2020
7460,+23.4,+23.3,+22.2,+22,+22,+23.4,+23.2,+23.4,+23.3,+23.3,+25,HWHE,0,0,+0,+0,+0.0159,+0,+0.0376,+0,+0,+0,15:45:01 25.03.2020
7462,+23.4,+23.3,+22.2,+22,+22,+23.4,+23.2,+23.4,+23.3,+23.3,+25,HWHE,0,0,+0,+0,+0.0159,+0,+0.0376,+0,+0,+0,15:47:01 25.03.2020
7463,+23.4,+23.3,+22.2,+22,+22,+23.4,+23.2,+23.4,+23.3,+23.3,+25,HWHE,0,0,+0,+0,+0.0159,+0,+0.0376,+0,+0,+0,15:48:01 25.03.2020
7464,+23.4,+23.3,+22.2,+22,+22,+23.4,+23.2,+23.4,+23.3,+23.3,+25,MANU,0,0,+0,+0,+0.0159,+0,+0.0376,+0,+0,+0,15:49:01 25.03.2020
7465,+23.4,+23.4,+22.2,+22,+22,+23.4,+23.2,+23.4,+23.3,+23.3,+25,MANU,0,0,+0,+0,+0.0159,+0,+0.0376,+0,+0,+0,15:50:01 25.03.2020
7466,+23.4,+23.6,+22.2,+22,+22,+23.4,+23.2,+23.4,+23.3,+23.3,+25,MANU,0,0,+0,+0,+0.0159,+0,+0.0376,+0,+0,+0,15:51:01 25.03.2020
7467,+23.4,+23.9,+22.2,+22,+22,+23.4,+23.2,+23.4,+23.3,+23.3,+25,MANU,0,0,+0,+0,+0.0159,+0,+0.0376,+0,+0,+0,15:52:01 25.03.2020
7468,+23.4,+24,+22.3,+22,+22,+23.4,+23.2,+23.4,+23.3,+23.3,+25,MANU,0,0,+0,+0,+0.0159,+0,+0.0376,+0,+0,+0,15:53:01 25.03.2020
7469,+23.4,+24,+22.3,+22,+22,+23.4,+23.2,+23.4,+23.3,+23.3,+25,MANU,0,0,+0,+0,+0.0159,+0,+0.0376,+0,+0,+0,15:54:01 25.03.2020
7470,+23.4,+23.9,+22.3,+22,+22,+23.4,+23.2,+23.4,+23.3,+23.3,+25,HWHE,0,0,+0,+0,+0.0159,+0,+0.0376,+0,+0,+0,15:55:01 25.03.2020
7471,+23.4,+23.9,+22.3,+22.1,+22.1,+23.4,+23.2,+23.4,+23.3,+23.3,+25,HWHE,0,0,+0,+0,+0.0159,+0,+0.0376,+0,+0,+0,15:56:01 25.03.2020
7472,+23.4,+23.9,+22.3,+22.1,+22.1,+23.4,+23.2,+23.4,+23.3,+23.3,+25,HWHE,0,0,+0,+0,+0.0159,+0,+0.0376,+0,+0,+0,15:57:01 25.03.2020
7473,+23.4,+23.9,+22.3,+22.1,+22.1,+23.4,+23.2,+23.4,+23.3,+23.3,+25,HWHE,0,0,+0,+0,+0.0159,+0,+0.0376,+0,+0,+0,15:58:01 25.03.2020
7474,+23.4,+23.8,+22.3,+22.1,+22.1,+23.4,+23.2,+23.4,+23.3,+23.3,+25,HWHE,0,0,+0,+0,+0.0159,+0,+0.0376,+0,+0,+0,15:59:01 25.03.2020
7475,+23.4,+23.8,+22.3,+22.1,+22.1,+23.4,+23.2,+23.4,+23.3,+23.3,+25,HWHE,0,0,+0,+0,+0.0159,+0,+0.0376,+0,+0,+0,16:00:01 25.03.2020
7476,+23.4,+23.9,+22.3,+22.1,+22.1,+23.4,+23.2,+23.4,+23.3,+23.3,+25,HWHE,0,0,+0,+0,+0.0159,+0,+0.0376,+0,+0,+0,16:01:01 25.03.2020
7477,+23.4,+23.9,+22.3,+22.1,+22.1,+23.4,+23.2,+23.4,+23.3,+23.3,+25,HWHE,0,0,+0,+0,+0.0159,+0,+0.0376,+0,+0,+0,16:02:01 25.03.2020
7478,+23.4,+23.9,+22.3,+22.1,+22.1,+23.4,+23.2,+23.4,+23.3,+23.3,+25,HWHE,0,0,+0,+0,+0.0159,+0,+0.0376,+0,+0,+0,16:03:01 25.03.2020
7479,+23.4,+23.9,+22.3,+22.1,+22.1,+23.4,+23.2,+23.4,+23.3,+23.3,+25,HWHE,0,0,+0,+0,+0.0159,+0,+0.0376,+0,+0,+0,16:04:01 25.03.2020
7480,+23.4,+23.9,+22.3,+22.1,+22.1,+23.4,+23.2,+23.4,+23.3,+23.3,+25,MDI_,0,0,+0,+0,+0.0159,+0,+0.0376,+0,+0,+0,16:05:01 25.03.2020
7481,+23.4,+23.8,+22.3,+22.1,+22.1,+23.4,+23.1,+23.4,+23.3,+23.3,+25,MANU,0,0,+0,+0,+0.0159,+0,+0.0376,+0,+0,+0,16:06:01 25.03.2020
7482,+23.5,+23.9,+22.3,+22.1,+22.1,+23.4,+23.2,+23.4,+23.3,+23.3,+25,MANU,0,0,+0,+0,+0.0159,+0,+0.0376,+0,+0,+0,16:07:01 25.03.2020
7483,+23.5,+23.8,+22.3,+22.1,+22.1,+23.4,+23.2,+23.4,+23.3,+23.3,+25,MANU,0,0,+0,+0,+0.0159,+0,+0.0376,+0,+0,+0,16:08:01 25.03.2020
7484,+23.5,+23.8,+22.3,+22.1,+22.1,+23.4,+23.1,+23.3,+23.3,+23.3,+25,MANU,0,0,+0,+0,+0.0159,+0,+0.0376,+0,+0,+0,16:09:01 25.03.2020
7485,+23.5,+23.8,+22.3,+22.1,+22.1,+23.4,+23.1,+23.3,+23.3,+23.3,+25,MANU,0,0,+0,+0,+0.0159,+0,+0.0376,+0,+0,+0,16:10:01 25.03.2020
7486,+23.5,+23.8,+22.3,+22.1,+22.1,+23.4,+23.1,+23.3,+23.3,+23.3,+25,MANU,0,0,+0,+0,+0.0159,+0,+0.0376,+0,+0,+0,16:11:01 25.03.2020
7487,+23.5,+23.8,+22.3,+22.1,+22.1,+23.4,+23.1,+23.3,+23.3,+23.3,+25,HWHE,0,0,+0,+0,+0.0159,+0,+0.0376,+0,+0,+0,16:12:01 25.03.2020
7488,+23.5,+23.8,+22.3,+22.1,+22.1,+23.4,+23.1,+23.3,+23.3,+23.3,+25,MANU,0,0,+0,+0,+0.0159,+0,+0.0376,+0,+0,+0,16:13:01 25.03.2020
7489,+23.5,+23.8,+22.3,+22.1,+22.1,+23.4,+23.1,+23.3,+23.3,+23.3,+25,MANU,0,0,+0,+0,+0.0159,+0,+0.0376,+0,+0,+0,16:14:01 25.03.2020
7490,+23.5,+24,+22.3,+22.1,+22.1,+23.4,+23.1,+23.3,+23.3,+23.3,+25,MANU,0,0,+0,+0,+0.0159,+0,+0.0376,+0,+0,+0,16:15:01 25.03.2020
7491,+23.5,+24.1,+22.4,+22.1,+22.1,+23.4,+23.1,+23.3,+23.3,+23.3,+25,MDI_,0,0,+0,+0,+0.0159,+0,+0.0376,+0,+0,+0,16:16:01 25.03.2020
7492,+23.5,+24.2,+22.4,+22.1,+22.1,+23.4,+23.1,+23.3,+23.2,+23.3,+25,MDI_,0,0,+0,+0,+0.0158,+0,+0.0376,+0,+0,+0,16:17:01 25.03.2020
7493,+23.5,+24.2,+22.4,+22.1,+22.1,+23.4,+23.1,+23.3,+23.2,+23.3,+25,MDI_,0,0,+0,+0,+0.0158,+0,+0.0376,+0,+0,+0,16:18:01 25.03.2020
7494,+23.5,+24.2,+22.4,+22.1,+22.1,+23.4,+23.1,+23.3,+23.2,+23.3,+25,MDI_,0,0,+0,+0,+0.0158,+0,+0.0376,+0,+0,+0,16:19:01 25.03.2020
7495,+23.6,+24.2,+22.4,+22.1,+22.1,+23.4,+23.1,+23.3,+23.2,+23.3,+25,MDI_,0,0,+0,+0,+0.0158,+0,+0.0376,+0,+0,+0,16:20:01 25.03.2020
7496,+23.6,+24.2,+22.4,+22.1,+22.1,+23.4,+23.1,+23.3,+23.2,+23.3,+25,MDI_,0,0,+0,+0,+0.0158,+0,+0.0376,+0,+0,+0,16:21:01 25.03.2020
7497,+23.6,+24.2,+22.4,+22.1,+22.1,+23.4,+23.1,+23.3,+23.2,+23.3,+25,MDI_,0,0,+0,+0,+0.0158,+0,+0.0376,+0,+0,+0,16:22:01 25.03.2020
7498,+23.6,+24.2,+22.4,+22.1,+22.1,+23.4,+23.1,+23.3,+23.2,+23.3,+25,MDI_,0,0,+0,+0,+0.0158,+0,+0.0376,+0,+0,+0,16:23:01 25.03.2020
7499,+23.6,+24.2,+22.4,+22.1,+22.1,+23.4,+23.1,+23.3,+23.2,+23.3,+25,MDI_,0,0,+0,+0,+0.0158,+0,+0.0376,+0,+0,+0,16:24:01 25.03.2020
7500,+23.6,+24.2,+22.4,+22.1,+22.1,+23.4,+23.1,+23.3,+23.2,+23.3,+25,MDI_,0,0,+0,+0,+0.0158,+0,+0.0376,+0,+0,+0,16:25:01 25.03.2020
7501,+23.6,+24.2,+22.4,+22.1,+22.1,+23.4,+23.1,+23.3,+23.2,+23.3,+25,MDI_,0,0,+0,+0,+0.0158,+0,+0.0376,+0,+0,+0,16:26:01 25.03.2020
7502,+23.6,+24.1,+22.4,+22.1,+22.1,+23.4,+23.1,+23.3,+23.3,+23.3,+25,REFE,0,0,+0,+0,+0.0159,+0,+0.0376,+0,+0,+0,16:32:01 25.03.2020
7503,+23.6,+24.1,+22.4,+22.1,+22.1,+23.4,+23.1,+23.3,+23.3,+23.3,+25,REFE,0,0,+0,+0,+0.0159,+0,+0.0376,+0,+0,+0,16:37:01 25.03.2020
7504,+23.6,+24.1,+22.3,+22.1,+22.1,+23.4,+23.1,+23.3,+23.3,+23.3,+25,REFE,0,0,+0,+0,+0.0159,+0,+0.0376,+0,+0,+0,16:38:01 25.03.2020
7505,+23.6,+24.1,+22.3,+22.1,+22.1,+23.4,+23.1,+23.3,+23.3,+23.3,+25,REFE,0,0,+0,+0,+0.0159,+0,+0.0376,+0,+0,+0,16:39:01 25.03.2020
7506,+23.6,+24.1,+22.3,+22.1,+22.1,+23.4,+23.1,+23.3,+23.3,+23.3,+25,REFE,0,0,+0,+0,+0.0159,+0,+0.0376,+0,+0,+0,16:40:01 25.03.2020
7507,+23.6,+24,+22.3,+22.1,+22.1,+23.4,+23.1,+23.3,+23.3,+23.3,+25,REFE,0,0,+0,+0,+0.0159,+0,+0.0376,+0,+0,+0,16:41:01 25.03.2020
7508,+23.6,+24,+22.3,+22.1,+22.1,+23.4,+23.1,+23.3,+23.3,+23.3,+25,REFE,0,0,+0,+0,+0.0159,+0,+0.0376,+0,+0,+0,16:42:01 25.03.2020
7509,+23.6,+24,+22.3,+22.1,+22.1,+23.4,+23.1,+23.3,+23.2,+23.3,+25,REFE,0,0,+0,+0,+0.0158,+0,+0.0376,+0,+0,+0,16:43:01 25.03.2020
7510,+23.5,+24,+22.3,+22.1,+22.1,+23.4,+23.1,+23.3,+23.2,+23.3,+25,REFE,0,0,+0,+0,+0.0158,+0,+0.0376,+0,+0,+0,16:44:01 25.03.2020
7511,+23.5,+24,+22.3,+22.1,+22.1,+23.4,+23.1,+23.3,+23.2,+23.3,+25,REFE,0,0,+0,+0,+0.0158,+0,+0.0374,+0,+0,+0,16:45:01 25.03.2020
7512,+23.5,+23.9,+22.3,+22.1,+22.1,+23.4,+23.1,+23.3,+23.2,+23.3,+25,REFE,0,0,+0,+0,+0.0158,+0,+0.0374,+0,+0,+0,16:46:01 25.03.2020
7513,+23.5,+23.9,+22.3,+22.1,+22.1,+23.4,+23.1,+23.3,+23.2,+23.3,+25,REFE,0,0,+0,+0,+0.0158,+0,+0.0374,+0,+0,+0,16:47:01 25.03.2020
7514,+23.5,+23.9,+22.3,+22.1,+22.1,+23.4,+23.1,+23.2,+23.2,+23.3,+25,REFE,0,0,+0,+0,+0.0158,+0,+0.0374,+0,+0,+0,16:48:01 25.03.2020
7515,+23.5,+23.9,+22.3,+22.1,+22.1,+23.4,+23.1,+23.2,+23.2,+23.3,+25,REFE,0,0,+0,+0,+0.0158,+0,+0.0374,+0,+0,+0,16:49:01 25.03.2020
7516,+23.4,+23.9,+22.3,+22.1,+22.1,+23.4,+23.1,+23.2,+23.1,+23.3,+25,REFE,0,0,+0,+0,+0.0157,+0,+0.0374,+0,+0,+0,16:50:01 25.03.2020
7517,+23.4,+23.9,+22.3,+22.1,+22.1,+23.3,+23.1,+23.1,+23.1,+23.2,+25,REFE,0,0,+0,+0,+0.0157,+0,+0.0374,+0,+0,+0,16:51:01 25.03.2020
7518,+23.4,+23.9,+22.3,+22.1,+22.1,+23.3,+23.1,+23.1,+23.1,+23.2,+25,REFE,0,0,+0,+0,+0.0157,+0,+0.0374,+0,+0,+0,16:52:01 25.03.2020
7519,+23.4,+23.8,+22.3,+22.1,+22.1,+23.3,+23.1,+23.1,+23.1,+23.2,+25,MANU,0,0,+0,+0,+0.0157,+0,+0.0374,+0,+0,+0,16:53:01 25.03.2020
7520,+23.4,+23.8,+22.3,+22.1,+22.1,+23.3,+23.1,+23.1,+23.1,+23.2,+25,MANU,0,0,+0,+0,+0.0157,+0,+0.0374,+0,+0,+0,16:54:01 25.03.2020
7521,+23.4,+23.8,+22.3,+22.1,+22.1,+23.3,+23.1,+23,+23,+23.2,+25,REFE,0,0,+0,+0,+0.0156,+0,+0.0374,+0,+0,+0,16:55:01 25.03.2020
7522,+23.4,+23.8,+22.3,+22.1,+22.1,+23.3,+23,+23,+23,+23.1,+25,MANU,0,0,+0,+0,+0.0156,+0,+0.0374,+0,+0,+0,16:56:01 25.03.2020
7523,+23.4,+23.8,+22.3,+22.1,+22.1,+23.3,+23,+23,+23,+23.1,+25,MANU,0,0,+0,+0,+0.0156,+0,+0.0374,+0,+0,+0,16:57:01 25.03.2020
7524,+23.4,+23.8,+22.3,+22.1,+22.1,+23.3,+23,+23,+23,+23.1,+25,MANU,0,0,+0,+0,+0.0156,+0,+0.0374,+0,+0,+0,16:58:01 25.03.2020
7525,+23.4,+23.8,+22.3,+22.1,+22.1,+23.3,+23,+23,+23,+23.1,+25,MANU,0,0,+0,+0,+0.0156,+0,+0.0374,+0,+0,+0,16:59:01 25.03.2020
7526,+23.4,+23.8,+22.3,+22.1,+22.1,+23.3,+23,+23,+23,+23.1,+25,MANU,0,0,+0,+0,+0.0156,+0,+0.0374,+0,+0,+0,17:00:01 25.03.2020
7527,+23.4,+23.8,+22.3,+22.1,+22.1,+23.3,+23,+23,+23,+23.1,+25,MANU,0,0,+0,+0,+0.0156,+0,+0.0374,+0,+0,+0,17:01:01 25.03.2020
7528,+23.5,+23.8,+22.3,+22.1,+22.1,+23.3,+23,+23,+23,+23.1,+25,MANU,0,0,+0,+0,+0.0156,+0,+0.0374,+0,+0,+0,17:02:01 25.03.2020
7529,+23.5,+23.8,+22.3,+22.1,+22.1,+23.3,+23,+23,+23,+23.1,+25,MANU,0,0,+0,+0,+0.0156,+0,+0.0374,+0,+0,+0,17:03:01 25.03.2020
7530,+23.6,+23.8,+22.3,+22.1,+22.1,+23.4,+23,+23,+23,+23.1,+25,MANU,0,0,+0,+0,+0.0156,+0,+0.0374,+0,+0,+0,17:04:01 25.03.2020
7531,+23.6,+23.8,+22.3,+22.1,+22.1,+23.4,+23,+23,+23,+23.1,+25,MANU,0,0,+0,+0,+0.0156,+0,+0.0374,+0,+0,+0,17:05:01 25.03.2020
7532,+23.6,+23.8,+22.3,+22.1,+22.1,+23.5,+23,+23,+23,+23.1,+25,MANU,0,0,+0,+0,+0.0156,+0,+0.0374,+0,+0,+0,17:06:01 25.03.2020
7533,+23.7,+23.8,+22.3,+22.1,+22.1,+23.5,+23,+23,+23,+23.1,+25,MANU,0,0,+0,+0,+0.0156,+0,+0.0376,+0,+0,+0,17:07:01 25.03.2020
7534,+23.6,+23.8,+22.3,+22.1,+22.1,+23.5,+23,+23,+23,+23.1,+25,MANU,0,0,+0,+0,+0.0156,+0,+0.0376,+0,+0,+0,17:08:01 25.03.2020
7535,+23.6,+23.8,+22.3,+22.1,+22.1,+23.5,+23,+23,+23,+23.1,+25,MANU,0,0,+0,+0,+0.0156,+0,+0.0376,+0,+0,+0,17:09:01 25.03.2020
7536,+23.6,+23.8,+22.3,+22.1,+22.1,+23.6,+23,+23,+23,+23.1,+25,MANU,0,0,+0,+0,+0.0156,+0,+0.0376,+0,+0,+0,17:10:01 25.03.2020
7537,+23.6,+23.8,+22.3,+22.1,+22.1,+23.6,+23,+23.1,+23,+23.1,+25,MANU,0,0,+0,+0,+0.0156,+0,+0.0376,+0,+0,+0,17:11:01 25.03.2020
7538,+23.6,+23.8,+22.3,+22.1,+22.1,+23.5,+23,+23.1,+23,+23.1,+25,MANU,0,0,+0,+0,+0.0156,+0,+0.0376,+0,+0,+0,17:12:01 25.03.2020
7539,+23.6,+23.8,+22.3,+22.1,+22.1,+23.5,+23,+23.1,+23,+23.1,+25,ESTP,0,0,+0,+0,+0.0156,+0,+0.0376,+0,+0,+0,17:13:01 25.03.2020
7540,+23.6,+23.8,+22.3,+22.1,+22.1,+23.5,+23,+23.1,+23,+23.1,+25,ESTP,0,0,+0,+0,+0.0156,+0,+0.0377,+0,+0,+0,17:14:01 25.03.2020
7541,+23.6,+23.8,+22.3,+22.1,+22.1,+23.5,+23,+23.1,+23.1,+23.1,+25,ESTP,0,0,+0,+0,+0.0157,+0,+0.0377,+0,+0,+0,17:15:01 25.03.2020
7542,+23.6,+23.8,+22.3,+22.1,+22.1,+23.5,+23,+23.1,+23.1,+23.1,+25,ESTP,0,0,+0,+0,+0.0157,+0,+0.0377,+0,+0,+0,17:16:01 25.03.2020
7543,+23.6,+23.8,+22.3,+22.1,+22.1,+23.5,+23,+23.1,+23.1,+23.2,+25,ESTP,0,0,+0,+0,+0.0157,+0,+0.0377,+0,+0,+0,17:17:01 25.03.2020
7544,+23.6,+23.8,+22.3,+22.1,+22.1,+23.5,+23,+23.1,+23.1,+23.2,+25,ESTP,0,0,+0,+0,+0.0157,+0,+0.0377,+0,+0,+0,17:18:01 25.03.2020
7545,+23.6,+23.7,+22.3,+22.1,+22.1,+23.5,+23,+23.1,+23.1,+23.2,+25,ESTP,0,0,+0,+0,+0.0157,+0,+0.0377,+0,+0,+0,17:19:01 25.03.2020
7546,+23.6,+23.7,+22.3,+22.1,+22.1,+23.5,+23,+23.2,+23.1,+23.2,+25,ESTP,0,0,+0,+0,+0.0157,+0,+0.0377,+0,+0,+0,17:20:01 25.03.2020
7547,+23.7,+23.7,+22.3,+22.1,+22.1,+23.5,+23,+23.2,+23.1,+23.2,+25,ESTP,0,0,+0,+0,+0.0157,+0,+0.0377,+0,+0,+0,17:21:01 25.03.2020
7548,+23.7,+23.7,+22.3,+22.1,+22.1,+23.5,+23,+23.2,+23.1,+23.2,+25,ESTP,0,0,+0,+0,+0.0157,+0,+0.0379,+0,+0,+0,17:22:01 25.03.2020
7549,+23.7,+23.7,+22.3,+22.1,+22.1,+23.5,+23,+23.2,+23.1,+23.2,+25,ESTP,0,0,+0,+0,+0.0157,+0,+0.0379,+0,+0,+0,17:23:01 25.03.2020
7550,+23.8,+23.6,+22.3,+22.1,+22.1,+23.6,+23,+23.2,+23.1,+23.2,+25,ESTP,0,0,+0,+0,+0.0157,+0,+0.0379,+0,+0,+0,17:24:01 25.03.2020
7551,+23.8,+23.6,+22.3,+22.1,+22.1,+23.6,+23,+23.2,+23.1,+23.2,+25,ESTP,0,0,+0,+0,+0.0157,+0,+0.0379,+0,+0,+0,17:25:01 25.03.2020
7552,+23.8,+23.6,+22.3,+22.1,+22.1,+23.6,+23.1,+23.2,+23.1,+23.2,+25,ESTP,0,0,+0,+0,+0.0157,+0,+0.0379,+0,+0,+0,17:26:01 25.03.2020
7553,+23.8,+23.6,+22.3,+22.1,+22.1,+23.6,+23.1,+23.2,+23.2,+23.2,+25,ESTP,0,0,+0,+0,+0.0158,+0,+0.0379,+0,+0,+0,17:27:01 25.03.2020
7554,+23.8,+23.5,+22.3,+22.1,+22.1,+23.6,+23.1,+23.2,+23.2,+23.2,+25,ESTP,0,0,+0,+0,+0.0158,+0,+0.0381,+0,+0,+0,17:28:01 25.03.2020
7555,+23.8,+23.5,+22.3,+22.1,+22.1,+23.6,+23.1,+23.2,+23.2,+23.2,+25,ESTP,0,0,+0,+0,+0.0158,+0,+0.038,+0,+0,+0,17:29:01 25.03.2020
7556,+23.8,+23.5,+22.3,+22.1,+22.1,+23.6,+23.1,+23.2,+23.2,+23.3,+25,ESTP,0,0,+0,+0,+0.0158,+0,+0.0381,+0,+0,+0,17:30:01 25.03.2020
7557,+23.8,+23.5,+22.3,+22.1,+22.1,+23.6,+23.1,+23.2,+23.2,+23.3,+25,ESTP,0,0,+0,+0,+0.0158,+0,+0.0381,+0,+0,+0,17:31:01 25.03.2020
7558,+23.8,+23.4,+22.3,+22.1,+22.1,+23.6,+23.1,+23.3,+23.2,+23.3,+25,ESTP,0,0,+0,+0,+0.0158,+0,+0.0381,+0,+0,+0,17:32:01 25.03.2020
7559,+23.8,+23.3,+22.3,+22.1,+22.1,+23.6,+23.1,+23.3,+23.2,+23.3,+25,ESTP,0,0,+0,+0,+0.0158,+0,+0.0381,+0,+0,+0,17:33:01 25.03.2020
7560,+23.8,+23.2,+22.3,+22.1,+22.1,+23.6,+23.1,+23.3,+23.2,+23.3,+25,ESTP,0,0,+0,+0,+0.0158,+0,+0.0381,+0,+0,+0,17:34:01 25.03.2020
7561,+23.8,+23.1,+22.3,+22.1,+22.1,+23.6,+23.1,+23.3,+23.2,+23.3,+25,ESTP,0,0,+0,+0,+0.0158,+0,+0.0381,+0,+0,+0,17:35:01 25.03.2020
7562,+23.8,+23,+22.3,+22.1,+22.1,+23.6,+23.1,+23.3,+23.2,+23.3,+25,ESTP,0,0,+0,+0,+0.0158,+0,+0.0381,+0,+0,+0,17:36:01 25.03.2020
7563,+23.8,+23,+22.3,+22.1,+22.1,+23.6,+23.1,+23.3,+23.2,+23.3,+25,ESTP,0,0,+0,+0,+0.0158,+0,+0.0381,+0,+0,+0,17:37:01 25.03.2020
7564,+23.8,+23,+22.3,+22.1,+22.1,+23.6,+23.1,+23.3,+23.2,+23.3,+25,ESTP,0,0,+0,+0,+0.0158,+0,+0.0381,+0,+0,+0,17:38:01 25.03.2020
7565,+23.8,+22.9,+22.3,+22.1,+22.1,+23.6,+23.1,+23.3,+23.2,+23.3,+25,ESTP,0,0,+0,+0,+0.0158,+0,+0.0381,+0,+0,+0,17:39:01 25.03.2020
7566,+23.8,+22.9,+22.3,+22.1,+22.1,+23.6,+23.1,+23.3,+23.2,+23.3,+25,ESTP,0,0,+0,+0,+0.0158,+0,+0.0381,+0,+0,+0,17:40:01 25.03.2020
7567,+23.8,+22.9,+22.3,+22.1,+22.1,+23.6,+23.1,+23.3,+23.2,+23.3,+25,ESTP,0,0,+0,+0,+0.0158,+0,+0.038,+0,+0,+0,17:41:01 25.03.2020
7568,+23.8,+22.8,+22.3,+22.1,+22.1,+23.6,+23.1,+23.3,+23.2,+23.3,+25,ESTP,0,0,+0,+0,+0.0158,+0,+0.0379,+0,+0,+0,17:42:01 25.03.2020
7569,+23.8,+22.8,+22.3,+22.1,+22.1,+23.6,+23.1,+23.3,+23.2,+23.3,+25,ESTP,0,0,+0,+0,+0.0158,+0,+0.0379,+0,+0,+0,17:43:01 25.03.2020
7570,+23.8,+22.8,+22.3,+22.1,+22.1,+23.6,+23.1,+23.3,+23.3,+23.3,+25,ESTP,0,0,+0,+0,+0.0159,+0,+0.0379,+0,+0,+0,17:44:01 25.03.2020
7571,+23.9,+22.8,+22.3,+22.1,+22.1,+23.6,+23.1,+23.3,+23.3,+23.3,+25,ESTP,0,0,+0,+0,+0.0159,+0,+0.0381,+0,+0,+0,17:45:01 25.03.2020
7572,+23.9,+22.8,+22.3,+22.1,+22.1,+23.6,+23.1,+23.3,+23.3,+23.3,+25,ESTP,0,0,+0,+0,+0.0159,+0,+0.0381,+0,+0,+0,17:46:01 25.03.2020
7573,+23.9,+22.7,+22.3,+22.1,+22.1,+23.6,+23.1,+23.3,+23.3,+23.3,+25,ESTP,0,0,+0,+0,+0.0159,+0,+0.0381,+0,+0,+0,17:47:01 25.03.2020
7574,+23.9,+22.7,+22.3,+22.1,+22.1,+23.6,+23.1,+23.3,+23.3,+23.3,+25,ESTP,0,0,+0,+0,+0.0159,+0,+0.0381,+0,+0,+0,17:48:01 25.03.2020
7575,+23.9,+22.7,+22.3,+22.1,+22.1,+23.6,+23.1,+23.3,+23.3,+23.3,+25,ESTP,0,0,+0,+0,+0.0159,+0,+0.0381,+0,+0,+0,17:49:01 25.03.2020
7576,+23.9,+22.7,+22.3,+22.1,+22.1,+23.6,+23.1,+23.3,+23.3,+23.3,+25,ESTP,0,0,+0,+0,+0.0159,+0,+0.0381,+0,+0,+0,17:50:01 25.03.2020
7577,+23.9,+22.7,+22.3,+22.1,+22.1,+23.6,+23.1,+23.4,+23.3,+23.3,+25,ESTP,0,0,+0,+0,+0.0159,+0,+0.0381,+0,+0,+0,17:51:01 25.03.2020
7578,+23.9,+22.7,+22.3,+22.1,+22.1,+23.6,+23.2,+23.4,+23.3,+23.3,+25,ESTP,0,0,+0,+0,+0.0159,+0,+0.0382,+0,+0,+0,17:52:01 25.03.2020
7579,+23.9,+22.7,+22.3,+22.1,+22.1,+23.6,+23.2,+23.4,+23.3,+23.3,+25,ESTP,0,0,+0,+0,+0.0159,+0,+0.0381,+0,+0,+0,17:53:01 25.03.2020
7580,+23.9,+22.6,+22.3,+22.1,+22.1,+23.6,+23.2,+23.4,+23.3,+23.3,+25,ESTP,0,0,+0,+0,+0.0159,+0,+0.0382,+0,+0,+0,17:54:01 25.03.2020
7581,+23.9,+22.6,+22.3,+22.1,+22.1,+23.6,+23.2,+23.4,+23.3,+23.3,+25,ESTP,0,0,+0,+0,+0.0159,+0,+0.0381,+0,+0,+0,17:55:01 25.03.2020
7582,+23.9,+22.6,+22.3,+22.1,+22.1,+23.6,+23.2,+23.4,+23.3,+23.3,+25,ESTP,0,0,+0,+0,+0.0159,+0,+0.0382,+0,+0,+0,17:56:01 25.03.2020
7583,+23.9,+22.6,+22.3,+22.1,+22.1,+23.6,+23.2,+23.4,+23.3,+23.3,+25,ESTP,0,0,+0,+0,+0.0159,+0,+0.0382,+0,+0,+0,17:57:01 25.03.2020
7584,+23.9,+22.6,+22.3,+22.1,+22.1,+23.6,+23.2,+23.4,+23.3,+23.3,+25,ESTP,0,0,+0,+0,+0.0159,+0,+0.0381,+0,+0,+0,17:58:01 25.03.2020
7585,+23.9,+22.6,+22.3,+22.1,+22.1,+23.6,+23.2,+23.4,+23.3,+23.3,+25,ESTP,0,0,+0,+0,+0.0159,+0,+0.0381,+0,+0,+0,17:59:01 25.03.2020
7586,+23.9,+22.5,+22.3,+22.1,+22.1,+23.6,+23.2,+23.4,+23.3,+23.4,+25,ESTP,0,0,+0,+0,+0.0159,+0,+0.0381,+0,+0,+0,18:00:01 25.03.2020
7587,+23.9,+22.5,+22.3,+22.1,+22.1,+23.6,+23.2,+23.4,+23.3,+23.4,+25,ESTP,0,0,+0,+0,+0.0159,+0,+0.0381,+0,+0,+0,18:01:01 25.03.2020
7588,+23.9,+22.5,+22.3,+22.1,+22.1,+23.6,+23.2,+23.4,+23.3,+23.4,+25,ESTP,0,0,+0,+0,+0.0159,+0,+0.0381,+0,+0,+0,18:02:01 25.03.2020
7589,+23.9,+22.5,+22.3,+22.1,+22.1,+23.6,+23.2,+23.4,+23.3,+23.4,+25,ESTP,0,0,+0,+0,+0.0159,+0,+0.0381,+0,+0,+0,18:03:01 25.03.2020
7590,+23.9,+22.5,+22.3,+22.1,+22.1,+23.6,+23.2,+23.4,+23.3,+23.4,+25,ESTP,0,0,+0,+0,+0.0159,+0,+0.0381,+0,+0,+0,18:04:01 25.03.2020
7591,+23.9,+22.5,+22.3,+22.1,+22.1,+23.6,+23.2,+23.4,+23.3,+23.4,+25,ESTP,0,0,+0,+0,+0.0159,+0,+0.0381,+0,+0,+0,18:05:01 25.03.2020
7592,+23.9,+22.5,+22.3,+22.1,+22.1,+23.6,+23.2,+23.4,+23.3,+23.4,+25,ESTP,0,0,+0,+0,+0.0159,+0,+0.0381,+0,+0,+0,18:06:01 25.03.2020
7593,+24,+22.5,+22.3,+22.1,+22.1,+23.6,+23.2,+23.4,+23.3,+23.4,+25,ESTP,0,0,+0,+0,+0.0159,+0,+0.0381,+0,+0,+0,18:07:01 25.03.2020
7594,+24,+22.5,+22.3,+22.1,+22.1,+23.6,+23.2,+23.4,+23.3,+23.4,+25,ESTP,0,0,+0,+0,+0.0159,+0,+0.0381,+0,+0,+0,18:08:01 25.03.2020
7595,+24,+22.5,+22.3,+22.1,+22.1,+23.6,+23.2,+23.5,+23.4,+23.4,+25,ESTP,0,0,+0,+0,+0.0159,+0,+0.0382,+0,+0,+0,18:09:01 25.03.2020
7596,+24,+22.5,+22.3,+22.1,+22.1,+23.7,+23.2,+23.5,+23.4,+23.4,+25,ESTP,0,0,+0,+0,+0.0159,+0,+0.0382,+0,+0,+0,18:10:01 25.03.2020
7597,+24,+22.5,+22.3,+22.1,+22.1,+23.7,+23.2,+23.5,+23.4,+23.4,+25,ESTP,0,0,+0,+0,+0.0159,+0,+0.0382,+0,+0,+0,18:11:01 25.03.2020
7598,+24,+22.5,+22.3,+22.1,+22.1,+23.7,+23.2,+23.5,+23.4,+23.4,+25,ESTP,0,0,+0,+0,+0.0159,+0,+0.0382,+0,+0,+0,18:12:01 25.03.2020
7599,+24,+22.5,+22.3,+22.1,+22.1,+23.7,+23.2,+23.5,+23.4,+23.4,+25,ESTP,0,0,+0,+0,+0.0159,+0,+0.0382,+0,+0,+0,18:13:01 25.03.2020
7600,+24,+22.5,+22.2,+22.1,+22.1,+23.7,+23.2,+23.5,+23.4,+23.4,+25,ESTP,0,0,+0,+0,+0.0159,+0,+0.0382,+0,+0,+0,18:14:01 25.03.2020
7601,+24,+22.4,+22.3,+22.1,+22.1,+23.7,+23.2,+23.5,+23.4,+23.4,+25,ESTP,0,0,+0,+0,+0.0159,+0,+0.0382,+0,+0,+0,18:15:01 25.03.2020
7602,+24,+22.4,+22.3,+22.1,+22.1,+23.7,+23.2,+23.5,+23.4,+23.4,+25,ESTP,0,0,+0,+0,+0.0159,+0,+0.0382,+0,+0,+0,18:16:01 25.03.2020
7603,+24,+22.4,+22.3,+22.1,+22.1,+23.7,+23.2,+23.5,+23.4,+23.4,+25,ESTP,0,0,+0,+0,+0.0159,+0,+0.0382,+0,+0,+0,18:17:01 25.03.2020
7604,+24,+22.4,+22.3,+22.1,+22.1,+23.7,+23.2,+23.5,+23.4,+23.4,+25,ESTP,0,0,+0,+0,+0.0159,+0,+0.0382,+0,+0,+0,18:18:01 25.03.2020
7605,+24,+22.4,+22.3,+22.1,+22.1,+23.7,+23.3,+23.5,+23.4,+23.4,+25,ESTP,0,0,+0,+0,+0.0159,+0,+0.0382,+0,+0,+0,18:19:01 25.03.2020
7606,+24,+22.4,+22.2,+22.1,+22.1,+23.7,+23.3,+23.5,+23.4,+23.4,+25,ESTP,0,0,+0,+0,+0.0159,+0,+0.0382,+0,+0,+0,18:20:01 25.03.2020
7607,+24,+22.3,+22.3,+22.1,+22.1,+23.7,+23.3,+23.5,+23.4,+23.4,+25,ESTP,0,0,+0,+0,+0.0159,+0,+0.0382,+0,+0,+0,18:21:01 25.03.2020
7608,+24,+22.3,+22.3,+22.1,+22.1,+23.7,+23.3,+23.5,+23.4,+23.4,+25,ESTP,0,0,+0,+0,+0.0159,+0,+0.0382,+0,+0,+0,18:22:01 25.03.2020
7609,+24,+22.3,+22.3,+22.1,+22.1,+23.7,+23.3,+23.5,+23.4,+23.4,+25,ESTP,0,0,+0,+0,+0.0159,+0,+0.0382,+0,+0,+0,18:23:01 25.03.2020
7610,+24.1,+22.3,+22.2,+22.1,+22.1,+23.7,+23.3,+23.5,+23.4,+23.4,+25,ESTP,0,0,+0,+0,+0.0159,+0,+0.0382,+0,+0,+0,18:24:01 25.03.2020
7611,+24.1,+22.3,+22.3,+22.1,+22.1,+23.7,+23.3,+23.5,+23.4,+23.4,+25,ESTP,0,0,+0,+0,+0.0159,+0,+0.0382,+0,+0,+0,18:25:01 25.03.2020
7612,+24.1,+22.3,+22.3,+22.1,+22.1,+23.7,+23.3,+23.5,+23.4,+23.4,+25,ESTP,0,0,+0,+0,+0.0159,+0,+0.0382,+0,+0,+0,18:26:01 25.03.2020
7613,+24.1,+22.2,+22.2,+22.1,+22.1,+23.7,+23.3,+23.5,+23.4,+23.4,+25,ESTP,0,0,+0,+0,+0.0159,+0,+0.0382,+0,+0,+0,18:27:01 25.03.2020
7614,+24.1,+22.2,+22.2,+22.1,+22.1,+23.7,+23.3,+23.6,+23.4,+23.4,+25,ESTP,0,0,+0,+0,+0.0159,+0,+0.0382,+0,+0,+0,18:28:01 25.03.2020
7615,+24.1,+22.2,+22.2,+22.1,+22.1,+23.7,+23.3,+23.6,+23.4,+23.4,+25,ESTP,0,0,+0,+0,+0.016,+0,+0.0382,+0,+0,+0,18:29:01 25.03.2020
7616,+24.1,+22.2,+22.2,+22.1,+22.1,+23.7,+23.3,+23.6,+23.4,+23.4,+25,ESTP,0,0,+0,+0,+0.016,+0,+0.0382,+0,+0,+0,18:30:01 25.03.2020
7617,+24.1,+22.3,+22.2,+22.1,+22.1,+23.8,+23.3,+23.6,+23.5,+23.5,+25,ESTP,0,0,+0,+0,+0.016,+0,+0.0384,+0,+0,+0,18:31:01 25.03.2020
7618,+24.1,+22.3,+22.2,+22.1,+22.1,+23.7,+23.3,+23.6,+23.5,+23.5,+25,ESTP,0,0,+0,+0,+0.016,+0,+0.0384,+0,+0,+0,18:32:01 25.03.2020
7619,+24.1,+22.2,+22.2,+22.1,+22.1,+23.7,+23.3,+23.6,+23.5,+23.5,+25,ESTP,0,0,+0,+0,+0.016,+0,+0.0384,+0,+0,+0,18:33:01 25.03.2020
7620,+24.1,+22.1,+22.2,+22.1,+22.1,+23.7,+23.3,+23.6,+23.5,+23.5,+25,ESTP,0,0,+0,+0,+0.016,+0,+0.0382,+0,+0,+0,18:34:01 25.03.2020
7621,+24.1,+22,+22.2,+22.1,+22.1,+23.7,+23.3,+23.6,+23.5,+23.5,+25,ESTP,0,0,+0,+0,+0.016,+0,+0.0382,+0,+0,+0,18:35:01 25.03.2020
7622,+24.1,+22,+22.2,+22.1,+22.1,+23.7,+23.3,+23.6,+23.5,+23.5,+25,ESTP,0,0,+0,+0,+0.016,+0,+0.0382,+0,+0,+0,18:36:01 25.03.2020
7623,+24.1,+21.9,+22.2,+22.1,+22.1,+23.7,+23.3,+23.6,+23.5,+23.5,+25,ESTP,0,0,+0,+0,+0.016,+0,+0.0382,+0,+0,+0,18:37:01 25.03.2020
7624,+24.1,+21.9,+22.2,+22.1,+22.1,+23.7,+23.3,+23.6,+23.5,+23.5,+25,ESTP,0,0,+0,+0,+0.016,+0,+0.0382,+0,+0,+0,18:38:01 25.03.2020
7625,+24.1,+21.9,+22.2,+22.1,+22.1,+23.7,+23.3,+23.6,+23.5,+23.5,+25,ESTP,0,0,+0,+0,+0.016,+0,+0.0382,+0,+0,+0,18:39:01 25.03.2020
7626,+24.1,+21.8,+22.2,+22.1,+22.1,+23.7,+23.3,+23.6,+23.5,+23.5,+25,ESTP,0,0,+0,+0,+0.016,+0,+0.0382,+0,+0,+0,18:40:01 25.03.2020
7627,+24.1,+21.8,+22.2,+22.1,+22.1,+23.7,+23.3,+23.6,+23.5,+23.5,+25,ESTP,0,0,+0,+0,+0.016,+0,+0.0382,+0,+0,+0,18:41:01 25.03.2020
7628,+24.1,+21.8,+22.2,+22.1,+22.1,+23.7,+23.3,+23.6,+23.5,+23.5,+25,ESTP,0,0,+0,+0,+0.016,+0,+0.0382,+0,+0,+0,18:42:01 25.03.2020
7629,+24.1,+21.8,+22.2,+22.1,+22.1,+23.7,+23.3,+23.6,+23.5,+23.5,+25,ESTP,0,0,+0,+0,+0.016,+0,+0.0382,+0,+0,+0,18:43:01 25.03.2020
7630,+24.1,+21.7,+22.2,+22.1,+22.1,+23.7,+23.3,+23.6,+23.5,+23.5,+25,ESTP,0,0,+0,+0,+0.016,+0,+0.0382,+0,+0,+0,18:44:01 25.03.2020
7631,+24.1,+21.7,+22.2,+22.1,+22.1,+23.7,+23.3,+23.6,+23.5,+23.5,+25,ESTP,0,0,+0,+0,+0.016,+0,+0.0382,+0,+0,+0,18:45:01 25.03.2020
7632,+24.2,+21.7,+22.2,+22.1,+22.1,+23.7,+23.3,+23.6,+23.5,+23.5,+25,ESTP,0,0,+0,+0,+0.016,+0,+0.0384,+0,+0,+0,18:46:01 25.03.2020
7633,+24.2,+21.7,+22.2,+22.1,+22.1,+23.8,+23.3,+23.6,+23.5,+23.5,+25,ESTP,0,0,+0,+0,+0.016,+0,+0.0384,+0,+0,+0,18:47:01 25.03.2020
7634,+24.2,+21.7,+22.2,+22.1,+22.1,+23.8,+23.3,+23.6,+23.5,+23.5,+25,ESTP,0,0,+0,+0,+0.016,+0,+0.0384,+0,+0,+0,18:48:01 25.03.2020
7635,+24.2,+21.7,+22.2,+22.1,+22.1,+23.8,+23.3,+23.6,+23.5,+23.5,+25,ESTP,0,0,+0,+0,+0.016,+0,+0.0384,+0,+0,+0,18:49:01 25.03.2020
7636,+24.2,+21.6,+22.2,+22.1,+22.1,+23.8,+23.3,+23.6,+23.5,+23.5,+25,ESTP,0,0,+0,+0,+0.016,+0,+0.0384,+0,+0,+0,18:50:01 25.03.2020
7637,+24.2,+21.6,+22.2,+22.1,+22.1,+23.8,+23.3,+23.6,+23.5,+23.5,+25,ESTP,0,0,+0,+0,+0.016,+0,+0.0384,+0,+0,+0,18:51:01 25.03.2020
7638,+24.2,+21.6,+22.2,+22.1,+22.1,+23.8,+23.3,+23.6,+23.5,+23.5,+25,ESTP,0,0,+0,+0,+0.016,+0,+0.0384,+0,+0,+0,18:52:01 25.03.2020
7639,+24.2,+21.6,+22.2,+22.1,+22.1,+23.8,+23.3,+23.6,+23.5,+23.5,+25,ESTP,0,0,+0,+0,+0.016,+0,+0.0384,+0,+0,+0,18:53:01 25.03.2020
7640,+24.2,+21.5,+22.2,+22.1,+22.1,+23.8,+23.3,+23.6,+23.5,+23.5,+25,ESTP,0,0,+0,+0,+0.016,+0,+0.0384,+0,+0,+0,18:54:01 25.03.2020
7641,+24.2,+21.5,+22.2,+22.1,+22.1,+23.8,+23.3,+23.6,+23.5,+23.5,+25,ESTP,0,0,+0,+0,+0.016,+0,+0.0384,+0,+0,+0,18:55:01 25.03.2020
7642,+24.2,+21.5,+22.2,+22.1,+22.1,+23.8,+23.3,+23.6,+23.5,+23.5,+25,ESTP,0,0,+0,+0,+0.016,+0,+0.0384,+0,+0,+0,18:56:01 25.03.2020
7643,+24.2,+21.5,+22.2,+22.1,+22.1,+23.8,+23.3,+23.6,+23.5,+23.5,+25,ESTP,0,0,+0,+0,+0.016,+0,+0.0384,+0,+0,+0,18:57:01 25.03.2020
7644,+24.2,+21.5,+22.2,+22.1,+22.1,+23.8,+23.3,+23.6,+23.5,+23.5,+25,ESTP,0,0,+0,+0,+0.016,+0,+0.0384,+0,+0,+0,18:58:01 25.03.2020
7645,+24.2,+21.4,+22.2,+22.1,+22.1,+23.8,+23.3,+23.6,+23.5,+23.5,+25,ESTP,0,0,+0,+0,+0.016,+0,+0.0384,+0,+0,+0,18:59:01 25.03.2020
7646,+24.2,+21.4,+22.2,+22.1,+22.1,+23.8,+23.4,+23.6,+23.5,+23.5,+25,ESTP,0,0,+0,+0,+0.016,+0,+0.0384,+0,+0,+0,19:00:01 25.03.2020
7647,+24.2,+21.4,+22.2,+22.1,+22.1,+23.8,+23.3,+23.6,+23.5,+23.5,+25,ESTP,0,0,+0,+0,+0.016,+0,+0.0384,+0,+0,+0,19:01:01 25.03.2020
7648,+24.2,+21.4,+22.2,+22.1,+22.1,+23.8,+23.4,+23.6,+23.6,+23.5,+25,ESTP,0,0,+0,+0,+0.0161,+0,+0.0384,+0,+0,+0,19:02:01 25.03.2020
7649,+24.3,+21.4,+22.2,+22.1,+22.1,+23.8,+23.4,+23.6,+23.6,+23.5,+25,ESTP,0,0,+0,+0,+0.0161,+0,+0.0384,+0,+0,+0,19:03:01 25.03.2020
7650,+24.3,+21.4,+22.2,+22.1,+22.1,+23.8,+23.4,+23.6,+23.6,+23.5,+25,ESTP,0,0,+0,+0,+0.0161,+0,+0.0384,+0,+0,+0,19:04:01 25.03.2020
7651,+24.2,+21.3,+22.2,+22.1,+22.1,+23.8,+23.4,+23.6,+23.6,+23.5,+25,ESTP,0,0,+0,+0,+0.0161,+0,+0.0384,+0,+0,+0,19:05:01 25.03.2020
7652,+24.2,+21.3,+22.2,+22.1,+22.1,+23.8,+23.4,+23.7,+23.6,+23.5,+25,ESTP,0,0,+0,+0,+0.0161,+0,+0.0384,+0,+0,+0,19:06:01 25.03.2020
7653,+24.2,+21.3,+22.2,+22.1,+22.1,+23.8,+23.4,+23.6,+23.6,+23.5,+25,ESTP,0,0,+0,+0,+0.0161,+0,+0.0384,+0,+0,+0,19:07:01 25.03.2020
7654,+24.2,+21.3,+22.2,+22.1,+22.1,+23.8,+23.4,+23.7,+23.6,+23.5,+25,ESTP,0,0,+0,+0,+0.0161,+0,+0.0384,+0,+0,+0,19:08:01 25.03.2020
7655,+24.2,+21.3,+22.2,+22.1,+22.1,+23.8,+23.4,+23.7,+23.6,+23.5,+25,ESTP,0,0,+0,+0,+0.0161,+0,+0.0386,+0,+0,+0,19:09:01 25.03.2020
7656,+24.2,+21.2,+22.2,+22.1,+22.1,+23.8,+23.4,+23.7,+23.6,+23.6,+25,ESTP,0,0,+0,+0,+0.0161,+0,+0.0384,+0,+0,+0,19:10:01 25.03.2020
7657,+24.2,+21.2,+22.2,+22.1,+22.1,+23.8,+23.4,+23.7,+23.6,+23.6,+25,ESTP,0,0,+0,+0,+0.0161,+0,+0.0386,+0,+0,+0,19:11:01 25.03.2020
7658,+24.2,+21.2,+22.2,+22.1,+22.1,+23.8,+23.4,+23.7,+23.6,+23.6,+25,ESTP,0,0,+0,+0,+0.0161,+0,+0.0384,+0,+0,+0,19:12:01 25.03.2020
7659,+24.2,+21.2,+22.2,+22.1,+22.1,+23.8,+23.4,+23.7,+23.6,+23.6,+25,ESTP,0,0,+0,+0,+0.0161,+0,+0.0384,+0,+0,+0,19:13:01 25.03.2020
7660,+24.2,+21.2,+22.2,+22.1,+22.1,+23.8,+23.4,+23.7,+23.6,+23.6,+25,ESTP,0,0,+0,+0,+0.0161,+0,+0.0384,+0,+0,+0,19:14:01 25.03.2020
7661,+24.2,+21.2,+22.2,+22.1,+22.1,+23.8,+23.4,+23.7,+23.6,+23.6,+25,ESTP,0,0,+0,+0,+0.0161,+0,+0.0384,+0,+0,+0,19:15:01 25.03.2020
7662,+24.2,+21.2,+22.2,+22.1,+22.1,+23.8,+23.4,+23.7,+23.6,+23.6,+25,ESTP,0,0,+0,+0,+0.0161,+0,+0.0384,+0,+0,+0,19:16:01 25.03.2020
7663,+24.3,+21.2,+22.2,+22.1,+22.1,+23.8,+23.4,+23.7,+23.6,+23.6,+25,ESTP,0,0,+0,+0,+0.0161,+0,+0.0384,+0,+0,+0,19:17:01 25.03.2020
7664,+24.3,+21.1,+22.2,+22.1,+22.1,+23.8,+23.4,+23.7,+23.6,+23.6,+25,ESTP,0,0,+0,+0,+0.0161,+0,+0.0384,+0,+0,+0,19:18:01 25.03.2020
7665,+24.3,+21.1,+22.2,+22.1,+22.1,+23.8,+23.4,+23.7,+23.6,+23.6,+25,ESTP,0,0,+0,+0,+0.0161,+0,+0.0386,+0,+0,+0,19:19:01 25.03.2020
7666,+24.3,+21.1,+22.2,+22.1,+22.1,+23.9,+23.4,+23.7,+23.6,+23.6,+25,ESTP,0,0,+0,+0,+0.0161,+0,+0.0386,+0,+0,+0,19:20:01 25.03.2020
7667,+24.3,+21.1,+22.2,+22.1,+22.1,+23.9,+23.4,+23.7,+23.6,+23.6,+25,ESTP,0,0,+0,+0,+0.0161,+0,+0.0386,+0,+0,+0,19:21:01 25.03.2020
7668,+24.3,+21.1,+22.2,+22.1,+22.1,+23.9,+23.4,+23.7,+23.6,+23.6,+25,ESTP,0,0,+0,+0,+0.0161,+0,+0.0386,+0,+0,+0,19:22:01 25.03.2020
7669,+24.3,+21,+22.2,+22.1,+22.1,+23.9,+23.4,+23.7,+23.6,+23.6,+25,ESTP,0,0,+0,+0,+0.0161,+0,+0.0386,+0,+0,+0,19:23:01 25.03.2020
7670,+24.3,+21,+22.2,+22.1,+22.1,+23.9,+23.4,+23.7,+23.6,+23.6,+25,ESTP,0,0,+0,+0,+0.0161,+0,+0.0386,+0,+0,+0,19:24:01 25.03.2020
7671,+24.3,+21,+22.2,+22.1,+22.1,+23.9,+23.4,+23.7,+23.6,+23.6,+25,ESTP,0,0,+0,+0,+0.0161,+0,+0.0386,+0,+0,+0,19:25:01 25.03.2020
7672,+24.3,+21,+22.2,+22.1,+22.1,+23.9,+23.4,+23.7,+23.6,+23.6,+25,ESTP,0,0,+0,+0,+0.0161,+0,+0.0386,+0,+0,+0,19:26:01 25.03.2020
7673,+24.3,+21,+22.2,+22.1,+22.1,+23.9,+23.4,+23.7,+23.6,+23.6,+25,ESTP,0,0,+0,+0,+0.0161,+0,+0.0386,+0,+0,+0,19:27:01 25.03.2020
7674,+24.3,+20.9,+22.2,+22.1,+22.1,+23.9,+23.4,+23.7,+23.6,+23.6,+25,ESTP,0,0,+0,+0,+0.0161,+0,+0.0386,+0,+0,+0,19:28:01 25.03.2020
7675,+24.3,+20.9,+22.2,+22.1,+22.1,+23.9,+23.4,+23.7,+23.6,+23.6,+25,ESTP,0,0,+0,+0,+0.0161,+0,+0.0386,+0,+0,+0,19:29:01 25.03.2020
7676,+24.3,+20.9,+22.2,+22.1,+22.1,+23.9,+23.4,+23.7,+23.6,+23.6,+25,ESTP,0,0,+0,+0,+0.0161,+0,+0.0386,+0,+0,+0,19:30:01 25.03.2020
7677,+24.3,+21.2,+22.2,+22.1,+22.1,+23.9,+23.4,+23.7,+23.6,+23.6,+25,ESTP,0,0,+0,+0,+0.0161,+0,+0.0386,+0,+0,+0,19:31:01 25.03.2020
7678,+24.3,+21.1,+22.2,+22.1,+22.1,+23.9,+23.4,+23.7,+23.6,+23.6,+25,ESTP,0,0,+0,+0,+0.0161,+0,+0.0386,+0,+0,+0,19:32:01 25.03.2020
7679,+24.3,+21,+22.2,+22.1,+22.1,+23.8,+23.4,+23.7,+23.6,+23.6,+25,ESTP,0,0,+0,+0,+0.0161,+0,+0.0386,+0,+0,+0,19:33:01 25.03.2020
7680,+24.3,+20.9,+22.2,+22.1,+22.1,+23.8,+23.4,+23.7,+23.6,+23.6,+25,ESTP,0,0,+0,+0,+0.0161,+0,+0.0386,+0,+0,+0,19:34:01 25.03.2020
7681,+24.3,+20.9,+22.2,+22.1,+22.1,+23.8,+23.4,+23.7,+23.6,+23.6,+25,ESTP,0,0,+0,+0,+0.0161,+0,+0.0386,+0,+0,+0,19:35:01 25.03.2020
7682,+24.3,+20.8,+22.2,+22.1,+22.1,+23.8,+23.4,+23.7,+23.6,+23.6,+25,ESTP,0,0,+0,+0,+0.0161,+0,+0.0386,+0,+0,+0,19:36:01 25.03.2020
7683,+24.4,+20.7,+22.2,+22.1,+22.1,+23.9,+23.5,+23.7,+23.6,+23.6,+25,ESTP,0,0,+0,+0,+0.0161,+0,+0.0386,+0,+0,+0,19:37:01 25.03.2020
7684,+24.4,+20.7,+22.2,+22.1,+22.1,+23.9,+23.5,+23.7,+23.6,+23.6,+25,ESTP,0,0,+0,+0,+0.0161,+0,+0.0386,+0,+0,+0,19:38:01 25.03.2020
7685,+24.4,+20.7,+22.2,+22.1,+22.1,+23.9,+23.5,+23.7,+23.6,+23.6,+25,ESTP,0,0,+0,+0,+0.0161,+0,+0.0387,+0,+0,+0,19:39:01 25.03.2020
7686,+24.4,+20.6,+22.2,+22.1,+22.1,+23.9,+23.5,+23.7,+23.6,+23.6,+25,ESTP,0,0,+0,+0,+0.0161,+0,+0.0387,+0,+0,+0,19:40:01 25.03.2020
7687,+24.4,+20.6,+22.2,+22.1,+22.1,+23.9,+23.5,+23.7,+23.6,+23.6,+25,ESTP,0,0,+0,+0,+0.0161,+0,+0.0387,+0,+0,+0,19:41:01 25.03.2020
7688,+24.4,+20.6,+22.2,+22.1,+22.1,+23.9,+23.5,+23.7,+23.6,+23.6,+25,ESTP,0,0,+0,+0,+0.0161,+0,+0.0387,+0,+0,+0,19:42:01 25.03.2020
7689,+24.3,+20.5,+22.2,+22.1,+22.1,+23.9,+23.5,+23.8,+23.6,+23.6,+25,ESTP,0,0,+0,+0,+0.0161,+0,+0.0387,+0,+0,+0,19:43:01 25.03.2020
7690,+24.4,+20.5,+22.2,+22.1,+22.1,+23.9,+23.5,+23.8,+23.6,+23.6,+25,ESTP,0,0,+0,+0,+0.0161,+0,+0.0387,+0,+0,+0,19:44:01 25.03.2020
7691,+24.3,+20.5,+22.2,+22.1,+22.1,+23.9,+23.5,+23.8,+23.6,+23.6,+25,ESTP,0,0,+0,+0,+0.0161,+0,+0.0387,+0,+0,+0,19:45:01 25.03.2020
7692,+24.3,+20.5,+22.2,+22.1,+22.1,+23.9,+23.5,+23.8,+23.6,+23.6,+25,ESTP,0,0,+0,+0,+0.0161,+0,+0.0387,+0,+0,+0,19:46:01 25.03.2020
7693,+24.3,+20.4,+22.2,+22.1,+22.1,+23.9,+23.5,+23.8,+23.6,+23.6,+25,ESTP,0,0,+0,+0,+0.0161,+0,+0.0387,+0,+0,+0,19:47:01 25.03.2020
7694,+24.3,+20.4,+22.2,+22.1,+22.1,+23.9,+23.5,+23.8,+23.7,+23.6,+25,ESTP,0,0,+0,+0,+0.0161,+0,+0.0387,+0,+0,+0,19:48:01 25.03.2020
7695,+24.3,+20.4,+22.2,+22.1,+22.1,+23.9,+23.5,+23.8,+23.7,+23.6,+25,ESTP,0,0,+0,+0,+0.0161,+0,+0.0386,+0,+0,+0,19:49:01 25.03.2020
7696,+24.3,+20.4,+22.2,+22.1,+22.1,+23.9,+23.5,+23.8,+23.7,+23.6,+25,ESTP,0,0,+0,+0,+0.0161,+0,+0.0386,+0,+0,+0,19:50:01 25.03.2020
7697,+24.4,+20.4,+22.2,+22.1,+22.1,+23.9,+23.5,+23.8,+23.7,+23.6,+25,ESTP,0,0,+0,+0,+0.0161,+0,+0.0386,+0,+0,+0,19:51:01 25.03.2020
7698,+24.4,+20.3,+22.2,+22.1,+22.1,+23.9,+23.5,+23.8,+23.7,+23.6,+25,ESTP,0,0,+0,+0,+0.0161,+0,+0.0386,+0,+0,+0,19:52:01 25.03.2020
7699,+24.4,+20.3,+22.2,+22.1,+22.1,+23.9,+23.5,+23.8,+23.7,+23.6,+25,ESTP,0,0,+0,+0,+0.0161,+0,+0.0387,+0,+0,+0,19:53:01 25.03.2020
7700,+24.5,+20.3,+22.2,+22.1,+22.1,+23.9,+23.5,+23.8,+23.7,+23.6,+25,ESTP,0,0,+0,+0,+0.0161,+0,+0.0387,+0,+0,+0,19:54:01 25.03.2020
7701,+24.5,+20.3,+22.2,+22.1,+22.1,+24,+23.5,+23.8,+23.7,+23.6,+25,ESTP,0,0,+0,+0,+0.0161,+0,+0.0387,+0,+0,+0,19:55:01 25.03.2020
7702,+24.5,+20.3,+22.2,+22.1,+22.1,+24,+23.5,+23.8,+23.7,+23.6,+25,ESTP,0,0,+0,+0,+0.0161,+0,+0.0387,+0,+0,+0,19:56:01 25.03.2020
7703,+24.4,+20.2,+22.2,+22.1,+22.1,+24,+23.5,+23.8,+23.7,+23.6,+25,ESTP,0,0,+0,+0,+0.0161,+0,+0.0387,+0,+0,+0,19:57:01 25.03.2020
7704,+24.4,+20.2,+22.2,+22.1,+22.1,+24,+23.5,+23.8,+23.7,+23.6,+25,ESTP,0,0,+0,+0,+0.0161,+0,+0.0387,+0,+0,+0,19:58:01 25.03.2020
7705,+24.4,+20.2,+22.2,+22.1,+22.1,+24,+23.5,+23.8,+23.7,+23.6,+25,ESTP,0,0,+0,+0,+0.0161,+0,+0.0387,+0,+0,+0,19:59:01 25.03.2020
7706,+24.4,+20.2,+22.2,+22.1,+22.1,+24,+23.5,+23.8,+23.7,+23.6,+25,ESTP,0,0,+0,+0,+0.0161,+0,+0.0387,+0,+0,+0,20:00:01 25.03.2020
7707,+24.4,+20.2,+22.2,+22.1,+22.1,+24,+23.5,+23.8,+23.7,+23.6,+25,ESTP,0,0,+0,+0,+0.0161,+0,+0.0387,+0,+0,+0,20:01:01 25.03.2020
7708,+24.4,+20.2,+22.2,+22.1,+22.1,+24,+23.5,+23.8,+23.7,+23.7,+25,ESTP,0,0,+0,+0,+0.0161,+0,+0.0387,+0,+0,+0,20:02:01 25.03.2020
7709,+24.4,+20.2,+22.2,+22.1,+22.1,+24,+23.5,+23.8,+23.7,+23.7,+25,ESTP,0,0,+0,+0,+0.0161,+0,+0.0387,+0,+0,+0,20:03:01 25.03.2020
7710,+24.4,+20.2,+22.2,+22.1,+22.1,+24,+23.5,+23.8,+23.7,+23.7,+25,ESTP,0,0,+0,+0,+0.0161,+0,+0.0387,+0,+0,+0,20:04:01 25.03.2020
7711,+24.4,+20.1,+22.2,+22.1,+22.1,+24,+23.5,+23.8,+23.7,+23.7,+25,ESTP,0,0,+0,+0,+0.0161,+0,+0.0387,+0,+0,+0,20:05:01 25.03.2020
7712,+24.4,+20.1,+22.2,+22.1,+22.1,+24,+23.5,+23.8,+23.7,+23.7,+25,ESTP,0,0,+0,+0,+0.0161,+0,+0.0387,+0,+0,+0,20:06:01 25.03.2020
7713,+24.4,+20.1,+22.2,+22.1,+22.1,+23.9,+23.5,+23.8,+23.7,+23.7,+25,ESTP,0,0,+0,+0,+0.0161,+0,+0.0387,+0,+0,+0,20:07:01 25.03.2020
7714,+24.4,+20.1,+22.2,+22,+22.1,+23.9,+23.5,+23.8,+23.7,+23.7,+25,ESTP,0,0,+0,+0,+0.0161,+0,+0.0387,+0,+0,+0,20:08:01 25.03.2020
7715,+24.4,+20.1,+22.2,+22.1,+22.1,+23.9,+23.5,+23.8,+23.7,+23.7,+25,ESTP,0,0,+0,+0,+0.0161,+0,+0.0387,+0,+0,+0,20:09:01 25.03.2020
7716,+24.4,+20,+22.2,+22.1,+22.1,+23.9,+23.5,+23.8,+23.7,+23.7,+25,ESTP,0,0,+0,+0,+0.0161,+0,+0.0387,+0,+0,+0,20:10:01 25.03.2020
7717,+24.4,+20,+22.2,+22,+22.1,+23.9,+23.5,+23.8,+23.7,+23.7,+25,ESTP,0,0,+0,+0,+0.0161,+0,+0.0387,+0,+0,+0,20:11:01 25.03.2020
7718,+24.5,+20,+22.2,+22,+22.1,+23.9,+23.5,+23.8,+23.7,+23.7,+25,ESTP,0,0,+0,+0,+0.0161,+0,+0.0387,+0,+0,+0,20:12:01 25.03.2020
7719,+24.5,+20,+22.2,+22.1,+22.1,+24,+23.5,+23.8,+23.7,+23.7,+25,ESTP,0,0,+0,+0,+0.0161,+0,+0.0387,+0,+0,+0,20:13:01 25.03.2020
7720,+24.5,+20,+22.2,+22.1,+22.1,+24,+23.5,+23.8,+23.7,+23.7,+25,ESTP,0,0,+0,+0,+0.0161,+0,+0.0387,+0,+0,+0,20:14:01 25.03.2020
7721,+24.5,+20,+22.2,+22,+22.1,+24,+23.6,+23.8,+23.7,+23.7,+25,ESTP,0,0,+0,+0,+0.0161,+0,+0.0387,+0,+0,+0,20:15:01 25.03.2020
7722,+24.5,+19.9,+22.2,+22.1,+22.1,+24,+23.6,+23.8,+23.7,+23.7,+25,ESTP,0,0,+0,+0,+0.0161,+0,+0.0387,+0,+0,+0,20:16:01 25.03.2020
7723,+24.5,+19.9,+22.2,+22.1,+22.1,+24,+23.6,+23.8,+23.7,+23.7,+25,ESTP,0,0,+0,+0,+0.0161,+0,+0.0389,+0,+0,+0,20:17:01 25.03.2020
7724,+24.5,+19.9,+22.2,+22,+22.1,+24,+23.6,+23.8,+23.7,+23.7,+25,ESTP,0,0,+0,+0,+0.0161,+0,+0.0387,+0,+0,+0,20:18:01 25.03.2020
7725,+24.5,+19.9,+22.2,+22,+22.1,+24,+23.6,+23.8,+23.7,+23.7,+25,ESTP,0,0,+0,+0,+0.0161,+0,+0.0389,+0,+0,+0,20:19:01 25.03.2020
7726,+24.5,+19.9,+22.2,+22,+22.1,+24,+23.6,+23.8,+23.7,+23.7,+25,ESTP,0,0,+0,+0,+0.0161,+0,+0.0387,+0,+0,+0,20:20:01 25.03.2020
7727,+24.5,+19.9,+22.2,+22,+22.1,+24,+23.6,+23.8,+23.7,+23.7,+25,ESTP,0,0,+0,+0,+0.0161,+0,+0.0389,+0,+0,+0,20:21:01 25.03.2020
7728,+24.5,+19.9,+22.2,+22,+22.1,+24,+23.6,+23.8,+23.7,+23.7,+25,ESTP,0,0,+0,+0,+0.0161,+0,+0.0387,+0,+0,+0,20:22:01 25.03.2020
7729,+24.5,+19.8,+22.2,+22,+22.1,+24,+23.6,+23.8,+23.7,+23.7,+25,ESTP,0,0,+0,+0,+0.0161,+0,+0.0387,+0,+0,+0,20:23:01 25.03.2020
7730,+24.5,+19.8,+22.2,+22,+22.1,+24,+23.6,+23.8,+23.7,+23.7,+25,ESTP,0,0,+0,+0,+0.0161,+0,+0.0387,+0,+0,+0,20:24:01 25.03.2020
7731,+24.5,+19.8,+22.2,+22,+22.1,+24,+23.6,+23.8,+23.7,+23.7,+25,ESTP,0,0,+0,+0,+0.0161,+0,+0.0387,+0,+0,+0,20:25:01 25.03.2020
7732,+24.4,+19.8,+22.2,+22,+22.1,+24,+23.6,+23.8,+23.7,+23.7,+25,ESTP,0,0,+0,+0,+0.0161,+0,+0.0387,+0,+0,+0,20:26:01 25.03.2020
7733,+24.5,+19.8,+22.2,+22,+22.1,+24,+23.6,+23.8,+23.7,+23.7,+25,ESTP,0,0,+0,+0,+0.0161,+0,+0.0387,+0,+0,+0,20:27:01 25.03.2020
7734,+24.5,+19.8,+22.2,+22,+22.1,+24,+23.6,+23.8,+23.7,+23.7,+25,ESTP,0,0,+0,+0,+0.0161,+0,+0.0387,+0,+0,+0,20:28:01 25.03.2020
7735,+24.5,+19.7,+22.2,+22,+22.1,+24,+23.6,+23.8,+23.7,+23.7,+25,ESTP,0,0,+0,+0,+0.0161,+0,+0.0387,+0,+0,+0,20:29:01 25.03.2020
7736,+24.6,+19.7,+22.2,+22,+22.1,+24,+23.6,+23.8,+23.7,+23.7,+25,ESTP,0,0,+0,+0,+0.0161,+0,+0.0387,+0,+0,+0,20:30:01 25.03.2020
7737,+24.6,+19.9,+22.2,+22,+22.1,+24,+23.6,+23.8,+23.7,+23.7,+25,ESTP,0,0,+0,+0,+0.0162,+0,+0.0389,+0,+0,+0,20:31:01 25.03.2020
7738,+24.6,+19.8,+22.2,+22,+22.1,+24.1,+23.6,+23.8,+23.8,+23.7,+25,ESTP,0,0,+0,+0,+0.0162,+0,+0.0389,+0,+0,+0,20:32:01 25.03.2020
7739,+24.6,+19.8,+22.2,+22,+22.1,+24.1,+23.6,+23.8,+23.8,+23.7,+25,ESTP,0,0,+0,+0,+0.0162,+0,+0.0389,+0,+0,+0,20:33:01 25.03.2020
7740,+24.6,+19.7,+22.2,+22,+22.1,+24.1,+23.6,+23.8,+23.8,+23.7,+25,ESTP,0,0,+0,+0,+0.0162,+0,+0.0389,+0,+0,+0,20:34:01 25.03.2020
7741,+24.5,+19.7,+22.2,+22,+22.1,+24.1,+23.6,+23.8,+23.8,+23.7,+25,ESTP,0,0,+0,+0,+0.0162,+0,+0.0389,+0,+0,+0,20:35:01 25.03.2020
7742,+24.5,+19.7,+22.2,+22,+22.1,+24.1,+23.6,+23.8,+23.8,+23.7,+25,ESTP,0,0,+0,+0,+0.0162,+0,+0.0389,+0,+0,+0,20:36:01 25.03.2020
7743,+24.5,+19.6,+22.2,+22,+22.1,+24.1,+23.6,+23.8,+23.8,+23.7,+25,ESTP,0,0,+0,+0,+0.0162,+0,+0.0389,+0,+0,+0,20:37:01 25.03.2020
7744,+24.5,+19.6,+22.2,+22,+22.1,+24.1,+23.6,+23.8,+23.8,+23.7,+25,ESTP,0,0,+0,+0,+0.0162,+0,+0.0389,+0,+0,+0,20:38:01 25.03.2020
7745,+24.5,+19.5,+22.2,+22,+22.1,+24.1,+23.6,+23.9,+23.8,+23.7,+25,ESTP,0,0,+0,+0,+0.0162,+0,+0.0389,+0,+0,+0,20:39:01 25.03.2020
7746,+24.5,+19.5,+22.2,+22,+22.1,+24.1,+23.6,+23.9,+23.8,+23.7,+25,ESTP,0,0,+0,+0,+0.0162,+0,+0.0389,+0,+0,+0,20:40:01 25.03.2020
7747,+24.5,+19.5,+22.2,+22,+22.1,+24.1,+23.6,+23.9,+23.8,+23.7,+25,ESTP,0,0,+0,+0,+0.0162,+0,+0.0389,+0,+0,+0,20:41:01 25.03.2020
7748,+24.5,+19.5,+22.2,+22,+22.1,+24,+23.6,+23.9,+23.8,+23.7,+25,ESTP,0,0,+0,+0,+0.0162,+0,+0.0389,+0,+0,+0,20:42:01 25.03.2020
7749,+24.5,+19.4,+22.2,+22,+22.1,+24,+23.6,+23.9,+23.8,+23.7,+25,ESTP,0,0,+0,+0,+0.0162,+0,+0.0389,+0,+0,+0,20:43:01 25.03.2020
7750,+24.5,+19.4,+22.2,+22,+22.1,+24,+23.6,+23.9,+23.8,+23.7,+25,ESTP,0,0,+0,+0,+0.0162,+0,+0.0389,+0,+0,+0,20:44:01 25.03.2020
7751,+24.6,+19.4,+22.2,+22,+22.1,+24,+23.6,+23.9,+23.8,+23.7,+25,ESTP,0,0,+0,+0,+0.0162,+0,+0.0389,+0,+0,+0,20:45:01 25.03.2020
7752,+24.6,+19.4,+22.2,+22,+22.1,+24.1,+23.6,+23.9,+23.8,+23.7,+25,ESTP,0,0,+0,+0,+0.0162,+0,+0.0389,+0,+0,+0,20:46:01 25.03.2020
7753,+24.6,+19.4,+22.2,+22,+22.1,+24.1,+23.6,+23.9,+23.8,+23.7,+25,ESTP,0,0,+0,+0,+0.0162,+0,+0.0389,+0,+0,+0,20:47:01 25.03.2020
7754,+24.6,+19.4,+22.2,+22,+22.1,+24.1,+23.6,+23.9,+23.8,+23.8,+25,ESTP,0,0,+0,+0,+0.0162,+0,+0.0389,+0,+0,+0,20:48:01 25.03.2020
7755,+24.6,+19.3,+22.2,+22,+22.1,+24.1,+23.6,+23.9,+23.8,+23.8,+25,ESTP,0,0,+0,+0,+0.0162,+0,+0.0389,+0,+0,+0,20:49:01 25.03.2020
7756,+24.6,+19.3,+22.2,+22,+22.1,+24.1,+23.6,+23.9,+23.8,+23.8,+25,ESTP,0,0,+0,+0,+0.0162,+0,+0.0391,+0,+0,+0,20:50:01 25.03.2020
7757,+24.6,+19.3,+22.2,+22,+22.1,+24.1,+23.6,+23.9,+23.8,+23.8,+25,ESTP,0,0,+0,+0,+0.0162,+0,+0.0389,+0,+0,+0,20:51:01 25.03.2020
7758,+24.6,+19.3,+22.2,+22,+22.1,+24.1,+23.6,+23.9,+23.8,+23.8,+25,ESTP,0,0,+0,+0,+0.0162,+0,+0.0389,+0,+0,+0,20:52:01 25.03.2020
7759,+24.6,+19.3,+22.2,+22,+22.1,+24.1,+23.6,+23.9,+23.8,+23.8,+25,ESTP,0,0,+0,+0,+0.0162,+0,+0.0389,+0,+0,+0,20:53:01 25.03.2020
7760,+24.6,+19.2,+22.2,+22,+22.1,+24.1,+23.6,+23.9,+23.8,+23.8,+25,ESTP,0,0,+0,+0,+0.0162,+0,+0.0389,+0,+0,+0,20:54:01 25.03.2020
7761,+24.6,+19.2,+22.2,+22,+22.1,+24.1,+23.6,+23.9,+23.8,+23.8,+25,ESTP,0,0,+0,+0,+0.0162,+0,+0.0389,+0,+0,+0,20:55:01 25.03.2020
7762,+24.6,+19.2,+22.2,+22,+22.1,+24.1,+23.6,+23.9,+23.8,+23.8,+25,ESTP,0,0,+0,+0,+0.0162,+0,+0.0389,+0,+0,+0,20:56:01 25.03.2020
7763,+24.5,+19.2,+22.2,+22,+22.1,+24.1,+23.6,+23.9,+23.8,+23.8,+25,ESTP,0,0,+0,+0,+0.0162,+0,+0.0389,+0,+0,+0,20:57:01 25.03.2020
7764,+24.6,+19.2,+22.2,+22,+22.1,+24.1,+23.6,+23.9,+23.8,+23.8,+25,ESTP,0,0,+0,+0,+0.0162,+0,+0.0389,+0,+0,+0,20:58:01 25.03.2020
7765,+24.6,+19.2,+22.2,+22,+22.1,+24.1,+23.6,+23.9,+23.8,+23.8,+25,ESTP,0,0,+0,+0,+0.0162,+0,+0.0389,+0,+0,+0,20:59:01 25.03.2020
7766,+24.6,+19.2,+22.2,+22,+22.1,+24.1,+23.6,+23.9,+23.8,+23.8,+25,ESTP,0,0,+0,+0,+0.0162,+0,+0.0389,+0,+0,+0,21:00:01 25.03.2020
7767,+24.6,+19.2,+22.2,+22,+22.1,+24.1,+23.6,+23.9,+23.8,+23.8,+25,ESTP,0,0,+0,+0,+0.0162,+0,+0.0389,+0,+0,+0,21:01:01 25.03.2020
7768,+24.6,+19.2,+22.2,+22,+22.1,+24.1,+23.6,+23.9,+23.8,+23.8,+25,ESTP,0,0,+0,+0,+0.0162,+0,+0.0391,+0,+0,+0,21:02:01 25.03.2020
7769,+24.6,+19.1,+22.2,+22,+22.1,+24.1,+23.6,+23.9,+23.8,+23.8,+25,ESTP,0,0,+0,+0,+0.0162,+0,+0.0391,+0,+0,+0,21:03:01 25.03.2020
7770,+24.6,+19.1,+22.2,+22,+22.1,+24.1,+23.6,+23.9,+23.8,+23.8,+25,ESTP,0,0,+0,+0,+0.0162,+0,+0.0391,+0,+0,+0,21:04:01 25.03.2020
7771,+24.6,+19.1,+22.2,+22,+22.1,+24.1,+23.6,+23.9,+23.8,+23.8,+25,ESTP,0,0,+0,+0,+0.0162,+0,+0.0391,+0,+0,+0,21:05:01 25.03.2020
7772,+24.6,+19.1,+22.2,+22,+22.1,+24.1,+23.6,+23.9,+23.8,+23.8,+25,ESTP,0,0,+0,+0,+0.0162,+0,+0.0391,+0,+0,+0,21:06:01 25.03.2020
7773,+24.6,+19.1,+22.2,+22,+22.1,+24.1,+23.6,+23.9,+23.8,+23.8,+25,ESTP,0,0,+0,+0,+0.0162,+0,+0.0391,+0,+0,+0,21:07:01 25.03.2020
7774,+24.6,+19.1,+22.2,+22,+22.1,+24.1,+23.6,+23.9,+23.8,+23.8,+25,ESTP,0,0,+0,+0,+0.0162,+0,+0.0391,+0,+0,+0,21:08:01 25.03.2020
7775,+24.6,+19.1,+22.2,+22,+22.1,+24.1,+23.6,+23.9,+23.8,+23.8,+25,ESTP,0,0,+0,+0,+0.0162,+0,+0.0391,+0,+0,+0,21:09:01 25.03.2020
7776,+24.6,+19,+22.2,+22,+22.1,+24.1,+23.6,+23.9,+23.8,+23.8,+25,ESTP,0,0,+0,+0,+0.0162,+0,+0.0391,+0,+0,+0,21:10:01 25.03.2020
7777,+24.6,+19,+22.2,+22,+22.1,+24.1,+23.6,+23.9,+23.8,+23.8,+25,ESTP,0,0,+0,+0,+0.0162,+0,+0.0391,+0,+0,+0,21:11:01 25.03.2020
7778,+24.6,+19,+22.2,+22,+22.1,+24.1,+23.6,+23.9,+23.8,+23.8,+25,ESTP,0,0,+0,+0,+0.0162,+0,+0.0391,+0,+0,+0,21:12:01 25.03.2020
7779,+24.6,+19,+22.2,+22,+22.1,+24.1,+23.7,+23.9,+23.8,+23.8,+25,ESTP,0,0,+0,+0,+0.0162,+0,+0.039,+0,+0,+0,21:13:01 25.03.2020
7780,+24.6,+19,+22.2,+22,+22.1,+24.1,+23.7,+23.9,+23.8,+23.8,+25,ESTP,0,0,+0,+0,+0.0162,+0,+0.0391,+0,+0,+0,21:14:01 25.03.2020
7781,+24.6,+19,+22.2,+22,+22.1,+24.1,+23.7,+23.9,+23.8,+23.8,+25,ESTP,0,0,+0,+0,+0.0162,+0,+0.0391,+0,+0,+0,21:15:01 25.03.2020
7782,+24.6,+18.9,+22.2,+22,+22.1,+24.1,+23.7,+23.9,+23.8,+23.8,+25,ESTP,0,0,+0,+0,+0.0162,+0,+0.0391,+0,+0,+0,21:16:01 25.03.2020
7783,+24.7,+18.9,+22.2,+22,+22.1,+24.1,+23.7,+23.9,+23.8,+23.8,+25,ESTP,0,0,+0,+0,+0.0162,+0,+0.0391,+0,+0,+0,21:17:01 25.03.2020
7784,+24.7,+18.9,+22.2,+22,+22.1,+24.1,+23.7,+23.9,+23.8,+23.8,+25,ESTP,0,0,+0,+0,+0.0162,+0,+0.0391,+0,+0,+0,21:18:01 25.03.2020
7785,+24.7,+18.9,+22.2,+22,+22.1,+24.2,+23.7,+23.9,+23.8,+23.8,+25,ESTP,0,0,+0,+0,+0.0162,+0,+0.0391,+0,+0,+0,21:19:01 25.03.2020
7786,+24.7,+18.9,+22.2,+22,+22.1,+24.2,+23.7,+23.9,+23.8,+23.8,+25,ESTP,0,0,+0,+0,+0.0162,+0,+0.0391,+0,+0,+0,21:20:01 25.03.2020
7787,+24.7,+18.9,+22.2,+22,+22.1,+24.2,+23.7,+23.9,+23.8,+23.8,+25,ESTP,0,0,+0,+0,+0.0162,+0,+0.0392,+0,+0,+0,21:21:01 25.03.2020
7788,+24.7,+18.9,+22.2,+22,+22.1,+24.2,+23.7,+23.9,+23.8,+23.8,+25,ESTP,0,0,+0,+0,+0.0162,+0,+0.0392,+0,+0,+0,21:22:01 25.03.2020
7789,+24.7,+18.9,+22.2,+22,+22.1,+24.2,+23.7,+23.9,+23.8,+23.8,+25,ESTP,0,0,+0,+0,+0.0162,+0,+0.0392,+0,+0,+0,21:23:01 25.03.2020
7790,+24.7,+18.9,+22.2,+22,+22.1,+24.2,+23.7,+23.9,+23.8,+23.8,+25,ESTP,0,0,+0,+0,+0.0162,+0,+0.0392,+0,+0,+0,21:24:01 25.03.2020
7791,+24.6,+18.8,+22.2,+22,+22.1,+24.2,+23.7,+23.9,+23.8,+23.8,+25,ESTP,0,0,+0,+0,+0.0162,+0,+0.0392,+0,+0,+0,21:25:01 25.03.2020
7792,+24.6,+18.8,+22.2,+22,+22.1,+24.2,+23.7,+23.9,+23.8,+23.8,+25,ESTP,0,0,+0,+0,+0.0162,+0,+0.0391,+0,+0,+0,21:26:01 25.03.2020
7793,+24.6,+18.8,+22.2,+22,+22.1,+24.2,+23.7,+24,+23.8,+23.8,+25,ESTP,0,0,+0,+0,+0.0163,+0,+0.0391,+0,+0,+0,21:27:01 25.03.2020
7794,+24.6,+18.8,+22.2,+22,+22.1,+24.2,+23.7,+24,+23.8,+23.8,+25,ESTP,0,0,+0,+0,+0.0163,+0,+0.0391,+0,+0,+0,21:28:01 25.03.2020
7795,+24.6,+18.8,+22.2,+22,+22.1,+24.2,+23.7,+24,+23.8,+23.8,+25,ESTP,0,0,+0,+0,+0.0163,+0,+0.0391,+0,+0,+0,21:29:01 25.03.2020
7796,+24.6,+18.8,+22.2,+22,+22.1,+24.1,+23.7,+24,+23.8,+23.8,+25,ESTP,0,0,+0,+0,+0.0163,+0,+0.0391,+0,+0,+0,21:30:01 25.03.2020
7797,+24.6,+18.9,+22.2,+22,+22.1,+24.1,+23.7,+24,+23.8,+23.8,+25,ESTP,0,0,+0,+0,+0.0163,+0,+0.0391,+0,+0,+0,21:31:01 25.03.2020
7798,+24.6,+18.9,+22.2,+22,+22.1,+24.1,+23.7,+24,+23.8,+23.8,+25,ESTP,0,0,+0,+0,+0.0163,+0,+0.0391,+0,+0,+0,21:32:01 25.03.2020
7799,+24.7,+18.8,+22.2,+22,+22.1,+24.1,+23.7,+23.9,+23.8,+23.8,+25,ESTP,0,0,+0,+0,+0.0162,+0,+0.0391,+0,+0,+0,21:33:01 25.03.2020
7800,+24.7,+18.8,+22.2,+22,+22.1,+24.1,+23.7,+24,+23.9,+23.8,+25,ESTP,0,0,+0,+0,+0.0163,+0,+0.0391,+0,+0,+0,21:34:01 25.03.2020
7801,+24.7,+18.7,+22.2,+22,+22.1,+24.2,+23.7,+24,+23.9,+23.8,+25,ESTP,0,0,+0,+0,+0.0163,+0,+0.0391,+0,+0,+0,21:35:01 25.03.2020
7802,+24.8,+18.7,+22.2,+22,+22.1,+24.2,+23.7,+24,+23.9,+23.8,+25,ESTP,0,0,+0,+0,+0.0163,+0,+0.0392,+0,+0,+0,21:36:01 25.03.2020
7803,+24.7,+18.7,+22.2,+22,+22.1,+24.2,+23.7,+24,+23.9,+23.8,+25,ESTP,0,0,+0,+0,+0.0163,+0,+0.0392,+0,+0,+0,21:37:01 25.03.2020
7804,+24.7,+18.7,+22.2,+22,+22.1,+24.2,+23.7,+24,+23.9,+23.8,+25,ESTP,0,0,+0,+0,+0.0163,+0,+0.0392,+0,+0,+0,21:38:01 25.03.2020
7805,+24.7,+18.6,+22.2,+22,+22.1,+24.2,+23.7,+24,+23.9,+23.8,+25,ESTP,0,0,+0,+0,+0.0163,+0,+0.0392,+0,+0,+0,21:39:01 25.03.2020
7806,+24.7,+18.6,+22.2,+22,+22.1,+24.2,+23.7,+24,+23.9,+23.8,+25,ESTP,0,0,+0,+0,+0.0163,+0,+0.0392,+0,+0,+0,21:40:01 25.03.2020
7807,+24.7,+18.6,+22.2,+22,+22.1,+24.2,+23.7,+24,+23.9,+23.8,+25,ESTP,0,0,+0,+0,+0.0163,+0,+0.0392,+0,+0,+0,21:41:01 25.03.2020
7808,+24.7,+18.5,+22.2,+22,+22.1,+24.2,+23.7,+24,+23.9,+23.8,+25,ESTP,0,0,+0,+0,+0.0163,+0,+0.0392,+0,+0,+0,21:42:01 25.03.2020
7809,+24.7,+18.5,+22.2,+22,+22.1,+24.2,+23.7,+24,+23.9,+23.8,+25,ESTP,0,0,+0,+0,+0.0163,+0,+0.0392,+0,+0,+0,21:43:01 25.03.2020
7810,+24.7,+18.5,+22.2,+22,+22.1,+24.2,+23.7,+24,+23.9,+23.8,+25,ESTP,0,0,+0,+0,+0.0163,+0,+0.0392,+0,+0,+0,21:44:01 25.03.2020
7811,+24.7,+18.5,+22.2,+22,+22.1,+24.2,+23.7,+24,+23.9,+23.8,+25,ESTP,0,0,+0,+0,+0.0163,+0,+0.0392,+0,+0,+0,21:45:01 25.03.2020
7812,+24.7,+18.5,+22.2,+22,+22.1,+24.2,+23.7,+24,+23.9,+23.8,+25,ESTP,0,0,+0,+0,+0.0163,+0,+0.0392,+0,+0,+0,21:46:01 25.03.2020
7813,+24.6,+18.5,+22.2,+22,+22.1,+24.2,+23.7,+24,+23.9,+23.8,+25,ESTP,0,0,+0,+0,+0.0163,+0,+0.0391,+0,+0,+0,21:47:01 25.03.2020
7814,+24.7,+18.4,+22.2,+22,+22.1,+24.2,+23.7,+24,+23.9,+23.8,+25,ESTP,0,0,+0,+0,+0.0163,+0,+0.0391,+0,+0,+0,21:48:01 25.03.2020
7815,+24.7,+18.4,+22.2,+22,+22.1,+24.2,+23.7,+24,+23.9,+23.8,+25,ESTP,0,0,+0,+0,+0.0163,+0,+0.0392,+0,+0,+0,21:49:01 25.03.2020
7816,+24.7,+18.4,+22.2,+22,+22.1,+24.2,+23.7,+24,+23.9,+23.8,+25,ESTP,0,0,+0,+0,+0.0163,+0,+0.0392,+0,+0,+0,21:50:01 25.03.2020
7817,+24.8,+18.4,+22.2,+22,+22.1,+24.2,+23.7,+24,+23.9,+23.9,+25,ESTP,0,0,+0,+0,+0.0163,+0,+0.0392,+0,+0,+0,21:51:01 25.03.2020
7818,+24.8,+18.4,+22.2,+22,+22.1,+24.2,+23.7,+24,+23.9,+23.8,+25,ESTP,0,0,+0,+0,+0.0163,+0,+0.0392,+0,+0,+0,21:52:01 25.03.2020
7819,+24.8,+18.4,+22.2,+22,+22.1,+24.3,+23.7,+24,+23.9,+23.9,+25,ESTP,0,0,+0,+0,+0.0163,+0,+0.0392,+0,+0,+0,21:53:01 25.03.2020
7820,+24.8,+18.4,+22.2,+22,+22.1,+24.3,+23.7,+24,+23.9,+23.9,+25,ESTP,0,0,+0,+0,+0.0163,+0,+0.0392,+0,+0,+0,21:54:01 25.03.2020
7821,+24.7,+18.4,+22.2,+22,+22.1,+24.3,+23.7,+24,+23.9,+23.9,+25,ESTP,0,0,+0,+0,+0.0163,+0,+0.0392,+0,+0,+0,21:55:01 25.03.2020
7822,+24.7,+18.3,+22.2,+22,+22.1,+24.3,+23.7,+24,+23.9,+23.9,+25,ESTP,0,0,+0,+0,+0.0163,+0,+0.0392,+0,+0,+0,21:56:01 25.03.2020
7823,+24.7,+18.3,+22.2,+22,+22.1,+24.3,+23.7,+24,+23.9,+23.9,+25,ESTP,0,0,+0,+0,+0.0163,+0,+0.0392,+0,+0,+0,21:57:01 25.03.2020
7824,+24.7,+18.3,+22.2,+22,+22.1,+24.3,+23.7,+24,+23.9,+23.9,+25,ESTP,0,0,+0,+0,+0.0163,+0,+0.0392,+0,+0,+0,21:58:01 25.03.2020
7825,+24.7,+18.3,+22.2,+22,+22.1,+24.2,+23.8,+24,+23.9,+23.9,+25,ESTP,0,0,+0,+0,+0.0163,+0,+0.0392,+0,+0,+0,21:59:01 25.03.2020
7826,+24.7,+18.3,+22.2,+22,+22.1,+24.2,+23.8,+24,+23.9,+23.9,+25,ESTP,0,0,+0,+0,+0.0163,+0,+0.0392,+0,+0,+0,22:00:01 25.03.2020
7827,+24.7,+18.3,+22.2,+22,+22.1,+24.2,+23.8,+24,+23.9,+23.9,+25,ESTP,0,0,+0,+0,+0.0163,+0,+0.0392,+0,+0,+0,22:01:01 25.03.2020
7828,+24.7,+18.3,+22.2,+22,+22.1,+24.2,+23.8,+24,+23.9,+23.9,+25,ESTP,0,0,+0,+0,+0.0163,+0,+0.0392,+0,+0,+0,22:02:01 25.03.2020
7829,+24.7,+18.3,+22.2,+22,+22.1,+24.2,+23.8,+24,+23.9,+23.9,+25,ESTP,0,0,+0,+0,+0.0163,+0,+0.0392,+0,+0,+0,22:03:01 25.03.2020
7830,+24.7,+18.2,+22.2,+22,+22.1,+24.2,+23.8,+24,+23.9,+23.9,+25,ESTP,0,0,+0,+0,+0.0163,+0,+0.0392,+0,+0,+0,22:04:01 25.03.2020
7831,+24.7,+18.2,+22.2,+22,+22.1,+24.2,+23.8,+24,+23.9,+23.9,+25,ESTP,0,0,+0,+0,+0.0163,+0,+0.0392,+0,+0,+0,22:05:01 25.03.2020
7832,+24.7,+18.2,+22.2,+22,+22.1,+24.2,+23.8,+24,+23.9,+23.9,+25,ESTP,0,0,+0,+0,+0.0163,+0,+0.0392,+0,+0,+0,22:06:01 25.03.2020
7833,+24.8,+18.2,+22.2,+22,+22.1,+24.2,+23.8,+24,+23.9,+23.9,+25,ESTP,0,0,+0,+0,+0.0163,+0,+0.0392,+0,+0,+0,22:07:01 25.03.2020
7834,+24.8,+18.2,+22.2,+22,+22.1,+24.2,+23.8,+24,+23.9,+23.9,+25,ESTP,0,0,+0,+0,+0.0163,+0,+0.0392,+0,+0,+0,22:08:01 25.03.2020
7835,+24.8,+18.2,+22.2,+22,+22.1,+24.3,+23.8,+24,+23.9,+23.9,+25.1,ESTP,0,0,+0,+0,+0.0163,+0,+0.0392,+0,+0,+0,22:09:01 25.03.2020
7836,+24.8,+18.2,+22.2,+22,+22.1,+24.3,+23.8,+24,+23.9,+23.9,+25,ESTP,0,0,+0,+0,+0.0163,+0,+0.0392,+0,+0,+0,22:10:01 25.03.2020
7837,+24.8,+18.2,+22.2,+22,+22.1,+24.3,+23.8,+24,+23.9,+23.9,+25,ESTP,0,0,+0,+0,+0.0163,+0,+0.0392,+0,+0,+0,22:11:01 25.03.2020
7838,+24.8,+18.2,+22.2,+22,+22.1,+24.3,+23.8,+24,+23.9,+23.9,+25,ESTP,0,0,+0,+0,+0.0163,+0,+0.0392,+0,+0,+0,22:12:01 25.03.2020
7839,+24.8,+18.1,+22.2,+22,+22.1,+24.3,+23.8,+24,+23.9,+23.9,+25.1,ESTP,0,0,+0,+0,+0.0163,+0,+0.0392,+0,+0,+0,22:13:01 25.03.2020
7840,+24.7,+18.1,+22.2,+22,+22.1,+24.3,+23.8,+24,+23.9,+23.9,+25,ESTP,0,0,+0,+0,+0.0163,+0,+0.0392,+0,+0,+0,22:14:01 25.03.2020
7841,+24.7,+18.1,+22.2,+22,+22.1,+24.3,+23.8,+24,+23.9,+23.9,+25,ESTP,0,0,+0,+0,+0.0163,+0,+0.0392,+0,+0,+0,22:15:01 25.03.2020
7842,+24.7,+18.1,+22.2,+22,+22.1,+24.3,+23.8,+24,+23.9,+23.9,+25,ESTP,0,0,+0,+0,+0.0163,+0,+0.0392,+0,+0,+0,22:16:01 25.03.2020
7843,+24.7,+18.1,+22.2,+22,+22.1,+24.3,+23.8,+24,+23.9,+23.9,+25,ESTP,0,0,+0,+0,+0.0163,+0,+0.0392,+0,+0,+0,22:17:01 25.03.2020
7844,+24.7,+18.1,+22.2,+22,+22.1,+24.2,+23.8,+24,+23.9,+23.9,+25,ESTP,0,0,+0,+0,+0.0163,+0,+0.0392,+0,+0,+0,22:18:01 25.03.2020
7845,+24.7,+18.1,+22.2,+22,+22.1,+24.2,+23.8,+24,+23.9,+23.9,+25.1,ESTP,0,0,+0,+0,+0.0163,+0,+0.0392,+0,+0,+0,22:19:01 25.03.2020
7846,+24.7,+18.1,+22.2,+22,+22.1,+24.2,+23.8,+24,+23.9,+23.9,+25,ESTP,0,0,+0,+0,+0.0163,+0,+0.0392,+0,+0,+0,22:20:01 25.03.2020
7847,+24.8,+18,+22.2,+22,+22.1,+24.2,+23.8,+24,+23.9,+23.9,+25,ESTP,0,0,+0,+0,+0.0163,+0,+0.0392,+0,+0,+0,22:21:01 25.03.2020
7848,+24.8,+18,+22.2,+22,+22.1,+24.2,+23.8,+24,+23.9,+23.9,+25.2,ESTP,0,0,+0,+0,+0.0163,+0,+0.0392,+0,+0,+0,22:22:01 25.03.2020
7849,+24.8,+18,+22.2,+22,+22.1,+24.3,+23.8,+24,+23.9,+23.9,+25,ESTP,0,0,+0,+0,+0.0163,+0,+0.0392,+0,+0,+0,22:23:01 25.03.2020
7850,+24.8,+18,+22.2,+22,+22.1,+24.3,+23.8,+24,+23.9,+23.9,+25,ESTP,0,0,+0,+0,+0.0163,+0,+0.0392,+0,+0,+0,22:24:01 25.03.2020
7851,+24.8,+18,+22.2,+22,+22.1,+24.3,+23.8,+24,+23.9,+23.9,+25,ESTP,0,0,+0,+0,+0.0163,+0,+0.0394,+0,+0,+0,22:25:01 25.03.2020
7852,+24.8,+18,+22.2,+22,+22.1,+24.3,+23.8,+24.1,+23.9,+23.9,+25,ESTP,0,0,+0,+0,+0.0163,+0,+0.0394,+0,+0,+0,22:26:01 25.03.2020
7853,+24.8,+18,+22.2,+22,+22.1,+24.3,+23.8,+24,+24,+23.9,+25.1,ESTP,0,0,+0,+0,+0.0163,+0,+0.0394,+0,+0,+0,22:27:01 25.03.2020
7854,+24.8,+17.9,+22.2,+22,+22.1,+24.3,+23.8,+24.1,+24,+23.9,+25,ESTP,0,0,+0,+0,+0.0163,+0,+0.0394,+0,+0,+0,22:28:01 25.03.2020
7855,+24.8,+17.9,+22.2,+22,+22.1,+24.3,+23.8,+24.1,+24,+23.9,+25,ESTP,0,0,+0,+0,+0.0163,+0,+0.0394,+0,+0,+0,22:29:01 25.03.2020
7856,+24.8,+17.9,+22.2,+22,+22.1,+24.3,+23.8,+24.1,+24,+23.9,+25.1,ESTP,0,0,+0,+0,+0.0163,+0,+0.0394,+0,+0,+0,22:30:01 25.03.2020
7857,+24.8,+18.1,+22.2,+22,+22.1,+24.3,+23.8,+24.1,+24,+23.9,+25.2,ESTP,0,0,+0,+0,+0.0163,+0,+0.0394,+0,+0,+0,22:31:01 25.03.2020
7858,+24.8,+18,+22.2,+22,+22.1,+24.3,+23.8,+24.1,+24,+23.9,+25.1,ESTP,0,0,+0,+0,+0.0163,+0,+0.0394,+0,+0,+0,22:32:01 25.03.2020
7859,+24.8,+18,+22.2,+22,+22.1,+24.3,+23.8,+24.1,+24,+23.9,+25,ESTP,0,0,+0,+0,+0.0163,+0,+0.0392,+0,+0,+0,22:33:01 25.03.2020
7860,+24.8,+17.9,+22.2,+22,+22.1,+24.3,+23.8,+24.1,+24,+23.9,+25.1,ESTP,0,0,+0,+0,+0.0163,+0,+0.0392,+0,+0,+0,22:34:01 25.03.2020
7861,+24.8,+17.9,+22.2,+22,+22.1,+24.3,+23.8,+24.1,+24,+23.9,+25,ESTP,0,0,+0,+0,+0.0163,+0,+0.0392,+0,+0,+0,22:35:01 25.03.2020
7862,+24.8,+17.9,+22.2,+22,+22.1,+24.3,+23.8,+24.1,+24,+23.9,+25.1,ESTP,0,0,+0,+0,+0.0163,+0,+0.0392,+0,+0,+0,22:36:01 25.03.2020
7863,+24.8,+17.9,+22.2,+22,+22.1,+24.3,+23.8,+24.1,+24,+23.9,+25.1,ESTP,0,0,+0,+0,+0.0163,+0,+0.0392,+0,+0,+0,22:37:01 25.03.2020
7864,+24.9,+17.9,+22.2,+22,+22.1,+24.3,+23.8,+24.1,+24,+23.9,+25.1,ESTP,0,0,+0,+0,+0.0163,+0,+0.0394,+0,+0,+0,22:38:01 25.03.2020
7865,+24.9,+17.8,+22.2,+22,+22.1,+24.3,+23.8,+24.1,+24,+23.9,+25,ESTP,0,0,+0,+0,+0.0163,+0,+0.0394,+0,+0,+0,22:39:01 25.03.2020
7866,+24.9,+17.8,+22.2,+22,+22.1,+24.3,+23.8,+24.1,+24,+23.9,+25.2,ESTP,0,0,+0,+0,+0.0163,+0,+0.0394,+0,+0,+0,22:40:01 25.03.2020
7867,+24.9,+17.8,+22.2,+22,+22.1,+24.3,+23.8,+24.1,+24,+23.9,+25.1,ESTP,0,0,+0,+0,+0.0163,+0,+0.0394,+0,+0,+0,22:41:01 25.03.2020
7868,+24.8,+17.8,+22.2,+22,+22.1,+24.3,+23.8,+24.1,+24,+23.9,+25.1,ESTP,0,0,+0,+0,+0.0163,+0,+0.0394,+0,+0,+0,22:42:01 25.03.2020
7869,+24.8,+17.7,+22.2,+22,+22.1,+24.3,+23.8,+24.1,+24,+23.9,+25,ESTP,0,0,+0,+0,+0.0163,+0,+0.0394,+0,+0,+0,22:43:01 25.03.2020
7870,+24.8,+17.7,+22.2,+22,+22.1,+24.3,+23.8,+24.1,+24,+23.9,+25.5,ESTP,0,0,+0,+0,+0.0163,+0,+0.0394,+0,+0,+0,22:44:01 25.03.2020
7871,+24.8,+17.7,+22.2,+22,+22.1,+24.3,+23.8,+24.1,+24,+24,+25.1,ESTP,0,0,+0,+0,+0.0163,+0,+0.0394,+0,+0,+0,22:45:01 25.03.2020
7872,+24.8,+17.7,+22.2,+22,+22.1,+24.3,+23.8,+24.1,+24,+24,+25.1,ESTP,0,0,+0,+0,+0.0163,+0,+0.0394,+0,+0,+0,22:46:01 25.03.2020
7873,+24.8,+17.7,+22.2,+22,+22.1,+24.3,+23.8,+24.1,+24,+24,+25.2,ESTP,0,0,+0,+0,+0.0163,+0,+0.0394,+0,+0,+0,22:47:01 25.03.2020
7874,+24.8,+17.7,+22.2,+22,+22.1,+24.3,+23.8,+24.1,+24,+24,+25,ESTP,0,0,+0,+0,+0.0163,+0,+0.0394,+0,+0,+0,22:48:01 25.03.2020
7875,+24.8,+17.7,+22.2,+22,+22.1,+24.3,+23.8,+24.1,+24,+24,+25.6,ESTP,0,0,+0,+0,+0.0163,+0,+0.0394,+0,+0,+0,22:49:01 25.03.2020
7876,+24.8,+17.7,+22.2,+22,+22,+24.3,+23.8,+24.1,+24,+24,+25.2,ESTP,0,0,+0,+0,+0.0163,+0,+0.0394,+0,+0,+0,22:50:01 25.03.2020
7877,+24.8,+17.7,+22.2,+22,+22.1,+24.3,+23.8,+24.1,+24,+24,+25.2,ESTP,0,0,+0,+0,+0.0163,+0,+0.0394,+0,+0,+0,22:51:01 25.03.2020
7878,+24.8,+17.6,+22.2,+22,+22.1,+24.3,+23.8,+24.1,+24,+24,+25.2,ESTP,0,0,+0,+0,+0.0163,+0,+0.0394,+0,+0,+0,22:52:01 25.03.2020
7879,+24.8,+17.6,+22.2,+22,+22.1,+24.3,+23.8,+24.1,+24,+24,+25.2,ESTP,0,0,+0,+0,+0.0163,+0,+0.0394,+0,+0,+0,22:53:01 25.03.2020
7880,+24.8,+17.6,+22.2,+22,+22.1,+24.3,+23.8,+24.1,+24,+24,+25.6,ESTP,0,0,+0,+0,+0.0163,+0,+0.0394,+0,+0,+0,22:54:01 25.03.2020
7881,+24.9,+17.6,+22.2,+22,+22.1,+24.3,+23.8,+24.1,+24,+24,+25.2,ESTP,0,0,+0,+0,+0.0163,+0,+0.0394,+0,+0,+0,22:55:01 25.03.2020
7882,+24.9,+17.6,+22.2,+22,+22.1,+24.3,+23.8,+24.1,+24,+24,+25.3,ESTP,0,0,+0,+0,+0.0163,+0,+0.0394,+0,+0,+0,22:56:01 25.03.2020
7883,+24.9,+17.6,+22.2,+22,+22.1,+24.4,+23.8,+24.1,+24,+24,+25.1,ESTP,0,0,+0,+0,+0.0163,+0,+0.0394,+0,+0,+0,22:57:01 25.03.2020
7884,+24.9,+17.6,+22.2,+22,+22.1,+24.4,+23.8,+24.1,+24,+24,+25.1,ESTP,0,0,+0,+0,+0.0163,+0,+0.0396,+0,+0,+0,22:58:01 25.03.2020
7885,+24.9,+17.6,+22.2,+22,+22.1,+24.4,+23.8,+24.1,+24,+24,+25.5,ESTP,0,0,+0,+0,+0.0163,+0,+0.0396,+0,+0,+0,22:59:01 25.03.2020
7886,+24.9,+17.5,+22.2,+22,+22.1,+24.4,+23.8,+24.1,+24,+24,+25.2,ESTP,0,0,+0,+0,+0.0163,+0,+0.0396,+0,+0,+0,23:00:01 25.03.2020
7887,+24.9,+17.5,+22.2,+22,+22.1,+24.4,+23.8,+24.1,+24,+24,+25.2,ESTP,0,0,+0,+0,+0.0163,+0,+0.0396,+0,+0,+0,23:01:01 25.03.2020
7888,+24.9,+17.5,+22.2,+22,+22.1,+24.4,+23.8,+24.1,+24,+24,+25.5,ESTP,0,0,+0,+0,+0.0163,+0,+0.0396,+0,+0,+0,23:02:01 25.03.2020
7889,+24.9,+17.5,+22.2,+22,+22,+24.4,+23.8,+24.1,+24,+24,+25.3,ESTP,0,0,+0,+0,+0.0163,+0,+0.0396,+0,+0,+0,23:03:01 25.03.2020
7890,+24.8,+17.5,+22.2,+22,+22.1,+24.4,+23.8,+24.1,+24,+24,+25.6,ESTP,0,0,+0,+0,+0.0163,+0,+0.0396,+0,+0,+0,23:04:01 25.03.2020
7891,+24.8,+17.5,+22.2,+22,+22.1,+24.3,+23.8,+24.1,+24,+24,+25.5,ESTP,0,0,+0,+0,+0.0163,+0,+0.0394,+0,+0,+0,23:05:01 25.03.2020
7892,+24.8,+17.5,+22.2,+22,+22.1,+24.3,+23.8,+24.1,+24,+24,+25.7,ESTP,0,0,+0,+0,+0.0163,+0,+0.0394,+0,+0,+0,23:06:01 25.03.2020
7893,+24.8,+17.5,+22.2,+22,+22.1,+24.3,+23.9,+24.1,+24,+24,+25.8,ESTP,0,0,+0,+0,+0.0163,+0,+0.0394,+0,+0,+0,23:07:01 25.03.2020
7894,+24.8,+17.5,+22.2,+22,+22.1,+24.3,+23.9,+24.1,+24,+24,+25.1,ESTP,0,0,+0,+0,+0.0163,+0,+0.0394,+0,+0,+0,23:08:01 25.03.2020
7895,+24.8,+17.4,+22.2,+22,+22,+24.3,+23.8,+24.1,+24,+24,+25.7,ESTP,0,0,+0,+0,+0.0163,+0,+0.0394,+0,+0,+0,23:09:01 25.03.2020
7896,+24.9,+17.4,+22.2,+22,+22.1,+24.3,+23.9,+24.1,+24,+24,+25.5,ESTP,0,0,+0,+0,+0.0163,+0,+0.0394,+0,+0,+0,23:10:01 25.03.2020
7897,+24.9,+17.4,+22.2,+22,+22.1,+24.3,+23.9,+24.1,+24,+24,+26,ESTP,0,0,+0,+0,+0.0163,+0,+0.0394,+0,+0,+0,23:11:01 25.03.2020
7898,+24.9,+17.4,+22.2,+22,+22,+24.3,+23.8,+24.1,+24,+24,+25.8,ESTP,0,0,+0,+0,+0.0163,+0,+0.0394,+0,+0,+0,23:12:01 25.03.2020
7899,+24.9,+17.4,+22.2,+22,+22,+24.4,+23.9,+24.1,+24,+24,+25.6,ESTP,0,0,+0,+0,+0.0163,+0,+0.0396,+0,+0,+0,23:13:01 25.03.2020
7900,+24.9,+17.4,+22.2,+22,+22,+24.4,+23.8,+24.1,+24,+24,+25.5,ESTP,0,0,+0,+0,+0.0163,+0,+0.0396,+0,+0,+0,23:14:01 25.03.2020
7901,+25,+17.4,+22.2,+22,+22,+24.4,+23.9,+24.1,+24,+24,+25.8,ESTP,0,0,+0,+0,+0.0163,+0,+0.0396,+0,+0,+0,23:15:01 25.03.2020
7902,+24.9,+17.4,+22.2,+22,+22,+24.4,+23.9,+24.1,+24,+24,+25.8,ESTP,0,0,+0,+0,+0.0163,+0,+0.0396,+0,+0,+0,23:16:01 25.03.2020
7903,+24.9,+17.4,+22.2,+22,+22,+24.4,+23.9,+24.1,+24,+24,+25.7,ESTP,0,0,+0,+0,+0.0163,+0,+0.0396,+0,+0,+0,23:17:01 25.03.2020
7904,+24.9,+17.4,+22.2,+22,+22,+24.4,+23.9,+24.1,+24,+24,+25.7,ESTP,0,0,+0,+0,+0.0163,+0,+0.0396,+0,+0,+0,23:18:01 25.03.2020
7905,+24.9,+17.4,+22.2,+22,+22,+24.4,+23.9,+24.1,+24,+24,+25.7,ESTP,0,0,+0,+0,+0.0163,+0,+0.0396,+0,+0,+0,23:19:01 25.03.2020
7906,+24.9,+17.4,+22.2,+22,+22,+24.4,+23.9,+24.1,+24,+24,+25.8,ESTP,0,0,+0,+0,+0.0163,+0,+0.0396,+0,+0,+0,23:20:01 25.03.2020
7907,+24.9,+17.3,+22.2,+22,+22,+24.4,+23.9,+24.1,+24,+24,+26,ESTP,0,0,+0,+0,+0.0163,+0,+0.0396,+0,+0,+0,23:21:01 25.03.2020
7908,+24.9,+17.3,+22.2,+22,+22,+24.4,+23.9,+24.1,+24,+24,+25.8,ESTP,0,0,+0,+0,+0.0163,+0,+0.0396,+0,+0,+0,23:22:01 25.03.2020
7909,+24.9,+17.3,+22.2,+22,+22,+24.4,+23.9,+24.1,+24,+24,+25.8,ESTP,0,0,+0,+0,+0.0163,+0,+0.0396,+0,+0,+0,23:23:01 25.03.2020
7910,+24.9,+17.3,+22.2,+22,+22,+24.4,+23.9,+24.1,+24.1,+24,+26,ESTP,0,0,+0,+0,+0.0164,+0,+0.0396,+0,+0,+0,23:24:01 25.03.2020
7911,+24.9,+17.3,+22.2,+22,+22,+24.4,+23.9,+24.1,+24,+24,+26,ESTP,0,0,+0,+0,+0.0163,+0,+0.0396,+0,+0,+0,23:25:01 25.03.2020
7912,+24.9,+17.3,+22.2,+22,+22,+24.4,+23.9,+24.1,+24,+24,+26,ESTP,0,0,+0,+0,+0.0163,+0,+0.0396,+0,+0,+0,23:26:01 25.03.2020
7913,+24.9,+17.3,+22.2,+22,+22,+24.4,+23.9,+24.1,+24,+24,+26,ESTP,0,0,+0,+0,+0.0163,+0,+0.0396,+0,+0,+0,23:27:01 25.03.2020
7914,+24.9,+17.3,+22.2,+22,+22,+24.4,+23.9,+24.1,+24,+24,+26,ESTP,0,0,+0,+0,+0.0163,+0,+0.0396,+0,+0,+0,23:28:01 25.03.2020
7915,+24.9,+17.3,+22.2,+22,+22,+24.4,+23.9,+24.1,+24,+24,+26,ESTP,0,0,+0,+0,+0.0163,+0,+0.0396,+0,+0,+0,23:29:01 25.03.2020
7916,+25,+17.2,+22.2,+22,+22,+24.4,+23.9,+24.1,+24.1,+24,+26,ESTP,0,0,+0,+0,+0.0164,+0,+0.0396,+0,+0,+0,23:30:01 25.03.2020
7917,+25,+17.3,+22.2,+22,+22,+24.4,+23.9,+24.1,+24.1,+24,+26,ESTP,0,0,+0,+0,+0.0164,+0,+0.0396,+0,+0,+0,23:31:01 25.03.2020
7918,+24.9,+17.3,+22.2,+22,+22,+24.4,+23.9,+24.1,+24.1,+24,+25.7,ESTP,0,0,+0,+0,+0.0164,+0,+0.0396,+0,+0,+0,23:32:01 25.03.2020
7919,+24.9,+17.3,+22.2,+22,+22,+24.4,+23.9,+24.1,+24.1,+24,+26,ESTP,0,0,+0,+0,+0.0164,+0,+0.0396,+0,+0,+0,23:33:01 25.03.2020
7920,+24.9,+17.3,+22.2,+22,+22,+24.4,+23.9,+24.1,+24.1,+24,+26,ESTP,0,0,+0,+0,+0.0164,+0,+0.0396,+0,+0,+0,23:34:01 25.03.2020
7921,+24.9,+17.2,+22.2,+22,+22,+24.4,+23.9,+24.1,+24.1,+24,+26,ESTP,0,0,+0,+0,+0.0164,+0,+0.0396,+0,+0,+0,23:35:01 25.03.2020
7922,+24.9,+17.2,+22.2,+22,+22,+24.4,+23.9,+24.1,+24.1,+24,+26,ESTP,0,0,+0,+0,+0.0164,+0,+0.0396,+0,+0,+0,23:36:01 25.03.2020
7923,+24.9,+17.2,+22.2,+22,+22,+24.4,+23.9,+24.1,+24.1,+24,+26,ESTP,0,0,+0,+0,+0.0164,+0,+0.0396,+0,+0,+0,23:37:01 25.03.2020
7924,+24.9,+17.2,+22.2,+22,+22,+24.4,+23.9,+24.1,+24.1,+24,+26,ESTP,0,0,+0,+0,+0.0164,+0,+0.0396,+0,+0,+0,23:38:01 25.03.2020
7925,+24.9,+17.2,+22.2,+22,+22,+24.4,+23.9,+24.1,+24.1,+24,+26,ESTP,0,0,+0,+0,+0.0164,+0,+0.0396,+0,+0,+0,23:39:01 25.03.2020
7926,+24.9,+17.2,+22.2,+22,+22,+24.4,+23.9,+24.1,+24.1,+24.1,+26,ESTP,0,0,+0,+0,+0.0164,+0,+0.0396,+0,+0,+0,23:40:01 25.03.2020
7927,+24.9,+17.1,+22.2,+22,+22,+24.4,+23.9,+24.1,+24.1,+24.1,+26,ESTP,0,0,+0,+0,+0.0164,+0,+0.0396,+0,+0,+0,23:41:01 25.03.2020
7928,+24.9,+17.1,+22.2,+22,+22,+24.4,+23.9,+24.1,+24.1,+24,+26,ESTP,0,0,+0,+0,+0.0164,+0,+0.0396,+0,+0,+0,23:42:01 25.03.2020
7929,+24.9,+17.1,+22.2,+22,+22,+24.4,+23.9,+24.1,+24.1,+24,+26,ESTP,0,0,+0,+0,+0.0164,+0,+0.0396,+0,+0,+0,23:43:01 25.03.2020
7930,+24.9,+17.1,+22.2,+22,+22,+24.4,+23.9,+24.1,+24.1,+24.1,+26,ESTP,0,0,+0,+0,+0.0164,+0,+0.0396,+0,+0,+0,23:44:01 25.03.2020
7931,+25,+17.1,+22.2,+22,+22,+24.4,+23.9,+24.1,+24.1,+24.1,+26,ESTP,0,0,+0,+0,+0.0164,+0,+0.0396,+0,+0,+0,23:45:01 25.03.2020
7932,+25,+17.1,+22.2,+22,+22,+24.5,+23.9,+24.1,+24.1,+24,+26,ESTP,0,0,+0,+0,+0.0164,+0,+0.0396,+0,+0,+0,23:46:01 25.03.2020
7933,+25,+17.1,+22.2,+22,+22,+24.5,+23.9,+24.1,+24.1,+24.1,+26,ESTP,0,0,+0,+0,+0.0164,+0,+0.0396,+0,+0,+0,23:47:01 25.03.2020
7934,+25,+17,+22.2,+22,+22,+24.5,+23.9,+24.1,+24.1,+24.1,+26,ESTP,0,0,+0,+0,+0.0164,+0,+0.0396,+0,+0,+0,23:48:01 25.03.2020
7935,+24.9,+17,+22.2,+22,+22,+24.5,+23.9,+24.1,+24.1,+24.1,+26,ESTP,0,0,+0,+0,+0.0164,+0,+0.0396,+0,+0,+0,23:49:01 25.03.2020
7936,+24.9,+17,+22.2,+22,+22,+24.5,+23.9,+24.1,+24.1,+24.1,+26,ESTP,0,0,+0,+0,+0.0164,+0,+0.0396,+0,+0,+0,23:50:01 25.03.2020
7937,+24.9,+17,+22.2,+22,+22,+24.5,+23.9,+24.1,+24.1,+24.1,+26,ESTP,0,0,+0,+0,+0.0164,+0,+0.0396,+0,+0,+0,23:51:01 25.03.2020
7938,+24.9,+17,+22.2,+22,+22,+24.5,+23.9,+24.2,+24.1,+24.1,+26,ESTP,0,0,+0,+0,+0.0164,+0,+0.0396,+0,+0,+0,23:52:01 25.03.2020
7939,+24.9,+17,+22.2,+22,+22,+24.5,+23.9,+24.1,+24.1,+24.1,+26,ESTP,0,0,+0,+0,+0.0164,+0,+0.0396,+0,+0,+0,23:53:01 25.03.2020
7940,+24.9,+17,+22.2,+22,+22,+24.4,+23.9,+24.1,+24.1,+24.1,+26,ESTP,0,0,+0,+0,+0.0164,+0,+0.0396,+0,+0,+0,23:54:01 25.03.2020
7941,+24.9,+17,+22.2,+22,+22,+24.4,+23.9,+24.2,+24.1,+24.1,+26,ESTP,0,0,+0,+0,+0.0164,+0,+0.0396,+0,+0,+0,23:55:01 25.03.2020
7942,+24.9,+17,+22.2,+22,+22,+24.4,+23.9,+24.2,+24.1,+24.1,+26,ESTP,0,0,+0,+0,+0.0164,+0,+0.0396,+0,+0,+0,23:56:01 25.03.2020
7943,+24.9,+17,+22.2,+22,+22,+24.4,+23.9,+24.1,+24.1,+24.1,+26,ESTP,0,0,+0,+0,+0.0164,+0,+0.0396,+0,+0,+0,23:57:01 25.03.2020
7944,+24.9,+17,+22.2,+22,+22,+24.4,+23.9,+24.1,+24.1,+24.1,+26,ESTP,0,0,+0,+0,+0.0164,+0,+0.0396,+0,+0,+0,23:58:01 25.03.2020
7945,+24.9,+17,+22.2,+22,+22,+24.4,+23.9,+24.1,+24.1,+24.1,+26,ESTP,0,0,+0,+0,+0.0164,+0,+0.0396,+0,+0,+0,23:59:01 25.03.2020
7946,+25,+16.9,+22.2,+22,+22,+24.4,+23.9,+24.1,+24.1,+24.1,+26,ESTP,0,0,+0,+0,+0.0164,+0,+0.0396,+0,+0,+0,00:00:01 26.03.2020
7947,+25,+16.9,+22.2,+22,+22,+24.5,+23.9,+24.2,+24.1,+24.1,+26,ESTP,0,0,+0,+0,+0.0164,+0,+0.0396,+0,+0,+0,00:01:01 26.03.2020
7948,+25,+16.9,+22.2,+22,+22,+24.5,+23.9,+24.2,+24.1,+24.1,+26,ESTP,0,0,+0,+0,+0.0164,+0,+0.0396,+0,+0,+0,00:02:01 26.03.2020
7949,+25,+16.9,+22.2,+22,+22,+24.5,+23.9,+24.2,+24.1,+24.1,+26,ESTP,0,0,+0,+0,+0.0164,+0,+0.0397,+0,+0,+0,00:03:01 26.03.2020
7950,+25,+16.9,+22.2,+22,+22,+24.5,+23.9,+24.2,+24.1,+24.1,+26,ESTP,0,0,+0,+0,+0.0164,+0,+0.0397,+0,+0,+0,00:04:01 26.03.2020
7951,+25,+16.9,+22.2,+22,+22,+24.5,+23.9,+24.2,+24.1,+24.1,+26,ESTP,0,0,+0,+0,+0.0164,+0,+0.0397,+0,+0,+0,00:05:01 26.03.2020
7952,+25,+16.9,+22.2,+22,+22,+24.5,+24,+24.2,+24.1,+24.1,+26,ESTP,0,0,+0,+0,+0.0164,+0,+0.0397,+0,+0,+0,00:06:01 26.03.2020
7953,+25,+16.9,+22.2,+22,+22,+24.5,+23.9,+24.2,+24.1,+24.1,+26,ESTP,0,0,+0,+0,+0.0164,+0,+0.0397,+0,+0,+0,00:07:01 26.03.2020
7954,+25,+16.9,+22.2,+22,+22,+24.5,+24,+24.2,+24.1,+24.1,+26,ESTP,0,0,+0,+0,+0.0164,+0,+0.0397,+0,+0,+0,00:08:01 26.03.2020
7955,+25,+16.9,+22.2,+22,+22,+24.5,+24,+24.2,+24.1,+24.1,+26,ESTP,0,0,+0,+0,+0.0164,+0,+0.0397,+0,+0,+0,00:09:01 26.03.2020
7956,+24.9,+16.9,+22.2,+22,+22,+24.5,+24,+24.2,+24.1,+24.1,+26,ESTP,0,0,+0,+0,+0.0164,+0,+0.0397,+0,+0,+0,00:10:01 26.03.2020
7957,+24.9,+16.9,+22.2,+22,+22,+24.5,+24,+24.2,+24.1,+24.1,+26,ESTP,0,0,+0,+0,+0.0164,+0,+0.0397,+0,+0,+0,00:11:01 26.03.2020
7958,+24.9,+16.8,+22.2,+22,+22,+24.5,+24,+24.2,+24.1,+24.1,+26,ESTP,0,0,+0,+0,+0.0164,+0,+0.0396,+0,+0,+0,00:12:01 26.03.2020
7959,+24.9,+16.8,+22.2,+22,+22,+24.5,+24,+24.2,+24.1,+24.1,+26,ESTP,0,0,+0,+0,+0.0164,+0,+0.0396,+0,+0,+0,00:13:01 26.03.2020
7960,+24.9,+16.8,+22.2,+22,+22,+24.5,+24,+24.2,+24.1,+24.1,+26,ESTP,0,0,+0,+0,+0.0164,+0,+0.0396,+0,+0,+0,00:14:01 26.03.2020
7961,+25,+16.8,+22.2,+22,+22,+24.5,+24,+24.2,+24.1,+24.1,+26,ESTP,0,0,+0,+0,+0.0164,+0,+0.0396,+0,+0,+0,00:15:01 26.03.2020
7962,+25,+16.8,+22.1,+22,+22,+24.5,+24,+24.2,+24.1,+24.1,+26,ESTP,0,0,+0,+0,+0.0164,+0,+0.0396,+0,+0,+0,00:16:01 26.03.2020
7963,+25,+16.8,+22.2,+22,+22,+24.5,+24,+24.2,+24.1,+24.1,+26,ESTP,0,0,+0,+0,+0.0164,+0,+0.0397,+0,+0,+0,00:17:01 26.03.2020
7964,+25,+16.8,+22.1,+22,+22,+24.5,+24,+24.2,+24.1,+24.1,+26,ESTP,0,0,+0,+0,+0.0164,+0,+0.0397,+0,+0,+0,00:18:01 26.03.2020
7965,+25.1,+16.8,+22.1,+22,+22,+24.5,+24,+24.2,+24.1,+24.1,+26,ESTP,0,0,+0,+0,+0.0164,+0,+0.0397,+0,+0,+0,00:19:01 26.03.2020
7966,+25.1,+16.8,+22.1,+22,+22,+24.6,+24,+24.2,+24.1,+24.1,+26,ESTP,0,0,+0,+0,+0.0164,+0,+0.0397,+0,+0,+0,00:20:01 26.03.2020
7967,+25,+16.8,+22.1,+22,+22,+24.6,+24,+24.2,+24.1,+24.1,+26,ESTP,0,0,+0,+0,+0.0164,+0,+0.0397,+0,+0,+0,00:21:01 26.03.2020
7968,+25,+16.8,+22.1,+22,+22,+24.6,+24,+24.2,+24.1,+24.1,+26,ESTP,0,0,+0,+0,+0.0164,+0,+0.0397,+0,+0,+0,00:22:01 26.03.2020
7969,+25,+16.7,+22.1,+22,+22,+24.6,+24,+24.2,+24.1,+24.1,+26,ESTP,0,0,+0,+0,+0.0164,+0,+0.0397,+0,+0,+0,00:23:01 26.03.2020
7970,+25,+16.7,+22.1,+22,+22,+24.6,+24,+24.2,+24.1,+24.1,+26,ESTP,0,0,+0,+0,+0.0164,+0,+0.0397,+0,+0,+0,00:24:01 26.03.2020
7971,+25,+16.7,+22.1,+22,+22,+24.5,+24,+24.2,+24.1,+24.1,+26,ESTP,0,0,+0,+0,+0.0164,+0,+0.0397,+0,+0,+0,00:25:01 26.03.2020
7972,+25,+16.7,+22.2,+22,+22,+24.5,+24,+24.2,+24.1,+24.1,+26,ESTP,0,0,+0,+0,+0.0164,+0,+0.0397,+0,+0,+0,00:26:01 26.03.2020
7973,+25,+16.7,+22.1,+22,+22,+24.5,+24,+24.2,+24.1,+24.1,+26,ESTP,0,0,+0,+0,+0.0164,+0,+0.0397,+0,+0,+0,00:27:01 26.03.2020
7974,+25,+16.7,+22.1,+22,+22,+24.5,+24,+24.2,+24.1,+24.1,+26,ESTP,0,0,+0,+0,+0.0164,+0,+0.0397,+0,+0,+0,00:28:01 26.03.2020
7975,+25,+16.7,+22.1,+22,+22,+24.5,+24,+24.2,+24.1,+24.1,+26,ESTP,0,0,+0,+0,+0.0164,+0,+0.0397,+0,+0,+0,00:29:01 26.03.2020
7976,+25,+16.7,+22.1,+22,+22,+24.5,+24,+24.2,+24.1,+24.1,+26,ESTP,0,0,+0,+0,+0.0164,+0,+0.0397,+0,+0,+0,00:30:01 26.03.2020
7977,+25,+16.8,+22.1,+22,+22,+24.5,+24,+24.2,+24.1,+24.1,+26,ESTP,0,0,+0,+0,+0.0164,+0,+0.0397,+0,+0,+0,00:31:01 26.03.2020
7978,+25,+16.7,+22.1,+22,+22,+24.5,+24,+24.2,+24.1,+24.1,+26,ESTP,0,0,+0,+0,+0.0164,+0,+0.0397,+0,+0,+0,00:32:01 26.03.2020
7979,+25.1,+16.7,+22.1,+22,+22,+24.5,+24,+24.2,+24.1,+24.1,+26,ESTP,0,0,+0,+0,+0.0164,+0,+0.0397,+0,+0,+0,00:33:01 26.03.2020
7980,+25.1,+16.7,+22.1,+22,+22,+24.5,+24,+24.2,+24.1,+24.1,+26,ESTP,0,0,+0,+0,+0.0164,+0,+0.0397,+0,+0,+0,00:34:01 26.03.2020
7981,+25.1,+16.7,+22.1,+22,+22,+24.6,+24,+24.2,+24.1,+24.1,+26,ESTP,0,0,+0,+0,+0.0164,+0,+0.0397,+0,+0,+0,00:35:01 26.03.2020
7982,+25.1,+16.7,+22.1,+22,+22,+24.6,+24,+24.2,+24.1,+24.1,+26,ESTP,0,0,+0,+0,+0.0164,+0,+0.0397,+0,+0,+0,00:36:01 26.03.2020
7983,+25.1,+16.7,+22.1,+22,+22,+24.6,+24,+24.2,+24.1,+24.1,+26,ESTP,0,0,+0,+0,+0.0164,+0,+0.0397,+0,+0,+0,00:37:01 26.03.2020
7984,+25,+16.7,+22.1,+22,+22,+24.6,+24,+24.2,+24.1,+24.1,+26,ESTP,0,0,+0,+0,+0.0164,+0,+0.0397,+0,+0,+0,00:38:01 26.03.2020
7985,+25,+16.6,+22.1,+22,+22,+24.6,+24,+24.2,+24.1,+24.1,+26,ESTP,0,0,+0,+0,+0.0164,+0,+0.0397,+0,+0,+0,00:39:01 26.03.2020
7986,+25,+16.6,+22.1,+22,+22,+24.6,+24,+24.2,+24.1,+24.1,+26,ESTP,0,0,+0,+0,+0.0164,+0,+0.0397,+0,+0,+0,00:40:01 26.03.2020
7987,+25,+16.6,+22.1,+22,+22,+24.6,+24,+24.2,+24.1,+24.1,+26,ESTP,0,0,+0,+0,+0.0164,+0,+0.0397,+0,+0,+0,00:41:01 26.03.2020
7988,+25,+16.6,+22.1,+22,+22,+24.5,+24,+24.2,+24.1,+24.1,+26,ESTP,0,0,+0,+0,+0.0164,+0,+0.0397,+0,+0,+0,00:42:01 26.03.2020
7989,+25,+16.6,+22.1,+22,+22,+24.5,+24,+24.2,+24.1,+24.1,+26,ESTP,0,0,+0,+0,+0.0164,+0,+0.0397,+0,+0,+0,00:43:01 26.03.2020
7990,+25,+16.6,+22.1,+22,+22,+24.5,+24,+24.2,+24.1,+24.1,+26,ESTP,0,0,+0,+0,+0.0164,+0,+0.0397,+0,+0,+0,00:44:01 26.03.2020
7991,+25,+16.6,+22.1,+22,+22,+24.5,+24,+24.2,+24.1,+24.1,+26,ESTP,0,0,+0,+0,+0.0164,+0,+0.0397,+0,+0,+0,00:45:01 26.03.2020
7992,+25,+16.6,+22.1,+22,+22,+24.5,+24,+24.2,+24.1,+24.1,+26,ESTP,0,0,+0,+0,+0.0164,+0,+0.0397,+0,+0,+0,00:46:01 26.03.2020
7993,+25,+16.5,+22.1,+22,+22,+24.5,+24,+24.2,+24.1,+24.1,+26,ESTP,0,0,+0,+0,+0.0164,+0,+0.0397,+0,+0,+0,00:47:01 26.03.2020
7994,+25,+16.5,+22.1,+22,+22,+24.5,+24,+24.2,+24.1,+24.1,+26,ESTP,0,0,+0,+0,+0.0164,+0,+0.0397,+0,+0,+0,00:48:01 26.03.2020
7995,+25.1,+16.5,+22.1,+22,+22,+24.6,+24,+24.2,+24.1,+24.1,+26,ESTP,0,0,+0,+0,+0.0164,+0,+0.0397,+0,+0,+0,00:49:01 26.03.2020
7996,+25.1,+16.5,+22.1,+22,+22,+24.6,+24,+24.2,+24.1,+24.1,+26,ESTP,0,0,+0,+0,+0.0164,+0,+0.0397,+0,+0,+0,00:50:01 26.03.2020
7997,+25.1,+16.5,+22.1,+22,+22,+24.6,+24,+24.2,+24.1,+24.1,+26,ESTP,0,0,+0,+0,+0.0164,+0,+0.0397,+0,+0,+0,00:51:01 26.03.2020
7998,+25.1,+16.5,+22.1,+22,+22,+24.6,+24,+24.2,+24.1,+24.1,+26,ESTP,0,0,+0,+0,+0.0164,+0,+0.0399,+0,+0,+0,00:52:01 26.03.2020
7999,+25.1,+16.5,+22.1,+22,+22,+24.6,+24,+24.2,+24.1,+24.1,+26,ESTP,0,0,+0,+0,+0.0164,+0,+0.0399,+0,+0,+0,00:53:01 26.03.2020
8000,+25.1,+16.5,+22.1,+22,+22,+24.6,+24,+24.2,+24.1,+24.1,+26,ESTP,0,0,+0,+0,+0.0164,+0,+0.0399,+0,+0,+0,00:54:01 26.03.2020
8001,+25.1,+16.5,+22.1,+22,+22,+24.6,+24,+24.2,+24.1,+24.1,+26,ESTP,0,0,+0,+0,+0.0164,+0,+0.0399,+0,+0,+0,00:55:01 26.03.2020
8002,+25.1,+16.5,+22.1,+22,+22,+24.6,+24,+24.2,+24.1,+24.1,+26,ESTP,0,0,+0,+0,+0.0164,+0,+0.0399,+0,+0,+0,00:56:01 26.03.2020
8003,+25,+16.5,+22.1,+22,+22,+24.6,+24,+24.2,+24.1,+24.1,+26,ESTP,0,0,+0,+0,+0.0164,+0,+0.0397,+0,+0,+0,00:57:01 26.03.2020
8004,+25,+16.5,+22.1,+22,+22,+24.6,+24,+24.2,+24.2,+24.1,+26,ESTP,0,0,+0,+0,+0.0165,+0,+0.0397,+0,+0,+0,00:58:01 26.03.2020
8005,+25,+16.5,+22.1,+22,+22,+24.6,+24,+24.2,+24.2,+24.1,+26,ESTP,0,0,+0,+0,+0.0164,+0,+0.0397,+0,+0,+0,00:59:01 26.03.2020
8006,+25,+16.5,+22.1,+22,+22,+24.6,+24,+24.2,+24.1,+24.1,+26,ESTP,0,0,+0,+0,+0.0164,+0,+0.0397,+0,+0,+0,01:00:01 26.03.2020
8007,+25,+16.5,+22.1,+22,+22,+24.6,+24,+24.2,+24.1,+24.1,+26,ESTP,0,0,+0,+0,+0.0164,+0,+0.0397,+0,+0,+0,01:01:01 26.03.2020
8008,+25,+16.4,+22.1,+22,+22,+24.6,+24,+24.2,+24.1,+24.1,+26,ESTP,0,0,+0,+0,+0.0164,+0,+0.0397,+0,+0,+0,01:02:01 26.03.2020
8009,+25,+16.4,+22.1,+22,+22,+24.6,+24,+24.2,+24.1,+24.1,+26,ESTP,0,0,+0,+0,+0.0164,+0,+0.0397,+0,+0,+0,01:03:01 26.03.2020
8010,+25.1,+16.4,+22.1,+22,+22,+24.6,+24,+24.2,+24.2,+24.1,+26,ESTP,0,0,+0,+0,+0.0165,+0,+0.0397,+0,+0,+0,01:04:01 26.03.2020
8011,+25.1,+16.4,+22.1,+22,+22,+24.6,+24,+24.2,+24.1,+24.1,+26,ESTP,0,0,+0,+0,+0.0164,+0,+0.0397,+0,+0,+0,01:05:01 26.03.2020
8012,+25.1,+16.4,+22.1,+22,+22,+24.6,+24,+24.2,+24.2,+24.1,+26,ESTP,0,0,+0,+0,+0.0165,+0,+0.0399,+0,+0,+0,01:06:01 26.03.2020
8013,+25.1,+16.4,+22.1,+22,+22,+24.6,+24,+24.2,+24.2,+24.1,+26,ESTP,0,0,+0,+0,+0.0165,+0,+0.0399,+0,+0,+0,01:07:01 26.03.2020
8014,+25.1,+16.4,+22.1,+22,+22,+24.6,+24,+24.2,+24.2,+24.1,+26,ESTP,0,0,+0,+0,+0.0165,+0,+0.0399,+0,+0,+0,01:08:01 26.03.2020
8015,+25.1,+16.4,+22.1,+22,+22,+24.6,+24.1,+24.2,+24.2,+24.1,+26,ESTP,0,0,+0,+0,+0.0165,+0,+0.0399,+0,+0,+0,01:09:01 26.03.2020
8016,+25.1,+16.4,+22.1,+22,+22,+24.6,+24,+24.2,+24.2,+24.1,+26,ESTP,0,0,+0,+0,+0.0165,+0,+0.0399,+0,+0,+0,01:10:01 26.03.2020
8017,+25.1,+16.4,+22.1,+22,+22,+24.6,+24,+24.2,+24.2,+24.1,+26,ESTP,0,0,+0,+0,+0.0165,+0,+0.0399,+0,+0,+0,01:11:01 26.03.2020
8018,+25.1,+16.4,+22.1,+22,+22,+24.6,+24.1,+24.2,+24.2,+24.1,+26,ESTP,0,0,+0,+0,+0.0165,+0,+0.0399,+0,+0,+0,01:12:01 26.03.2020
8019,+25,+16.4,+22.1,+22,+22,+24.6,+24.1,+24.3,+24.2,+24.1,+26,ESTP,0,0,+0,+0,+0.0165,+0,+0.0399,+0,+0,+0,01:13:01 26.03.2020
8020,+25,+16.4,+22.1,+22,+22,+24.6,+24.1,+24.3,+24.2,+24.1,+26,ESTP,0,0,+0,+0,+0.0165,+0,+0.0399,+0,+0,+0,01:14:01 26.03.2020
8021,+25,+16.4,+22.1,+22,+22,+24.6,+24.1,+24.3,+24.2,+24.2,+26,ESTP,0,0,+0,+0,+0.0165,+0,+0.0399,+0,+0,+0,01:15:01 26.03.2020
8022,+25,+16.3,+22.1,+22,+22,+24.6,+24.1,+24.2,+24.2,+24.1,+26,ESTP,0,0,+0,+0,+0.0165,+0,+0.0397,+0,+0,+0,01:16:01 26.03.2020
8023,+25,+16.3,+22.1,+22,+22,+24.6,+24.1,+24.2,+24.2,+24.2,+26,ESTP,0,0,+0,+0,+0.0165,+0,+0.0397,+0,+0,+0,01:17:01 26.03.2020
8024,+25,+16.3,+22.1,+22,+22,+24.6,+24.1,+24.3,+24.2,+24.2,+26,ESTP,0,0,+0,+0,+0.0165,+0,+0.0397,+0,+0,+0,01:18:01 26.03.2020
8025,+25,+16.3,+22.1,+22,+22,+24.6,+24.1,+24.3,+24.2,+24.2,+26,ESTP,0,0,+0,+0,+0.0165,+0,+0.0397,+0,+0,+0,01:19:01 26.03.2020
8026,+25.1,+16.3,+22.1,+22,+22,+24.6,+24.1,+24.2,+24.2,+24.1,+26,ESTP,0,0,+0,+0,+0.0165,+0,+0.0397,+0,+0,+0,01:20:01 26.03.2020
8027,+25.1,+16.3,+22.1,+22,+22,+24.6,+24.1,+24.3,+24.2,+24.2,+26,ESTP,0,0,+0,+0,+0.0165,+0,+0.0399,+0,+0,+0,01:21:01 26.03.2020
8028,+25.1,+16.3,+22.1,+21.9,+22,+24.6,+24.1,+24.3,+24.2,+24.2,+26,ESTP,0,0,+0,+0,+0.0165,+0,+0.0399,+0,+0,+0,01:22:01 26.03.2020
8029,+25.1,+16.3,+22.1,+21.9,+22,+24.6,+24.1,+24.3,+24.2,+24.1,+26,ESTP,0,0,+0,+0,+0.0165,+0,+0.0399,+0,+0,+0,01:23:01 26.03.2020
8030,+25.1,+16.3,+22.1,+22,+22,+24.6,+24.1,+24.3,+24.2,+24.1,+26,ESTP,0,0,+0,+0,+0.0165,+0,+0.0399,+0,+0,+0,01:24:01 26.03.2020
8031,+25.1,+16.3,+22.1,+21.9,+22,+24.6,+24.1,+24.3,+24.2,+24.2,+26,ESTP,0,0,+0,+0,+0.0165,+0,+0.0399,+0,+0,+0,01:25:01 26.03.2020
8032,+25.1,+16.3,+22.1,+21.9,+22,+24.6,+24.1,+24.3,+24.2,+24.2,+26,ESTP,0,0,+0,+0,+0.0165,+0,+0.0399,+0,+0,+0,01:26:01 26.03.2020
8033,+25.1,+16.3,+22.1,+21.9,+22,+24.6,+24.1,+24.3,+24.2,+24.2,+26,ESTP,0,0,+0,+0,+0.0165,+0,+0.0399,+0,+0,+0,01:27:01 26.03.2020
8034,+25.1,+16.3,+22.1,+21.9,+22,+24.6,+24.1,+24.3,+24.2,+24.2,+26,ESTP,0,0,+0,+0,+0.0165,+0,+0.0399,+0,+0,+0,01:28:01 26.03.2020
8035,+25.1,+16.2,+22.1,+21.9,+22,+24.6,+24.1,+24.3,+24.2,+24.2,+26,ESTP,0,0,+0,+0,+0.0165,+0,+0.0399,+0,+0,+0,01:29:01 26.03.2020
8036,+25.1,+16.2,+22.1,+21.9,+22,+24.6,+24.1,+24.3,+24.2,+24.2,+26,ESTP,0,0,+0,+0,+0.0165,+0,+0.0399,+0,+0,+0,01:30:01 26.03.2020
8037,+25.1,+16.3,+22.1,+21.9,+22,+24.6,+24.1,+24.3,+24.2,+24.2,+26,ESTP,0,0,+0,+0,+0.0165,+0,+0.0399,+0,+0,+0,01:31:01 26.03.2020
8038,+25,+16.3,+22.1,+21.9,+22,+24.6,+24.1,+24.3,+24.2,+24.2,+26,ESTP,0,0,+0,+0,+0.0165,+0,+0.0399,+0,+0,+0,01:32:01 26.03.2020
8039,+25,+16.3,+22.1,+21.9,+22,+24.6,+24.1,+24.3,+24.2,+24.2,+26,ESTP,0,0,+0,+0,+0.0165,+0,+0.0399,+0,+0,+0,01:33:01 26.03.2020
8040,+25.1,+16.3,+22.1,+21.9,+22,+24.6,+24.1,+24.3,+24.2,+24.2,+26,ESTP,0,0,+0,+0,+0.0165,+0,+0.0399,+0,+0,+0,01:34:01 26.03.2020
8041,+25.1,+16.2,+22.1,+21.9,+22,+24.6,+24.1,+24.3,+24.2,+24.2,+26,ESTP,0,0,+0,+0,+0.0165,+0,+0.0399,+0,+0,+0,01:35:01 26.03.2020
8042,+25.1,+16.2,+22.1,+21.9,+22,+24.6,+24.1,+24.3,+24.2,+24.2,+26,ESTP,0,0,+0,+0,+0.0165,+0,+0.0399,+0,+0,+0,01:36:01 26.03.2020
8043,+25.1,+16.2,+22.1,+21.9,+22,+24.6,+24.1,+24.3,+24.2,+24.2,+26,ESTP,0,0,+0,+0,+0.0165,+0,+0.0399,+0,+0,+0,01:37:01 26.03.2020
8044,+25.1,+16.2,+22.1,+21.9,+22,+24.6,+24.1,+24.3,+24.2,+24.2,+26,ESTP,0,0,+0,+0,+0.0165,+0,+0.0399,+0,+0,+0,01:38:01 26.03.2020
8045,+25.1,+16.2,+22.1,+21.9,+22,+24.6,+24.1,+24.3,+24.2,+24.2,+26,ESTP,0,0,+0,+0,+0.0165,+0,+0.0399,+0,+0,+0,01:39:01 26.03.2020
8046,+25.1,+16.2,+22.1,+21.9,+22,+24.6,+24.1,+24.3,+24.2,+24.2,+26,ESTP,0,0,+0,+0,+0.0165,+0,+0.0399,+0,+0,+0,01:40:01 26.03.2020
8047,+25.1,+16.2,+22.1,+21.9,+22,+24.7,+24.1,+24.3,+24.2,+24.2,+26,ESTP,0,0,+0,+0,+0.0165,+0,+0.0399,+0,+0,+0,01:41:01 26.03.2020
8048,+25.1,+16.2,+22.1,+21.9,+22,+24.7,+24.1,+24.3,+24.2,+24.2,+26,ESTP,0,0,+0,+0,+0.0165,+0,+0.0399,+0,+0,+0,01:42:01 26.03.2020
8049,+25.1,+16.2,+22.1,+21.9,+22,+24.6,+24.1,+24.3,+24.2,+24.2,+26,ESTP,0,0,+0,+0,+0.0165,+0,+0.0399,+0,+0,+0,01:43:01 26.03.2020
8050,+25.1,+16.2,+22.1,+21.9,+22,+24.6,+24.1,+24.3,+24.2,+24.2,+26,ESTP,0,0,+0,+0,+0.0165,+0,+0.0399,+0,+0,+0,01:44:01 26.03.2020
8051,+25.1,+16.2,+22.1,+21.9,+22,+24.6,+24.1,+24.3,+24.2,+24.2,+26,ESTP,0,0,+0,+0,+0.0165,+0,+0.0399,+0,+0,+0,01:45:01 26.03.2020
8052,+25.1,+16.1,+22.1,+21.9,+22,+24.6,+24.1,+24.3,+24.2,+24.2,+26,ESTP,0,0,+0,+0,+0.0165,+0,+0.0399,+0,+0,+0,01:46:01 26.03.2020
8053,+25.1,+16.1,+22.1,+21.9,+22,+24.6,+24.1,+24.3,+24.2,+24.2,+26,ESTP,0,0,+0,+0,+0.0165,+0,+0.0399,+0,+0,+0,01:47:01 26.03.2020
8054,+25.1,+16.1,+22.1,+21.9,+22,+24.6,+24.1,+24.3,+24.2,+24.2,+26,ESTP,0,0,+0,+0,+0.0165,+0,+0.0399,+0,+0,+0,01:48:01 26.03.2020
8055,+25.1,+16.1,+22.1,+21.9,+22,+24.6,+24.1,+24.3,+24.2,+24.2,+26,ESTP,0,0,+0,+0,+0.0165,+0,+0.0399,+0,+0,+0,01:49:01 26.03.2020
8056,+25.1,+16.1,+22.1,+21.9,+22,+24.6,+24.1,+24.3,+24.2,+24.2,+26,ESTP,0,0,+0,+0,+0.0165,+0,+0.0399,+0,+0,+0,01:50:01 26.03.2020
8057,+25.1,+16.1,+22.1,+21.9,+22,+24.6,+24.1,+24.3,+24.2,+24.2,+26,ESTP,0,0,+0,+0,+0.0165,+0,+0.0399,+0,+0,+0,01:51:01 26.03.2020
8058,+25.1,+16.1,+22.1,+21.9,+22,+24.6,+24.1,+24.3,+24.2,+24.2,+26,ESTP,0,0,+0,+0,+0.0165,+0,+0.0399,+0,+0,+0,01:52:01 26.03.2020
8059,+25.1,+16.1,+22.1,+21.9,+22,+24.6,+24.1,+24.3,+24.2,+24.2,+26,ESTP,0,0,+0,+0,+0.0165,+0,+0.0399,+0,+0,+0,01:53:01 26.03.2020
8060,+25.2,+16.1,+22.1,+21.9,+22,+24.7,+24.1,+24.3,+24.2,+24.2,+26,ESTP,0,0,+0,+0,+0.0165,+0,+0.0399,+0,+0,+0,01:54:01 26.03.2020
8061,+25.2,+16.1,+22.1,+21.9,+22,+24.7,+24.1,+24.3,+24.2,+24.2,+26,ESTP,0,0,+0,+0,+0.0165,+0,+0.0401,+0,+0,+0,01:55:01 26.03.2020
8062,+25.2,+16.1,+22.1,+21.9,+22,+24.7,+24.1,+24.3,+24.2,+24.2,+26,ESTP,0,0,+0,+0,+0.0165,+0,+0.0401,+0,+0,+0,01:56:01 26.03.2020
8063,+25.1,+16.1,+22.1,+21.9,+22,+24.7,+24.1,+24.3,+24.2,+24.2,+26,ESTP,0,0,+0,+0,+0.0165,+0,+0.0401,+0,+0,+0,01:57:01 26.03.2020
8064,+25.1,+16.1,+22.1,+21.9,+22,+24.7,+24.1,+24.3,+24.2,+24.2,+26,ESTP,0,0,+0,+0,+0.0165,+0,+0.0401,+0,+0,+0,01:58:01 26.03.2020
8065,+25.1,+16,+22.1,+21.9,+22,+24.7,+24.1,+24.3,+24.2,+24.2,+26,ESTP,0,0,+0,+0,+0.0165,+0,+0.0401,+0,+0,+0,01:59:01 26.03.2020
8066,+25.1,+16,+22.1,+21.9,+22,+24.7,+24.1,+24.3,+24.2,+24.2,+26,ESTP,0,0,+0,+0,+0.0165,+0,+0.0401,+0,+0,+0,02:00:01 26.03.2020
8067,+25.1,+16,+22.1,+21.9,+22,+24.7,+24.1,+24.3,+24.2,+24.2,+26,ESTP,0,0,+0,+0,+0.0165,+0,+0.0401,+0,+0,+0,02:01:01 26.03.2020
8068,+25.1,+16,+22.1,+21.9,+22,+24.7,+24.1,+24.3,+24.2,+24.2,+26,ESTP,0,0,+0,+0,+0.0165,+0,+0.04,+0,+0,+0,02:02:01 26.03.2020
8069,+25.1,+16,+22.1,+21.9,+22,+24.7,+24.1,+24.3,+24.2,+24.2,+26,ESTP,0,0,+0,+0,+0.0165,+0,+0.0399,+0,+0,+0,02:03:01 26.03.2020
8070,+25.1,+16,+22.1,+21.9,+22,+24.6,+24.1,+24.3,+24.2,+24.2,+26,ESTP,0,0,+0,+0,+0.0165,+0,+0.0399,+0,+0,+0,02:04:01 26.03.2020
8071,+25.1,+16,+22.1,+21.9,+22,+24.6,+24.1,+24.3,+24.2,+24.2,+26,ESTP,0,0,+0,+0,+0.0165,+0,+0.0399,+0,+0,+0,02:05:01 26.03.2020
8072,+25.1,+16,+22.1,+21.9,+22,+24.6,+24.1,+24.3,+24.2,+24.2,+26,ESTP,0,0,+0,+0,+0.0165,+0,+0.0399,+0,+0,+0,02:06:01 26.03.2020
8073,+25.1,+16,+22.1,+21.9,+22,+24.6,+24.1,+24.3,+24.2,+24.2,+26,ESTP,0,0,+0,+0,+0.0165,+0,+0.0399,+0,+0,+0,02:07:01 26.03.2020
8074,+25.1,+16,+22.1,+21.9,+22,+24.6,+24.1,+24.3,+24.2,+24.2,+26,ESTP,0,0,+0,+0,+0.0165,+0,+0.0399,+0,+0,+0,02:08:01 26.03.2020
8075,+25.1,+16,+22.1,+21.9,+22,+24.6,+24.1,+24.3,+24.2,+24.2,+26,ESTP,0,0,+0,+0,+0.0165,+0,+0.0399,+0,+0,+0,02:09:01 26.03.2020
8076,+25.1,+16,+22.1,+21.9,+22,+24.6,+24.1,+24.3,+24.2,+24.2,+26,ESTP,0,0,+0,+0,+0.0165,+0,+0.0399,+0,+0,+0,02:10:01 26.03.2020
8077,+25.2,+16,+22.1,+21.9,+22,+24.7,+24.1,+24.3,+24.2,+24.2,+26,ESTP,0,0,+0,+0,+0.0165,+0,+0.0399,+0,+0,+0,02:11:01 26.03.2020
8078,+25.2,+16,+22.1,+21.9,+22,+24.7,+24.1,+24.3,+24.2,+24.2,+26,ESTP,0,0,+0,+0,+0.0165,+0,+0.0401,+0,+0,+0,02:12:01 26.03.2020
8079,+25.2,+16,+22.1,+21.9,+22,+24.7,+24.1,+24.3,+24.2,+24.2,+26,ESTP,0,0,+0,+0,+0.0165,+0,+0.0401,+0,+0,+0,02:13:01 26.03.2020
8080,+25.1,+16,+22.1,+21.9,+22,+24.7,+24.1,+24.3,+24.2,+24.2,+26,ESTP,0,0,+0,+0,+0.0165,+0,+0.0401,+0,+0,+0,02:14:01 26.03.2020
8081,+25.1,+16,+22.1,+21.9,+22,+24.7,+24.1,+24.3,+24.2,+24.2,+26,ESTP,0,0,+0,+0,+0.0165,+0,+0.0401,+0,+0,+0,02:15:01 26.03.2020
8082,+25.1,+16,+22.1,+21.9,+22,+24.7,+24.1,+24.3,+24.2,+24.2,+26,ESTP,0,0,+0,+0,+0.0165,+0,+0.0401,+0,+0,+0,02:16:01 26.03.2020
8083,+25.1,+16,+22.1,+21.9,+22,+24.7,+24.1,+24.3,+24.2,+24.2,+26,ESTP,0,0,+0,+0,+0.0165,+0,+0.0401,+0,+0,+0,02:17:01 26.03.2020
8084,+25.1,+16,+22.1,+21.9,+22,+24.7,+24.1,+24.3,+24.2,+24.2,+26,ESTP,0,0,+0,+0,+0.0165,+0,+0.0401,+0,+0,+0,02:18:01 26.03.2020
8085,+25.1,+15.9,+22.1,+21.9,+22,+24.7,+24.1,+24.3,+24.2,+24.2,+26,ESTP,0,0,+0,+0,+0.0165,+0,+0.0401,+0,+0,+0,02:19:01 26.03.2020
8086,+25.1,+15.9,+22.1,+21.9,+22,+24.7,+24.1,+24.3,+24.2,+24.2,+26,ESTP,0,0,+0,+0,+0.0165,+0,+0.0401,+0,+0,+0,02:20:01 26.03.2020
8087,+25.1,+15.9,+22.1,+21.9,+22,+24.7,+24.1,+24.3,+24.2,+24.2,+26,ESTP,0,0,+0,+0,+0.0165,+0,+0.0401,+0,+0,+0,02:21:01 26.03.2020
8088,+25.1,+15.9,+22.1,+21.9,+22,+24.6,+24.1,+24.3,+24.2,+24.2,+26,ESTP,0,0,+0,+0,+0.0165,+0,+0.0399,+0,+0,+0,02:22:01 26.03.2020
8089,+25.1,+15.9,+22.1,+21.9,+22,+24.6,+24.1,+24.3,+24.2,+24.2,+26,ESTP,0,0,+0,+0,+0.0165,+0,+0.0399,+0,+0,+0,02:23:01 26.03.2020
8090,+25.1,+15.9,+22.1,+21.9,+22,+24.6,+24.1,+24.3,+24.2,+24.2,+26,ESTP,0,0,+0,+0,+0.0165,+0,+0.0399,+0,+0,+0,02:24:01 26.03.2020
8091,+25.1,+15.9,+22.1,+21.9,+22,+24.6,+24.1,+24.3,+24.2,+24.2,+26,ESTP,0,0,+0,+0,+0.0165,+0,+0.0399,+0,+0,+0,02:25:01 26.03.2020
8092,+25.1,+15.9,+22.1,+21.9,+22,+24.7,+24.1,+24.3,+24.2,+24.2,+26,ESTP,0,0,+0,+0,+0.0165,+0,+0.0399,+0,+0,+0,02:26:01 26.03.2020
8093,+25.1,+15.9,+22.1,+21.9,+22,+24.7,+24.1,+24.3,+24.2,+24.2,+26,ESTP,0,0,+0,+0,+0.0165,+0,+0.0401,+0,+0,+0,02:27:01 26.03.2020
8094,+25.2,+15.9,+22.1,+21.9,+22,+24.7,+24.1,+24.3,+24.2,+24.2,+26,ESTP,0,0,+0,+0,+0.0165,+0,+0.0401,+0,+0,+0,02:28:01 26.03.2020
8095,+25.2,+15.9,+22.1,+21.9,+22,+24.7,+24.1,+24.3,+24.2,+24.2,+26,ESTP,0,0,+0,+0,+0.0165,+0,+0.0401,+0,+0,+0,02:29:01 26.03.2020
8096,+25.1,+15.9,+22.1,+21.9,+22,+24.7,+24.1,+24.3,+24.2,+24.2,+26,ESTP,0,0,+0,+0,+0.0165,+0,+0.0401,+0,+0,+0,02:30:01 26.03.2020
8097,+25.1,+15.9,+22.1,+21.9,+22,+24.7,+24.1,+24.3,+24.2,+24.2,+26,ESTP,0,0,+0,+0,+0.0165,+0,+0.0401,+0,+0,+0,02:31:01 26.03.2020
8098,+25.1,+15.9,+22.1,+21.9,+22,+24.7,+24.1,+24.3,+24.3,+24.2,+26,ESTP,0,0,+0,+0,+0.0165,+0,+0.0401,+0,+0,+0,02:32:01 26.03.2020
8099,+25.1,+15.9,+22.1,+21.9,+22,+24.7,+24.1,+24.3,+24.2,+24.2,+26,ESTP,0,0,+0,+0,+0.0165,+0,+0.0401,+0,+0,+0,02:33:01 26.03.2020
8100,+25.1,+15.9,+22.1,+21.9,+22,+24.7,+24.1,+24.3,+24.2,+24.2,+26,ESTP,0,0,+0,+0,+0.0165,+0,+0.0401,+0,+0,+0,02:34:01 26.03.2020
8101,+25.1,+15.9,+22.1,+21.9,+22,+24.7,+24.1,+24.3,+24.2,+24.2,+26,ESTP,0,0,+0,+0,+0.0165,+0,+0.0401,+0,+0,+0,02:35:01 26.03.2020
8102,+25.1,+15.9,+22.1,+21.9,+22,+24.7,+24.1,+24.3,+24.2,+24.2,+26,ESTP,0,0,+0,+0,+0.0165,+0,+0.0401,+0,+0,+0,02:36:01 26.03.2020
8103,+25.1,+15.8,+22.1,+21.9,+22,+24.7,+24.1,+24.3,+24.2,+24.2,+26,ESTP,0,0,+0,+0,+0.0165,+0,+0.0401,+0,+0,+0,02:37:01 26.03.2020
8104,+25.1,+15.8,+22.1,+21.9,+22,+24.7,+24.1,+24.3,+24.2,+24.2,+26,ESTP,0,0,+0,+0,+0.0165,+0,+0.0401,+0,+0,+0,02:38:01 26.03.2020
8105,+25.1,+15.8,+22.1,+21.9,+22,+24.7,+24.1,+24.3,+24.2,+24.2,+26,ESTP,0,0,+0,+0,+0.0165,+0,+0.0401,+0,+0,+0,02:39:01 26.03.2020
8106,+25.1,+15.8,+22.1,+21.9,+22,+24.7,+24.1,+24.3,+24.2,+24.2,+26,ESTP,0,0,+0,+0,+0.0165,+0,+0.0401,+0,+0,+0,02:40:01 26.03.2020
8107,+25.2,+15.8,+22.1,+21.9,+22,+24.7,+24.1,+24.3,+24.3,+24.2,+26,ESTP,0,0,+0,+0,+0.0165,+0,+0.0401,+0,+0,+0,02:41:01 26.03.2020
8108,+25.2,+15.8,+22.1,+21.9,+22,+24.7,+24.1,+24.3,+24.3,+24.2,+26,ESTP,0,0,+0,+0,+0.0165,+0,+0.0401,+0,+0,+0,02:42:01 26.03.2020
8109,+25.2,+15.8,+22.1,+21.9,+22,+24.7,+24.1,+24.3,+24.3,+24.2,+26,ESTP,0,0,+0,+0,+0.0165,+0,+0.0401,+0,+0,+0,02:43:01 26.03.2020
8110,+25.2,+15.8,+22.1,+21.9,+22,+24.8,+24.1,+24.3,+24.3,+24.2,+26,ESTP,0,0,+0,+0,+0.0165,+0,+0.0401,+0,+0,+0,02:44:01 26.03.2020
8111,+25.2,+15.8,+22.1,+21.9,+22,+24.7,+24.1,+24.3,+24.3,+24.2,+26,ESTP,0,0,+0,+0,+0.0165,+0,+0.0401,+0,+0,+0,02:45:01 26.03.2020
8112,+25.2,+15.8,+22.1,+21.9,+22,+24.8,+24.1,+24.3,+24.3,+24.2,+26,ESTP,0,0,+0,+0,+0.0165,+0,+0.0401,+0,+0,+0,02:46:01 26.03.2020
8113,+25.1,+15.8,+22.1,+21.9,+22,+24.8,+24.1,+24.3,+24.3,+24.2,+26,ESTP,0,0,+0,+0,+0.0165,+0,+0.0401,+0,+0,+0,02:47:01 26.03.2020
8114,+25.1,+15.8,+22.1,+21.9,+22,+24.7,+24.1,+24.3,+24.3,+24.2,+26,ESTP,0,0,+0,+0,+0.0165,+0,+0.0401,+0,+0,+0,02:48:01 26.03.2020
8115,+25.1,+15.7,+22.1,+21.9,+22,+24.7,+24.1,+24.3,+24.3,+24.3,+26,ESTP,0,0,+0,+0,+0.0165,+0,+0.0401,+0,+0,+0,02:49:01 26.03.2020
8116,+25.1,+15.7,+22.1,+21.9,+22,+24.7,+24.1,+24.3,+24.3,+24.2,+26,ESTP,0,0,+0,+0,+0.0165,+0,+0.0401,+0,+0,+0,02:50:01 26.03.2020
8117,+25.1,+15.7,+22.1,+21.9,+22,+24.7,+24.1,+24.3,+24.3,+24.3,+26,ESTP,0,0,+0,+0,+0.0165,+0,+0.0401,+0,+0,+0,02:51:01 26.03.2020
8118,+25.1,+15.7,+22.1,+21.9,+22,+24.7,+24.1,+24.3,+24.3,+24.3,+26,ESTP,0,0,+0,+0,+0.0165,+0,+0.0401,+0,+0,+0,02:52:01 26.03.2020
8119,+25.1,+15.7,+22.1,+21.9,+22,+24.7,+24.1,+24.3,+24.3,+24.3,+26,ESTP,0,0,+0,+0,+0.0165,+0,+0.0401,+0,+0,+0,02:53:01 26.03.2020
8120,+25.1,+15.7,+22.1,+21.9,+22,+24.7,+24.1,+24.3,+24.3,+24.3,+26,ESTP,0,0,+0,+0,+0.0165,+0,+0.0401,+0,+0,+0,02:54:01 26.03.2020
8121,+25.1,+15.7,+22.1,+21.9,+22,+24.7,+24.1,+24.3,+24.3,+24.3,+26,ESTP,0,0,+0,+0,+0.0165,+0,+0.0401,+0,+0,+0,02:55:01 26.03.2020
8122,+25.2,+15.7,+22.1,+21.9,+22,+24.7,+24.1,+24.3,+24.3,+24.2,+26,ESTP,0,0,+0,+0,+0.0165,+0,+0.0401,+0,+0,+0,02:56:01 26.03.2020
8123,+25.2,+15.7,+22.1,+21.9,+22,+24.7,+24.1,+24.3,+24.3,+24.3,+26,ESTP,0,0,+0,+0,+0.0165,+0,+0.0401,+0,+0,+0,02:57:01 26.03.2020
8124,+25.2,+15.7,+22.1,+21.9,+22,+24.7,+24.2,+24.3,+24.3,+24.2,+26,ESTP,0,0,+0,+0,+0.0165,+0,+0.0401,+0,+0,+0,02:58:01 26.03.2020
8125,+25.2,+15.7,+22.1,+21.9,+22,+24.8,+24.2,+24.3,+24.3,+24.3,+26,ESTP,0,0,+0,+0,+0.0165,+0,+0.0401,+0,+0,+0,02:59:01 26.03.2020
8126,+25.2,+15.7,+22.1,+21.9,+22,+24.8,+24.2,+24.3,+24.3,+24.3,+26,ESTP,0,0,+0,+0,+0.0165,+0,+0.0401,+0,+0,+0,03:00:01 26.03.2020
8127,+25.2,+15.7,+22.1,+21.9,+22,+24.8,+24.2,+24.3,+24.3,+24.3,+26,ESTP,0,0,+0,+0,+0.0165,+0,+0.0401,+0,+0,+0,03:01:01 26.03.2020
8128,+25.2,+15.7,+22.1,+21.9,+22,+24.8,+24.2,+24.3,+24.3,+24.3,+26,ESTP,0,0,+0,+0,+0.0165,+0,+0.0401,+0,+0,+0,03:02:01 26.03.2020
8129,+25.2,+15.7,+22.1,+21.9,+22,+24.8,+24.2,+24.3,+24.3,+24.3,+26,ESTP,0,0,+0,+0,+0.0165,+0,+0.0401,+0,+0,+0,03:03:01 26.03.2020
8130,+25.2,+15.7,+22.1,+21.9,+22,+24.8,+24.2,+24.3,+24.3,+24.3,+26,ESTP,0,0,+0,+0,+0.0165,+0,+0.0401,+0,+0,+0,03:04:01 26.03.2020
8131,+25.1,+15.7,+22.1,+21.9,+22,+24.8,+24.2,+24.3,+24.3,+24.3,+26,ESTP,0,0,+0,+0,+0.0165,+0,+0.0401,+0,+0,+0,03:05:01 26.03.2020
8132,+25.1,+15.7,+22.1,+21.9,+22,+24.7,+24.2,+24.3,+24.3,+24.3,+26,ESTP,0,0,+0,+0,+0.0165,+0,+0.0401,+0,+0,+0,03:06:01 26.03.2020
8133,+25.1,+15.7,+22.1,+21.9,+22,+24.7,+24.2,+24.3,+24.3,+24.3,+26,ESTP,0,0,+0,+0,+0.0165,+0,+0.0401,+0,+0,+0,03:07:01 26.03.2020
8134,+25.1,+15.7,+22.1,+21.9,+22,+24.7,+24.2,+24.3,+24.3,+24.3,+26,ESTP,0,0,+0,+0,+0.0165,+0,+0.0401,+0,+0,+0,03:08:01 26.03.2020
8135,+25.1,+15.7,+22.1,+21.9,+22,+24.7,+24.2,+24.3,+24.3,+24.3,+26,ESTP,0,0,+0,+0,+0.0165,+0,+0.0401,+0,+0,+0,03:09:01 26.03.2020
8136,+25.1,+15.7,+22.1,+21.9,+22,+24.7,+24.2,+24.3,+24.3,+24.3,+26,ESTP,0,0,+0,+0,+0.0165,+0,+0.0401,+0,+0,+0,03:10:01 26.03.2020
8137,+25.2,+15.7,+22.1,+21.9,+22,+24.7,+24.2,+24.3,+24.3,+24.3,+26,ESTP,0,0,+0,+0,+0.0165,+0,+0.0401,+0,+0,+0,03:11:01 26.03.2020
8138,+25.2,+15.7,+22.1,+21.9,+22,+24.7,+24.2,+24.3,+24.3,+24.3,+26,ESTP,0,0,+0,+0,+0.0165,+0,+0.0401,+0,+0,+0,03:12:01 26.03.2020
8139,+25.2,+15.7,+22.1,+21.9,+22,+24.8,+24.2,+24.3,+24.3,+24.3,+26,ESTP,0,0,+0,+0,+0.0165,+0,+0.0401,+0,+0,+0,03:13:01 26.03.2020
8140,+25.2,+15.6,+22.1,+21.9,+22,+24.8,+24.2,+24.3,+24.3,+24.3,+26,ESTP,0,0,+0,+0,+0.0165,+0,+0.0401,+0,+0,+0,03:14:01 26.03.2020
8141,+25.2,+15.6,+22.1,+21.9,+22,+24.8,+24.2,+24.3,+24.3,+24.3,+26,ESTP,0,0,+0,+0,+0.0165,+0,+0.0401,+0,+0,+0,03:15:01 26.03.2020
8142,+25.2,+15.6,+22.1,+21.9,+22,+24.8,+24.2,+24.3,+24.3,+24.3,+26,ESTP,0,0,+0,+0,+0.0165,+0,+0.0401,+0,+0,+0,03:16:01 26.03.2020
8143,+25.2,+15.6,+22.1,+21.9,+22,+24.8,+24.2,+24.3,+24.3,+24.3,+26,ESTP,0,0,+0,+0,+0.0165,+0,+0.0401,+0,+0,+0,03:17:01 26.03.2020
8144,+25.2,+15.6,+22.1,+21.9,+22,+24.8,+24.2,+24.3,+24.3,+24.3,+26,ESTP,0,0,+0,+0,+0.0165,+0,+0.0401,+0,+0,+0,03:18:01 26.03.2020
8145,+25.2,+15.6,+22.1,+21.9,+22,+24.8,+24.2,+24.3,+24.3,+24.3,+26,ESTP,0,0,+0,+0,+0.0165,+0,+0.0401,+0,+0,+0,03:19:01 26.03.2020
8146,+25.1,+15.6,+22.1,+21.9,+22,+24.8,+24.2,+24.3,+24.3,+24.3,+26,ESTP,0,0,+0,+0,+0.0165,+0,+0.0401,+0,+0,+0,03:20:01 26.03.2020
8147,+25.1,+15.6,+22.1,+21.9,+22,+24.8,+24.2,+24.3,+24.3,+24.3,+26,ESTP,0,0,+0,+0,+0.0165,+0,+0.0401,+0,+0,+0,03:21:01 26.03.2020
8148,+25.1,+15.6,+22.1,+21.9,+22,+24.7,+24.2,+24.3,+24.3,+24.3,+26,ESTP,0,0,+0,+0,+0.0165,+0,+0.0401,+0,+0,+0,03:22:01 26.03.2020
8149,+25.1,+15.6,+22.1,+21.9,+22,+24.7,+24.2,+24.3,+24.3,+24.3,+26,ESTP,0,0,+0,+0,+0.0165,+0,+0.0401,+0,+0,+0,03:23:01 26.03.2020
8150,+25.1,+15.6,+22.1,+21.9,+22,+24.7,+24.2,+24.3,+24.3,+24.3,+26,ESTP,0,0,+0,+0,+0.0165,+0,+0.0401,+0,+0,+0,03:24:01 26.03.2020
8151,+25.1,+15.6,+22.1,+21.9,+22,+24.7,+24.2,+24.3,+24.3,+24.3,+26,ESTP,0,0,+0,+0,+0.0165,+0,+0.0401,+0,+0,+0,03:25:01 26.03.2020
8152,+25.2,+15.6,+22.1,+21.9,+21.9,+24.7,+24.2,+24.3,+24.3,+24.3,+26,ESTP,0,0,+0,+0,+0.0165,+0,+0.0401,+0,+0,+0,03:26:01 26.03.2020
8153,+25.2,+15.6,+22.1,+21.9,+22,+24.7,+24.2,+24.3,+24.3,+24.3,+26,ESTP,0,0,+0,+0,+0.0165,+0,+0.0401,+0,+0,+0,03:27:01 26.03.2020
8154,+25.2,+15.6,+22.1,+21.9,+22,+24.8,+24.2,+24.3,+24.3,+24.3,+26,ESTP,0,0,+0,+0,+0.0165,+0,+0.0401,+0,+0,+0,03:28:01 26.03.2020
8155,+25.2,+15.6,+22.1,+21.9,+22,+24.8,+24.2,+24.3,+24.3,+24.3,+26,ESTP,0,0,+0,+0,+0.0165,+0,+0.0401,+0,+0,+0,03:29:01 26.03.2020
8156,+25.3,+15.6,+22.1,+21.9,+22,+24.8,+24.2,+24.3,+24.3,+24.3,+26,ESTP,0,0,+0,+0,+0.0165,+0,+0.0401,+0,+0,+0,03:30:01 26.03.2020
8157,+25.2,+15.6,+22.1,+21.9,+21.9,+24.8,+24.2,+24.3,+24.3,+24.3,+26,ESTP,0,0,+0,+0,+0.0165,+0,+0.0402,+0,+0,+0,03:31:01 26.03.2020
8158,+25.2,+15.6,+22.1,+21.9,+22,+24.8,+24.2,+24.3,+24.3,+24.3,+26,ESTP,0,0,+0,+0,+0.0165,+0,+0.0402,+0,+0,+0,03:32:01 26.03.2020
8159,+25.2,+15.6,+22,+21.9,+21.9,+24.8,+24.2,+24.3,+24.3,+24.3,+26,ESTP,0,0,+0,+0,+0.0165,+0,+0.0402,+0,+0,+0,03:33:01 26.03.2020
8160,+25.2,+15.6,+22.1,+21.9,+21.9,+24.8,+24.2,+24.4,+24.3,+24.3,+26,ESTP,0,0,+0,+0,+0.0165,+0,+0.0402,+0,+0,+0,03:34:01 26.03.2020
8161,+25.2,+15.6,+22.1,+21.9,+21.9,+24.8,+24.2,+24.4,+24.3,+24.3,+26,ESTP,0,0,+0,+0,+0.0165,+0,+0.0402,+0,+0,+0,03:35:01 26.03.2020
8162,+25.2,+15.6,+22.1,+21.9,+21.9,+24.8,+24.2,+24.4,+24.3,+24.3,+26,ESTP,0,0,+0,+0,+0.0165,+0,+0.0401,+0,+0,+0,03:36:01 26.03.2020
8163,+25.1,+15.6,+22.1,+21.9,+21.9,+24.8,+24.2,+24.4,+24.3,+24.3,+26,ESTP,0,0,+0,+0,+0.0165,+0,+0.0401,+0,+0,+0,03:37:01 26.03.2020
8164,+25.1,+15.6,+22,+21.9,+21.9,+24.8,+24.2,+24.4,+24.3,+24.3,+26,ESTP,0,0,+0,+0,+0.0165,+0,+0.0401,+0,+0,+0,03:38:01 26.03.2020
8165,+25.1,+15.5,+22,+21.9,+21.9,+24.8,+24.2,+24.4,+24.3,+24.3,+26,ESTP,0,0,+0,+0,+0.0165,+0,+0.0401,+0,+0,+0,03:39:01 26.03.2020
8166,+25.2,+15.5,+22.1,+21.9,+21.9,+24.8,+24.2,+24.3,+24.3,+24.3,+26,ESTP,0,0,+0,+0,+0.0165,+0,+0.0401,+0,+0,+0,03:40:01 26.03.2020
8167,+25.2,+15.5,+22.1,+21.9,+21.9,+24.8,+24.2,+24.3,+24.3,+24.3,+26,ESTP,0,0,+0,+0,+0.0165,+0,+0.0401,+0,+0,+0,03:41:01 26.03.2020
8168,+25.2,+15.5,+22.1,+21.9,+21.9,+24.8,+24.2,+24.4,+24.3,+24.3,+26,ESTP,0,0,+0,+0,+0.0165,+0,+0.0401,+0,+0,+0,03:42:01 26.03.2020
8169,+25.2,+15.5,+22,+21.9,+21.9,+24.8,+24.2,+24.4,+24.3,+24.3,+26,ESTP,0,0,+0,+0,+0.0165,+0,+0.0401,+0,+0,+0,03:43:01 26.03.2020
8170,+25.3,+15.5,+22,+21.9,+21.9,+24.8,+24.2,+24.4,+24.3,+24.3,+26,ESTP,0,0,+0,+0,+0.0165,+0,+0.0402,+0,+0,+0,03:44:01 26.03.2020
8171,+25.3,+15.5,+22,+21.9,+21.9,+24.8,+24.2,+24.4,+24.3,+24.3,+26,ESTP,0,0,+0,+0,+0.0165,+0,+0.0402,+0,+0,+0,03:45:01 26.03.2020
8172,+25.3,+15.5,+22,+21.9,+21.9,+24.8,+24.2,+24.4,+24.3,+24.3,+26,ESTP,0,0,+0,+0,+0.0165,+0,+0.0402,+0,+0,+0,03:46:01 26.03.2020
8173,+25.2,+15.5,+22,+21.9,+21.9,+24.8,+24.2,+24.4,+24.3,+24.3,+26,ESTP,0,0,+0,+0,+0.0165,+0,+0.0402,+0,+0,+0,03:47:01 26.03.2020
8174,+25.2,+15.5,+22,+21.9,+21.9,+24.9,+24.2,+24.4,+24.3,+24.3,+26,ESTP,0,0,+0,+0,+0.0165,+0,+0.0402,+0,+0,+0,03:48:01 26.03.2020
8175,+25.2,+15.5,+22,+21.9,+21.9,+24.8,+24.2,+24.4,+24.3,+24.3,+26,ESTP,0,0,+0,+0,+0.0165,+0,+0.0402,+0,+0,+0,03:49:01 26.03.2020
8176,+25.2,+15.5,+22,+21.9,+21.9,+24.8,+24.2,+24.4,+24.3,+24.3,+26,ESTP,0,0,+0,+0,+0.0165,+0,+0.0402,+0,+0,+0,03:50:01 26.03.2020
8177,+25.2,+15.5,+22,+21.9,+21.9,+24.8,+24.2,+24.4,+24.3,+24.3,+26,ESTP,0,0,+0,+0,+0.0165,+0,+0.0402,+0,+0,+0,03:51:01 26.03.2020
8178,+25.2,+15.5,+22,+21.9,+21.9,+24.8,+24.2,+24.4,+24.3,+24.3,+26,ESTP,0,0,+0,+0,+0.0165,+0,+0.0402,+0,+0,+0,03:52:01 26.03.2020
8179,+25.2,+15.5,+22,+21.9,+21.9,+24.8,+24.2,+24.4,+24.3,+24.3,+26,ESTP,0,0,+0,+0,+0.0165,+0,+0.0402,+0,+0,+0,03:53:01 26.03.2020
8180,+25.2,+15.5,+22,+21.9,+21.9,+24.8,+24.2,+24.4,+24.3,+24.3,+26,ESTP,0,0,+0,+0,+0.0165,+0,+0.0402,+0,+0,+0,03:54:01 26.03.2020
8181,+25.2,+15.5,+22,+21.9,+21.9,+24.8,+24.2,+24.4,+24.3,+24.3,+26,ESTP,0,0,+0,+0,+0.0165,+0,+0.0401,+0,+0,+0,03:55:01 26.03.2020
8182,+25.2,+15.5,+22,+21.9,+21.9,+24.8,+24.2,+24.4,+24.3,+24.3,+26,ESTP,0,0,+0,+0,+0.0165,+0,+0.0401,+0,+0,+0,03:56:01 26.03.2020
8183,+25.2,+15.5,+22,+21.9,+21.9,+24.8,+24.2,+24.4,+24.3,+24.3,+26,ESTP,0,0,+0,+0,+0.0165,+0,+0.0401,+0,+0,+0,03:57:01 26.03.2020
8184,+25.2,+15.5,+22,+21.9,+21.9,+24.8,+24.2,+24.4,+24.3,+24.3,+26,ESTP,0,0,+0,+0,+0.0165,+0,+0.0401,+0,+0,+0,03:58:01 26.03.2020
8185,+25.2,+15.5,+22,+21.9,+21.9,+24.8,+24.2,+24.4,+24.3,+24.3,+26,ESTP,0,0,+0,+0,+0.0165,+0,+0.0402,+0,+0,+0,03:59:01 26.03.2020
8186,+25.3,+15.5,+22,+21.9,+21.9,+24.8,+24.2,+24.4,+24.3,+24.3,+26,ESTP,0,0,+0,+0,+0.0165,+0,+0.0402,+0,+0,+0,04:00:01 26.03.2020
8187,+25.3,+15.4,+22,+21.9,+21.9,+24.8,+24.2,+24.4,+24.3,+24.3,+26,ESTP,0,0,+0,+0,+0.0165,+0,+0.0402,+0,+0,+0,04:01:01 26.03.2020
8188,+25.3,+15.4,+22,+21.9,+21.9,+24.8,+24.2,+24.4,+24.3,+24.3,+26,ESTP,0,0,+0,+0,+0.0165,+0,+0.0402,+0,+0,+0,04:02:01 26.03.2020
8189,+25.2,+15.4,+22,+21.8,+21.9,+24.9,+24.2,+24.4,+24.3,+24.3,+26,ESTP,0,0,+0,+0,+0.0165,+0,+0.0402,+0,+0,+0,04:03:01 26.03.2020
8190,+25.2,+15.4,+22,+21.8,+21.9,+24.8,+24.2,+24.4,+24.3,+24.3,+26,ESTP,0,0,+0,+0,+0.0165,+0,+0.0402,+0,+0,+0,04:04:01 26.03.2020
8191,+25.2,+15.4,+22,+21.8,+21.9,+24.8,+24.2,+24.4,+24.3,+24.3,+26,ESTP,0,0,+0,+0,+0.0165,+0,+0.0402,+0,+0,+0,04:05:01 26.03.2020
8192,+25.2,+15.4,+22,+21.8,+21.9,+24.8,+24.2,+24.4,+24.3,+24.3,+26,ESTP,0,0,+0,+0,+0.0165,+0,+0.0402,+0,+0,+0,04:06:01 26.03.2020
8193,+25.2,+15.4,+22,+21.8,+21.9,+24.8,+24.2,+24.4,+24.3,+24.3,+26,ESTP,0,0,+0,+0,+0.0165,+0,+0.0402,+0,+0,+0,04:07:01 26.03.2020
8194,+25.2,+15.4,+22,+21.9,+21.9,+24.8,+24.2,+24.4,+24.3,+24.3,+26,ESTP,0,0,+0,+0,+0.0165,+0,+0.0402,+0,+0,+0,04:08:01 26.03.2020
8195,+25.2,+15.4,+22,+21.8,+21.9,+24.8,+24.2,+24.4,+24.3,+24.3,+26,ESTP,0,0,+0,+0,+0.0165,+0,+0.0402,+0,+0,+0,04:09:01 26.03.2020
8196,+25.1,+15.4,+22,+21.8,+21.9,+24.8,+24.2,+24.4,+24.3,+24.3,+26,ESTP,0,0,+0,+0,+0.0165,+0,+0.0402,+0,+0,+0,04:10:01 26.03.2020
8197,+25.2,+15.4,+22,+21.8,+21.9,+24.8,+24.2,+24.4,+24.3,+24.3,+26,ESTP,0,0,+0,+0,+0.0165,+0,+0.0402,+0,+0,+0,04:11:01 26.03.2020
8198,+25.2,+15.4,+22,+21.8,+21.9,+24.8,+24.2,+24.4,+24.3,+24.3,+26,ESTP,0,0,+0,+0,+0.0165,+0,+0.0401,+0,+0,+0,04:12:01 26.03.2020
8199,+25.2,+15.4,+22,+21.8,+21.9,+24.8,+24.2,+24.4,+24.3,+24.3,+26,ESTP,0,0,+0,+0,+0.0165,+0,+0.0402,+0,+0,+0,04:13:01 26.03.2020
8200,+25.2,+15.4,+22,+21.8,+21.9,+24.8,+24.2,+24.4,+24.3,+24.3,+26,ESTP,0,0,+0,+0,+0.0165,+0,+0.0402,+0,+0,+0,04:14:01 26.03.2020
8201,+25.2,+15.4,+22,+21.8,+21.9,+24.8,+24.2,+24.4,+24.3,+24.3,+26,ESTP,0,0,+0,+0,+0.0165,+0,+0.0402,+0,+0,+0,04:15:01 26.03.2020
8202,+25.3,+15.4,+22,+21.8,+21.9,+24.8,+24.2,+24.4,+24.3,+24.3,+26,ESTP,0,0,+0,+0,+0.0165,+0,+0.0402,+0,+0,+0,04:16:01 26.03.2020
8203,+25.3,+15.4,+22,+21.8,+21.9,+24.8,+24.2,+24.4,+24.3,+24.3,+26,ESTP,0,0,+0,+0,+0.0165,+0,+0.0402,+0,+0,+0,04:17:01 26.03.2020
8204,+25.3,+15.4,+22,+21.8,+21.9,+24.9,+24.2,+24.4,+24.3,+24.3,+26,ESTP,0,0,+0,+0,+0.0165,+0,+0.0402,+0,+0,+0,04:18:01 26.03.2020
8205,+25.2,+15.4,+22,+21.8,+21.9,+24.9,+24.2,+24.4,+24.3,+24.3,+26,ESTP,0,0,+0,+0,+0.0165,+0,+0.0402,+0,+0,+0,04:19:01 26.03.2020
8206,+25.2,+15.4,+22,+21.8,+21.9,+24.9,+24.2,+24.4,+24.3,+24.3,+26,ESTP,0,0,+0,+0,+0.0165,+0,+0.0402,+0,+0,+0,04:20:01 26.03.2020
8207,+25.2,+15.4,+22,+21.8,+21.9,+24.9,+24.2,+24.4,+24.3,+24.3,+26,ESTP,0,0,+0,+0,+0.0165,+0,+0.0402,+0,+0,+0,04:21:01 26.03.2020
8208,+25.2,+15.4,+22,+21.8,+21.9,+24.9,+24.2,+24.4,+24.3,+24.3,+26,ESTP,0,0,+0,+0,+0.0165,+0,+0.0402,+0,+0,+0,04:22:01 26.03.2020
8209,+25.2,+15.4,+22,+21.8,+21.9,+24.8,+24.2,+24.4,+24.3,+24.3,+26,ESTP,0,0,+0,+0,+0.0165,+0,+0.0402,+0,+0,+0,04:23:01 26.03.2020
8210,+25.2,+15.4,+22,+21.8,+21.9,+24.8,+24.2,+24.4,+24.3,+24.3,+26,ESTP,0,0,+0,+0,+0.0165,+0,+0.0402,+0,+0,+0,04:24:01 26.03.2020
8211,+25.2,+15.3,+22,+21.8,+21.9,+24.8,+24.2,+24.4,+24.3,+24.3,+26,ESTP,0,0,+0,+0,+0.0165,+0,+0.0402,+0,+0,+0,04:25:01 26.03.2020
8212,+25.2,+15.3,+22,+21.8,+21.9,+24.8,+24.2,+24.4,+24.3,+24.3,+26,ESTP,0,0,+0,+0,+0.0165,+0,+0.0402,+0,+0,+0,04:26:01 26.03.2020
8213,+25.2,+15.3,+22,+21.8,+21.9,+24.8,+24.2,+24.4,+24.3,+24.3,+26,ESTP,0,0,+0,+0,+0.0165,+0,+0.0402,+0,+0,+0,04:27:01 26.03.2020
8214,+25.2,+15.3,+22,+21.8,+21.9,+24.8,+24.2,+24.4,+24.3,+24.3,+26,ESTP,0,0,+0,+0,+0.0165,+0,+0.0402,+0,+0,+0,04:28:01 26.03.2020
8215,+25.3,+15.3,+22,+21.8,+21.9,+24.8,+24.2,+24.4,+24.3,+24.3,+26,ESTP,0,0,+0,+0,+0.0165,+0,+0.0402,+0,+0,+0,04:29:01 26.03.2020
8216,+25.3,+15.3,+22,+21.8,+21.9,+24.8,+24.2,+24.4,+24.3,+24.3,+26,ESTP,0,0,+0,+0,+0.0165,+0,+0.0402,+0,+0,+0,04:30:01 26.03.2020
8217,+25.3,+15.4,+22,+21.8,+21.9,+24.9,+24.2,+24.4,+24.3,+24.3,+26,ESTP,0,0,+0,+0,+0.0165,+0,+0.0402,+0,+0,+0,04:31:01 26.03.2020
8218,+25.3,+15.4,+22,+21.8,+21.9,+24.9,+24.2,+24.4,+24.3,+24.3,+26,ESTP,0,0,+0,+0,+0.0165,+0,+0.0402,+0,+0,+0,04:32:01 26.03.2020
8219,+25.3,+15.4,+22,+21.8,+21.9,+24.9,+24.2,+24.4,+24.3,+24.3,+26,ESTP,0,0,+0,+0,+0.0165,+0,+0.0402,+0,+0,+0,04:33:01 26.03.2020
8220,+25.3,+15.3,+22,+21.8,+21.9,+24.9,+24.3,+24.4,+24.3,+24.3,+26,ESTP,0,0,+0,+0,+0.0165,+0,+0.0402,+0,+0,+0,04:34:01 26.03.2020
8221,+25.3,+15.3,+22,+21.8,+21.9,+24.9,+24.3,+24.4,+24.3,+24.3,+26,ESTP,0,0,+0,+0,+0.0165,+0,+0.0402,+0,+0,+0,04:35:01 26.03.2020
8222,+25.2,+15.3,+22,+21.8,+21.9,+24.9,+24.2,+24.4,+24.3,+24.3,+26,ESTP,0,0,+0,+0,+0.0165,+0,+0.0402,+0,+0,+0,04:36:01 26.03.2020
8223,+25.2,+15.3,+22,+21.8,+21.9,+24.9,+24.3,+24.4,+24.3,+24.3,+26,ESTP,0,0,+0,+0,+0.0165,+0,+0.0402,+0,+0,+0,04:37:01 26.03.2020
8224,+25.2,+15.3,+22,+21.8,+21.9,+24.9,+24.3,+24.4,+24.3,+24.3,+26,ESTP,0,0,+0,+0,+0.0165,+0,+0.0402,+0,+0,+0,04:38:01 26.03.2020
8225,+25.2,+15.3,+22,+21.8,+21.9,+24.9,+24.3,+24.4,+24.3,+24.3,+26,ESTP,0,0,+0,+0,+0.0165,+0,+0.0402,+0,+0,+0,04:39:01 26.03.2020
8226,+25.2,+15.3,+22,+21.8,+21.9,+24.9,+24.3,+24.4,+24.3,+24.3,+26,ESTP,0,0,+0,+0,+0.0165,+0,+0.0402,+0,+0,+0,04:40:01 26.03.2020
8227,+25.2,+15.3,+22,+21.8,+21.9,+24.8,+24.3,+24.4,+24.3,+24.3,+26,ESTP,0,0,+0,+0,+0.0165,+0,+0.0402,+0,+0,+0,04:41:01 26.03.2020
8228,+25.2,+15.3,+22,+21.8,+21.9,+24.8,+24.3,+24.4,+24.3,+24.3,+26,ESTP,0,0,+0,+0,+0.0165,+0,+0.0402,+0,+0,+0,04:42:01 26.03.2020
8229,+25.2,+15.3,+22,+21.8,+21.9,+24.8,+24.3,+24.4,+24.3,+24.3,+26,ESTP,0,0,+0,+0,+0.0165,+0,+0.0402,+0,+0,+0,04:43:01 26.03.2020
8230,+25.2,+15.3,+22,+21.8,+21.9,+24.8,+24.3,+24.4,+24.3,+24.3,+26,ESTP,0,0,+0,+0,+0.0165,+0,+0.0402,+0,+0,+0,04:44:01 26.03.2020
8231,+25.2,+15.3,+22,+21.8,+21.9,+24.8,+24.3,+24.4,+24.3,+24.3,+26,ESTP,0,0,+0,+0,+0.0165,+0,+0.0402,+0,+0,+0,04:45:01 26.03.2020
8232,+25.3,+15.3,+22,+21.8,+21.9,+24.9,+24.3,+24.4,+24.3,+24.3,+26,ESTP,0,0,+0,+0,+0.0165,+0,+0.0402,+0,+0,+0,04:46:01 26.03.2020
8233,+25.3,+15.3,+22,+21.8,+21.9,+24.9,+24.3,+24.4,+24.3,+24.3,+26,ESTP,0,0,+0,+0,+0.0165,+0,+0.0402,+0,+0,+0,04:47:01 26.03.2020
8234,+25.3,+15.3,+22,+21.8,+21.9,+24.9,+24.3,+24.4,+24.3,+24.3,+26,ESTP,0,0,+0,+0,+0.0165,+0,+0.0402,+0,+0,+0,04:48:01 26.03.2020
8235,+25.3,+15.3,+22,+21.8,+21.9,+24.9,+24.3,+24.4,+24.3,+24.3,+26,ESTP,0,0,+0,+0,+0.0165,+0,+0.0404,+0,+0,+0,04:49:01 26.03.2020
8236,+25.3,+15.2,+22,+21.8,+21.9,+24.9,+24.3,+24.4,+24.3,+24.3,+26,ESTP,0,0,+0,+0,+0.0165,+0,+0.0404,+0,+0,+0,04:50:01 26.03.2020
8237,+25.3,+15.2,+22,+21.8,+21.9,+24.9,+24.3,+24.4,+24.3,+24.3,+26,ESTP,0,0,+0,+0,+0.0165,+0,+0.0404,+0,+0,+0,04:51:01 26.03.2020
8238,+25.3,+15.2,+22,+21.8,+21.9,+24.9,+24.3,+24.4,+24.3,+24.3,+26,ESTP,0,0,+0,+0,+0.0165,+0,+0.0404,+0,+0,+0,04:52:01 26.03.2020
8239,+25.2,+15.2,+22,+21.8,+21.9,+24.9,+24.3,+24.4,+24.3,+24.3,+26,ESTP,0,0,+0,+0,+0.0165,+0,+0.0404,+0,+0,+0,04:53:01 26.03.2020
8240,+25.2,+15.2,+22,+21.8,+21.9,+24.9,+24.3,+24.4,+24.3,+24.3,+26,ESTP,0,0,+0,+0,+0.0165,+0,+0.0402,+0,+0,+0,04:54:01 26.03.2020
8241,+25.2,+15.2,+22,+21.8,+21.9,+24.9,+24.3,+24.4,+24.3,+24.3,+26,ESTP,0,0,+0,+0,+0.0165,+0,+0.0402,+0,+0,+0,04:55:01 26.03.2020
8242,+25.2,+15.2,+22,+21.8,+21.9,+24.9,+24.3,+24.4,+24.3,+24.3,+26,ESTP,0,0,+0,+0,+0.0165,+0,+0.0402,+0,+0,+0,04:56:01 26.03.2020
8243,+25.2,+15.2,+22,+21.8,+21.9,+24.9,+24.3,+24.4,+24.3,+24.3,+26,ESTP,0,0,+0,+0,+0.0165,+0,+0.0402,+0,+0,+0,04:57:01 26.03.2020
8244,+25.2,+15.2,+22,+21.8,+21.9,+24.9,+24.3,+24.4,+24.3,+24.3,+26,ESTP,0,0,+0,+0,+0.0165,+0,+0.0402,+0,+0,+0,04:58:01 26.03.2020
8245,+25.2,+15.2,+22,+21.8,+21.9,+24.9,+24.3,+24.4,+24.3,+24.3,+26,ESTP,0,0,+0,+0,+0.0165,+0,+0.0402,+0,+0,+0,04:59:01 26.03.2020
8246,+25.2,+15.2,+22,+21.8,+21.9,+24.8,+24.3,+24.4,+24.3,+24.3,+26,ESTP,0,0,+0,+0,+0.0165,+0,+0.0402,+0,+0,+0,05:00:01 26.03.2020
8247,+25.2,+15.2,+22,+21.8,+21.9,+24.9,+24.3,+24.4,+24.3,+24.3,+26,ESTP,0,0,+0,+0,+0.0165,+0,+0.0402,+0,+0,+0,05:01:01 26.03.2020
8248,+25.2,+15.2,+22,+21.8,+21.9,+24.9,+24.3,+24.4,+24.3,+24.3,+26,ESTP,0,0,+0,+0,+0.0165,+0,+0.0402,+0,+0,+0,05:02:01 26.03.2020
8249,+25.3,+15.2,+22,+21.8,+21.9,+24.9,+24.3,+24.4,+24.3,+24.3,+26,ESTP,0,0,+0,+0,+0.0165,+0,+0.0402,+0,+0,+0,05:03:01 26.03.2020
8250,+25.3,+15.2,+22,+21.8,+21.9,+24.9,+24.3,+24.4,+24.3,+24.3,+26,ESTP,0,0,+0,+0,+0.0165,+0,+0.0402,+0,+0,+0,05:04:01 26.03.2020
8251,+25.3,+15.2,+22,+21.8,+21.9,+24.9,+24.3,+24.4,+24.3,+24.3,+26,ESTP,0,0,+0,+0,+0.0165,+0,+0.0404,+0,+0,+0,05:05:01 26.03.2020
8252,+25.3,+15.2,+22,+21.8,+21.9,+24.9,+24.3,+24.4,+24.3,+24.3,+26,ESTP,0,0,+0,+0,+0.0165,+0,+0.0404,+0,+0,+0,05:06:01 26.03.2020
8253,+25.3,+15.2,+22,+21.8,+21.9,+24.9,+24.3,+24.4,+24.3,+24.3,+26,ESTP,0,0,+0,+0,+0.0165,+0,+0.0404,+0,+0,+0,05:07:01 26.03.2020
8254,+25.3,+15.2,+22,+21.8,+21.9,+24.9,+24.3,+24.4,+24.3,+24.3,+26,ESTP,0,0,+0,+0,+0.0165,+0,+0.0404,+0,+0,+0,05:08:01 26.03.2020
8255,+25.3,+15.2,+22,+21.8,+21.9,+24.9,+24.3,+24.4,+24.3,+24.3,+26,ESTP,0,0,+0,+0,+0.0165,+0,+0.0404,+0,+0,+0,05:09:01 26.03.2020
8256,+25.2,+15.2,+22,+21.8,+21.9,+24.9,+24.3,+24.4,+24.4,+24.3,+26,ESTP,0,0,+0,+0,+0.0166,+0,+0.0404,+0,+0,+0,05:10:01 26.03.2020
8257,+25.2,+15.2,+22,+21.8,+21.9,+24.9,+24.3,+24.4,+24.3,+24.3,+26,ESTP,0,0,+0,+0,+0.0165,+0,+0.0404,+0,+0,+0,05:11:01 26.03.2020
8258,+25.2,+15.2,+22,+21.8,+21.9,+24.9,+24.3,+24.4,+24.4,+24.3,+26,ESTP,0,0,+0,+0,+0.0166,+0,+0.0404,+0,+0,+0,05:12:01 26.03.2020
8259,+25.2,+15.2,+22,+21.8,+21.9,+24.9,+24.3,+24.4,+24.3,+24.3,+26,ESTP,0,0,+0,+0,+0.0165,+0,+0.0402,+0,+0,+0,05:13:01 26.03.2020
8260,+25.2,+15.2,+22,+21.8,+21.9,+24.9,+24.3,+24.4,+24.4,+24.3,+26,ESTP,0,0,+0,+0,+0.0165,+0,+0.0402,+0,+0,+0,05:14:01 26.03.2020
8261,+25.2,+15.2,+22,+21.8,+21.9,+24.9,+24.3,+24.4,+24.3,+24.3,+26,ESTP,0,0,+0,+0,+0.0165,+0,+0.0402,+0,+0,+0,05:15:01 26.03.2020
8262,+25.2,+15.2,+22,+21.8,+21.9,+24.9,+24.3,+24.4,+24.3,+24.3,+26,ESTP,0,0,+0,+0,+0.0165,+0,+0.0402,+0,+0,+0,05:16:01 26.03.2020
8263,+25.2,+15.2,+22,+21.8,+21.9,+24.9,+24.3,+24.4,+24.3,+24.3,+26,ESTP,0,0,+0,+0,+0.0165,+0,+0.0402,+0,+0,+0,05:17:01 26.03.2020
8264,+25.3,+15.2,+22,+21.8,+21.9,+24.9,+24.3,+24.4,+24.3,+24.3,+26,ESTP,0,0,+0,+0,+0.0165,+0,+0.0402,+0,+0,+0,05:18:01 26.03.2020
8265,+25.3,+15.2,+22,+21.8,+21.9,+24.9,+24.3,+24.4,+24.3,+24.3,+26,ESTP,0,0,+0,+0,+0.0165,+0,+0.0402,+0,+0,+0,05:19:01 26.03.2020
8266,+25.3,+15.2,+22,+21.8,+21.9,+24.9,+24.3,+24.4,+24.4,+24.3,+26,ESTP,0,0,+0,+0,+0.0166,+0,+0.0404,+0,+0,+0,05:20:01 26.03.2020
8267,+25.3,+15.2,+22,+21.8,+21.9,+24.9,+24.3,+24.4,+24.4,+24.3,+26,ESTP,0,0,+0,+0,+0.0166,+0,+0.0404,+0,+0,+0,05:21:01 26.03.2020
8268,+25.3,+15.2,+22,+21.8,+21.9,+24.9,+24.3,+24.4,+24.4,+24.3,+26,ESTP,0,0,+0,+0,+0.0166,+0,+0.0404,+0,+0,+0,05:22:01 26.03.2020
8269,+25.3,+15.2,+22,+21.8,+21.9,+24.9,+24.3,+24.4,+24.4,+24.3,+26,ESTP,0,0,+0,+0,+0.0166,+0,+0.0404,+0,+0,+0,05:23:01 26.03.2020
8270,+25.3,+15.2,+22,+21.8,+21.9,+24.9,+24.3,+24.4,+24.4,+24.3,+26,ESTP,0,0,+0,+0,+0.0166,+0,+0.0404,+0,+0,+0,05:24:01 26.03.2020
8271,+25.2,+15.1,+22,+21.8,+21.9,+24.9,+24.3,+24.4,+24.4,+24.3,+26,ESTP,0,0,+0,+0,+0.0166,+0,+0.0404,+0,+0,+0,05:25:01 26.03.2020
8272,+25.2,+15.1,+22,+21.8,+21.9,+24.9,+24.3,+24.4,+24.4,+24.3,+26,ESTP,0,0,+0,+0,+0.0166,+0,+0.0404,+0,+0,+0,05:26:01 26.03.2020
8273,+25.2,+15.1,+22,+21.8,+21.9,+24.9,+24.3,+24.4,+24.4,+24.3,+26,ESTP,0,0,+0,+0,+0.0166,+0,+0.0404,+0,+0,+0,05:27:01 26.03.2020
8274,+25.2,+15.1,+22,+21.8,+21.9,+24.9,+24.3,+24.4,+24.4,+24.3,+26,ESTP,0,0,+0,+0,+0.0166,+0,+0.0402,+0,+0,+0,05:28:01 26.03.2020
8275,+25.2,+15.1,+22,+21.8,+21.9,+24.9,+24.3,+24.4,+24.4,+24.3,+26,ESTP,0,0,+0,+0,+0.0166,+0,+0.0402,+0,+0,+0,05:29:01 26.03.2020
8276,+25.2,+15.1,+22,+21.8,+21.9,+24.9,+24.3,+24.4,+24.3,+24.3,+26,ESTP,0,0,+0,+0,+0.0165,+0,+0.0402,+0,+0,+0,05:30:01 26.03.2020
8277,+25.2,+15.2,+22,+21.8,+21.9,+24.9,+24.3,+24.4,+24.4,+24.3,+26,ESTP,0,0,+0,+0,+0.0166,+0,+0.0402,+0,+0,+0,05:31:01 26.03.2020
8278,+25.2,+15.2,+22,+21.8,+21.9,+24.9,+24.3,+24.4,+24.4,+24.3,+26,ESTP,0,0,+0,+0,+0.0166,+0,+0.0402,+0,+0,+0,05:32:01 26.03.2020
8279,+25.2,+15.1,+22,+21.8,+21.9,+24.9,+24.3,+24.4,+24.3,+24.3,+26,ESTP,0,0,+0,+0,+0.0165,+0,+0.0402,+0,+0,+0,05:33:01 26.03.2020
8280,+25.3,+15.2,+22,+21.8,+21.9,+24.9,+24.3,+24.4,+24.4,+24.3,+26,ESTP,0,0,+0,+0,+0.0166,+0,+0.0402,+0,+0,+0,05:34:01 26.03.2020
8281,+25.3,+15.1,+22,+21.8,+21.9,+24.9,+24.3,+24.4,+24.4,+24.3,+26,ESTP,0,0,+0,+0,+0.0166,+0,+0.0404,+0,+0,+0,05:35:01 26.03.2020
8282,+25.3,+15.1,+22,+21.8,+21.9,+24.9,+24.3,+24.4,+24.4,+24.3,+26,ESTP,0,0,+0,+0,+0.0166,+0,+0.0404,+0,+0,+0,05:36:01 26.03.2020
8283,+25.3,+15.1,+22,+21.8,+21.9,+24.9,+24.3,+24.4,+24.4,+24.3,+26,ESTP,0,0,+0,+0,+0.0166,+0,+0.0404,+0,+0,+0,05:37:01 26.03.2020
8284,+25.3,+15.1,+22,+21.8,+21.9,+24.9,+24.3,+24.4,+24.4,+24.3,+26,ESTP,0,0,+0,+0,+0.0166,+0,+0.0404,+0,+0,+0,05:38:01 26.03.2020
8285,+25.3,+15.1,+22,+21.8,+21.9,+24.9,+24.3,+24.4,+24.4,+24.3,+26,ESTP,0,0,+0,+0,+0.0166,+0,+0.0404,+0,+0,+0,05:39:01 26.03.2020
8286,+25.3,+15.1,+22,+21.8,+21.9,+24.9,+24.3,+24.4,+24.4,+24.3,+26,ESTP,0,0,+0,+0,+0.0166,+0,+0.0404,+0,+0,+0,05:40:01 26.03.2020
8287,+25.3,+15.1,+22,+21.8,+21.9,+24.9,+24.3,+24.4,+24.4,+24.4,+26,ESTP,0,0,+0,+0,+0.0166,+0,+0.0404,+0,+0,+0,05:41:01 26.03.2020
8288,+25.2,+15.1,+22,+21.8,+21.9,+24.9,+24.3,+24.4,+24.4,+24.4,+26,ESTP,0,0,+0,+0,+0.0166,+0,+0.0404,+0,+0,+0,05:42:01 26.03.2020
8289,+25.2,+15.1,+22,+21.8,+21.9,+24.9,+24.3,+24.4,+24.4,+24.4,+26,ESTP,0,0,+0,+0,+0.0166,+0,+0.0404,+0,+0,+0,05:43:01 26.03.2020
8290,+25.2,+15.1,+22,+21.8,+21.9,+24.9,+24.3,+24.4,+24.4,+24.4,+26,ESTP,0,0,+0,+0,+0.0166,+0,+0.0404,+0,+0,+0,05:44:01 26.03.2020
8291,+25.2,+15.1,+22,+21.8,+21.9,+24.9,+24.3,+24.4,+24.4,+24.4,+26,ESTP,0,0,+0,+0,+0.0166,+0,+0.0404,+0,+0,+0,05:45:01 26.03.2020
8292,+25.2,+15.1,+22,+21.8,+21.9,+24.9,+24.3,+24.4,+24.4,+24.4,+26,ESTP,0,0,+0,+0,+0.0166,+0,+0.0404,+0,+0,+0,05:46:01 26.03.2020
8293,+25.3,+15.1,+22,+21.8,+21.9,+24.9,+24.3,+24.4,+24.4,+24.4,+26,ESTP,0,0,+0,+0,+0.0166,+0,+0.0404,+0,+0,+0,05:47:01 26.03.2020
8294,+25.3,+15.1,+22,+21.8,+21.9,+24.9,+24.3,+24.4,+24.4,+24.4,+26,ESTP,0,0,+0,+0,+0.0166,+0,+0.0404,+0,+0,+0,05:48:01 26.03.2020
8295,+25.3,+15.1,+22,+21.8,+21.9,+24.9,+24.3,+24.4,+24.4,+24.4,+26,ESTP,0,0,+0,+0,+0.0166,+0,+0.0404,+0,+0,+0,05:49:01 26.03.2020
8296,+25.3,+15.1,+22,+21.8,+21.9,+24.9,+24.3,+24.4,+24.4,+24.4,+26,ESTP,0,0,+0,+0,+0.0166,+0,+0.0404,+0,+0,+0,05:50:01 26.03.2020
8297,+25.4,+15.1,+22,+21.8,+21.9,+24.9,+24.3,+24.4,+24.4,+24.4,+26,ESTP,0,0,+0,+0,+0.0166,+0,+0.0404,+0,+0,+0,05:51:01 26.03.2020
8298,+25.4,+15.1,+22,+21.8,+21.9,+24.9,+24.3,+24.4,+24.4,+24.4,+26,ESTP,0,0,+0,+0,+0.0166,+0,+0.0404,+0,+0,+0,05:52:01 26.03.2020
8299,+25.3,+15.1,+22,+21.8,+21.9,+24.9,+24.3,+24.4,+24.4,+24.4,+26,ESTP,0,0,+0,+0,+0.0166,+0,+0.0404,+0,+0,+0,05:53:01 26.03.2020
8300,+25.3,+15.1,+22,+21.8,+21.9,+24.9,+24.3,+24.4,+24.4,+24.4,+26,ESTP,0,0,+0,+0,+0.0166,+0,+0.0404,+0,+0,+0,05:54:01 26.03.2020
8301,+25.3,+15.1,+22,+21.8,+21.9,+24.9,+24.3,+24.4,+24.4,+24.4,+26,ESTP,0,0,+0,+0,+0.0166,+0,+0.0404,+0,+0,+0,05:55:01 26.03.2020
8302,+25.3,+15,+22,+21.8,+21.9,+24.9,+24.3,+24.5,+24.4,+24.4,+26,ESTP,0,0,+0,+0,+0.0166,+0,+0.0404,+0,+0,+0,05:56:01 26.03.2020
8303,+25.3,+15,+22,+21.8,+21.9,+24.9,+24.3,+24.5,+24.4,+24.4,+26,ESTP,0,0,+0,+0,+0.0166,+0,+0.0404,+0,+0,+0,05:57:01 26.03.2020
8304,+25.2,+15,+22,+21.8,+21.9,+24.9,+24.3,+24.4,+24.4,+24.4,+26,ESTP,0,0,+0,+0,+0.0166,+0,+0.0404,+0,+0,+0,05:58:01 26.03.2020
8305,+25.2,+15,+22,+21.8,+21.9,+24.9,+24.3,+24.5,+24.4,+24.4,+26,ESTP,0,0,+0,+0,+0.0166,+0,+0.0404,+0,+0,+0,05:59:01 26.03.2020
8306,+25.2,+15,+22,+21.8,+21.9,+24.9,+24.3,+24.4,+24.4,+24.4,+26,ESTP,0,0,+0,+0,+0.0166,+0,+0.0404,+0,+0,+0,06:00:01 26.03.2020
8307,+25.2,+15,+22,+21.8,+21.9,+24.9,+24.3,+24.4,+24.4,+24.4,+26,ESTP,0,0,+0,+0,+0.0166,+0,+0.0404,+0,+0,+0,06:01:01 26.03.2020
8308,+25.3,+15,+22,+21.8,+21.8,+24.9,+24.3,+24.4,+24.4,+24.4,+26,ESTP,0,0,+0,+0,+0.0166,+0,+0.0404,+0,+0,+0,06:02:01 26.03.2020
8309,+25.3,+15,+22,+21.8,+21.9,+24.9,+24.3,+24.4,+24.4,+24.4,+26,ESTP,0,0,+0,+0,+0.0166,+0,+0.0404,+0,+0,+0,06:03:01 26.03.2020
8310,+25.3,+15,+22,+21.8,+21.9,+24.9,+24.3,+24.4,+24.4,+24.4,+26,ESTP,0,0,+0,+0,+0.0166,+0,+0.0404,+0,+0,+0,06:04:01 26.03.2020
8311,+25.3,+15,+22,+21.8,+21.8,+24.9,+24.3,+24.4,+24.4,+24.4,+26,ESTP,0,0,+0,+0,+0.0166,+0,+0.0404,+0,+0,+0,06:05:01 26.03.2020
8312,+25.3,+15,+22,+21.8,+21.8,+24.9,+24.3,+24.4,+24.4,+24.4,+26,ESTP,0,0,+0,+0,+0.0166,+0,+0.0404,+0,+0,+0,06:06:01 26.03.2020
8313,+25.4,+15,+22,+21.8,+21.9,+24.9,+24.3,+24.5,+24.4,+24.4,+26,ESTP,0,0,+0,+0,+0.0166,+0,+0.0404,+0,+0,+0,06:07:01 26.03.2020
8314,+25.4,+15,+22,+21.8,+21.8,+25,+24.3,+24.5,+24.4,+24.4,+26,ESTP,0,0,+0,+0,+0.0166,+0,+0.0404,+0,+0,+0,06:08:01 26.03.2020
8315,+25.3,+15,+22,+21.8,+21.8,+25,+24.3,+24.5,+24.4,+24.4,+26,ESTP,0,0,+0,+0,+0.0166,+0,+0.0404,+0,+0,+0,06:09:01 26.03.2020
8316,+25.3,+15,+22,+21.8,+21.8,+25,+24.3,+24.5,+24.4,+24.4,+26,ESTP,0,0,+0,+0,+0.0166,+0,+0.0404,+0,+0,+0,06:10:01 26.03.2020
8317,+25.3,+15,+22,+21.8,+21.8,+25,+24.3,+24.5,+24.4,+24.4,+26,ESTP,0,0,+0,+0,+0.0166,+0,+0.0404,+0,+0,+0,06:11:01 26.03.2020
8318,+25.3,+15,+22,+21.8,+21.8,+24.9,+24.3,+24.5,+24.4,+24.4,+26,ESTP,0,0,+0,+0,+0.0166,+0,+0.0404,+0,+0,+0,06:12:01 26.03.2020
8319,+25.3,+15,+22,+21.8,+21.8,+24.9,+24.3,+24.5,+24.4,+24.4,+26,ESTP,0,0,+0,+0,+0.0166,+0,+0.0404,+0,+0,+0,06:13:01 26.03.2020
8320,+25.3,+15,+22,+21.8,+21.8,+24.9,+24.3,+24.5,+24.4,+24.4,+26,ESTP,0,0,+0,+0,+0.0166,+0,+0.0404,+0,+0,+0,06:14:01 26.03.2020
8321,+25.2,+15,+22,+21.8,+21.8,+24.9,+24.3,+24.5,+24.4,+24.4,+26,ESTP,0,0,+0,+0,+0.0166,+0,+0.0404,+0,+0,+0,06:15:01 26.03.2020
8322,+25.2,+15,+22,+21.8,+21.8,+24.9,+24.3,+24.5,+24.4,+24.4,+26,ESTP,0,0,+0,+0,+0.0166,+0,+0.0404,+0,+0,+0,06:16:01 26.03.2020
8323,+25.2,+15,+22,+21.8,+21.8,+24.9,+24.3,+24.5,+24.4,+24.4,+26,ESTP,0,0,+0,+0,+0.0166,+0,+0.0404,+0,+0,+0,06:17:01 26.03.2020
8324,+25.2,+15,+22,+21.8,+21.8,+24.9,+24.3,+24.5,+24.4,+24.4,+26,ESTP,0,0,+0,+0,+0.0166,+0,+0.0404,+0,+0,+0,06:18:01 26.03.2020
8325,+25.3,+15,+22,+21.8,+21.8,+24.9,+24.3,+24.5,+24.4,+24.4,+26,ESTP,0,0,+0,+0,+0.0166,+0,+0.0404,+0,+0,+0,06:19:01 26.03.2020
8326,+25.3,+15,+22,+21.8,+21.8,+24.9,+24.3,+24.5,+24.4,+24.4,+26,ESTP,0,0,+0,+0,+0.0166,+0,+0.0404,+0,+0,+0,06:20:01 26.03.2020
8327,+25.3,+15,+22,+21.8,+21.8,+24.9,+24.3,+24.5,+24.4,+24.4,+26,ESTP,0,0,+0,+0,+0.0166,+0,+0.0404,+0,+0,+0,06:21:01 26.03.2020
8328,+25.3,+15,+22,+21.8,+21.8,+24.9,+24.3,+24.5,+24.4,+24.4,+26,ESTP,0,0,+0,+0,+0.0166,+0,+0.0404,+0,+0,+0,06:22:01 26.03.2020
8329,+25.3,+15,+22,+21.8,+21.8,+24.9,+24.3,+24.5,+24.4,+24.4,+26,ESTP,0,0,+0,+0,+0.0166,+0,+0.0404,+0,+0,+0,06:23:01 26.03.2020
8330,+25.4,+15,+22,+21.8,+21.8,+24.9,+24.3,+24.5,+24.4,+24.4,+26,ESTP,0,0,+0,+0,+0.0166,+0,+0.0404,+0,+0,+0,06:24:01 26.03.2020
8331,+25.4,+15,+22,+21.8,+21.8,+25,+24.3,+24.5,+24.4,+24.4,+26,ESTP,0,0,+0,+0,+0.0166,+0,+0.0404,+0,+0,+0,06:25:01 26.03.2020
8332,+25.3,+15,+22,+21.8,+21.8,+25,+24.3,+24.5,+24.4,+24.4,+26,ESTP,0,0,+0,+0,+0.0166,+0,+0.0404,+0,+0,+0,06:26:01 26.03.2020
8333,+25.3,+15,+22,+21.8,+21.8,+25,+24.3,+24.5,+24.4,+24.4,+26,ESTP,0,0,+0,+0,+0.0166,+0,+0.0404,+0,+0,+0,06:27:01 26.03.2020
8334,+25.3,+15,+22,+21.8,+21.8,+25,+24.3,+24.5,+24.4,+24.4,+26,ESTP,0,0,+0,+0,+0.0166,+0,+0.0404,+0,+0,+0,06:28:01 26.03.2020
8335,+25.3,+15,+22,+21.8,+21.8,+25,+24.3,+24.5,+24.4,+24.4,+26,ESTP,0,0,+0,+0,+0.0166,+0,+0.0404,+0,+0,+0,06:29:01 26.03.2020
8336,+25.3,+15,+22,+21.8,+21.8,+24.9,+24.3,+24.5,+24.4,+24.4,+26,ESTP,0,0,+0,+0,+0.0166,+0,+0.0404,+0,+0,+0,06:30:01 26.03.2020
8337,+25.3,+15,+22,+21.8,+21.8,+24.9,+24.3,+24.5,+24.4,+24.4,+26,ESTP,0,0,+0,+0,+0.0166,+0,+0.0404,+0,+0,+0,06:31:01 26.03.2020
8338,+25.2,+15,+22,+21.8,+21.8,+24.9,+24.3,+24.5,+24.4,+24.4,+26,ESTP,0,0,+0,+0,+0.0166,+0,+0.0404,+0,+0,+0,06:32:01 26.03.2020
8339,+25.3,+14.9,+22,+21.7,+21.8,+24.9,+24.3,+24.5,+24.4,+24.4,+26,ESTP,0,0,+0,+0,+0.0166,+0,+0.0404,+0,+0,+0,06:33:01 26.03.2020
8340,+25.3,+15,+22,+21.7,+21.8,+24.9,+24.3,+24.5,+24.4,+24.4,+26,ESTP,0,0,+0,+0,+0.0166,+0,+0.0404,+0,+0,+0,06:34:01 26.03.2020
8341,+25.3,+14.9,+22,+21.7,+21.8,+24.9,+24.3,+24.5,+24.4,+24.4,+26,ESTP,0,0,+0,+0,+0.0166,+0,+0.0404,+0,+0,+0,06:35:01 26.03.2020
8342,+25.3,+14.9,+22,+21.7,+21.8,+24.9,+24.3,+24.5,+24.4,+24.4,+26,ESTP,0,0,+0,+0,+0.0166,+0,+0.0404,+0,+0,+0,06:36:01 26.03.2020
8343,+25.4,+14.9,+22,+21.7,+21.8,+24.9,+24.3,+24.5,+24.4,+24.4,+26,ESTP,0,0,+0,+0,+0.0166,+0,+0.0404,+0,+0,+0,06:37:01 26.03.2020
8344,+25.4,+14.9,+22,+21.7,+21.8,+25,+24.3,+24.5,+24.4,+24.4,+26,ESTP,0,0,+0,+0,+0.0166,+0,+0.0404,+0,+0,+0,06:38:01 26.03.2020
8345,+25.4,+14.9,+22,+21.7,+21.8,+25,+24.3,+24.5,+24.4,+24.4,+26,ESTP,0,0,+0,+0,+0.0166,+0,+0.0404,+0,+0,+0,06:39:01 26.03.2020
8346,+25.4,+14.9,+22,+21.7,+21.8,+25,+24.3,+24.5,+24.4,+24.4,+26,ESTP,0,0,+0,+0,+0.0166,+0,+0.0404,+0,+0,+0,06:40:01 26.03.2020
8347,+25.4,+14.9,+22,+21.7,+21.8,+25,+24.3,+24.5,+24.4,+24.4,+26,ESTP,0,0,+0,+0,+0.0166,+0,+0.0404,+0,+0,+0,06:41:01 26.03.2020
8348,+25.3,+14.9,+22,+21.7,+21.8,+25,+24.3,+24.5,+24.4,+24.4,+26,ESTP,0,0,+0,+0,+0.0166,+0,+0.0404,+0,+0,+0,06:42:01 26.03.2020
8349,+25.3,+14.9,+22,+21.7,+21.8,+25,+24.3,+24.5,+24.4,+24.4,+26,ESTP,0,0,+0,+0,+0.0166,+0,+0.0404,+0,+0,+0,06:43:01 26.03.2020
8350,+25.3,+14.9,+22,+21.7,+21.8,+25,+24.3,+24.5,+24.4,+24.4,+26,ESTP,0,0,+0,+0,+0.0166,+0,+0.0404,+0,+0,+0,06:44:01 26.03.2020
8351,+25.3,+14.9,+22,+21.7,+21.8,+25,+24.3,+24.5,+24.4,+24.4,+26,ESTP,0,0,+0,+0,+0.0166,+0,+0.0404,+0,+0,+0,06:45:01 26.03.2020
8352,+25.3,+14.9,+22,+21.7,+21.8,+25,+24.3,+24.5,+24.4,+24.4,+26,ESTP,0,0,+0,+0,+0.0166,+0,+0.0404,+0,+0,+0,06:46:01 26.03.2020
8353,+25.3,+14.9,+22,+21.7,+21.8,+25,+24.3,+24.5,+24.4,+24.4,+26,ESTP,0,0,+0,+0,+0.0166,+0,+0.0404,+0,+0,+0,06:47:01 26.03.2020
8354,+25.3,+14.9,+22,+21.7,+21.8,+24.9,+24.3,+24.5,+24.4,+24.4,+26,ESTP,0,0,+0,+0,+0.0166,+0,+0.0404,+0,+0,+0,06:48:01 26.03.2020
8355,+25.3,+14.9,+22,+21.7,+21.8,+24.9,+24.3,+24.5,+24.4,+24.4,+26,ESTP,0,0,+0,+0,+0.0166,+0,+0.0404,+0,+0,+0,06:49:01 26.03.2020
8356,+25.3,+14.9,+22,+21.7,+21.8,+24.9,+24.3,+24.5,+24.4,+24.4,+26,ESTP,0,0,+0,+0,+0.0166,+0,+0.0404,+0,+0,+0,06:50:01 26.03.2020
8357,+25.3,+14.9,+22,+21.7,+21.8,+24.9,+24.3,+24.5,+24.4,+24.4,+26,ESTP,0,0,+0,+0,+0.0166,+0,+0.0404,+0,+0,+0,06:51:01 26.03.2020
8358,+25.3,+14.9,+22,+21.7,+21.8,+24.9,+24.3,+24.5,+24.4,+24.4,+26,ESTP,0,0,+0,+0,+0.0166,+0,+0.0404,+0,+0,+0,06:52:01 26.03.2020
8359,+25.4,+14.9,+22,+21.7,+21.8,+24.9,+24.3,+24.5,+24.4,+24.4,+26,ESTP,0,0,+0,+0,+0.0166,+0,+0.0404,+0,+0,+0,06:53:01 26.03.2020
8360,+25.4,+14.9,+22,+21.7,+21.8,+25,+24.3,+24.5,+24.4,+24.4,+26,ESTP,0,0,+0,+0,+0.0166,+0,+0.0404,+0,+0,+0,06:54:01 26.03.2020
8361,+25.4,+14.9,+22,+21.7,+21.8,+25,+24.3,+24.5,+24.4,+24.4,+26,ESTP,0,0,+0,+0,+0.0166,+0,+0.0404,+0,+0,+0,06:55:01 26.03.2020
8362,+25.3,+14.9,+22,+21.7,+21.8,+25,+24.3,+24.5,+24.4,+24.4,+26,ESTP,0,0,+0,+0,+0.0166,+0,+0.0404,+0,+0,+0,06:56:01 26.03.2020
8363,+25.3,+14.9,+22,+21.7,+21.8,+25,+24.3,+24.5,+24.4,+24.4,+26,ESTP,0,0,+0,+0,+0.0166,+0,+0.0404,+0,+0,+0,06:57:01 26.03.2020
8364,+25.3,+14.9,+22,+21.7,+21.8,+25,+24.3,+24.5,+24.4,+24.4,+26,ESTP,0,0,+0,+0,+0.0166,+0,+0.0404,+0,+0,+0,06:58:01 26.03.2020
8365,+25.3,+14.9,+22,+21.7,+21.8,+25,+24.3,+24.5,+24.4,+24.4,+26,ESTP,0,0,+0,+0,+0.0166,+0,+0.0404,+0,+0,+0,06:59:01 26.03.2020
8366,+25.3,+14.9,+22,+21.7,+21.8,+25,+24.3,+24.5,+24.4,+24.4,+26,ESTP,0,0,+0,+0,+0.0166,+0,+0.0404,+0,+0,+0,07:00:01 26.03.2020
8367,+25.3,+14.9,+22,+21.7,+21.8,+25,+24.3,+24.5,+24.4,+24.4,+26,ESTP,0,0,+0,+0,+0.0166,+0,+0.0404,+0,+0,+0,07:01:01 26.03.2020
8368,+25.3,+14.9,+21.9,+21.7,+21.8,+25,+24.3,+24.5,+24.4,+24.4,+26,ESTP,0,0,+0,+0,+0.0166,+0,+0.0404,+0,+0,+0,07:02:01 26.03.2020
8369,+25.3,+14.9,+22,+21.7,+21.8,+24.9,+24.3,+24.5,+24.4,+24.4,+26,ESTP,0,0,+0,+0,+0.0166,+0,+0.0404,+0,+0,+0,07:03:01 26.03.2020
8370,+25.3,+14.9,+22,+21.7,+21.8,+24.9,+24.3,+24.5,+24.4,+24.4,+26,ESTP,0,0,+0,+0,+0.0166,+0,+0.0404,+0,+0,+0,07:04:01 26.03.2020
8371,+25.3,+14.9,+22,+21.7,+21.8,+24.9,+24.3,+24.5,+24.4,+24.4,+26,ESTP,0,0,+0,+0,+0.0166,+0,+0.0404,+0,+0,+0,07:05:01 26.03.2020
8372,+25.3,+14.8,+22,+21.7,+21.8,+24.9,+24.3,+24.5,+24.4,+24.4,+26,ESTP,0,0,+0,+0,+0.0166,+0,+0.0404,+0,+0,+0,07:06:01 26.03.2020
8373,+25.3,+14.8,+21.9,+21.7,+21.8,+24.9,+24.3,+24.5,+24.4,+24.4,+26,ESTP,0,0,+0,+0,+0.0166,+0,+0.0404,+0,+0,+0,07:07:01 26.03.2020
8374,+25.3,+14.8,+22,+21.7,+21.8,+25,+24.3,+24.5,+24.4,+24.4,+26,ESTP,0,0,+0,+0,+0.0166,+0,+0.0404,+0,+0,+0,07:08:01 26.03.2020
8375,+25.4,+14.8,+22,+21.7,+21.8,+25,+24.3,+24.5,+24.4,+24.4,+26,ESTP,0,0,+0,+0,+0.0166,+0,+0.0404,+0,+0,+0,07:09:01 26.03.2020
8376,+25.4,+14.8,+21.9,+21.7,+21.8,+25,+24.3,+24.5,+24.4,+24.4,+26,ESTP,0,0,+0,+0,+0.0166,+0,+0.0404,+0,+0,+0,07:10:01 26.03.2020
8377,+25.4,+14.8,+21.9,+21.7,+21.8,+25,+24.3,+24.5,+24.4,+24.4,+26,ESTP,0,0,+0,+0,+0.0166,+0,+0.0405,+0,+0,+0,07:11:01 26.03.2020
8378,+25.4,+14.8,+21.9,+21.7,+21.8,+25,+24.3,+24.5,+24.4,+24.4,+26,ESTP,0,0,+0,+0,+0.0166,+0,+0.0404,+0,+0,+0,07:12:01 26.03.2020
8379,+25.3,+14.8,+21.9,+21.7,+21.8,+25,+24.3,+24.5,+24.4,+24.4,+26,ESTP,0,0,+0,+0,+0.0166,+0,+0.0404,+0,+0,+0,07:13:01 26.03.2020
8380,+25.3,+14.8,+21.9,+21.7,+21.8,+25,+24.3,+24.5,+24.4,+24.4,+26,ESTP,0,0,+0,+0,+0.0166,+0,+0.0404,+0,+0,+0,07:14:01 26.03.2020
8381,+25.3,+14.8,+21.9,+21.7,+21.8,+25,+24.3,+24.5,+24.4,+24.4,+26,ESTP,0,0,+0,+0,+0.0166,+0,+0.0404,+0,+0,+0,07:15:01 26.03.2020
8382,+25.3,+14.8,+21.9,+21.7,+21.8,+25,+24.3,+24.5,+24.4,+24.4,+26,ESTP,0,0,+0,+0,+0.0166,+0,+0.0404,+0,+0,+0,07:16:01 26.03.2020
8383,+25.3,+14.8,+21.9,+21.7,+21.8,+25,+24.3,+24.5,+24.4,+24.4,+26,ESTP,0,0,+0,+0,+0.0166,+0,+0.0404,+0,+0,+0,07:17:01 26.03.2020
8384,+25.3,+14.8,+21.9,+21.7,+21.8,+25,+24.3,+24.5,+24.4,+24.4,+26,ESTP,0,0,+0,+0,+0.0166,+0,+0.0404,+0,+0,+0,07:18:01 26.03.2020
8385,+25.3,+14.8,+21.9,+21.7,+21.8,+25,+24.3,+24.5,+24.4,+24.4,+26,ESTP,0,0,+0,+0,+0.0166,+0,+0.0404,+0,+0,+0,07:19:01 26.03.2020
8386,+25.3,+14.8,+21.9,+21.7,+21.8,+24.9,+24.3,+24.5,+24.4,+24.4,+26,ESTP,0,0,+0,+0,+0.0166,+0,+0.0404,+0,+0,+0,07:20:01 26.03.2020
8387,+25.3,+14.8,+21.9,+21.7,+21.8,+24.9,+24.3,+24.5,+24.4,+24.4,+26,ESTP,0,0,+0,+0,+0.0166,+0,+0.0404,+0,+0,+0,07:21:01 26.03.2020
8388,+25.3,+14.8,+21.9,+21.7,+21.8,+25,+24.3,+24.5,+24.4,+24.4,+26,ESTP,0,0,+0,+0,+0.0166,+0,+0.0404,+0,+0,+0,07:22:01 26.03.2020
8389,+25.4,+14.8,+21.9,+21.7,+21.8,+25,+24.3,+24.5,+24.4,+24.4,+26,ESTP,0,0,+0,+0,+0.0166,+0,+0.0404,+0,+0,+0,07:23:01 26.03.2020
8390,+25.4,+14.8,+21.9,+21.7,+21.8,+25,+24.3,+24.5,+24.4,+24.4,+26,ESTP,0,0,+0,+0,+0.0166,+0,+0.0404,+0,+0,+0,07:24:01 26.03.2020
8391,+25.4,+14.8,+21.9,+21.7,+21.8,+25,+24.3,+24.5,+24.4,+24.4,+26,ESTP,0,0,+0,+0,+0.0166,+0,+0.0404,+0,+0,+0,07:25:01 26.03.2020
8392,+25.4,+14.8,+21.9,+21.7,+21.8,+25,+24.3,+24.5,+24.4,+24.4,+26,ESTP,0,0,+0,+0,+0.0166,+0,+0.0406,+0,+0,+0,07:26:01 26.03.2020
8393,+25.4,+14.8,+21.9,+21.7,+21.8,+25,+24.3,+24.5,+24.4,+24.4,+26,ESTP,0,0,+0,+0,+0.0166,+0,+0.0406,+0,+0,+0,07:27:01 26.03.2020
8394,+25.3,+14.8,+21.9,+21.7,+21.8,+25,+24.3,+24.5,+24.4,+24.4,+26,ESTP,0,0,+0,+0,+0.0166,+0,+0.0406,+0,+0,+0,07:28:01 26.03.2020
8395,+25.3,+14.8,+21.9,+21.7,+21.8,+25,+24.3,+24.5,+24.4,+24.4,+26,ESTP,0,0,+0,+0,+0.0166,+0,+0.0404,+0,+0,+0,07:29:01 26.03.2020
8396,+25.3,+14.8,+21.9,+21.7,+21.8,+25,+24.3,+24.5,+24.4,+24.4,+26,ESTP,0,0,+0,+0,+0.0166,+0,+0.0404,+0,+0,+0,07:30:01 26.03.2020
8397,+25.3,+14.8,+21.9,+21.7,+21.8,+25,+24.3,+24.5,+24.4,+24.4,+26,ESTP,0,0,+0,+0,+0.0166,+0,+0.0404,+0,+0,+0,07:31:01 26.03.2020
8398,+25.3,+14.8,+21.9,+21.7,+21.8,+25,+24.3,+24.5,+24.4,+24.4,+26,ESTP,0,0,+0,+0,+0.0166,+0,+0.0404,+0,+0,+0,07:32:01 26.03.2020
8399,+25.3,+14.8,+21.9,+21.7,+21.8,+25,+24.3,+24.5,+24.4,+24.4,+26,ESTP,0,0,+0,+0,+0.0166,+0,+0.0404,+0,+0,+0,07:33:01 26.03.2020
8400,+25.3,+14.8,+21.9,+21.7,+21.8,+25,+24.3,+24.5,+24.4,+24.4,+26,ESTP,0,0,+0,+0,+0.0166,+0,+0.0404,+0,+0,+0,07:34:01 26.03.2020
8401,+25.3,+14.8,+21.9,+21.7,+21.8,+25,+24.3,+24.5,+24.4,+24.4,+26,ESTP,0,0,+0,+0,+0.0166,+0,+0.0404,+0,+0,+0,07:35:01 26.03.2020
8402,+25.3,+14.8,+21.9,+21.7,+21.8,+25,+24.3,+24.5,+24.4,+24.4,+26,ESTP,0,0,+0,+0,+0.0166,+0,+0.0404,+0,+0,+0,07:36:01 26.03.2020
8403,+25.3,+14.8,+21.9,+21.7,+21.8,+25,+24.3,+24.5,+24.4,+24.4,+26,ESTP,0,0,+0,+0,+0.0166,+0,+0.0404,+0,+0,+0,07:37:01 26.03.2020
8404,+25.4,+14.8,+21.9,+21.7,+21.8,+25,+24.3,+24.5,+24.4,+24.4,+26,ESTP,0,0,+0,+0,+0.0166,+0,+0.0404,+0,+0,+0,07:38:01 26.03.2020
8405,+25.4,+14.8,+21.9,+21.7,+21.8,+25,+24.3,+24.5,+24.4,+24.4,+26,ESTP,0,0,+0,+0,+0.0166,+0,+0.0404,+0,+0,+0,07:39:01 26.03.2020
8406,+25.4,+14.8,+21.9,+21.7,+21.8,+25,+24.3,+24.5,+24.4,+24.4,+26,ESTP,0,0,+0,+0,+0.0166,+0,+0.0406,+0,+0,+0,07:40:01 26.03.2020
8407,+25.4,+14.8,+21.9,+21.7,+21.8,+25,+24.3,+24.5,+24.4,+24.4,+26,ESTP,0,0,+0,+0,+0.0166,+0,+0.0406,+0,+0,+0,07:41:01 26.03.2020
8408,+25.4,+14.8,+21.9,+21.7,+21.8,+25,+24.3,+24.5,+24.4,+24.4,+26,ESTP,0,0,+0,+0,+0.0166,+0,+0.0406,+0,+0,+0,07:42:01 26.03.2020
8409,+25.3,+14.8,+21.9,+21.7,+21.8,+25,+24.3,+24.5,+24.4,+24.4,+26,ESTP,0,0,+0,+0,+0.0166,+0,+0.0406,+0,+0,+0,07:43:01 26.03.2020
8410,+25.3,+14.8,+21.9,+21.7,+21.8,+25,+24.3,+24.5,+24.4,+24.4,+26,ESTP,0,0,+0,+0,+0.0166,+0,+0.0406,+0,+0,+0,07:44:01 26.03.2020
8411,+25.3,+14.7,+21.9,+21.7,+21.8,+25,+24.3,+24.5,+24.4,+24.4,+26,ESTP,0,0,+0,+0,+0.0166,+0,+0.0406,+0,+0,+0,07:45:01 26.03.2020
8412,+25.3,+14.7,+21.9,+21.7,+21.8,+25,+24.3,+24.5,+24.4,+24.4,+26,ESTP,0,0,+0,+0,+0.0166,+0,+0.0406,+0,+0,+0,07:46:01 26.03.2020
8413,+25.3,+14.7,+21.9,+21.7,+21.8,+25,+24.3,+24.5,+24.4,+24.4,+26,ESTP,0,0,+0,+0,+0.0166,+0,+0.0405,+0,+0,+0,07:47:01 26.03.2020
8414,+25.3,+14.7,+21.9,+21.7,+21.8,+25,+24.3,+24.5,+24.4,+24.4,+26,ESTP,0,0,+0,+0,+0.0166,+0,+0.0404,+0,+0,+0,07:48:01 26.03.2020
8415,+25.3,+14.7,+21.9,+21.7,+21.8,+25,+24.3,+24.5,+24.4,+24.4,+26,ESTP,0,0,+0,+0,+0.0166,+0,+0.0404,+0,+0,+0,07:49:01 26.03.2020
8416,+25.3,+14.7,+21.9,+21.7,+21.8,+25,+24.3,+24.5,+24.4,+24.4,+26,ESTP,0,0,+0,+0,+0.0166,+0,+0.0404,+0,+0,+0,07:50:01 26.03.2020
8417,+25.3,+14.7,+21.9,+21.7,+21.8,+25,+24.3,+24.5,+24.4,+24.4,+26,ESTP,0,0,+0,+0,+0.0166,+0,+0.0404,+0,+0,+0,07:51:01 26.03.2020
8418,+25.3,+14.7,+21.9,+21.7,+21.8,+25,+24.4,+24.5,+24.4,+24.4,+26,ESTP,0,0,+0,+0,+0.0166,+0,+0.0404,+0,+0,+0,07:52:01 26.03.2020
8419,+25.4,+14.7,+21.9,+21.7,+21.8,+25,+24.3,+24.5,+24.4,+24.4,+26,ESTP,0,0,+0,+0,+0.0166,+0,+0.0404,+0,+0,+0,07:53:01 26.03.2020
8420,+25.4,+14.7,+21.9,+21.7,+21.8,+25,+24.4,+24.5,+24.4,+24.4,+26,ESTP,0,0,+0,+0,+0.0166,+0,+0.0406,+0,+0,+0,07:54:01 26.03.2020
8421,+25.4,+14.7,+21.9,+21.7,+21.8,+25,+24.3,+24.5,+24.4,+24.4,+26,ESTP,0,0,+0,+0,+0.0166,+0,+0.0406,+0,+0,+0,07:55:01 26.03.2020
8422,+25.4,+14.7,+21.9,+21.7,+21.8,+25,+24.3,+24.5,+24.4,+24.4,+26,ESTP,0,0,+0,+0,+0.0166,+0,+0.0406,+0,+0,+0,07:56:01 26.03.2020
8423,+25.4,+14.7,+21.9,+21.7,+21.8,+25,+24.3,+24.5,+24.4,+24.4,+26,ESTP,0,0,+0,+0,+0.0166,+0,+0.0406,+0,+0,+0,07:57:01 26.03.2020
8424,+25.4,+14.7,+21.9,+21.7,+21.8,+25,+24.4,+24.5,+24.4,+24.4,+26,ESTP,0,0,+0,+0,+0.0166,+0,+0.0406,+0,+0,+0,07:58:01 26.03.2020
8425,+25.4,+14.7,+21.9,+21.7,+21.8,+25,+24.3,+24.5,+24.4,+24.4,+26,ESTP,0,0,+0,+0,+0.0166,+0,+0.0406,+0,+0,+0,07:59:01 26.03.2020
8426,+25.3,+14.7,+21.9,+21.7,+21.8,+25,+24.3,+24.5,+24.4,+24.4,+26,ESTP,0,0,+0,+0,+0.0166,+0,+0.0406,+0,+0,+0,08:00:01 26.03.2020
8427,+25.3,+14.7,+21.9,+21.7,+21.8,+25,+24.4,+24.5,+24.4,+24.4,+26,ESTP,0,0,+0,+0,+0.0166,+0,+0.0406,+0,+0,+0,08:01:01 26.03.2020
8428,+25.3,+14.7,+21.9,+21.7,+21.8,+25,+24.4,+24.5,+24.4,+24.4,+26,ESTP,0,0,+0,+0,+0.0166,+0,+0.0406,+0,+0,+0,08:02:01 26.03.2020
8429,+25.3,+14.7,+21.9,+21.7,+21.8,+25,+24.4,+24.5,+24.4,+24.4,+26,ESTP,0,0,+0,+0,+0.0166,+0,+0.0406,+0,+0,+0,08:03:01 26.03.2020
8430,+25.3,+14.7,+21.9,+21.7,+21.8,+25,+24.4,+24.5,+24.4,+24.4,+26,ESTP,0,0,+0,+0,+0.0166,+0,+0.0404,+0,+0,+0,08:04:01 26.03.2020
8431,+25.3,+14.7,+21.9,+21.7,+21.8,+25,+24.4,+24.5,+24.4,+24.4,+26,ESTP,0,0,+0,+0,+0.0166,+0,+0.0406,+0,+0,+0,08:05:01 26.03.2020
8432,+25.3,+14.7,+21.9,+21.7,+21.8,+25,+24.3,+24.5,+24.4,+24.4,+26,ESTP,0,0,+0,+0,+0.0166,+0,+0.0404,+0,+0,+0,08:06:01 26.03.2020
8433,+25.3,+14.7,+21.9,+21.7,+21.8,+25,+24.4,+24.5,+24.4,+24.4,+26,ESTP,0,0,+0,+0,+0.0166,+0,+0.0404,+0,+0,+0,08:07:01 26.03.2020
8434,+25.3,+14.7,+21.9,+21.7,+21.8,+25,+24.4,+24.5,+24.4,+24.4,+26,ESTP,0,0,+0,+0,+0.0166,+0,+0.0404,+0,+0,+0,08:08:01 26.03.2020
8435,+25.4,+14.7,+21.9,+21.7,+21.8,+25,+24.4,+24.5,+24.4,+24.4,+26,ESTP,0,0,+0,+0,+0.0166,+0,+0.0406,+0,+0,+0,08:09:01 26.03.2020
8436,+25.4,+14.7,+21.9,+21.7,+21.8,+25,+24.4,+24.5,+24.4,+24.4,+26,ESTP,0,0,+0,+0,+0.0166,+0,+0.0406,+0,+0,+0,08:10:01 26.03.2020
8437,+25.4,+14.7,+21.9,+21.7,+21.8,+25,+24.4,+24.5,+24.4,+24.4,+26,ESTP,0,0,+0,+0,+0.0166,+0,+0.0406,+0,+0,+0,08:11:01 26.03.2020
8438,+25.4,+14.7,+21.9,+21.7,+21.8,+25,+24.4,+24.5,+24.4,+24.4,+26,ESTP,0,0,+0,+0,+0.0166,+0,+0.0406,+0,+0,+0,08:12:01 26.03.2020
8439,+25.4,+14.7,+21.9,+21.7,+21.8,+25,+24.4,+24.5,+24.4,+24.4,+26,ESTP,0,0,+0,+0,+0.0166,+0,+0.0406,+0,+0,+0,08:13:01 26.03.2020
8440,+25.4,+14.7,+21.9,+21.7,+21.8,+25,+24.4,+24.5,+24.4,+24.4,+26,ESTP,0,0,+0,+0,+0.0166,+0,+0.0406,+0,+0,+0,08:14:01 26.03.2020
8441,+25.3,+14.7,+21.9,+21.7,+21.8,+25,+24.4,+24.5,+24.4,+24.4,+26,ESTP,0,0,+0,+0,+0.0166,+0,+0.0406,+0,+0,+0,08:15:01 26.03.2020
8442,+25.3,+14.7,+21.9,+21.7,+21.8,+25,+24.4,+24.5,+24.4,+24.4,+26,ESTP,0,0,+0,+0,+0.0166,+0,+0.0406,+0,+0,+0,08:16:01 26.03.2020
8443,+25.3,+14.7,+21.9,+21.7,+21.8,+25,+24.4,+24.5,+24.4,+24.4,+26,ESTP,0,0,+0,+0,+0.0166,+0,+0.0406,+0,+0,+0,08:17:01 26.03.2020
8444,+25.3,+14.7,+21.9,+21.7,+21.8,+25,+24.4,+24.5,+24.4,+24.4,+26,ESTP,0,0,+0,+0,+0.0166,+0,+0.0406,+0,+0,+0,08:18:01 26.03.2020
8445,+25.3,+14.7,+21.9,+21.7,+21.8,+25,+24.4,+24.5,+24.4,+24.4,+26,ESTP,0,0,+0,+0,+0.0166,+0,+0.0406,+0,+0,+0,08:19:01 26.03.2020
8446,+25.3,+14.7,+21.9,+21.7,+21.8,+25,+24.4,+24.5,+24.4,+24.4,+26,ESTP,0,0,+0,+0,+0.0166,+0,+0.0406,+0,+0,+0,08:20:01 26.03.2020
8447,+25.3,+14.7,+21.9,+21.7,+21.8,+25,+24.4,+24.5,+24.4,+24.4,+26,ESTP,0,0,+0,+0,+0.0166,+0,+0.0406,+0,+0,+0,08:21:01 26.03.2020
8448,+25.3,+14.7,+21.9,+21.7,+21.8,+25,+24.4,+24.5,+24.4,+24.4,+26,ESTP,0,0,+0,+0,+0.0166,+0,+0.0406,+0,+0,+0,08:22:01 26.03.2020
8449,+25.3,+14.7,+21.9,+21.7,+21.8,+25,+24.4,+24.5,+24.4,+24.4,+26,ESTP,0,0,+0,+0,+0.0166,+0,+0.0406,+0,+0,+0,08:23:01 26.03.2020
8450,+25.4,+14.7,+21.9,+21.7,+21.8,+25,+24.4,+24.5,+24.4,+24.4,+26,ESTP,0,0,+0,+0,+0.0166,+0,+0.0406,+0,+0,+0,08:24:01 26.03.2020
8451,+25.4,+14.7,+21.9,+21.7,+21.8,+25,+24.4,+24.5,+24.4,+24.4,+26,ESTP,0,0,+0,+0,+0.0166,+0,+0.0406,+0,+0,+0,08:25:01 26.03.2020
8452,+25.4,+14.7,+21.9,+21.7,+21.8,+25,+24.4,+24.5,+24.4,+24.4,+26,ESTP,0,0,+0,+0,+0.0166,+0,+0.0406,+0,+0,+0,08:26:01 26.03.2020
8453,+25.4,+14.7,+21.9,+21.7,+21.8,+25,+24.4,+24.5,+24.4,+24.4,+26,ESTP,0,0,+0,+0,+0.0166,+0,+0.0406,+0,+0,+0,08:27:01 26.03.2020
8454,+25.4,+14.7,+21.9,+21.7,+21.7,+25,+24.4,+24.5,+24.4,+24.4,+26,ESTP,0,0,+0,+0,+0.0166,+0,+0.0406,+0,+0,+0,08:28:01 26.03.2020
8455,+25.4,+14.7,+21.9,+21.7,+21.7,+25,+24.4,+24.5,+24.4,+24.4,+26,ESTP,0,0,+0,+0,+0.0166,+0,+0.0406,+0,+0,+0,08:29:01 26.03.2020
8456,+25.3,+14.7,+21.9,+21.7,+21.7,+25,+24.4,+24.5,+24.5,+24.4,+26,ESTP,0,0,+0,+0,+0.0167,+0,+0.0406,+0,+0,+0,08:30:01 26.03.2020
8457,+25.3,+14.7,+21.9,+21.7,+21.7,+25,+24.4,+24.5,+24.4,+24.4,+26,ESTP,0,0,+0,+0,+0.0167,+0,+0.0406,+0,+0,+0,08:31:01 26.03.2020
8458,+25.3,+14.7,+21.9,+21.7,+21.7,+25,+24.4,+24.5,+24.5,+24.4,+26,ESTP,0,0,+0,+0,+0.0167,+0,+0.0406,+0,+0,+0,08:32:01 26.03.2020
8459,+25.3,+14.7,+21.9,+21.7,+21.7,+25,+24.4,+24.5,+24.4,+24.4,+26,ESTP,0,0,+0,+0,+0.0166,+0,+0.0406,+0,+0,+0,08:33:01 26.03.2020
8460,+25.3,+14.7,+21.9,+21.7,+21.7,+25,+24.4,+24.5,+24.4,+24.4,+26,ESTP,0,0,+0,+0,+0.0166,+0,+0.0406,+0,+0,+0,08:34:01 26.03.2020
8461,+25.3,+14.7,+21.9,+21.7,+21.7,+25,+24.4,+24.5,+24.4,+24.4,+26,ESTP,0,0,+0,+0,+0.0166,+0,+0.0406,+0,+0,+0,08:35:01 26.03.2020
8462,+25.3,+14.7,+21.9,+21.7,+21.7,+25,+24.4,+24.5,+24.4,+24.4,+26,ESTP,0,0,+0,+0,+0.0166,+0,+0.0406,+0,+0,+0,08:36:01 26.03.2020
8463,+25.3,+14.7,+21.9,+21.7,+21.7,+25,+24.4,+24.5,+24.4,+24.4,+26,ESTP,0,0,+0,+0,+0.0166,+0,+0.0406,+0,+0,+0,08:37:01 26.03.2020
8464,+25.4,+14.7,+21.9,+21.7,+21.7,+25,+24.4,+24.5,+24.4,+24.4,+26,ESTP,0,0,+0,+0,+0.0166,+0,+0.0406,+0,+0,+0,08:38:01 26.03.2020
8465,+25.4,+14.7,+21.9,+21.7,+21.7,+25,+24.4,+24.5,+24.4,+24.4,+26,ESTP,0,0,+0,+0,+0.0166,+0,+0.0406,+0,+0,+0,08:39:01 26.03.2020
8466,+25.4,+14.7,+21.9,+21.7,+21.7,+25,+24.4,+24.5,+24.4,+24.4,+26,ESTP,0,0,+0,+0,+0.0166,+0,+0.0406,+0,+0,+0,08:40:01 26.03.2020
8467,+25.4,+14.7,+21.9,+21.7,+21.7,+25,+24.4,+24.5,+24.4,+24.4,+26,ESTP,0,0,+0,+0,+0.0166,+0,+0.0406,+0,+0,+0,08:41:01 26.03.2020
8468,+25.4,+14.7,+21.9,+21.7,+21.7,+25.1,+24.4,+24.5,+24.4,+24.4,+26,ESTP,0,0,+0,+0,+0.0166,+0,+0.0406,+0,+0,+0,08:42:01 26.03.2020
8469,+25.4,+14.7,+21.9,+21.7,+21.7,+25.1,+24.4,+24.5,+24.5,+24.4,+26,ESTP,0,0,+0,+0,+0.0167,+0,+0.0406,+0,+0,+0,08:43:01 26.03.2020
8470,+25.4,+14.7,+21.9,+21.7,+21.7,+25.1,+24.4,+24.5,+24.5,+24.4,+26,ESTP,0,0,+0,+0,+0.0167,+0,+0.0406,+0,+0,+0,08:44:01 26.03.2020
8471,+25.4,+14.6,+21.9,+21.7,+21.7,+25.1,+24.4,+24.5,+24.5,+24.4,+26,ESTP,0,0,+0,+0,+0.0167,+0,+0.0406,+0,+0,+0,08:45:01 26.03.2020
8472,+25.4,+14.7,+21.9,+21.7,+21.7,+25.1,+24.4,+24.5,+24.5,+24.4,+26,ESTP,0,0,+0,+0,+0.0167,+0,+0.0406,+0,+0,+0,08:46:01 26.03.2020
8473,+25.3,+14.6,+21.9,+21.7,+21.7,+25.1,+24.4,+24.5,+24.5,+24.5,+26,ESTP,0,0,+0,+0,+0.0167,+0,+0.0406,+0,+0,+0,08:47:01 26.03.2020
8474,+25.3,+14.6,+21.9,+21.7,+21.7,+25,+24.4,+24.5,+24.5,+24.5,+26,ESTP,0,0,+0,+0,+0.0167,+0,+0.0406,+0,+0,+0,08:48:01 26.03.2020
8475,+25.3,+14.6,+21.9,+21.7,+21.7,+25,+24.4,+24.5,+24.5,+24.5,+26,ESTP,0,0,+0,+0,+0.0167,+0,+0.0406,+0,+0,+0,08:49:01 26.03.2020
8476,+25.3,+14.6,+21.9,+21.7,+21.7,+25,+24.4,+24.5,+24.5,+24.5,+26,ESTP,0,0,+0,+0,+0.0167,+0,+0.0406,+0,+0,+0,08:50:01 26.03.2020
8477,+25.3,+14.6,+21.9,+21.7,+21.7,+25,+24.4,+24.5,+24.4,+24.5,+26,ESTP,0,0,+0,+0,+0.0166,+0,+0.0406,+0,+0,+0,08:51:01 26.03.2020
8478,+25.3,+14.6,+21.9,+21.7,+21.7,+25,+24.4,+24.5,+24.4,+24.4,+26,ESTP,0,0,+0,+0,+0.0166,+0,+0.0406,+0,+0,+0,08:52:01 26.03.2020
8479,+25.3,+14.6,+21.9,+21.7,+21.7,+25,+24.4,+24.5,+24.5,+24.5,+26,ESTP,0,0,+0,+0,+0.0167,+0,+0.0406,+0,+0,+0,08:53:01 26.03.2020
8480,+25.3,+14.6,+21.9,+21.7,+21.7,+25,+24.4,+24.5,+24.5,+24.4,+26,ESTP,0,0,+0,+0,+0.0167,+0,+0.0406,+0,+0,+0,08:54:01 26.03.2020
8481,+25.4,+14.6,+21.9,+21.7,+21.7,+25,+24.4,+24.5,+24.5,+24.4,+26,ESTP,0,0,+0,+0,+0.0167,+0,+0.0406,+0,+0,+0,08:55:01 26.03.2020
8482,+25.4,+14.6,+21.9,+21.7,+21.7,+25,+24.4,+24.5,+24.5,+24.4,+26,ESTP,0,0,+0,+0,+0.0167,+0,+0.0406,+0,+0,+0,08:56:01 26.03.2020
8483,+25.4,+14.6,+21.9,+21.7,+21.7,+25,+24.4,+24.5,+24.4,+24.4,+26,ESTP,0,0,+0,+0,+0.0166,+0,+0.0406,+0,+0,+0,08:57:01 26.03.2020
8484,+25.4,+14.6,+21.9,+21.7,+21.7,+25,+24.4,+24.5,+24.5,+24.5,+26,ESTP,0,0,+0,+0,+0.0167,+0,+0.0406,+0,+0,+0,08:58:01 26.03.2020
8485,+25.4,+14.6,+21.9,+21.7,+21.7,+25.1,+24.4,+24.5,+24.4,+24.5,+26,ESTP,0,0,+0,+0,+0.0166,+0,+0.0406,+0,+0,+0,08:59:01 26.03.2020
8486,+25.4,+14.6,+21.9,+21.7,+21.7,+25.1,+24.4,+24.5,+24.5,+24.5,+26,ESTP,0,0,+0,+0,+0.0167,+0,+0.0406,+0,+0,+0,09:00:01 26.03.2020
8487,+25.4,+14.6,+21.9,+21.7,+21.7,+25.1,+24.4,+24.5,+24.5,+24.5,+26,ESTP,0,0,+0,+0,+0.0167,+0,+0.0406,+0,+0,+0,09:01:01 26.03.2020
8488,+25.4,+14.6,+21.9,+21.7,+21.7,+25.1,+24.4,+24.5,+24.5,+24.5,+26,ESTP,0,0,+0,+0,+0.0167,+0,+0.0406,+0,+0,+0,09:02:01 26.03.2020
8489,+25.4,+14.6,+21.9,+21.7,+21.7,+25.1,+24.4,+24.5,+24.5,+24.5,+26,ESTP,0,0,+0,+0,+0.0167,+0,+0.0406,+0,+0,+0,09:03:01 26.03.2020
8490,+25.3,+14.6,+21.9,+21.7,+21.7,+25.1,+24.4,+24.5,+24.5,+24.5,+26,ESTP,0,0,+0,+0,+0.0167,+0,+0.0406,+0,+0,+0,09:04:01 26.03.2020
8491,+25.3,+14.6,+21.9,+21.7,+21.7,+25.1,+24.4,+24.5,+24.5,+24.5,+26,ESTP,0,0,+0,+0,+0.0167,+0,+0.0406,+0,+0,+0,09:05:01 26.03.2020
8492,+25.3,+14.6,+21.9,+21.7,+21.7,+25,+24.4,+24.5,+24.5,+24.5,+26,ESTP,0,0,+0,+0,+0.0167,+0,+0.0406,+0,+0,+0,09:06:01 26.03.2020
8493,+25.3,+14.6,+21.9,+21.7,+21.7,+25,+24.4,+24.5,+24.5,+24.5,+26,ESTP,0,0,+0,+0,+0.0167,+0,+0.0406,+0,+0,+0,09:07:01 26.03.2020
8494,+25.3,+14.6,+21.9,+21.7,+21.7,+25,+24.4,+24.5,+24.5,+24.5,+26,ESTP,0,0,+0,+0,+0.0167,+0,+0.0406,+0,+0,+0,09:08:01 26.03.2020
8495,+25.3,+14.6,+21.9,+21.7,+21.7,+25,+24.4,+24.5,+24.5,+24.5,+26,ESTP,0,0,+0,+0,+0.0167,+0,+0.0406,+0,+0,+0,09:09:01 26.03.2020
8496,+25.3,+14.6,+21.9,+21.7,+21.7,+25,+24.4,+24.5,+24.5,+24.5,+26,ESTP,0,0,+0,+0,+0.0167,+0,+0.0406,+0,+0,+0,09:10:01 26.03.2020
8497,+25.4,+14.6,+21.9,+21.7,+21.7,+25,+24.4,+24.5,+24.5,+24.5,+26,ESTP,0,0,+0,+0,+0.0167,+0,+0.0406,+0,+0,+0,09:11:01 26.03.2020
8498,+25.4,+14.6,+21.9,+21.7,+21.7,+25,+24.4,+24.5,+24.5,+24.5,+26,ESTP,0,0,+0,+0,+0.0167,+0,+0.0406,+0,+0,+0,09:12:01 26.03.2020
8499,+25.4,+14.6,+21.9,+21.7,+21.7,+25,+24.4,+24.5,+24.5,+24.5,+26,ESTP,0,0,+0,+0,+0.0167,+0,+0.0406,+0,+0,+0,09:13:01 26.03.2020
8500,+25.4,+14.6,+21.9,+21.7,+21.7,+25.1,+24.4,+24.5,+24.5,+24.5,+26,ESTP,0,0,+0,+0,+0.0167,+0,+0.0406,+0,+0,+0,09:14:01 26.03.2020
8501,+25.4,+14.6,+21.9,+21.7,+21.7,+25.1,+24.4,+24.5,+24.5,+24.5,+26,ESTP,0,0,+0,+0,+0.0167,+0,+0.0406,+0,+0,+0,09:15:01 26.03.2020
8502,+25.4,+14.6,+21.9,+21.7,+21.7,+25.1,+24.4,+24.5,+24.5,+24.5,+26,ESTP,0,0,+0,+0,+0.0167,+0,+0.0406,+0,+0,+0,09:16:01 26.03.2020
8503,+25.4,+14.6,+21.9,+21.7,+21.7,+25.1,+24.4,+24.5,+24.5,+24.5,+26,ESTP,0,0,+0,+0,+0.0167,+0,+0.0406,+0,+0,+0,09:17:01 26.03.2020
8504,+25.4,+14.6,+21.9,+21.7,+21.7,+25.1,+24.4,+24.5,+24.5,+24.5,+26,ESTP,0,0,+0,+0,+0.0167,+0,+0.0406,+0,+0,+0,09:18:01 26.03.2020
8505,+25.4,+14.6,+21.9,+21.7,+21.7,+25.1,+24.4,+24.5,+24.5,+24.5,+26,ESTP,0,0,+0,+0,+0.0167,+0,+0.0406,+0,+0,+0,09:19:01 26.03.2020
8506,+25.4,+14.6,+21.9,+21.7,+21.7,+25.1,+24.4,+24.5,+24.5,+24.5,+26,ESTP,0,0,+0,+0,+0.0167,+0,+0.0406,+0,+0,+0,09:20:01 26.03.2020
8507,+25.4,+14.6,+21.9,+21.7,+21.7,+25.1,+24.4,+24.5,+24.5,+24.5,+26,ESTP,0,0,+0,+0,+0.0167,+0,+0.0406,+0,+0,+0,09:21:01 26.03.2020
8508,+25.3,+14.6,+21.9,+21.7,+21.7,+25.1,+24.4,+24.5,+24.5,+24.5,+26,ESTP,0,0,+0,+0,+0.0167,+0,+0.0406,+0,+0,+0,09:22:01 26.03.2020
8509,+25.3,+14.6,+21.9,+21.7,+21.7,+25.1,+24.4,+24.5,+24.5,+24.5,+26,ESTP,0,0,+0,+0,+0.0167,+0,+0.0406,+0,+0,+0,09:23:01 26.03.2020
8510,+25.3,+14.6,+21.8,+21.7,+21.7,+25,+24.4,+24.5,+24.5,+24.5,+26,ESTP,0,0,+0,+0,+0.0167,+0,+0.0406,+0,+0,+0,09:24:01 26.03.2020
8511,+25.3,+14.6,+21.9,+21.7,+21.7,+25,+24.4,+24.5,+24.5,+24.5,+26,ESTP,0,0,+0,+0,+0.0167,+0,+0.0406,+0,+0,+0,09:25:01 26.03.2020
8512,+25.3,+14.6,+21.9,+21.7,+21.7,+25,+24.4,+24.5,+24.5,+24.5,+26,ESTP,0,0,+0,+0,+0.0167,+0,+0.0406,+0,+0,+0,09:26:01 26.03.2020
8513,+25.4,+14.6,+21.9,+21.7,+21.7,+25,+24.4,+24.5,+24.5,+24.5,+26,ESTP,0,0,+0,+0,+0.0167,+0,+0.0406,+0,+0,+0,09:27:01 26.03.2020
8514,+25.4,+14.6,+21.9,+21.7,+21.7,+25,+24.4,+24.5,+24.5,+24.5,+26,ESTP,0,0,+0,+0,+0.0167,+0,+0.0406,+0,+0,+0,09:28:01 26.03.2020
8515,+25.4,+14.6,+21.9,+21.7,+21.7,+25,+24.4,+24.5,+24.5,+24.5,+26,ESTP,0,0,+0,+0,+0.0167,+0,+0.0406,+0,+0,+0,09:29:01 26.03.2020
8516,+25.4,+14.6,+21.8,+21.7,+21.7,+25.1,+24.4,+24.5,+24.5,+24.5,+26,ESTP,0,0,+0,+0,+0.0167,+0,+0.0406,+0,+0,+0,09:30:01 26.03.2020
8517,+25.4,+14.6,+21.8,+21.7,+21.7,+25.1,+24.4,+24.5,+24.5,+24.5,+26,ESTP,0,0,+0,+0,+0.0167,+0,+0.0406,+0,+0,+0,09:31:01 26.03.2020
8518,+25.4,+14.6,+21.8,+21.7,+21.7,+25.1,+24.4,+24.5,+24.5,+24.5,+26,ESTP,0,0,+0,+0,+0.0167,+0,+0.0406,+0,+0,+0,09:32:01 26.03.2020
8519,+25.4,+14.6,+21.8,+21.6,+21.7,+25.1,+24.4,+24.5,+24.5,+24.5,+26,ESTP,0,0,+0,+0,+0.0167,+0,+0.0406,+0,+0,+0,09:33:01 26.03.2020
8520,+25.4,+14.6,+21.8,+21.6,+21.7,+25.1,+24.4,+24.5,+24.5,+24.5,+26,ESTP,0,0,+0,+0,+0.0167,+0,+0.0406,+0,+0,+0,09:34:01 26.03.2020
8521,+25.4,+14.6,+21.8,+21.6,+21.7,+25.1,+24.4,+24.5,+24.5,+24.5,+26,ESTP,0,0,+0,+0,+0.0167,+0,+0.0406,+0,+0,+0,09:35:01 26.03.2020
8522,+25.4,+14.6,+21.8,+21.6,+21.7,+25.1,+24.4,+24.5,+24.5,+24.5,+26,ESTP,0,0,+0,+0,+0.0167,+0,+0.0406,+0,+0,+0,09:36:01 26.03.2020
8523,+25.3,+14.6,+21.8,+21.6,+21.7,+25.1,+24.4,+24.5,+24.5,+24.5,+26,ESTP,0,0,+0,+0,+0.0167,+0,+0.0406,+0,+0,+0,09:37:01 26.03.2020
8524,+25.3,+14.6,+21.8,+21.6,+21.7,+25.1,+24.4,+24.5,+24.5,+24.5,+26,ESTP,0,0,+0,+0,+0.0167,+0,+0.0406,+0,+0,+0,09:38:01 26.03.2020
8525,+25.3,+14.6,+21.8,+21.6,+21.7,+25.1,+24.4,+24.5,+24.5,+24.5,+26,ESTP,0,0,+0,+0,+0.0167,+0,+0.0406,+0,+0,+0,09:39:01 26.03.2020
8526,+25.4,+14.6,+21.8,+21.6,+21.7,+25,+24.4,+24.5,+24.5,+24.5,+26,ESTP,0,0,+0,+0,+0.0167,+0,+0.0406,+0,+0,+0,09:40:01 26.03.2020
8527,+25.4,+14.6,+21.8,+21.6,+21.7,+25,+24.4,+24.5,+24.5,+24.5,+26,ESTP,0,0,+0,+0,+0.0167,+0,+0.0406,+0,+0,+0,09:41:01 26.03.2020
8528,+25.4,+14.6,+21.8,+21.6,+21.7,+25,+24.4,+24.5,+24.5,+24.5,+26,ESTP,0,0,+0,+0,+0.0167,+0,+0.0406,+0,+0,+0,09:42:01 26.03.2020
8529,+25.4,+14.6,+21.8,+21.6,+21.7,+25.1,+24.4,+24.5,+24.5,+24.5,+26,ESTP,0,0,+0,+0,+0.0167,+0,+0.0406,+0,+0,+0,09:43:01 26.03.2020
8530,+25.4,+14.6,+21.8,+21.6,+21.7,+25.1,+24.4,+24.5,+24.5,+24.5,+26,ESTP,0,0,+0,+0,+0.0167,+0,+0.0406,+0,+0,+0,09:44:01 26.03.2020
8531,+25.4,+14.6,+21.8,+21.6,+21.7,+25.1,+24.4,+24.5,+24.5,+24.5,+26,ESTP,0,0,+0,+0,+0.0167,+0,+0.0406,+0,+0,+0,09:45:01 26.03.2020
8532,+25.4,+14.6,+21.8,+21.6,+21.7,+25.1,+24.4,+24.5,+24.5,+24.5,+26,ESTP,0,0,+0,+0,+0.0167,+0,+0.0406,+0,+0,+0,09:46:01 26.03.2020
8533,+25.4,+14.6,+21.8,+21.6,+21.7,+25.1,+24.4,+24.6,+24.5,+24.5,+26,ESTP,0,0,+0,+0,+0.0167,+0,+0.0407,+0,+0,+0,09:47:01 26.03.2020
8534,+25.4,+14.6,+21.8,+21.6,+21.7,+25.1,+24.4,+24.6,+24.5,+24.5,+26,ESTP,0,0,+0,+0,+0.0167,+0,+0.0406,+0,+0,+0,09:48:01 26.03.2020
8535,+25.4,+14.6,+21.8,+21.6,+21.7,+25.1,+24.4,+24.6,+24.5,+24.5,+26,ESTP,0,0,+0,+0,+0.0167,+0,+0.0406,+0,+0,+0,09:49:01 26.03.2020
8536,+25.4,+14.6,+21.8,+21.6,+21.7,+25.1,+24.4,+24.6,+24.5,+24.5,+26,ESTP,0,0,+0,+0,+0.0167,+0,+0.0406,+0,+0,+0,09:50:01 26.03.2020
8537,+25.4,+14.5,+21.8,+21.6,+21.7,+25.1,+24.4,+24.6,+24.5,+24.5,+26,ESTP,0,0,+0,+0,+0.0167,+0,+0.0406,+0,+0,+0,09:51:01 26.03.2020
8538,+25.3,+14.5,+21.8,+21.6,+21.7,+25.1,+24.4,+24.5,+24.5,+24.5,+26,ESTP,0,0,+0,+0,+0.0167,+0,+0.0406,+0,+0,+0,09:52:01 26.03.2020
8539,+25.3,+14.5,+21.8,+21.6,+21.7,+25,+24.4,+24.5,+24.5,+24.5,+26,ESTP,0,0,+0,+0,+0.0167,+0,+0.0406,+0,+0,+0,09:53:01 26.03.2020
8540,+25.3,+14.5,+21.8,+21.6,+21.7,+25,+24.4,+24.5,+24.5,+24.5,+26,ESTP,0,0,+0,+0,+0.0167,+0,+0.0406,+0,+0,+0,09:54:01 26.03.2020
8541,+25.4,+14.5,+21.8,+21.6,+21.7,+25,+24.4,+24.5,+24.5,+24.5,+26,ESTP,0,0,+0,+0,+0.0167,+0,+0.0406,+0,+0,+0,09:55:01 26.03.2020
8542,+25.4,+14.5,+21.8,+21.6,+21.7,+25,+24.4,+24.5,+24.5,+24.5,+26,ESTP,0,0,+0,+0,+0.0167,+0,+0.0406,+0,+0,+0,09:56:01 26.03.2020
8543,+25.4,+14.5,+21.8,+21.6,+21.7,+25.1,+24.4,+24.5,+24.5,+24.5,+26,ESTP,0,0,+0,+0,+0.0167,+0,+0.0406,+0,+0,+0,09:57:01 26.03.2020
8544,+25.4,+14.5,+21.8,+21.6,+21.7,+25.1,+24.4,+24.5,+24.5,+24.5,+26,ESTP,0,0,+0,+0,+0.0167,+0,+0.0406,+0,+0,+0,09:58:01 26.03.2020
8545,+25.4,+14.5,+21.8,+21.6,+21.7,+25.1,+24.4,+24.5,+24.5,+24.5,+26,ESTP,0,0,+0,+0,+0.0167,+0,+0.0406,+0,+0,+0,09:59:01 26.03.2020
8546,+25.4,+14.5,+21.8,+21.6,+21.7,+25.1,+24.4,+24.6,+24.5,+24.5,+26,ESTP,0,0,+0,+0,+0.0167,+0,+0.0407,+0,+0,+0,10:00:01 26.03.2020
8547,+25.4,+14.5,+21.8,+21.6,+21.7,+25.1,+24.4,+24.6,+24.5,+24.5,+26,ESTP,0,0,+0,+0,+0.0167,+0,+0.0407,+0,+0,+0,10:01:01 26.03.2020
8548,+25.4,+14.5,+21.8,+21.6,+21.7,+25.1,+24.4,+24.5,+24.5,+24.5,+26,ESTP,0,0,+0,+0,+0.0167,+0,+0.0407,+0,+0,+0,10:02:01 26.03.2020
8549,+25.4,+14.5,+21.8,+21.6,+21.7,+25.1,+24.4,+24.6,+24.5,+24.5,+26,ESTP,0,0,+0,+0,+0.0167,+0,+0.0407,+0,+0,+0,10:03:01 26.03.2020
8550,+25.4,+14.5,+21.8,+21.6,+21.7,+25.1,+24.4,+24.6,+24.5,+24.5,+26,ESTP,0,0,+0,+0,+0.0167,+0,+0.0407,+0,+0,+0,10:04:01 26.03.2020
8551,+25.4,+14.5,+21.8,+21.6,+21.7,+25.1,+24.4,+24.6,+24.5,+24.5,+26,ESTP,0,0,+0,+0,+0.0167,+0,+0.0406,+0,+0,+0,10:05:01 26.03.2020
8552,+25.4,+14.5,+21.8,+21.6,+21.7,+25.1,+24.4,+24.6,+24.5,+24.5,+26,ESTP,0,0,+0,+0,+0.0167,+0,+0.0406,+0,+0,+0,10:06:01 26.03.2020
8553,+25.4,+14.5,+21.8,+21.6,+21.7,+25.1,+24.4,+24.6,+24.5,+24.5,+26,ESTP,0,0,+0,+0,+0.0167,+0,+0.0406,+0,+0,+0,10:07:01 26.03.2020
8554,+25.4,+14.5,+21.8,+21.6,+21.7,+25.1,+24.4,+24.6,+24.5,+24.5,+26,ESTP,0,0,+0,+0,+0.0167,+0,+0.0406,+0,+0,+0,10:08:01 26.03.2020
8555,+25.4,+14.5,+21.8,+21.6,+21.7,+25.1,+24.4,+24.6,+24.5,+24.5,+26,ESTP,0,0,+0,+0,+0.0167,+0,+0.0406,+0,+0,+0,10:09:01 26.03.2020
8556,+25.4,+14.5,+21.8,+21.6,+21.7,+25.1,+24.4,+24.6,+24.5,+24.5,+26,ESTP,0,0,+0,+0,+0.0167,+0,+0.0406,+0,+0,+0,10:10:01 26.03.2020
8557,+25.4,+14.5,+21.8,+21.6,+21.7,+25.1,+24.4,+24.6,+24.5,+24.5,+26,ESTP,0,0,+0,+0,+0.0167,+0,+0.0406,+0,+0,+0,10:11:01 26.03.2020
8558,+25.4,+14.5,+21.8,+21.6,+21.7,+25.1,+24.4,+24.6,+24.5,+24.5,+26,ESTP,0,0,+0,+0,+0.0167,+0,+0.0407,+0,+0,+0,10:12:01 26.03.2020
8559,+25.4,+14.5,+21.8,+21.6,+21.7,+25.1,+24.4,+24.6,+24.5,+24.5,+26,ESTP,0,0,+0,+0,+0.0167,+0,+0.0407,+0,+0,+0,10:13:01 26.03.2020
8560,+25.5,+14.5,+21.8,+21.6,+21.7,+25.1,+24.4,+24.6,+24.5,+24.5,+26,ESTP,0,0,+0,+0,+0.0167,+0,+0.0407,+0,+0,+0,10:14:01 26.03.2020
8561,+25.5,+14.5,+21.8,+21.6,+21.7,+25.1,+24.4,+24.6,+24.5,+24.5,+26,ESTP,0,0,+0,+0,+0.0167,+0,+0.0407,+0,+0,+0,10:15:01 26.03.2020
8562,+25.4,+14.5,+21.8,+21.6,+21.7,+25.1,+24.4,+24.6,+24.5,+24.5,+26,ESTP,0,0,+0,+0,+0.0167,+0,+0.0407,+0,+0,+0,10:16:01 26.03.2020
8563,+25.4,+14.5,+21.8,+21.6,+21.7,+25.1,+24.4,+24.6,+24.5,+24.5,+26,ESTP,0,0,+0,+0,+0.0167,+0,+0.0407,+0,+0,+0,10:17:01 26.03.2020
8564,+25.4,+14.5,+21.8,+21.6,+21.7,+25.1,+24.4,+24.6,+24.5,+24.5,+26,ESTP,0,0,+0,+0,+0.0167,+0,+0.0407,+0,+0,+0,10:18:01 26.03.2020
8565,+25.4,+14.5,+21.8,+21.6,+21.7,+25.1,+24.4,+24.6,+24.5,+24.5,+26,ESTP,0,0,+0,+0,+0.0167,+0,+0.0407,+0,+0,+0,10:19:01 26.03.2020
8566,+25.4,+14.5,+21.8,+21.6,+21.7,+25.1,+24.4,+24.6,+24.5,+24.5,+26,ESTP,0,0,+0,+0,+0.0167,+0,+0.0407,+0,+0,+0,10:20:01 26.03.2020
8567,+25.4,+14.5,+21.8,+21.6,+21.7,+25.1,+24.4,+24.6,+24.5,+24.5,+26,ESTP,0,0,+0,+0,+0.0167,+0,+0.0407,+0,+0,+0,10:21:01 26.03.2020
8568,+25.4,+14.5,+21.8,+21.6,+21.7,+25.1,+24.4,+24.6,+24.5,+24.5,+26,ESTP,0,0,+0,+0,+0.0167,+0,+0.0407,+0,+0,+0,10:22:01 26.03.2020
8569,+25.4,+14.5,+21.8,+21.6,+21.7,+25.1,+24.4,+24.6,+24.5,+24.5,+26,ESTP,0,0,+0,+0,+0.0167,+0,+0.0407,+0,+0,+0,10:23:01 26.03.2020
8570,+25.4,+14.5,+21.8,+21.6,+21.7,+25.1,+24.4,+24.6,+24.5,+24.5,+26,ESTP,0,0,+0,+0,+0.0167,+0,+0.0407,+0,+0,+0,10:24:01 26.03.2020
8571,+25.4,+14.5,+21.8,+21.6,+21.7,+25.1,+24.4,+24.6,+24.5,+24.5,+26,ESTP,0,0,+0,+0,+0.0167,+0,+0.0406,+0,+0,+0,10:25:01 26.03.2020
8572,+25.4,+14.5,+21.8,+21.6,+21.7,+25.1,+24.4,+24.6,+24.5,+24.5,+26,ESTP,0,0,+0,+0,+0.0167,+0,+0.0406,+0,+0,+0,10:26:01 26.03.2020
8573,+25.4,+14.5,+21.8,+21.6,+21.7,+25.1,+24.4,+24.6,+24.5,+24.5,+26,ESTP,0,0,+0,+0,+0.0167,+0,+0.0406,+0,+0,+0,10:27:01 26.03.2020
8574,+25.4,+14.5,+21.8,+21.6,+21.7,+25.1,+24.4,+24.6,+24.5,+24.5,+26,ESTP,0,0,+0,+0,+0.0167,+0,+0.0407,+0,+0,+0,10:28:01 26.03.2020
8575,+25.4,+14.5,+21.8,+21.6,+21.7,+25.1,+24.4,+24.6,+24.5,+24.5,+26,ESTP,0,0,+0,+0,+0.0167,+0,+0.0407,+0,+0,+0,10:29:01 26.03.2020
8576,+25.4,+14.5,+21.8,+21.6,+21.7,+25.1,+24.4,+24.6,+24.5,+24.5,+26,ESTP,0,0,+0,+0,+0.0167,+0,+0.0407,+0,+0,+0,10:30:01 26.03.2020
8577,+25.5,+14.5,+21.8,+21.6,+21.7,+25.1,+24.4,+24.6,+24.5,+24.5,+26,ESTP,0,0,+0,+0,+0.0167,+0,+0.0407,+0,+0,+0,10:31:01 26.03.2020
8578,+25.4,+14.5,+21.8,+21.6,+21.7,+25.1,+24.4,+24.6,+24.5,+24.5,+26,ESTP,0,0,+0,+0,+0.0167,+0,+0.0407,+0,+0,+0,10:32:01 26.03.2020
8579,+25.4,+14.5,+21.8,+21.6,+21.7,+25.1,+24.4,+24.6,+24.5,+24.5,+26,ESTP,0,0,+0,+0,+0.0167,+0,+0.0407,+0,+0,+0,10:33:01 26.03.2020
8580,+25.4,+14.5,+21.8,+21.6,+21.7,+25.1,+24.4,+24.6,+24.5,+24.5,+26,ESTP,0,0,+0,+0,+0.0167,+0,+0.0407,+0,+0,+0,10:34:01 26.03.2020
8581,+25.4,+14.5,+21.8,+21.6,+21.7,+25.1,+24.4,+24.6,+24.5,+24.5,+26,ESTP,0,0,+0,+0,+0.0167,+0,+0.0407,+0,+0,+0,10:35:01 26.03.2020
8582,+25.4,+14.5,+21.8,+21.6,+21.7,+25.1,+24.4,+24.6,+24.5,+24.5,+26,ESTP,0,0,+0,+0,+0.0167,+0,+0.0407,+0,+0,+0,10:36:01 26.03.2020
8583,+25.4,+14.5,+21.8,+21.6,+21.7,+25.1,+24.4,+24.6,+24.5,+24.5,+26,ESTP,0,0,+0,+0,+0.0167,+0,+0.0407,+0,+0,+0,10:37:01 26.03.2020
8584,+25.4,+14.5,+21.8,+21.6,+21.7,+25.1,+24.4,+24.6,+24.5,+24.5,+26,ESTP,0,0,+0,+0,+0.0167,+0,+0.0407,+0,+0,+0,10:38:01 26.03.2020
8585,+25.4,+14.5,+21.8,+21.6,+21.7,+25.1,+24.4,+24.6,+24.5,+24.5,+26,ESTP,0,0,+0,+0,+0.0167,+0,+0.0406,+0,+0,+0,10:39:01 26.03.2020
8586,+25.4,+14.5,+21.8,+21.6,+21.7,+25.1,+24.4,+24.6,+24.5,+24.5,+26,ESTP,0,0,+0,+0,+0.0167,+0,+0.0406,+0,+0,+0,10:40:01 26.03.2020
8587,+25.4,+14.5,+21.8,+21.6,+21.7,+25.1,+24.4,+24.6,+24.5,+24.5,+26,ESTP,0,0,+0,+0,+0.0167,+0,+0.0406,+0,+0,+0,10:41:01 26.03.2020
8588,+25.4,+14.5,+21.8,+21.6,+21.7,+25.1,+24.4,+24.6,+24.5,+24.5,+26,ESTP,0,0,+0,+0,+0.0167,+0,+0.0406,+0,+0,+0,10:42:01 26.03.2020
8589,+25.4,+14.5,+21.8,+21.6,+21.7,+25.1,+24.4,+24.6,+24.5,+24.5,+26,ESTP,0,0,+0,+0,+0.0167,+0,+0.0407,+0,+0,+0,10:43:01 26.03.2020
8590,+25.4,+14.5,+21.8,+21.6,+21.7,+25.1,+24.4,+24.6,+24.5,+24.5,+26,ESTP,0,0,+0,+0,+0.0167,+0,+0.0407,+0,+0,+0,10:44:01 26.03.2020
8591,+25.5,+14.5,+21.8,+21.6,+21.7,+25.1,+24.4,+24.6,+24.5,+24.5,+26,ESTP,0,0,+0,+0,+0.0167,+0,+0.0407,+0,+0,+0,10:45:01 26.03.2020
8592,+25.5,+14.5,+21.8,+21.6,+21.7,+25.1,+24.4,+24.6,+24.5,+24.5,+26,ESTP,0,0,+0,+0,+0.0167,+0,+0.0407,+0,+0,+0,10:46:01 26.03.2020
8593,+25.5,+14.5,+21.8,+21.6,+21.7,+25.1,+24.4,+24.6,+24.5,+24.5,+26,ESTP,0,0,+0,+0,+0.0167,+0,+0.0407,+0,+0,+0,10:47:01 26.03.2020
8594,+25.4,+14.5,+21.8,+21.6,+21.7,+25.1,+24.4,+24.6,+24.5,+24.5,+26,ESTP,0,0,+0,+0,+0.0167,+0,+0.0407,+0,+0,+0,10:48:01 26.03.2020
8595,+25.4,+14.5,+21.8,+21.6,+21.7,+25.1,+24.4,+24.6,+24.5,+24.5,+26,ESTP,0,0,+0,+0,+0.0167,+0,+0.0407,+0,+0,+0,10:49:01 26.03.2020
8596,+25.4,+14.5,+21.8,+21.6,+21.7,+25.1,+24.4,+24.6,+24.5,+24.5,+26,ESTP,0,0,+0,+0,+0.0167,+0,+0.0407,+0,+0,+0,10:50:01 26.03.2020
8597,+25.4,+14.5,+21.8,+21.6,+21.7,+25.1,+24.4,+24.6,+24.5,+24.5,+26,ESTP,0,0,+0,+0,+0.0167,+0,+0.0407,+0,+0,+0,10:51:01 26.03.2020
8598,+25.4,+14.5,+21.8,+21.6,+21.7,+25.1,+24.4,+24.6,+24.5,+24.5,+26,ESTP,0,0,+0,+0,+0.0167,+0,+0.0407,+0,+0,+0,10:52:01 26.03.2020
8599,+25.4,+14.5,+21.8,+21.6,+21.7,+25.1,+24.4,+24.6,+24.5,+24.5,+26,ESTP,0,0,+0,+0,+0.0167,+0,+0.0407,+0,+0,+0,10:53:01 26.03.2020
8600,+25.4,+14.5,+21.8,+21.6,+21.7,+25.1,+24.4,+24.6,+24.5,+24.5,+26,ESTP,0,0,+0,+0,+0.0167,+0,+0.0407,+0,+0,+0,10:54:01 26.03.2020
8601,+25.4,+14.5,+21.8,+21.6,+21.7,+25.1,+24.4,+24.6,+24.5,+24.5,+26,ESTP,0,0,+0,+0,+0.0167,+0,+0.0407,+0,+0,+0,10:55:01 26.03.2020
8602,+25.4,+14.5,+21.8,+21.6,+21.7,+25.1,+24.4,+24.6,+24.5,+24.5,+26,ESTP,0,0,+0,+0,+0.0167,+0,+0.0407,+0,+0,+0,10:56:01 26.03.2020
8603,+25.4,+14.5,+21.8,+21.6,+21.7,+25.1,+24.4,+24.6,+24.5,+24.5,+26,ESTP,0,0,+0,+0,+0.0167,+0,+0.0407,+0,+0,+0,10:57:01 26.03.2020
8604,+25.5,+14.5,+21.8,+21.6,+21.7,+25.1,+24.4,+24.6,+24.5,+24.5,+26,ESTP,0,0,+0,+0,+0.0167,+0,+0.0407,+0,+0,+0,10:58:01 26.03.2020
8605,+25.5,+14.5,+21.8,+21.6,+21.7,+25.1,+24.4,+24.6,+24.5,+24.5,+26,ESTP,0,0,+0,+0,+0.0167,+0,+0.0407,+0,+0,+0,10:59:01 26.03.2020
8606,+25.5,+14.5,+21.8,+21.6,+21.7,+25.1,+24.4,+24.6,+24.5,+24.5,+26,ESTP,0,0,+0,+0,+0.0167,+0,+0.0407,+0,+0,+0,11:00:01 26.03.2020
8607,+25.5,+14.5,+21.8,+21.6,+21.7,+25.1,+24.4,+24.6,+24.5,+24.5,+26,ESTP,0,0,+0,+0,+0.0167,+0,+0.0407,+0,+0,+0,11:01:01 26.03.2020
8608,+25.4,+14.5,+21.8,+21.6,+21.7,+25.1,+24.4,+24.6,+24.5,+24.5,+26,ESTP,0,0,+0,+0,+0.0167,+0,+0.0407,+0,+0,+0,11:02:01 26.03.2020
8609,+25.4,+14.5,+21.8,+21.6,+21.7,+25.1,+24.4,+24.6,+24.5,+24.5,+26,ESTP,0,0,+0,+0,+0.0167,+0,+0.0407,+0,+0,+0,11:03:01 26.03.2020
8610,+25.4,+14.5,+21.8,+21.6,+21.7,+25.1,+24.4,+24.6,+24.5,+24.5,+26,ESTP,0,0,+0,+0,+0.0167,+0,+0.0407,+0,+0,+0,11:04:01 26.03.2020
8611,+25.4,+14.5,+21.8,+21.6,+21.7,+25.1,+24.5,+24.6,+24.5,+24.5,+26,ESTP,0,0,+0,+0,+0.0167,+0,+0.0407,+0,+0,+0,11:05:01 26.03.2020
8612,+25.4,+14.5,+21.8,+21.6,+21.7,+25.1,+24.5,+24.6,+24.5,+24.5,+26,ESTP,0,0,+0,+0,+0.0167,+0,+0.0407,+0,+0,+0,11:06:01 26.03.2020
8613,+25.4,+14.5,+21.8,+21.6,+21.7,+25.1,+24.4,+24.6,+24.5,+24.5,+26,ESTP,0,0,+0,+0,+0.0167,+0,+0.0407,+0,+0,+0,11:07:01 26.03.2020
8614,+25.4,+14.5,+21.8,+21.6,+21.7,+25.1,+24.5,+24.6,+24.5,+24.5,+26,ESTP,0,0,+0,+0,+0.0167,+0,+0.0407,+0,+0,+0,11:08:01 26.03.2020
8615,+25.4,+14.5,+21.8,+21.6,+21.7,+25.1,+24.5,+24.6,+24.5,+24.5,+26,ESTP,0,0,+0,+0,+0.0167,+0,+0.0407,+0,+0,+0,11:09:01 26.03.2020
8616,+25.4,+14.5,+21.8,+21.6,+21.7,+25.1,+24.5,+24.6,+24.5,+24.5,+26,ESTP,0,0,+0,+0,+0.0167,+0,+0.0407,+0,+0,+0,11:10:01 26.03.2020
8617,+25.4,+14.5,+21.8,+21.6,+21.7,+25.1,+24.5,+24.6,+24.5,+24.5,+26,ESTP,0,0,+0,+0,+0.0167,+0,+0.0407,+0,+0,+0,11:11:01 26.03.2020
8618,+25.5,+14.5,+21.8,+21.6,+21.7,+25.1,+24.5,+24.6,+24.5,+24.5,+26,ESTP,0,0,+0,+0,+0.0167,+0,+0.0407,+0,+0,+0,11:12:01 26.03.2020
8619,+25.5,+14.5,+21.8,+21.6,+21.7,+25.1,+24.5,+24.6,+24.5,+24.5,+26,ESTP,0,0,+0,+0,+0.0167,+0,+0.0407,+0,+0,+0,11:13:01 26.03.2020
8620,+25.5,+14.5,+21.8,+21.6,+21.7,+25.1,+24.5,+24.6,+24.5,+24.5,+26,ESTP,0,0,+0,+0,+0.0167,+0,+0.0407,+0,+0,+0,11:14:01 26.03.2020
8621,+25.5,+14.5,+21.8,+21.6,+21.7,+25.1,+24.5,+24.6,+24.5,+24.5,+26,ESTP,0,0,+0,+0,+0.0167,+0,+0.0407,+0,+0,+0,11:15:01 26.03.2020
8622,+25.6,+14.5,+21.8,+21.6,+21.7,+25.2,+24.5,+24.6,+24.5,+24.5,+26,ESTP,0,0,+0,+0,+0.0167,+0,+0.0409,+0,+0,+0,11:16:01 26.03.2020
8623,+25.5,+14.5,+21.8,+21.6,+21.7,+25.2,+24.5,+24.6,+24.5,+24.5,+26,ESTP,0,0,+0,+0,+0.0167,+0,+0.0407,+0,+0,+0,11:17:01 26.03.2020
8624,+25.5,+14.5,+21.8,+21.6,+21.7,+25.2,+24.5,+24.6,+24.5,+24.5,+26,ESTP,0,0,+0,+0,+0.0167,+0,+0.0408,+0,+0,+0,11:18:01 26.03.2020
8625,+25.5,+14.5,+21.8,+21.6,+21.7,+25.2,+24.5,+24.6,+24.5,+24.5,+26,ESTP,0,0,+0,+0,+0.0167,+0,+0.0407,+0,+0,+0,11:19:01 26.03.2020
8626,+25.5,+14.5,+21.8,+21.6,+21.7,+25.2,+24.5,+24.6,+24.5,+24.5,+26,ESTP,0,0,+0,+0,+0.0167,+0,+0.0407,+0,+0,+0,11:20:01 26.03.2020
8627,+25.5,+14.5,+21.8,+21.6,+21.7,+25.1,+24.5,+24.6,+24.5,+24.5,+26,ESTP,0,0,+0,+0,+0.0167,+0,+0.0407,+0,+0,+0,11:21:01 26.03.2020
8628,+25.4,+14.5,+21.8,+21.6,+21.7,+25.1,+24.5,+24.6,+24.5,+24.5,+26,ESTP,0,0,+0,+0,+0.0167,+0,+0.0407,+0,+0,+0,11:22:01 26.03.2020
8629,+25.4,+14.5,+21.8,+21.6,+21.7,+25.1,+24.5,+24.6,+24.5,+24.5,+26,ESTP,0,0,+0,+0,+0.0167,+0,+0.0407,+0,+0,+0,11:23:01 26.03.2020
8630,+25.4,+14.5,+21.8,+21.6,+21.7,+25.1,+24.5,+24.6,+24.5,+24.5,+26,ESTP,0,0,+0,+0,+0.0167,+0,+0.0407,+0,+0,+0,11:24:01 26.03.2020
8631,+25.4,+14.5,+21.8,+21.6,+21.7,+25.1,+24.5,+24.6,+24.5,+24.5,+26,ESTP,0,0,+0,+0,+0.0167,+0,+0.0407,+0,+0,+0,11:25:01 26.03.2020
8632,+25.4,+14.5,+21.8,+21.6,+21.7,+25.1,+24.5,+24.6,+24.5,+24.5,+26,ESTP,0,0,+0,+0,+0.0167,+0,+0.0407,+0,+0,+0,11:26:01 26.03.2020
8633,+25.4,+14.5,+21.8,+21.6,+21.7,+25.1,+24.5,+24.6,+24.5,+24.5,+26,ESTP,0,0,+0,+0,+0.0167,+0,+0.0407,+0,+0,+0,11:27:01 26.03.2020
8634,+25.4,+14.5,+21.8,+21.6,+21.7,+25.1,+24.5,+24.6,+24.5,+24.5,+26,ESTP,0,0,+0,+0,+0.0167,+0,+0.0407,+0,+0,+0,11:28:01 26.03.2020
8635,+25.4,+14.5,+21.8,+21.6,+21.6,+25.1,+24.5,+24.6,+24.5,+24.5,+26,ESTP,0,0,+0,+0,+0.0167,+0,+0.0407,+0,+0,+0,11:29:01 26.03.2020
8636,+25.5,+14.5,+21.8,+21.6,+21.7,+25.1,+24.5,+24.6,+24.5,+24.5,+26,ESTP,0,0,+0,+0,+0.0167,+0,+0.0407,+0,+0,+0,11:30:01 26.03.2020
8637,+25.5,+14.5,+21.8,+21.6,+21.6,+25.1,+24.5,+24.6,+24.5,+24.5,+26,ESTP,0,0,+0,+0,+0.0167,+0,+0.0407,+0,+0,+0,11:31:01 26.03.2020
8638,+25.5,+14.5,+21.8,+21.6,+21.7,+25.1,+24.5,+24.6,+24.5,+24.5,+26,ESTP,0,0,+0,+0,+0.0167,+0,+0.0407,+0,+0,+0,11:32:01 26.03.2020
8639,+25.5,+14.5,+21.8,+21.6,+21.7,+25.1,+24.5,+24.6,+24.5,+24.5,+26,ESTP,0,0,+0,+0,+0.0167,+0,+0.0407,+0,+0,+0,11:33:01 26.03.2020
8640,+25.5,+14.5,+21.8,+21.6,+21.6,+25.1,+24.5,+24.6,+24.5,+24.5,+26,ESTP,0,0,+0,+0,+0.0167,+0,+0.0407,+0,+0,+0,11:34:01 26.03.2020
8641,+25.5,+14.5,+21.8,+21.6,+21.6,+25.1,+24.5,+24.6,+24.5,+24.5,+26,ESTP,0,0,+0,+0,+0.0167,+0,+0.0407,+0,+0,+0,11:35:01 26.03.2020
8642,+25.5,+14.5,+21.8,+21.6,+21.6,+25.1,+24.5,+24.6,+24.5,+24.5,+26,ESTP,0,0,+0,+0,+0.0167,+0,+0.0407,+0,+0,+0,11:36:01 26.03.2020
8643,+25.4,+14.5,+21.8,+21.6,+21.6,+25.1,+24.5,+24.6,+24.5,+24.5,+26,ESTP,0,0,+0,+0,+0.0167,+0,+0.0407,+0,+0,+0,11:37:01 26.03.2020
8644,+25.4,+14.5,+21.8,+21.6,+21.6,+25.1,+24.5,+24.6,+24.5,+24.5,+26,ESTP,0,0,+0,+0,+0.0167,+0,+0.0407,+0,+0,+0,11:38:01 26.03.2020
8645,+25.4,+14.5,+21.8,+21.6,+21.6,+25.1,+24.5,+24.6,+24.5,+24.5,+26,ESTP,0,0,+0,+0,+0.0167,+0,+0.0407,+0,+0,+0,11:39:01 26.03.2020
8646,+25.4,+14.5,+21.7,+21.6,+21.6,+25.1,+24.5,+24.6,+24.5,+24.5,+26,ESTP,0,0,+0,+0,+0.0167,+0,+0.0407,+0,+0,+0,11:40:01 26.03.2020
8647,+25.4,+14.5,+21.8,+21.6,+21.6,+25.1,+24.5,+24.6,+24.5,+24.5,+26,ESTP,0,0,+0,+0,+0.0167,+0,+0.0407,+0,+0,+0,11:41:01 26.03.2020
8648,+25.4,+14.5,+21.7,+21.6,+21.6,+25.1,+24.5,+24.6,+24.5,+24.5,+26,ESTP,0,0,+0,+0,+0.0167,+0,+0.0407,+0,+0,+0,11:42:01 26.03.2020
8649,+25.4,+14.5,+21.8,+21.6,+21.6,+25.1,+24.5,+24.6,+24.5,+24.5,+26,ESTP,0,0,+0,+0,+0.0167,+0,+0.0407,+0,+0,+0,11:43:01 26.03.2020
8650,+25.4,+14.5,+21.7,+21.6,+21.6,+25.1,+24.5,+24.6,+24.5,+24.5,+26,ESTP,0,0,+0,+0,+0.0167,+0,+0.0407,+0,+0,+0,11:44:01 26.03.2020
8651,+25.5,+14.5,+21.7,+21.6,+21.6,+25.1,+24.5,+24.6,+24.5,+24.5,+26,ESTP,0,0,+0,+0,+0.0167,+0,+0.0407,+0,+0,+0,11:45:01 26.03.2020
8652,+25.5,+14.6,+21.8,+21.6,+21.6,+25.1,+24.5,+24.6,+24.5,+24.5,+26,ESTP,0,0,+0,+0,+0.0167,+0,+0.0407,+0,+0,+0,11:46:01 26.03.2020
8653,+25.5,+14.6,+21.8,+21.6,+21.6,+25.1,+24.5,+24.6,+24.5,+24.5,+26,ESTP,0,0,+0,+0,+0.0167,+0,+0.0407,+0,+0,+0,11:47:01 26.03.2020
8654,+25.5,+14.6,+21.7,+21.6,+21.6,+25.1,+24.5,+24.6,+24.5,+24.5,+26,ESTP,0,0,+0,+0,+0.0167,+0,+0.0407,+0,+0,+0,11:48:01 26.03.2020
8655,+25.5,+14.5,+21.7,+21.5,+21.6,+25.1,+24.5,+24.6,+24.5,+24.5,+26,ESTP,0,0,+0,+0,+0.0167,+0,+0.0407,+0,+0,+0,11:49:01 26.03.2020
8656,+25.5,+14.6,+21.7,+21.5,+21.6,+25.1,+24.5,+24.6,+24.6,+24.5,+26,ESTP,0,0,+0,+0,+0.0167,+0,+0.0407,+0,+0,+0,11:50:01 26.03.2020
8657,+25.5,+14.6,+21.7,+21.5,+21.6,+25.1,+24.5,+24.6,+24.5,+24.5,+26,ESTP,0,0,+0,+0,+0.0167,+0,+0.0407,+0,+0,+0,11:51:01 26.03.2020
8658,+25.5,+14.6,+21.7,+21.5,+21.6,+25.1,+24.5,+24.6,+24.5,+24.5,+26,ESTP,0,0,+0,+0,+0.0167,+0,+0.0407,+0,+0,+0,11:52:01 26.03.2020
8659,+25.5,+14.6,+21.7,+21.6,+21.6,+25.1,+24.5,+24.6,+24.6,+24.6,+26,ESTP,0,0,+0,+0,+0.0167,+0,+0.0407,+0,+0,+0,11:53:01 26.03.2020
8660,+25.4,+14.6,+21.7,+21.6,+21.6,+25.1,+24.5,+24.6,+24.6,+24.5,+26,ESTP,0,0,+0,+0,+0.0167,+0,+0.0407,+0,+0,+0,11:54:01 26.03.2020
8661,+25.4,+14.6,+21.7,+21.6,+21.6,+25.1,+24.5,+24.6,+24.5,+24.6,+26,ESTP,0,0,+0,+0,+0.0167,+0,+0.0407,+0,+0,+0,11:55:01 26.03.2020
8662,+25.4,+14.6,+21.7,+21.5,+21.6,+25.1,+24.5,+24.6,+24.5,+24.6,+26,ESTP,0,0,+0,+0,+0.0167,+0,+0.0407,+0,+0,+0,11:56:01 26.03.2020
8663,+25.4,+14.6,+21.7,+21.5,+21.6,+25.1,+24.5,+24.6,+24.6,+24.5,+26,ESTP,0,0,+0,+0,+0.0167,+0,+0.0407,+0,+0,+0,11:57:01 26.03.2020
8664,+25.4,+14.6,+21.7,+21.5,+21.6,+25.1,+24.5,+24.6,+24.6,+24.5,+26,ESTP,0,0,+0,+0,+0.0167,+0,+0.0407,+0,+0,+0,11:58:01 26.03.2020
8665,+25.4,+14.6,+21.7,+21.5,+21.6,+25.1,+24.5,+24.6,+24.5,+24.5,+26,ESTP,0,0,+0,+0,+0.0167,+0,+0.0407,+0,+0,+0,11:59:01 26.03.2020
8666,+25.4,+14.6,+21.7,+21.5,+21.6,+25.1,+24.5,+24.6,+24.5,+24.5,+26,ESTP,0,0,+0,+0,+0.0167,+0,+0.0407,+0,+0,+0,12:00:01 26.03.2020
8667,+25.4,+14.6,+21.7,+21.5,+21.6,+25.1,+24.5,+24.6,+24.6,+24.5,+26,ESTP,0,0,+0,+0,+0.0167,+0,+0.0407,+0,+0,+0,12:01:01 26.03.2020
8668,+25.5,+14.6,+21.7,+21.5,+21.6,+25.1,+24.5,+24.6,+24.5,+24.5,+26,ESTP,0,0,+0,+0,+0.0167,+0,+0.0407,+0,+0,+0,12:02:01 26.03.2020
8669,+25.5,+14.6,+21.7,+21.5,+21.6,+25.1,+24.5,+24.6,+24.6,+24.5,+26,ESTP,0,0,+0,+0,+0.0167,+0,+0.0407,+0,+0,+0,12:03:01 26.03.2020
8670,+25.5,+14.6,+21.7,+21.5,+21.6,+25.1,+24.5,+24.6,+24.6,+24.5,+26,ESTP,0,0,+0,+0,+0.0167,+0,+0.0407,+0,+0,+0,12:04:01 26.03.2020
8671,+25.5,+14.6,+21.7,+21.5,+21.6,+25.1,+24.5,+24.6,+24.6,+24.5,+26,ESTP,0,0,+0,+0,+0.0167,+0,+0.0407,+0,+0,+0,12:05:01 26.03.2020
8672,+25.5,+14.6,+21.7,+21.5,+21.6,+25.2,+24.5,+24.6,+24.6,+24.5,+26,ESTP,0,0,+0,+0,+0.0167,+0,+0.0407,+0,+0,+0,12:06:01 26.03.2020
8673,+25.5,+14.6,+21.7,+21.5,+21.6,+25.1,+24.5,+24.6,+24.6,+24.5,+26,ESTP,0,0,+0,+0,+0.0167,+0,+0.0407,+0,+0,+0,12:07:01 26.03.2020
8674,+25.5,+14.6,+21.7,+21.5,+21.6,+25.1,+24.5,+24.6,+24.6,+24.6,+26,ESTP,0,0,+0,+0,+0.0167,+0,+0.0407,+0,+0,+0,12:08:01 26.03.2020
8675,+25.5,+14.6,+21.7,+21.5,+21.6,+25.1,+24.5,+24.6,+24.6,+24.6,+26,ESTP,0,0,+0,+0,+0.0167,+0,+0.0407,+0,+0,+0,12:09:01 26.03.2020
8676,+25.4,+14.6,+21.7,+21.5,+21.6,+25.1,+24.5,+24.6,+24.6,+24.6,+26,ESTP,0,0,+0,+0,+0.0167,+0,+0.0407,+0,+0,+0,12:10:01 26.03.2020
8677,+25.4,+14.6,+21.7,+21.5,+21.6,+25.1,+24.5,+24.6,+24.6,+24.6,+26,ESTP,0,0,+0,+0,+0.0167,+0,+0.0407,+0,+0,+0,12:11:01 26.03.2020
8678,+25.4,+14.6,+21.7,+21.5,+21.6,+25.1,+24.5,+24.6,+24.6,+24.6,+26,ESTP,0,0,+0,+0,+0.0167,+0,+0.0407,+0,+0,+0,12:12:01 26.03.2020
8679,+25.4,+14.6,+21.7,+21.5,+21.6,+25.1,+24.5,+24.6,+24.6,+24.6,+26,ESTP,0,0,+0,+0,+0.0167,+0,+0.0407,+0,+0,+0,12:13:01 26.03.2020
8680,+25.4,+14.6,+21.7,+21.5,+21.6,+25.1,+24.5,+24.6,+24.6,+24.6,+26,ESTP,0,0,+0,+0,+0.0167,+0,+0.0407,+0,+0,+0,12:14:01 26.03.2020
8681,+25.4,+14.6,+21.7,+21.5,+21.6,+25.1,+24.5,+24.6,+24.6,+24.5,+26,ESTP,0,0,+0,+0,+0.0167,+0,+0.0407,+0,+0,+0,12:15:01 26.03.2020
8682,+25.5,+14.6,+21.7,+21.5,+21.6,+25.1,+24.5,+24.6,+24.6,+24.6,+26,ESTP,0,0,+0,+0,+0.0167,+0,+0.0407,+0,+0,+0,12:16:01 26.03.2020
8683,+25.5,+14.6,+21.7,+21.5,+21.6,+25.1,+24.5,+24.6,+24.6,+24.6,+26,ESTP,0,0,+0,+0,+0.0167,+0,+0.0407,+0,+0,+0,12:17:01 26.03.2020
8684,+25.5,+14.6,+21.7,+21.5,+21.6,+25.1,+24.5,+24.6,+24.6,+24.5,+26,ESTP,0,0,+0,+0,+0.0167,+0,+0.0407,+0,+0,+0,12:18:01 26.03.2020
8685,+25.5,+14.6,+21.7,+21.5,+21.6,+25.1,+24.5,+24.6,+24.5,+24.6,+26,ESTP,0,0,+0,+0,+0.0167,+0,+0.0407,+0,+0,+0,12:19:01 26.03.2020
8686,+25.6,+14.6,+21.7,+21.5,+21.6,+25.2,+24.5,+24.6,+24.6,+24.5,+26,ESTP,0,0,+0,+0,+0.0167,+0,+0.0407,+0,+0,+0,12:20:01 26.03.2020
8687,+25.5,+14.6,+21.7,+21.5,+21.6,+25.2,+24.5,+24.6,+24.6,+24.6,+26,ESTP,0,0,+0,+0,+0.0167,+0,+0.0407,+0,+0,+0,12:21:01 26.03.2020
8688,+25.5,+14.6,+21.7,+21.5,+21.6,+25.2,+24.5,+24.6,+24.6,+24.6,+26,ESTP,0,0,+0,+0,+0.0167,+0,+0.0409,+0,+0,+0,12:22:01 26.03.2020
8689,+25.5,+14.6,+21.7,+21.5,+21.6,+25.2,+24.5,+24.6,+24.6,+24.6,+26,ESTP,0,0,+0,+0,+0.0167,+0,+0.0407,+0,+0,+0,12:23:01 26.03.2020
8690,+25.5,+14.6,+21.7,+21.5,+21.6,+25.2,+24.5,+24.6,+24.6,+24.6,+26,ESTP,0,0,+0,+0,+0.0167,+0,+0.0407,+0,+0,+0,12:24:01 26.03.2020
8691,+25.5,+14.6,+21.7,+21.5,+21.6,+25.2,+24.5,+24.6,+24.6,+24.6,+26,ESTP,0,0,+0,+0,+0.0167,+0,+0.0407,+0,+0,+0,12:25:01 26.03.2020
8692,+25.4,+14.6,+21.7,+21.5,+21.6,+25.1,+24.5,+24.6,+24.6,+24.6,+26,ESTP,0,0,+0,+0,+0.0167,+0,+0.0407,+0,+0,+0,12:26:01 26.03.2020
8693,+25.4,+14.6,+21.7,+21.5,+21.6,+25.1,+24.5,+24.6,+24.6,+24.6,+26,ESTP,0,0,+0,+0,+0.0167,+0,+0.0407,+0,+0,+0,12:27:01 26.03.2020
8694,+25.4,+14.6,+21.7,+21.5,+21.6,+25.1,+24.5,+24.6,+24.6,+24.6,+26,ESTP,0,0,+0,+0,+0.0167,+0,+0.0407,+0,+0,+0,12:28:01 26.03.2020
8695,+25.4,+14.6,+21.7,+21.5,+21.6,+25.1,+24.5,+24.6,+24.6,+24.6,+26,ESTP,0,0,+0,+0,+0.0167,+0,+0.0407,+0,+0,+0,12:29:01 26.03.2020
8696,+25.4,+14.6,+21.7,+21.5,+21.6,+25.1,+24.5,+24.6,+24.6,+24.6,+26,ESTP,0,0,+0,+0,+0.0167,+0,+0.0407,+0,+0,+0,12:30:01 26.03.2020
8697,+25.5,+14.6,+21.7,+21.5,+21.6,+25.1,+24.5,+24.6,+24.6,+24.6,+26,ESTP,0,0,+0,+0,+0.0167,+0,+0.0407,+0,+0,+0,12:31:01 26.03.2020
8698,+25.5,+14.6,+21.7,+21.5,+21.6,+25.1,+24.5,+24.6,+24.6,+24.6,+26,ESTP,0,0,+0,+0,+0.0167,+0,+0.0407,+0,+0,+0,12:32:01 26.03.2020
8699,+25.5,+14.6,+21.7,+21.5,+21.6,+25.1,+24.5,+24.6,+24.6,+24.6,+26,ESTP,0,0,+0,+0,+0.0167,+0,+0.0407,+0,+0,+0,12:33:01 26.03.2020
8700,+25.5,+14.6,+21.7,+21.5,+21.6,+25.1,+24.5,+24.6,+24.6,+24.6,+26,ESTP,0,0,+0,+0,+0.0167,+0,+0.0407,+0,+0,+0,12:34:01 26.03.2020
8701,+25.5,+14.6,+21.7,+21.5,+21.6,+25.2,+24.5,+24.6,+24.6,+24.6,+26,ESTP,0,0,+0,+0,+0.0167,+0,+0.0409,+0,+0,+0,12:35:01 26.03.2020
8702,+25.5,+14.6,+21.7,+21.5,+21.6,+25.2,+24.5,+24.6,+24.6,+24.6,+26,ESTP,0,0,+0,+0,+0.0167,+0,+0.0409,+0,+0,+0,12:36:01 26.03.2020
8703,+25.5,+14.6,+21.7,+21.5,+21.6,+25.2,+24.5,+24.6,+24.6,+24.6,+26,ESTP,0,0,+0,+0,+0.0167,+0,+0.0409,+0,+0,+0,12:37:01 26.03.2020
8704,+25.5,+14.6,+21.7,+21.5,+21.6,+25.2,+24.5,+24.6,+24.6,+24.6,+26,ESTP,0,0,+0,+0,+0.0167,+0,+0.0409,+0,+0,+0,12:38:01 26.03.2020
8705,+25.5,+14.6,+21.7,+21.5,+21.6,+25.2,+24.5,+24.6,+24.6,+24.6,+26,ESTP,0,0,+0,+0,+0.0167,+0,+0.0409,+0,+0,+0,12:39:01 26.03.2020
8706,+25.5,+14.6,+21.7,+21.5,+21.6,+25.2,+24.5,+24.6,+24.6,+24.6,+26,ESTP,0,0,+0,+0,+0.0167,+0,+0.0409,+0,+0,+0,12:40:01 26.03.2020
8707,+25.5,+14.6,+21.7,+21.5,+21.6,+25.1,+24.5,+24.6,+24.6,+24.6,+26,ESTP,0,0,+0,+0,+0.0167,+0,+0.0407,+0,+0,+0,12:41:01 26.03.2020
8708,+25.4,+14.6,+21.7,+21.5,+21.6,+25.1,+24.5,+24.6,+24.6,+24.6,+26,ESTP,0,0,+0,+0,+0.0167,+0,+0.0407,+0,+0,+0,12:42:01 26.03.2020
8709,+25.4,+14.6,+21.7,+21.5,+21.6,+25.1,+24.5,+24.6,+24.6,+24.6,+26,ESTP,0,0,+0,+0,+0.0167,+0,+0.0407,+0,+0,+0,12:43:01 26.03.2020
8710,+25.4,+14.6,+21.7,+21.5,+21.6,+25.1,+24.5,+24.6,+24.6,+24.6,+26,ESTP,0,0,+0,+0,+0.0167,+0,+0.0407,+0,+0,+0,12:44:01 26.03.2020
8711,+25.4,+14.6,+21.7,+21.5,+21.6,+25.1,+24.5,+24.6,+24.6,+24.6,+26,ESTP,0,0,+0,+0,+0.0167,+0,+0.0407,+0,+0,+0,12:45:01 26.03.2020
8712,+25.4,+14.6,+21.7,+21.5,+21.6,+25.1,+24.5,+24.6,+24.6,+24.6,+26,ESTP,0,0,+0,+0,+0.0167,+0,+0.0407,+0,+0,+0,12:46:01 26.03.2020
8713,+25.4,+14.6,+21.7,+21.5,+21.6,+25.1,+24.5,+24.6,+24.6,+24.6,+26,ESTP,0,0,+0,+0,+0.0167,+0,+0.0407,+0,+0,+0,12:47:01 26.03.2020
8714,+25.5,+14.6,+21.7,+21.5,+21.6,+25.1,+24.5,+24.6,+24.6,+24.6,+26,ESTP,0,0,+0,+0,+0.0167,+0,+0.0407,+0,+0,+0,12:48:01 26.03.2020
8715,+25.5,+14.6,+21.7,+21.5,+21.6,+25.1,+24.5,+24.6,+24.6,+24.6,+26,ESTP,0,0,+0,+0,+0.0167,+0,+0.0407,+0,+0,+0,12:49:01 26.03.2020
8716,+25.5,+14.6,+21.7,+21.5,+21.6,+25.1,+24.5,+24.6,+24.6,+24.6,+26,ESTP,0,0,+0,+0,+0.0167,+0,+0.0407,+0,+0,+0,12:50:01 26.03.2020
8717,+25.5,+14.6,+21.7,+21.5,+21.6,+25.1,+24.5,+24.6,+24.6,+24.6,+26,ESTP,0,0,+0,+0,+0.0167,+0,+0.0407,+0,+0,+0,12:51:01 26.03.2020
8718,+25.6,+14.6,+21.7,+21.5,+21.6,+25.2,+24.5,+24.6,+24.6,+24.6,+26,ESTP,0,0,+0,+0,+0.0167,+0,+0.0409,+0,+0,+0,12:52:01 26.03.2020
8719,+25.5,+14.6,+21.7,+21.5,+21.6,+25.2,+24.5,+24.6,+24.6,+24.6,+26,ESTP,0,0,+0,+0,+0.0167,+0,+0.0409,+0,+0,+0,12:53:01 26.03.2020
8720,+25.5,+14.6,+21.7,+21.5,+21.6,+25.2,+24.5,+24.6,+24.6,+24.6,+26,ESTP,0,0,+0,+0,+0.0167,+0,+0.0409,+0,+0,+0,12:54:01 26.03.2020
8721,+25.5,+14.6,+21.7,+21.5,+21.6,+25.2,+24.5,+24.6,+24.6,+24.6,+26,ESTP,0,0,+0,+0,+0.0167,+0,+0.0409,+0,+0,+0,12:55:01 26.03.2020
8722,+25.5,+14.6,+21.7,+21.5,+21.6,+25.2,+24.5,+24.6,+24.6,+24.6,+26,ESTP,0,0,+0,+0,+0.0167,+0,+0.0409,+0,+0,+0,12:56:01 26.03.2020
8723,+25.5,+14.6,+21.7,+21.5,+21.6,+25.2,+24.5,+24.6,+24.6,+24.6,+26,ESTP,0,0,+0,+0,+0.0167,+0,+0.0409,+0,+0,+0,12:57:01 26.03.2020
8724,+25.4,+14.7,+21.7,+21.5,+21.6,+25.2,+24.5,+24.6,+24.6,+24.6,+26,ESTP,0,0,+0,+0,+0.0167,+0,+0.0407,+0,+0,+0,12:58:01 26.03.2020
8725,+25.4,+14.6,+21.7,+21.5,+21.6,+25.1,+24.5,+24.6,+24.6,+24.6,+26,ESTP,0,0,+0,+0,+0.0167,+0,+0.0407,+0,+0,+0,12:59:01 26.03.2020
8726,+25.4,+14.7,+21.7,+21.5,+21.6,+25.1,+24.5,+24.6,+24.6,+24.6,+26,ESTP,0,0,+0,+0,+0.0167,+0,+0.0407,+0,+0,+0,13:00:01 26.03.2020
8727,+25.4,+14.6,+21.7,+21.5,+21.6,+25.1,+24.5,+24.6,+24.6,+24.6,+26,ESTP,0,0,+0,+0,+0.0167,+0,+0.0407,+0,+0,+0,13:01:01 26.03.2020
8728,+25.5,+14.7,+21.7,+21.5,+21.6,+25.1,+24.5,+24.6,+24.6,+24.6,+26,ESTP,0,0,+0,+0,+0.0167,+0,+0.0407,+0,+0,+0,13:02:01 26.03.2020
8729,+25.5,+14.7,+21.7,+21.5,+21.6,+25.1,+24.5,+24.6,+24.6,+24.6,+26,ESTP,0,0,+0,+0,+0.0167,+0,+0.0407,+0,+0,+0,13:03:01 26.03.2020
8730,+25.5,+14.6,+21.7,+21.5,+21.6,+25.1,+24.5,+24.6,+24.6,+24.6,+26,ESTP,0,0,+0,+0,+0.0167,+0,+0.0407,+0,+0,+0,13:04:01 26.03.2020
8731,+25.5,+14.7,+21.7,+21.5,+21.6,+25.1,+24.5,+24.6,+24.6,+24.6,+26,ESTP,0,0,+0,+0,+0.0167,+0,+0.0407,+0,+0,+0,13:05:01 26.03.2020
8732,+25.6,+14.7,+21.7,+21.5,+21.6,+25.2,+24.5,+24.6,+24.6,+24.6,+26,ESTP,0,0,+0,+0,+0.0167,+0,+0.0409,+0,+0,+0,13:06:01 26.03.2020
8733,+25.6,+14.7,+21.7,+21.5,+21.6,+25.2,+24.5,+24.6,+24.6,+24.6,+26,ESTP,0,0,+0,+0,+0.0167,+0,+0.0409,+0,+0,+0,13:07:01 26.03.2020
8734,+25.5,+14.7,+21.7,+21.5,+21.6,+25.2,+24.5,+24.6,+24.6,+24.6,+26,ESTP,0,0,+0,+0,+0.0167,+0,+0.0409,+0,+0,+0,13:08:01 26.03.2020
8735,+25.5,+14.7,+21.7,+21.5,+21.6,+25.2,+24.5,+24.6,+24.6,+24.6,+26,ESTP,0,0,+0,+0,+0.0167,+0,+0.0409,+0,+0,+0,13:09:01 26.03.2020
8736,+25.5,+14.7,+21.7,+21.5,+21.6,+25.2,+24.5,+24.6,+24.6,+24.6,+26,ESTP,0,0,+0,+0,+0.0167,+0,+0.0409,+0,+0,+0,13:10:01 26.03.2020
8737,+25.5,+14.7,+21.7,+21.5,+21.6,+25.2,+24.5,+24.6,+24.6,+24.6,+26,ESTP,0,0,+0,+0,+0.0167,+0,+0.0409,+0,+0,+0,13:11:01 26.03.2020
8738,+25.5,+14.7,+21.7,+21.5,+21.6,+25.2,+24.5,+24.6,+24.6,+24.6,+26,ESTP,0,0,+0,+0,+0.0167,+0,+0.0409,+0,+0,+0,13:12:01 26.03.2020
8739,+25.5,+14.7,+21.7,+21.5,+21.6,+25.2,+24.5,+24.6,+24.6,+24.6,+26,ESTP,0,0,+0,+0,+0.0167,+0,+0.0409,+0,+0,+0,13:13:01 26.03.2020
8740,+25.5,+14.7,+21.7,+21.5,+21.6,+25.2,+24.5,+24.6,+24.6,+24.6,+26,ESTP,0,0,+0,+0,+0.0167,+0,+0.0409,+0,+0,+0,13:14:01 26.03.2020
8741,+25.4,+14.7,+21.7,+21.5,+21.6,+25.2,+24.5,+24.6,+24.6,+24.6,+26,ESTP,0,0,+0,+0,+0.0167,+0,+0.0409,+0,+0,+0,13:15:01 26.03.2020
8742,+25.4,+14.7,+21.7,+21.5,+21.6,+25.1,+24.5,+24.6,+24.6,+24.6,+26,ESTP,0,0,+0,+0,+0.0167,+0,+0.0407,+0,+0,+0,13:16:01 26.03.2020
8743,+25.4,+14.7,+21.7,+21.5,+21.6,+25.1,+24.5,+24.6,+24.6,+24.6,+26,ESTP,0,0,+0,+0,+0.0167,+0,+0.0407,+0,+0,+0,13:17:01 26.03.2020
8744,+25.5,+14.7,+21.7,+21.5,+21.6,+25.1,+24.5,+24.6,+24.6,+24.6,+26,ESTP,0,0,+0,+0,+0.0167,+0,+0.0407,+0,+0,+0,13:18:01 26.03.2020
8745,+25.5,+14.7,+21.7,+21.5,+21.6,+25.1,+24.5,+24.6,+24.6,+24.6,+26,ESTP,0,0,+0,+0,+0.0167,+0,+0.0407,+0,+0,+0,13:19:01 26.03.2020
8746,+25.5,+14.7,+21.7,+21.5,+21.6,+25.1,+24.5,+24.6,+24.6,+24.6,+26,ESTP,0,0,+0,+0,+0.0167,+0,+0.0407,+0,+0,+0,13:20:01 26.03.2020
8747,+25.5,+14.7,+21.7,+21.5,+21.6,+25.2,+24.5,+24.6,+24.6,+24.6,+26,ESTP,0,0,+0,+0,+0.0167,+0,+0.0407,+0,+0,+0,13:21:01 26.03.2020
8748,+25.6,+14.7,+21.7,+21.5,+21.6,+25.2,+24.5,+24.6,+24.6,+24.6,+26,ESTP,0,0,+0,+0,+0.0167,+0,+0.0409,+0,+0,+0,13:22:01 26.03.2020
8749,+25.6,+14.7,+21.7,+21.5,+21.6,+25.2,+24.5,+24.6,+24.6,+24.6,+26,ESTP,0,0,+0,+0,+0.0167,+0,+0.0409,+0,+0,+0,13:23:01 26.03.2020
8750,+25.5,+14.7,+21.7,+21.5,+21.6,+25.2,+24.5,+24.6,+24.6,+24.6,+26,ESTP,0,0,+0,+0,+0.0167,+0,+0.0409,+0,+0,+0,13:24:01 26.03.2020
8751,+25.5,+14.7,+21.7,+21.5,+21.6,+25.2,+24.5,+24.6,+24.6,+24.6,+26,ESTP,0,0,+0,+0,+0.0167,+0,+0.0409,+0,+0,+0,13:25:01 26.03.2020
8752,+25.5,+14.7,+21.7,+21.5,+21.6,+25.2,+24.5,+24.6,+24.6,+24.6,+26,ESTP,0,0,+0,+0,+0.0167,+0,+0.0409,+0,+0,+0,13:26:01 26.03.2020
8753,+25.5,+14.7,+21.7,+21.5,+21.6,+25.2,+24.5,+24.6,+24.6,+24.6,+26,ESTP,0,0,+0,+0,+0.0167,+0,+0.0409,+0,+0,+0,13:27:01 26.03.2020
8754,+25.5,+14.7,+21.7,+21.5,+21.6,+25.2,+24.5,+24.6,+24.6,+24.6,+26,ESTP,0,0,+0,+0,+0.0167,+0,+0.0409,+0,+0,+0,13:28:01 26.03.2020
8755,+25.5,+14.7,+21.7,+21.5,+21.6,+25.2,+24.5,+24.6,+24.6,+24.6,+26,ESTP,0,0,+0,+0,+0.0167,+0,+0.0409,+0,+0,+0,13:29:01 26.03.2020
8756,+25.5,+14.7,+21.7,+21.5,+21.6,+25.2,+24.5,+24.6,+24.6,+24.6,+26,ESTP,0,0,+0,+0,+0.0167,+0,+0.0409,+0,+0,+0,13:30:01 26.03.2020
8757,+25.4,+14.7,+21.7,+21.5,+21.6,+25.2,+24.5,+24.6,+24.6,+24.6,+26,ESTP,0,0,+0,+0,+0.0167,+0,+0.0409,+0,+0,+0,13:31:01 26.03.2020
8758,+25.4,+14.7,+21.7,+21.5,+21.6,+25.1,+24.5,+24.6,+24.6,+24.6,+26,ESTP,0,0,+0,+0,+0.0167,+0,+0.0409,+0,+0,+0,13:32:01 26.03.2020
8759,+25.4,+14.7,+21.7,+21.5,+21.6,+25.1,+24.5,+24.6,+24.6,+24.6,+26,ESTP,0,0,+0,+0,+0.0167,+0,+0.0407,+0,+0,+0,13:33:01 26.03.2020
8760,+25.4,+14.7,+21.7,+21.5,+21.6,+25.1,+24.5,+24.6,+24.6,+24.6,+26,ESTP,0,0,+0,+0,+0.0167,+0,+0.0407,+0,+0,+0,13:34:01 26.03.2020
8761,+25.5,+14.7,+21.7,+21.5,+21.6,+25.1,+24.5,+24.6,+24.6,+24.6,+26,ESTP,0,0,+0,+0,+0.0167,+0,+0.0407,+0,+0,+0,13:35:01 26.03.2020
8762,+25.5,+14.7,+21.7,+21.5,+21.6,+25.1,+24.5,+24.6,+24.6,+24.6,+26,ESTP,0,0,+0,+0,+0.0167,+0,+0.0407,+0,+0,+0,13:36:01 26.03.2020
8763,+25.5,+14.7,+21.7,+21.5,+21.6,+25.1,+24.5,+24.6,+24.6,+24.6,+26,ESTP,0,0,+0,+0,+0.0167,+0,+0.0409,+0,+0,+0,13:37:01 26.03.2020
8764,+25.5,+14.7,+21.7,+21.5,+21.6,+25.2,+24.5,+24.6,+24.6,+24.6,+26,ESTP,0,0,+0,+0,+0.0167,+0,+0.0409,+0,+0,+0,13:38:01 26.03.2020
8765,+25.6,+14.7,+21.7,+21.5,+21.6,+25.2,+24.5,+24.6,+24.6,+24.6,+26,ESTP,0,0,+0,+0,+0.0167,+0,+0.0409,+0,+0,+0,13:39:01 26.03.2020
8766,+25.6,+14.7,+21.7,+21.5,+21.6,+25.2,+24.5,+24.6,+24.6,+24.6,+26,ESTP,0,0,+0,+0,+0.0167,+0,+0.0409,+0,+0,+0,13:40:01 26.03.2020
8767,+25.5,+14.7,+21.7,+21.5,+21.6,+25.2,+24.5,+24.6,+24.6,+24.6,+26,ESTP,0,0,+0,+0,+0.0167,+0,+0.0409,+0,+0,+0,13:41:01 26.03.2020
8768,+25.5,+14.7,+21.7,+21.5,+21.6,+25.2,+24.5,+24.6,+24.6,+24.6,+26,ESTP,0,0,+0,+0,+0.0167,+0,+0.0409,+0,+0,+0,13:42:01 26.03.2020
8769,+25.5,+14.7,+21.7,+21.5,+21.6,+25.2,+24.5,+24.6,+24.6,+24.6,+26,ESTP,0,0,+0,+0,+0.0167,+0,+0.0409,+0,+0,+0,13:43:01 26.03.2020
8770,+25.5,+14.7,+21.7,+21.5,+21.6,+25.2,+24.5,+24.6,+24.6,+24.6,+26,ESTP,0,0,+0,+0,+0.0167,+0,+0.0409,+0,+0,+0,13:44:01 26.03.2020
8771,+25.5,+14.7,+21.7,+21.5,+21.6,+25.2,+24.5,+24.6,+24.6,+24.6,+26,ESTP,0,0,+0,+0,+0.0167,+0,+0.0409,+0,+0,+0,13:45:01 26.03.2020
8772,+25.5,+14.7,+21.7,+21.5,+21.6,+25.2,+24.6,+24.6,+24.6,+24.6,+26,ESTP,0,0,+0,+0,+0.0167,+0,+0.0409,+0,+0,+0,13:46:01 26.03.2020
8773,+25.4,+14.7,+21.7,+21.5,+21.6,+25.2,+24.5,+24.6,+24.6,+24.6,+26,ESTP,0,0,+0,+0,+0.0167,+0,+0.0409,+0,+0,+0,13:47:01 26.03.2020
8774,+25.4,+14.7,+21.7,+21.5,+21.6,+25.2,+24.6,+24.6,+24.6,+24.6,+26,ESTP,0,0,+0,+0,+0.0167,+0,+0.0408,+0,+0,+0,13:48:01 26.03.2020
8775,+25.4,+14.7,+21.7,+21.5,+21.6,+25.1,+24.6,+24.6,+24.6,+24.6,+26,ESTP,0,0,+0,+0,+0.0167,+0,+0.0407,+0,+0,+0,13:49:01 26.03.2020
8776,+25.4,+14.7,+21.7,+21.5,+21.6,+25.1,+24.5,+24.6,+24.6,+24.6,+26,ESTP,0,0,+0,+0,+0.0167,+0,+0.0407,+0,+0,+0,13:50:01 26.03.2020
8777,+25.5,+14.7,+21.7,+21.5,+21.6,+25.1,+24.5,+24.6,+24.6,+24.6,+26,ESTP,0,0,+0,+0,+0.0167,+0,+0.0407,+0,+0,+0,13:51:01 26.03.2020
8778,+25.5,+14.7,+21.7,+21.5,+21.6,+25.1,+24.6,+24.6,+24.6,+24.6,+26,ESTP,0,0,+0,+0,+0.0167,+0,+0.0409,+0,+0,+0,13:52:01 26.03.2020
8779,+25.5,+14.7,+21.7,+21.5,+21.6,+25.2,+24.5,+24.6,+24.6,+24.6,+26,ESTP,0,0,+0,+0,+0.0167,+0,+0.0409,+0,+0,+0,13:53:01 26.03.2020
8780,+25.5,+14.7,+21.7,+21.5,+21.6,+25.2,+24.5,+24.6,+24.6,+24.6,+26,ESTP,0,0,+0,+0,+0.0167,+0,+0.0409,+0,+0,+0,13:54:01 26.03.2020
8781,+25.6,+14.7,+21.7,+21.5,+21.6,+25.2,+24.6,+24.6,+24.6,+24.6,+26,ESTP,0,0,+0,+0,+0.0167,+0,+0.0409,+0,+0,+0,13:55:01 26.03.2020
8782,+25.6,+14.7,+21.7,+21.5,+21.6,+25.2,+24.6,+24.6,+24.6,+24.6,+26,ESTP,0,0,+0,+0,+0.0167,+0,+0.0409,+0,+0,+0,13:56:01 26.03.2020
8783,+25.5,+14.7,+21.7,+21.5,+21.6,+25.2,+24.5,+24.6,+24.6,+24.6,+26,ESTP,0,0,+0,+0,+0.0167,+0,+0.0409,+0,+0,+0,13:57:01 26.03.2020
8784,+25.5,+14.7,+21.7,+21.5,+21.6,+25.2,+24.6,+24.6,+24.6,+24.6,+26,ESTP,0,0,+0,+0,+0.0167,+0,+0.0409,+0,+0,+0,13:58:01 26.03.2020
8785,+25.5,+14.7,+21.7,+21.5,+21.6,+25.2,+24.6,+24.6,+24.6,+24.6,+26,ESTP,0,0,+0,+0,+0.0167,+0,+0.0409,+0,+0,+0,13:59:01 26.03.2020
8786,+25.5,+14.7,+21.7,+21.5,+21.6,+25.2,+24.6,+24.6,+24.6,+24.6,+26,ESTP,0,0,+0,+0,+0.0167,+0,+0.0409,+0,+0,+0,14:00:01 26.03.2020
8787,+25.5,+14.7,+21.7,+21.5,+21.6,+25.2,+24.6,+24.6,+24.6,+24.6,+26,ESTP,0,0,+0,+0,+0.0167,+0,+0.0409,+0,+0,+0,14:01:01 26.03.2020
8788,+25.5,+14.7,+21.7,+21.5,+21.5,+25.2,+24.6,+24.6,+24.6,+24.6,+26,ESTP,0,0,+0,+0,+0.0167,+0,+0.0409,+0,+0,+0,14:02:01 26.03.2020
8789,+25.4,+14.7,+21.7,+21.5,+21.6,+25.2,+24.6,+24.6,+24.6,+24.6,+26,ESTP,0,0,+0,+0,+0.0167,+0,+0.0409,+0,+0,+0,14:03:01 26.03.2020
8790,+25.4,+14.7,+21.7,+21.5,+21.6,+25.2,+24.6,+24.6,+24.6,+24.6,+26,ESTP,0,0,+0,+0,+0.0167,+0,+0.0409,+0,+0,+0,14:04:01 26.03.2020
8791,+25.4,+14.7,+21.7,+21.5,+21.6,+25.2,+24.6,+24.6,+24.6,+24.6,+26,ESTP,0,0,+0,+0,+0.0167,+0,+0.0409,+0,+0,+0,14:05:01 26.03.2020
8792,+25.4,+14.7,+21.7,+21.5,+21.6,+25.1,+24.6,+24.6,+24.6,+24.6,+26,ESTP,0,0,+0,+0,+0.0167,+0,+0.0407,+0,+0,+0,14:06:01 26.03.2020
8793,+25.4,+14.7,+21.7,+21.5,+21.5,+25.1,+24.6,+24.6,+24.6,+24.6,+26,ESTP,0,0,+0,+0,+0.0167,+0,+0.0409,+0,+0,+0,14:07:01 26.03.2020
8794,+25.4,+14.7,+21.7,+21.5,+21.6,+25.1,+24.6,+24.6,+24.6,+24.6,+26,ESTP,0,0,+0,+0,+0.0167,+0,+0.0409,+0,+0,+0,14:08:01 26.03.2020
8795,+25.5,+14.7,+21.7,+21.5,+21.6,+25.1,+24.6,+24.6,+24.6,+24.6,+26,ESTP,0,0,+0,+0,+0.0167,+0,+0.0409,+0,+0,+0,14:09:01 26.03.2020
8796,+25.5,+14.7,+21.7,+21.5,+21.6,+25.1,+24.6,+24.6,+24.6,+24.6,+26,ESTP,0,0,+0,+0,+0.0167,+0,+0.0409,+0,+0,+0,14:10:01 26.03.2020
8797,+25.5,+14.7,+21.7,+21.5,+21.6,+25.2,+24.6,+24.6,+24.6,+24.6,+26,ESTP,0,0,+0,+0,+0.0167,+0,+0.0409,+0,+0,+0,14:11:01 26.03.2020
8798,+25.5,+14.7,+21.7,+21.5,+21.5,+25.2,+24.6,+24.6,+24.6,+24.6,+26,ESTP,0,0,+0,+0,+0.0167,+0,+0.0409,+0,+0,+0,14:12:01 26.03.2020
8799,+25.6,+14.7,+21.7,+21.5,+21.5,+25.2,+24.6,+24.6,+24.6,+24.6,+26,ESTP,0,0,+0,+0,+0.0167,+0,+0.0409,+0,+0,+0,14:13:01 26.03.2020
8800,+25.6,+14.7,+21.7,+21.5,+21.6,+25.2,+24.6,+24.6,+24.6,+24.6,+26,ESTP,0,0,+0,+0,+0.0167,+0,+0.0409,+0,+0,+0,14:14:01 26.03.2020
8801,+25.6,+14.7,+21.7,+21.5,+21.5,+25.2,+24.6,+24.6,+24.6,+24.6,+26,ESTP,0,0,+0,+0,+0.0167,+0,+0.0409,+0,+0,+0,14:15:01 26.03.2020
8802,+25.5,+14.7,+21.7,+21.5,+21.5,+25.2,+24.6,+24.6,+24.6,+24.6,+26,ESTP,0,0,+0,+0,+0.0167,+0,+0.0409,+0,+0,+0,14:16:01 26.03.2020
8803,+25.5,+14.7,+21.7,+21.5,+21.6,+25.2,+24.6,+24.7,+24.6,+24.6,+26,ESTP,0,0,+0,+0,+0.0167,+0,+0.0409,+0,+0,+0,14:17:01 26.03.2020
8804,+25.5,+14.7,+21.7,+21.5,+21.5,+25.2,+24.6,+24.6,+24.6,+24.6,+26,ESTP,0,0,+0,+0,+0.0167,+0,+0.0409,+0,+0,+0,14:18:01 26.03.2020
8805,+25.5,+14.7,+21.7,+21.5,+21.5,+25.2,+24.6,+24.7,+24.6,+24.6,+26,ESTP,0,0,+0,+0,+0.0167,+0,+0.0409,+0,+0,+0,14:19:01 26.03.2020
8806,+25.5,+14.7,+21.7,+21.5,+21.5,+25.2,+24.6,+24.7,+24.6,+24.6,+26,ESTP,0,0,+0,+0,+0.0167,+0,+0.0409,+0,+0,+0,14:20:01 26.03.2020
8807,+25.5,+14.7,+21.7,+21.5,+21.5,+25.2,+24.6,+24.7,+24.6,+24.6,+26,ESTP,0,0,+0,+0,+0.0167,+0,+0.0409,+0,+0,+0,14:21:01 26.03.2020
8808,+25.5,+14.7,+21.7,+21.5,+21.5,+25.2,+24.6,+24.7,+24.6,+24.6,+26,ESTP,0,0,+0,+0,+0.0167,+0,+0.0409,+0,+0,+0,14:22:01 26.03.2020
8809,+25.5,+14.7,+21.7,+21.5,+21.5,+25.2,+24.6,+24.7,+24.6,+24.6,+26,ESTP,0,0,+0,+0,+0.0167,+0,+0.0409,+0,+0,+0,14:23:01 26.03.2020
8810,+25.5,+14.7,+21.7,+21.5,+21.5,+25.2,+24.6,+24.7,+24.6,+24.6,+26,ESTP,0,0,+0,+0,+0.0167,+0,+0.0409,+0,+0,+0,14:24:01 26.03.2020
8811,+25.5,+14.7,+21.7,+21.5,+21.5,+25.2,+24.6,+24.7,+24.6,+24.6,+26,ESTP,0,0,+0,+0,+0.0167,+0,+0.0409,+0,+0,+0,14:25:01 26.03.2020
8812,+25.5,+14.7,+21.7,+21.5,+21.5,+25.2,+24.6,+24.7,+24.6,+24.6,+26,ESTP,0,0,+0,+0,+0.0167,+0,+0.0409,+0,+0,+0,14:26:01 26.03.2020
8813,+25.5,+14.7,+21.7,+21.5,+21.5,+25.2,+24.6,+24.7,+24.6,+24.6,+26,ESTP,0,0,+0,+0,+0.0167,+0,+0.0409,+0,+0,+0,14:27:01 26.03.2020
8814,+25.6,+14.7,+21.7,+21.5,+21.5,+25.2,+24.6,+24.7,+24.6,+24.6,+26,ESTP,0,0,+0,+0,+0.0167,+0,+0.0409,+0,+0,+0,14:28:01 26.03.2020
8815,+25.6,+14.7,+21.7,+21.5,+21.5,+25.2,+24.6,+24.7,+24.6,+24.6,+26,ESTP,0,0,+0,+0,+0.0167,+0,+0.0409,+0,+0,+0,14:29:01 26.03.2020
8816,+25.6,+14.7,+21.7,+21.5,+21.5,+25.2,+24.6,+24.7,+24.6,+24.6,+26,ESTP,0,0,+0,+0,+0.0167,+0,+0.0409,+0,+0,+0,14:30:01 26.03.2020
8817,+25.5,+14.7,+21.7,+21.5,+21.5,+25.2,+24.6,+24.7,+24.6,+24.6,+26,ESTP,0,0,+0,+0,+0.0167,+0,+0.0409,+0,+0,+0,14:31:01 26.03.2020
8818,+25.5,+14.7,+21.7,+21.5,+21.5,+25.2,+24.6,+24.7,+24.6,+24.6,+26,ESTP,0,0,+0,+0,+0.0167,+0,+0.0409,+0,+0,+0,14:32:01 26.03.2020
8819,+25.5,+14.7,+21.7,+21.5,+21.5,+25.2,+24.6,+24.7,+24.6,+24.6,+26,ESTP,0,0,+0,+0,+0.0167,+0,+0.0409,+0,+0,+0,14:33:01 26.03.2020
8820,+25.5,+14.7,+21.7,+21.4,+21.5,+25.2,+24.6,+24.7,+24.6,+24.6,+26,ESTP,0,0,+0,+0,+0.0167,+0,+0.0409,+0,+0,+0,14:34:01 26.03.2020
8821,+25.5,+14.7,+21.7,+21.4,+21.5,+25.2,+24.6,+24.7,+24.6,+24.6,+26,ESTP,0,0,+0,+0,+0.0167,+0,+0.0409,+0,+0,+0,14:35:01 26.03.2020
8822,+25.5,+14.7,+21.7,+21.4,+21.5,+25.2,+24.6,+24.7,+24.6,+24.6,+26,ESTP,0,0,+0,+0,+0.0167,+0,+0.0409,+0,+0,+0,14:36:01 26.03.2020
8823,+25.5,+14.7,+21.7,+21.4,+21.5,+25.2,+24.6,+24.7,+24.6,+24.6,+26,ESTP,0,0,+0,+0,+0.0167,+0,+0.0409,+0,+0,+0,14:37:01 26.03.2020
8824,+25.5,+14.7,+21.7,+21.4,+21.5,+25.2,+24.6,+24.7,+24.6,+24.6,+26,ESTP,0,0,+0,+0,+0.0167,+0,+0.0409,+0,+0,+0,14:38:01 26.03.2020
8825,+25.5,+14.7,+21.7,+21.4,+21.5,+25.2,+24.6,+24.7,+24.6,+24.6,+26,ESTP,0,0,+0,+0,+0.0167,+0,+0.0409,+0,+0,+0,14:39:01 26.03.2020
8826,+25.5,+14.7,+21.7,+21.4,+21.5,+25.2,+24.6,+24.7,+24.6,+24.6,+26,ESTP,0,0,+0,+0,+0.0167,+0,+0.0409,+0,+0,+0,14:40:01 26.03.2020
8827,+25.6,+14.7,+21.7,+21.4,+21.5,+25.2,+24.6,+24.7,+24.6,+24.6,+26,ESTP,0,0,+0,+0,+0.0167,+0,+0.0409,+0,+0,+0,14:41:01 26.03.2020
8828,+25.6,+14.7,+21.7,+21.4,+21.5,+25.2,+24.6,+24.7,+24.6,+24.6,+26,ESTP,0,0,+0,+0,+0.0167,+0,+0.0409,+0,+0,+0,14:42:01 26.03.2020
8829,+25.6,+14.7,+21.7,+21.4,+21.5,+25.2,+24.6,+24.7,+24.6,+24.6,+26,ESTP,0,0,+0,+0,+0.0167,+0,+0.0409,+0,+0,+0,14:43:01 26.03.2020
8830,+25.6,+14.7,+21.7,+21.4,+21.5,+25.2,+24.6,+24.7,+24.6,+24.6,+26,ESTP,0,0,+0,+0,+0.0167,+0,+0.0409,+0,+0,+0,14:44:01 26.03.2020
8831,+25.5,+14.7,+21.7,+21.4,+21.5,+25.2,+24.6,+24.7,+24.6,+24.6,+26,ESTP,0,0,+0,+0,+0.0167,+0,+0.0409,+0,+0,+0,14:45:01 26.03.2020
8832,+25.5,+14.7,+21.7,+21.4,+21.5,+25.2,+24.6,+24.7,+24.6,+24.6,+26,ESTP,0,0,+0,+0,+0.0167,+0,+0.0409,+0,+0,+0,14:46:01 26.03.2020
8833,+25.5,+14.7,+21.7,+21.4,+21.5,+25.2,+24.6,+24.7,+24.6,+24.6,+26,ESTP,0,0,+0,+0,+0.0167,+0,+0.0409,+0,+0,+0,14:47:01 26.03.2020
8834,+25.5,+14.7,+21.7,+21.4,+21.5,+25.2,+24.6,+24.7,+24.6,+24.6,+26,ESTP,0,0,+0,+0,+0.0167,+0,+0.0409,+0,+0,+0,14:48:01 26.03.2020
8835,+25.5,+14.7,+21.7,+21.4,+21.5,+25.2,+24.6,+24.7,+24.6,+24.6,+26,ESTP,0,0,+0,+0,+0.0167,+0,+0.0409,+0,+0,+0,14:49:01 26.03.2020
8836,+25.5,+14.7,+21.7,+21.4,+21.5,+25.2,+24.6,+24.7,+24.6,+24.6,+26,ESTP,0,0,+0,+0,+0.0167,+0,+0.0409,+0,+0,+0,14:50:01 26.03.2020
8837,+25.5,+14.7,+21.7,+21.4,+21.5,+25.2,+24.6,+24.7,+24.6,+24.6,+26,ESTP,0,0,+0,+0,+0.0167,+0,+0.0409,+0,+0,+0,14:51:01 26.03.2020
8838,+25.5,+14.7,+21.7,+21.4,+21.5,+25.2,+24.6,+24.7,+24.6,+24.6,+26,ESTP,0,0,+0,+0,+0.0167,+0,+0.0409,+0,+0,+0,14:52:01 26.03.2020
8839,+25.5,+14.7,+21.7,+21.4,+21.5,+25.2,+24.6,+24.7,+24.6,+24.6,+26,ESTP,0,0,+0,+0,+0.0167,+0,+0.0409,+0,+0,+0,14:53:01 26.03.2020
8840,+25.5,+14.7,+21.7,+21.4,+21.5,+25.2,+24.6,+24.7,+24.6,+24.6,+26,ESTP,0,0,+0,+0,+0.0167,+0,+0.0409,+0,+0,+0,14:54:01 26.03.2020
8841,+25.6,+14.7,+21.7,+21.4,+21.5,+25.2,+24.6,+24.7,+24.6,+24.6,+26,ESTP,0,0,+0,+0,+0.0167,+0,+0.0409,+0,+0,+0,14:55:01 26.03.2020
8842,+25.6,+14.7,+21.7,+21.4,+21.5,+25.2,+24.6,+24.7,+24.6,+24.6,+26,ESTP,0,0,+0,+0,+0.0167,+0,+0.0409,+0,+0,+0,14:56:01 26.03.2020
8843,+25.6,+14.7,+21.7,+21.4,+21.5,+25.2,+24.6,+24.7,+24.6,+24.6,+26,ESTP,0,0,+0,+0,+0.0167,+0,+0.0409,+0,+0,+0,14:57:01 26.03.2020
8844,+25.6,+14.7,+21.7,+21.4,+21.5,+25.2,+24.6,+24.7,+24.6,+24.6,+26,ESTP,0,0,+0,+0,+0.0167,+0,+0.0409,+0,+0,+0,14:58:01 26.03.2020
8845,+25.6,+14.7,+21.7,+21.4,+21.5,+25.2,+24.6,+24.7,+24.6,+24.6,+26,ESTP,0,0,+0,+0,+0.0167,+0,+0.0409,+0,+0,+0,14:59:01 26.03.2020
8846,+25.5,+14.7,+21.7,+21.4,+21.5,+25.2,+24.6,+24.7,+24.6,+24.6,+26,ESTP,0,0,+0,+0,+0.0167,+0,+0.0409,+0,+0,+0,15:00:01 26.03.2020
8847,+25.5,+14.7,+21.7,+21.4,+21.5,+25.2,+24.6,+24.7,+24.6,+24.6,+26,ESTP,0,0,+0,+0,+0.0167,+0,+0.0409,+0,+0,+0,15:01:01 26.03.2020
8848,+25.5,+14.7,+21.7,+21.4,+21.5,+25.2,+24.6,+24.7,+24.6,+24.6,+26,ESTP,0,0,+0,+0,+0.0167,+0,+0.0409,+0,+0,+0,15:02:01 26.03.2020
8849,+25.5,+14.7,+21.7,+21.4,+21.5,+25.2,+24.6,+24.7,+24.6,+24.6,+26,ESTP,0,0,+0,+0,+0.0167,+0,+0.0409,+0,+0,+0,15:03:01 26.03.2020
8850,+25.5,+14.7,+21.6,+21.4,+21.5,+25.2,+24.6,+24.7,+24.6,+24.6,+26,ESTP,0,0,+0,+0,+0.0167,+0,+0.0409,+0,+0,+0,15:04:01 26.03.2020
8851,+25.5,+14.7,+21.6,+21.4,+21.5,+25.2,+24.6,+24.7,+24.6,+24.6,+26,ESTP,0,0,+0,+0,+0.0167,+0,+0.0409,+0,+0,+0,15:05:01 26.03.2020
8852,+25.5,+14.7,+21.6,+21.4,+21.5,+25.2,+24.6,+24.7,+24.6,+24.6,+26,ESTP,0,0,+0,+0,+0.0167,+0,+0.0409,+0,+0,+0,15:06:01 26.03.2020
8853,+25.5,+14.7,+21.7,+21.4,+21.5,+25.2,+24.6,+24.7,+24.6,+24.6,+26,ESTP,0,0,+0,+0,+0.0167,+0,+0.0409,+0,+0,+0,15:07:01 26.03.2020
8854,+25.6,+14.7,+21.7,+21.4,+21.5,+25.2,+24.6,+24.7,+24.6,+24.6,+26,ESTP,0,0,+0,+0,+0.0167,+0,+0.0409,+0,+0,+0,15:08:01 26.03.2020
8855,+25.6,+14.7,+21.6,+21.4,+21.5,+25.2,+24.6,+24.7,+24.6,+24.6,+26,ESTP,0,0,+0,+0,+0.0167,+0,+0.0409,+0,+0,+0,15:09:01 26.03.2020
8856,+25.6,+14.7,+21.6,+21.4,+21.5,+25.2,+24.6,+24.7,+24.6,+24.6,+26,ESTP,0,0,+0,+0,+0.0167,+0,+0.0409,+0,+0,+0,15:10:01 26.03.2020
8857,+25.6,+14.7,+21.6,+21.4,+21.5,+25.2,+24.6,+24.7,+24.6,+24.6,+26,ESTP,0,0,+0,+0,+0.0167,+0,+0.0409,+0,+0,+0,15:11:01 26.03.2020
8858,+25.6,+14.7,+21.6,+21.4,+21.5,+25.2,+24.6,+24.7,+24.6,+24.6,+26,ESTP,0,0,+0,+0,+0.0167,+0,+0.0409,+0,+0,+0,15:12:01 26.03.2020
8859,+25.5,+14.7,+21.6,+21.4,+21.5,+25.2,+24.6,+24.7,+24.6,+24.6,+26,ESTP,0,0,+0,+0,+0.0167,+0,+0.0409,+0,+0,+0,15:13:01 26.03.2020
8860,+25.5,+14.7,+21.6,+21.4,+21.5,+25.2,+24.6,+24.7,+24.6,+24.6,+26,ESTP,0,0,+0,+0,+0.0167,+0,+0.0409,+0,+0,+0,15:14:01 26.03.2020
8861,+25.5,+14.7,+21.6,+21.4,+21.5,+25.2,+24.6,+24.7,+24.6,+24.6,+26,ESTP,0,0,+0,+0,+0.0167,+0,+0.0409,+0,+0,+0,15:15:01 26.03.2020
8862,+25.5,+14.8,+21.6,+21.4,+21.5,+25.2,+24.6,+24.7,+24.6,+24.6,+26,ESTP,0,0,+0,+0,+0.0167,+0,+0.0409,+0,+0,+0,15:16:01 26.03.2020
8863,+25.5,+14.7,+21.6,+21.4,+21.5,+25.2,+24.6,+24.7,+24.6,+24.6,+26,ESTP,0,0,+0,+0,+0.0167,+0,+0.0409,+0,+0,+0,15:17:01 26.03.2020
8864,+25.5,+14.8,+21.6,+21.4,+21.5,+25.2,+24.6,+24.7,+24.6,+24.6,+26,ESTP,0,0,+0,+0,+0.0167,+0,+0.0409,+0,+0,+0,15:18:01 26.03.2020
8865,+25.5,+14.8,+21.6,+21.4,+21.5,+25.2,+24.6,+24.7,+24.6,+24.6,+26,ESTP,0,0,+0,+0,+0.0167,+0,+0.0409,+0,+0,+0,15:19:01 26.03.2020
8866,+25.5,+14.8,+21.6,+21.4,+21.5,+25.2,+24.6,+24.7,+24.6,+24.6,+26,ESTP,0,0,+0,+0,+0.0167,+0,+0.0409,+0,+0,+0,15:20:01 26.03.2020
8867,+25.5,+14.8,+21.6,+21.4,+21.5,+25.2,+24.6,+24.7,+24.6,+24.6,+26,ESTP,0,0,+0,+0,+0.0167,+0,+0.0409,+0,+0,+0,15:21:01 26.03.2020
8868,+25.5,+14.8,+21.6,+21.4,+21.5,+25.2,+24.6,+24.7,+24.6,+24.6,+26,ESTP,0,0,+0,+0,+0.0167,+0,+0.0409,+0,+0,+0,15:22:01 26.03.2020
8869,+25.6,+14.8,+21.6,+21.4,+21.5,+25.2,+24.6,+24.7,+24.6,+24.6,+26,ESTP,0,0,+0,+0,+0.0167,+0,+0.0409,+0,+0,+0,15:23:01 26.03.2020
8870,+25.6,+14.8,+21.6,+21.4,+21.5,+25.2,+24.6,+24.7,+24.6,+24.6,+26,ESTP,0,0,+0,+0,+0.0167,+0,+0.0409,+0,+0,+0,15:24:01 26.03.2020
8871,+25.6,+14.8,+21.6,+21.4,+21.5,+25.2,+24.6,+24.7,+24.6,+24.6,+26,ESTP,0,0,+0,+0,+0.0167,+0,+0.0409,+0,+0,+0,15:25:01 26.03.2020
8872,+25.6,+14.8,+21.6,+21.4,+21.5,+25.2,+24.6,+24.7,+24.6,+24.6,+26,ESTP,0,0,+0,+0,+0.0167,+0,+0.0409,+0,+0,+0,15:26:01 26.03.2020
8873,+25.6,+14.8,+21.6,+21.4,+21.5,+25.3,+24.6,+24.7,+24.6,+24.6,+26,ESTP,0,0,+0,+0,+0.0167,+0,+0.0409,+0,+0,+0,15:27:01 26.03.2020
8874,+25.6,+14.8,+21.6,+21.4,+21.5,+25.3,+24.6,+24.7,+24.6,+24.6,+26,ESTP,0,0,+0,+0,+0.0167,+0,+0.0409,+0,+0,+0,15:28:01 26.03.2020
8875,+25.6,+14.8,+21.6,+21.4,+21.5,+25.3,+24.6,+24.7,+24.6,+24.6,+26,ESTP,0,0,+0,+0,+0.0167,+0,+0.0409,+0,+0,+0,15:29:01 26.03.2020
8876,+25.6,+14.8,+21.6,+21.4,+21.5,+25.3,+24.6,+24.7,+24.6,+24.6,+26,ESTP,0,0,+0,+0,+0.0167,+0,+0.0409,+0,+0,+0,15:30:01 26.03.2020
8877,+25.6,+14.8,+21.6,+21.4,+21.5,+25.3,+24.6,+24.7,+24.6,+24.6,+26,ESTP,0,0,+0,+0,+0.0167,+0,+0.0409,+0,+0,+0,15:31:01 26.03.2020
8878,+25.6,+14.8,+21.6,+21.4,+21.5,+25.3,+24.6,+24.7,+24.6,+24.6,+26,ESTP,0,0,+0,+0,+0.0167,+0,+0.0409,+0,+0,+0,15:32:01 26.03.2020
8879,+25.5,+14.8,+21.6,+21.4,+21.5,+25.2,+24.6,+24.7,+24.6,+24.6,+26,ESTP,0,0,+0,+0,+0.0167,+0,+0.0409,+0,+0,+0,15:33:01 26.03.2020
8880,+25.5,+14.8,+21.6,+21.4,+21.5,+25.2,+24.6,+24.7,+24.6,+24.6,+26,ESTP,0,0,+0,+0,+0.0167,+0,+0.0409,+0,+0,+0,15:34:01 26.03.2020
8881,+25.5,+14.8,+21.6,+21.4,+21.5,+25.2,+24.6,+24.7,+24.6,+24.6,+26,ESTP,0,0,+0,+0,+0.0167,+0,+0.0409,+0,+0,+0,15:35:01 26.03.2020
8882,+25.5,+14.8,+21.6,+21.4,+21.5,+25.2,+24.6,+24.7,+24.6,+24.6,+26,ESTP,0,0,+0,+0,+0.0167,+0,+0.0409,+0,+0,+0,15:36:01 26.03.2020
8883,+25.5,+14.8,+21.6,+21.4,+21.5,+25.2,+24.6,+24.7,+24.6,+24.6,+26,ESTP,0,0,+0,+0,+0.0167,+0,+0.0409,+0,+0,+0,15:37:01 26.03.2020
8884,+25.5,+14.8,+21.6,+21.4,+21.5,+25.2,+24.6,+24.7,+24.6,+24.6,+26,ESTP,0,0,+0,+0,+0.0167,+0,+0.0409,+0,+0,+0,15:38:01 26.03.2020
8885,+25.5,+14.8,+21.6,+21.4,+21.5,+25.2,+24.6,+24.7,+24.6,+24.6,+26,ESTP,0,0,+0,+0,+0.0167,+0,+0.0409,+0,+0,+0,15:39:01 26.03.2020
8886,+25.6,+14.8,+21.6,+21.4,+21.5,+25.2,+24.6,+24.7,+24.6,+24.6,+26,ESTP,0,0,+0,+0,+0.0167,+0,+0.0409,+0,+0,+0,15:40:01 26.03.2020
8887,+25.6,+14.8,+21.6,+21.4,+21.5,+25.2,+24.6,+24.7,+24.6,+24.6,+26,ESTP,0,0,+0,+0,+0.0167,+0,+0.0409,+0,+0,+0,15:41:01 26.03.2020
8888,+25.6,+14.8,+21.6,+21.4,+21.5,+25.2,+24.6,+24.7,+24.6,+24.6,+26,ESTP,0,0,+0,+0,+0.0167,+0,+0.0409,+0,+0,+0,15:42:01 26.03.2020
8889,+25.6,+14.8,+21.6,+21.4,+21.5,+25.2,+24.6,+24.7,+24.6,+24.6,+26,ESTP,0,0,+0,+0,+0.0167,+0,+0.0409,+0,+0,+0,15:43:01 26.03.2020
8890,+25.6,+14.8,+21.6,+21.4,+21.5,+25.2,+24.6,+24.7,+24.6,+24.6,+26,ESTP,0,0,+0,+0,+0.0167,+0,+0.0409,+0,+0,+0,15:44:01 26.03.2020
8891,+25.6,+14.8,+21.6,+21.4,+21.5,+25.2,+24.6,+24.7,+24.6,+24.6,+26,ESTP,0,0,+0,+0,+0.0167,+0,+0.0409,+0,+0,+0,15:45:01 26.03.2020
8892,+25.6,+14.8,+21.6,+21.4,+21.5,+25.2,+24.6,+24.7,+24.6,+24.6,+26,ESTP,0,0,+0,+0,+0.0167,+0,+0.0409,+0,+0,+0,15:46:01 26.03.2020
8893,+25.5,+14.8,+21.6,+21.4,+21.5,+25.2,+24.6,+24.7,+24.6,+24.6,+26,ESTP,0,0,+0,+0,+0.0167,+0,+0.0409,+0,+0,+0,15:47:01 26.03.2020
8894,+25.5,+14.8,+21.6,+21.4,+21.5,+25.2,+24.6,+24.7,+24.6,+24.6,+26,ESTP,0,0,+0,+0,+0.0167,+0,+0.0409,+0,+0,+0,15:48:01 26.03.2020
8895,+25.5,+14.8,+21.6,+21.4,+21.5,+25.2,+24.6,+24.7,+24.6,+24.6,+26,ESTP,0,0,+0,+0,+0.0167,+0,+0.0409,+0,+0,+0,15:49:01 26.03.2020
8896,+25.5,+14.8,+21.6,+21.4,+21.5,+25.2,+24.6,+24.7,+24.6,+24.6,+26,ESTP,0,0,+0,+0,+0.0167,+0,+0.0409,+0,+0,+0,15:50:01 26.03.2020
8897,+25.5,+14.8,+21.6,+21.4,+21.5,+25.2,+24.6,+24.7,+24.6,+24.6,+26,ESTP,0,0,+0,+0,+0.0167,+0,+0.0409,+0,+0,+0,15:51:01 26.03.2020
8898,+25.5,+14.8,+21.6,+21.4,+21.5,+25.2,+24.6,+24.7,+24.6,+24.6,+26,ESTP,0,0,+0,+0,+0.0167,+0,+0.0409,+0,+0,+0,15:52:01 26.03.2020
8899,+25.5,+14.8,+21.6,+21.4,+21.5,+25.2,+24.6,+24.7,+24.6,+24.6,+26,ESTP,0,0,+0,+0,+0.0167,+0,+0.0409,+0,+0,+0,15:53:01 26.03.2020
8900,+25.5,+14.8,+21.6,+21.4,+21.5,+25.2,+24.6,+24.7,+24.6,+24.6,+26,ESTP,0,0,+0,+0,+0.0167,+0,+0.0409,+0,+0,+0,15:54:01 26.03.2020
8901,+25.6,+14.8,+21.6,+21.4,+21.5,+25.2,+24.6,+24.7,+24.6,+24.6,+26,ESTP,0,0,+0,+0,+0.0167,+0,+0.0409,+0,+0,+0,15:55:01 26.03.2020
8902,+25.6,+14.8,+21.6,+21.4,+21.5,+25.2,+24.6,+24.7,+24.6,+24.6,+26,ESTP,0,0,+0,+0,+0.0167,+0,+0.0409,+0,+0,+0,15:56:01 26.03.2020
8903,+25.6,+14.8,+21.6,+21.4,+21.5,+25.2,+24.6,+24.7,+24.6,+24.6,+26,ESTP,0,0,+0,+0,+0.0167,+0,+0.0409,+0,+0,+0,15:57:01 26.03.2020
8904,+25.6,+14.8,+21.6,+21.4,+21.5,+25.2,+24.6,+24.7,+24.6,+24.6,+26,ESTP,0,0,+0,+0,+0.0167,+0,+0.0409,+0,+0,+0,15:58:01 26.03.2020
8905,+25.6,+14.8,+21.6,+21.4,+21.5,+25.3,+24.6,+24.7,+24.6,+24.6,+26,ESTP,0,0,+0,+0,+0.0167,+0,+0.0409,+0,+0,+0,15:59:01 26.03.2020
8906,+25.6,+14.8,+21.6,+21.4,+21.5,+25.3,+24.6,+24.7,+24.6,+24.6,+26,ESTP,0,0,+0,+0,+0.0167,+0,+0.0409,+0,+0,+0,16:00:01 26.03.2020
8907,+25.6,+14.8,+21.6,+21.4,+21.5,+25.3,+24.6,+24.7,+24.6,+24.6,+26,ESTP,0,0,+0,+0,+0.0167,+0,+0.0409,+0,+0,+0,16:01:01 26.03.2020
8908,+25.6,+14.8,+21.6,+21.4,+21.5,+25.2,+24.6,+24.7,+24.6,+24.6,+26,ESTP,0,0,+0,+0,+0.0167,+0,+0.0409,+0,+0,+0,16:02:01 26.03.2020
8909,+25.6,+14.8,+21.6,+21.4,+21.5,+25.2,+24.6,+24.7,+24.6,+24.6,+26,ESTP,0,0,+0,+0,+0.0167,+0,+0.0409,+0,+0,+0,16:03:01 26.03.2020
8910,+25.5,+14.8,+21.6,+21.4,+21.5,+25.2,+24.6,+24.7,+24.6,+24.6,+26,ESTP,0,0,+0,+0,+0.0167,+0,+0.0409,+0,+0,+0,16:04:01 26.03.2020
8911,+25.5,+14.8,+21.6,+21.4,+21.5,+25.2,+24.6,+24.7,+24.6,+24.6,+26,ESTP,0,0,+0,+0,+0.0167,+0,+0.0409,+0,+0,+0,16:05:01 26.03.2020
8912,+25.5,+14.8,+21.6,+21.4,+21.5,+25.2,+24.6,+24.7,+24.6,+24.6,+26,ESTP,0,0,+0,+0,+0.0167,+0,+0.0409,+0,+0,+0,16:06:01 26.03.2020
8913,+25.5,+14.8,+21.6,+21.4,+21.5,+25.2,+24.6,+24.7,+24.6,+24.6,+26,ESTP,0,0,+0,+0,+0.0167,+0,+0.0409,+0,+0,+0,16:07:01 26.03.2020
8914,+25.5,+14.8,+21.6,+21.4,+21.5,+25.2,+24.6,+24.7,+24.6,+24.6,+26,ESTP,0,0,+0,+0,+0.0167,+0,+0.0409,+0,+0,+0,16:08:01 26.03.2020
8915,+25.5,+14.8,+21.6,+21.4,+21.5,+25.2,+24.6,+24.7,+24.6,+24.6,+26,ESTP,0,0,+0,+0,+0.0167,+0,+0.0409,+0,+0,+0,16:09:01 26.03.2020
8916,+25.6,+14.8,+21.6,+21.4,+21.5,+25.2,+24.6,+24.7,+24.6,+24.6,+26,ESTP,0,0,+0,+0,+0.0167,+0,+0.0409,+0,+0,+0,16:10:01 26.03.2020
8917,+25.6,+14.8,+21.6,+21.4,+21.5,+25.2,+24.6,+24.7,+24.6,+24.6,+26,ESTP,0,0,+0,+0,+0.0167,+0,+0.0409,+0,+0,+0,16:11:01 26.03.2020
8918,+25.6,+14.8,+21.6,+21.4,+21.5,+25.2,+24.6,+24.7,+24.6,+24.6,+26,ESTP,0,0,+0,+0,+0.0167,+0,+0.0409,+0,+0,+0,16:12:01 26.03.2020
8919,+25.6,+14.8,+21.6,+21.4,+21.5,+25.2,+24.6,+24.7,+24.6,+24.6,+26,ESTP,0,0,+0,+0,+0.0167,+0,+0.0409,+0,+0,+0,16:13:01 26.03.2020
8920,+25.6,+14.8,+21.6,+21.4,+21.5,+25.3,+24.6,+24.7,+24.6,+24.6,+26,ESTP,0,0,+0,+0,+0.0167,+0,+0.0409,+0,+0,+0,16:14:01 26.03.2020
8921,+25.6,+14.8,+21.6,+21.4,+21.5,+25.3,+24.6,+24.7,+24.6,+24.6,+26,ESTP,0,0,+0,+0,+0.0167,+0,+0.0409,+0,+0,+0,16:15:01 26.03.2020
8922,+25.6,+14.8,+21.6,+21.4,+21.5,+25.3,+24.6,+24.7,+24.6,+24.6,+26,ESTP,0,0,+0,+0,+0.0167,+0,+0.0409,+0,+0,+0,16:16:01 26.03.2020
8923,+25.6,+14.8,+21.6,+21.4,+21.5,+25.3,+24.6,+24.7,+24.6,+24.6,+26,ESTP,0,0,+0,+0,+0.0167,+0,+0.0409,+0,+0,+0,16:17:01 26.03.2020
8924,+25.6,+14.8,+21.6,+21.4,+21.5,+25.3,+24.6,+24.7,+24.6,+24.6,+26,ESTP,0,0,+0,+0,+0.0167,+0,+0.0409,+0,+0,+0,16:18:01 26.03.2020
8925,+25.6,+14.9,+21.6,+21.4,+21.5,+25.3,+24.6,+24.7,+24.6,+24.6,+26,ESTP,0,0,+0,+0,+0.0167,+0,+0.0409,+0,+0,+0,16:19:01 26.03.2020
8926,+25.6,+14.8,+21.6,+21.4,+21.5,+25.3,+24.6,+24.7,+24.6,+24.6,+26,ESTP,0,0,+0,+0,+0.0167,+0,+0.0409,+0,+0,+0,16:20:01 26.03.2020
8927,+25.6,+14.9,+21.6,+21.4,+21.5,+25.3,+24.6,+24.7,+24.6,+24.6,+26,ESTP,0,0,+0,+0,+0.0168,+0,+0.0409,+0,+0,+0,16:21:01 26.03.2020
8928,+25.5,+14.8,+21.6,+21.4,+21.5,+25.3,+24.6,+24.7,+24.6,+24.6,+26,ESTP,0,0,+0,+0,+0.0167,+0,+0.0409,+0,+0,+0,16:22:01 26.03.2020
8929,+25.5,+14.9,+21.6,+21.4,+21.5,+25.2,+24.6,+24.7,+24.6,+24.6,+26,ESTP,0,0,+0,+0,+0.0167,+0,+0.0409,+0,+0,+0,16:23:01 26.03.2020
8930,+25.5,+14.8,+21.6,+21.4,+21.5,+25.2,+24.6,+24.7,+24.6,+24.6,+26,ESTP,0,0,+0,+0,+0.0167,+0,+0.0409,+0,+0,+0,16:24:01 26.03.2020
8931,+25.5,+14.9,+21.6,+21.4,+21.5,+25.2,+24.6,+24.7,+24.6,+24.6,+26,ESTP,0,0,+0,+0,+0.0167,+0,+0.0409,+0,+0,+0,16:25:01 26.03.2020
8932,+25.5,+14.9,+21.6,+21.4,+21.5,+25.2,+24.6,+24.7,+24.6,+24.6,+26,ESTP,0,0,+0,+0,+0.0167,+0,+0.0409,+0,+0,+0,16:26:01 26.03.2020
8933,+25.6,+14.9,+21.6,+21.4,+21.5,+25.2,+24.6,+24.7,+24.6,+24.6,+26,ESTP,0,0,+0,+0,+0.0167,+0,+0.0409,+0,+0,+0,16:27:01 26.03.2020
8934,+25.6,+14.9,+21.6,+21.4,+21.5,+25.2,+24.6,+24.7,+24.6,+24.6,+26,ESTP,0,0,+0,+0,+0.0167,+0,+0.0409,+0,+0,+0,16:28:01 26.03.2020
8935,+25.6,+14.9,+21.6,+21.4,+21.5,+25.2,+24.6,+24.7,+24.6,+24.6,+26,ESTP,0,0,+0,+0,+0.0167,+0,+0.0409,+0,+0,+0,16:29:01 26.03.2020
8936,+25.6,+14.9,+21.6,+21.4,+21.5,+25.2,+24.6,+24.7,+24.6,+24.6,+26,ESTP,0,0,+0,+0,+0.0167,+0,+0.0409,+0,+0,+0,16:30:01 26.03.2020
8937,+25.6,+14.9,+21.6,+21.4,+21.5,+25.3,+24.6,+24.7,+24.6,+24.6,+26,ESTP,0,0,+0,+0,+0.0167,+0,+0.0409,+0,+0,+0,16:31:01 26.03.2020
8938,+25.6,+14.9,+21.6,+21.4,+21.5,+25.3,+24.6,+24.7,+24.6,+24.6,+26,ESTP,0,0,+0,+0,+0.0167,+0,+0.0409,+0,+0,+0,16:32:01 26.03.2020
8939,+25.6,+14.8,+21.6,+21.4,+21.5,+25.3,+24.6,+24.7,+24.6,+24.6,+26,ESTP,0,0,+0,+0,+0.0167,+0,+0.0409,+0,+0,+0,16:33:01 26.03.2020
8940,+25.6,+14.8,+21.6,+21.4,+21.5,+25.3,+24.6,+24.7,+24.6,+24.6,+26,ESTP,0,0,+0,+0,+0.0167,+0,+0.0409,+0,+0,+0,16:34:01 26.03.2020
8941,+25.6,+14.9,+21.6,+21.4,+21.5,+25.3,+24.6,+24.7,+24.7,+24.6,+26,ESTP,0,0,+0,+0,+0.0168,+0,+0.0409,+0,+0,+0,16:35:01 26.03.2020
8942,+25.6,+14.9,+21.6,+21.4,+21.5,+25.3,+24.6,+24.7,+24.7,+24.6,+26,ESTP,0,0,+0,+0,+0.0168,+0,+0.0409,+0,+0,+0,16:36:01 26.03.2020
8943,+25.6,+14.9,+21.6,+21.4,+21.5,+25.3,+24.6,+24.7,+24.7,+24.7,+26,ESTP,0,0,+0,+0,+0.0168,+0,+0.0409,+0,+0,+0,16:37:01 26.03.2020
8944,+25.6,+14.9,+21.6,+21.4,+21.5,+25.3,+24.6,+24.7,+24.7,+24.6,+26,ESTP,0,0,+0,+0,+0.0168,+0,+0.0409,+0,+0,+0,16:38:01 26.03.2020
8945,+25.5,+14.9,+21.6,+21.4,+21.5,+25.3,+24.6,+24.7,+24.7,+24.6,+26,ESTP,0,0,+0,+0,+0.0168,+0,+0.0409,+0,+0,+0,16:39:01 26.03.2020
8946,+25.5,+14.9,+21.6,+21.4,+21.5,+25.2,+24.6,+24.7,+24.7,+24.6,+26,ESTP,0,0,+0,+0,+0.0168,+0,+0.0409,+0,+0,+0,16:40:01 26.03.2020
8947,+25.5,+14.9,+21.6,+21.4,+21.5,+25.2,+24.6,+24.7,+24.7,+24.6,+26,ESTP,0,0,+0,+0,+0.0168,+0,+0.0409,+0,+0,+0,16:41:01 26.03.2020
8948,+25.5,+14.9,+21.6,+21.4,+21.5,+25.2,+24.6,+24.7,+24.7,+24.6,+26,ESTP,0,0,+0,+0,+0.0168,+0,+0.0409,+0,+0,+0,16:42:01 26.03.2020
8949,+25.6,+14.9,+21.6,+21.4,+21.5,+25.2,+24.6,+24.7,+24.7,+24.6,+26,ESTP,0,0,+0,+0,+0.0168,+0,+0.0409,+0,+0,+0,16:43:01 26.03.2020
8950,+25.6,+14.9,+21.6,+21.4,+21.5,+25.2,+24.6,+24.7,+24.7,+24.6,+26,ESTP,0,0,+0,+0,+0.0168,+0,+0.0409,+0,+0,+0,16:44:01 26.03.2020
8951,+25.6,+14.9,+21.6,+21.4,+21.5,+25.2,+24.6,+24.7,+24.7,+24.6,+26,ESTP,0,0,+0,+0,+0.0168,+0,+0.0409,+0,+0,+0,16:45:01 26.03.2020
8952,+25.6,+14.9,+21.6,+21.4,+21.5,+25.3,+24.6,+24.7,+24.7,+24.6,+26,ESTP,0,0,+0,+0,+0.0168,+0,+0.0409,+0,+0,+0,16:46:01 26.03.2020
8953,+25.6,+14.9,+21.6,+21.4,+21.5,+25.3,+24.6,+24.7,+24.7,+24.6,+26,ESTP,0,0,+0,+0,+0.0168,+0,+0.0409,+0,+0,+0,16:47:01 26.03.2020
8954,+25.6,+14.9,+21.6,+21.4,+21.5,+25.3,+24.6,+24.7,+24.7,+24.6,+26,ESTP,0,0,+0,+0,+0.0168,+0,+0.0409,+0,+0,+0,16:48:01 26.03.2020
8955,+25.6,+14.9,+21.6,+21.4,+21.5,+25.3,+24.6,+24.7,+24.7,+24.7,+26,ESTP,0,0,+0,+0,+0.0168,+0,+0.0411,+0,+0,+0,16:49:01 26.03.2020
8956,+25.6,+14.9,+21.6,+21.4,+21.5,+25.3,+24.6,+24.7,+24.7,+24.7,+26,ESTP,0,0,+0,+0,+0.0168,+0,+0.0411,+0,+0,+0,16:50:01 26.03.2020
8957,+25.6,+14.9,+21.6,+21.4,+21.5,+25.3,+24.6,+24.7,+24.7,+24.7,+26,ESTP,0,0,+0,+0,+0.0168,+0,+0.0411,+0,+0,+0,16:51:01 26.03.2020
8958,+25.6,+14.9,+21.6,+21.4,+21.5,+25.3,+24.6,+24.7,+24.7,+24.7,+26,ESTP,0,0,+0,+0,+0.0168,+0,+0.0411,+0,+0,+0,16:52:01 26.03.2020
8959,+25.6,+14.9,+21.6,+21.4,+21.5,+25.3,+24.6,+24.7,+24.7,+24.7,+26,ESTP,0,0,+0,+0,+0.0168,+0,+0.0409,+0,+0,+0,16:53:01 26.03.2020
8960,+25.6,+14.9,+21.6,+21.4,+21.5,+25.3,+24.6,+24.7,+24.7,+24.7,+26,ESTP,0,0,+0,+0,+0.0168,+0,+0.0409,+0,+0,+0,16:54:01 26.03.2020
8961,+25.6,+14.9,+21.6,+21.4,+21.5,+25.3,+24.6,+24.7,+24.7,+24.7,+26,ESTP,0,0,+0,+0,+0.0168,+0,+0.0409,+0,+0,+0,16:55:01 26.03.2020
8962,+25.5,+14.9,+21.6,+21.4,+21.5,+25.3,+24.6,+24.7,+24.7,+24.7,+26,ESTP,0,0,+0,+0,+0.0168,+0,+0.0409,+0,+0,+0,16:56:01 26.03.2020
8963,+25.5,+14.9,+21.6,+21.4,+21.5,+25.3,+24.6,+24.7,+24.7,+24.7,+26,ESTP,0,0,+0,+0,+0.0168,+0,+0.0409,+0,+0,+0,16:57:01 26.03.2020
8964,+25.5,+14.9,+21.6,+21.4,+21.5,+25.2,+24.6,+24.7,+24.7,+24.7,+26,ESTP,0,0,+0,+0,+0.0168,+0,+0.0409,+0,+0,+0,16:58:01 26.03.2020
8965,+25.5,+14.9,+21.6,+21.4,+21.5,+25.2,+24.6,+24.7,+24.7,+24.7,+26,ESTP,0,0,+0,+0,+0.0168,+0,+0.0409,+0,+0,+0,16:59:01 26.03.2020
8966,+25.5,+14.9,+21.6,+21.4,+21.5,+25.2,+24.6,+24.7,+24.7,+24.7,+26,ESTP,0,0,+0,+0,+0.0168,+0,+0.0409,+0,+0,+0,17:00:01 26.03.2020
8967,+25.6,+14.9,+21.6,+21.4,+21.5,+25.2,+24.6,+24.7,+24.7,+24.7,+26,ESTP,0,0,+0,+0,+0.0168,+0,+0.0409,+0,+0,+0,17:01:01 26.03.2020
8968,+25.6,+14.9,+21.6,+21.4,+21.5,+25.2,+24.6,+24.7,+24.7,+24.7,+26,ESTP,0,0,+0,+0,+0.0168,+0,+0.0409,+0,+0,+0,17:02:01 26.03.2020
8969,+25.6,+14.9,+21.6,+21.4,+21.5,+25.3,+24.6,+24.7,+24.7,+24.6,+26,ESTP,0,0,+0,+0,+0.0168,+0,+0.0409,+0,+0,+0,17:03:01 26.03.2020
8970,+25.6,+14.9,+21.6,+21.4,+21.5,+25.3,+24.6,+24.7,+24.7,+24.7,+26,ESTP,0,0,+0,+0,+0.0168,+0,+0.041,+0,+0,+0,17:04:01 26.03.2020
8971,+25.6,+14.9,+21.6,+21.4,+21.5,+25.3,+24.6,+24.7,+24.7,+24.6,+26,ESTP,0,0,+0,+0,+0.0168,+0,+0.0411,+0,+0,+0,17:05:01 26.03.2020
8972,+25.6,+14.9,+21.6,+21.4,+21.5,+25.3,+24.6,+24.7,+24.7,+24.6,+26,ESTP,0,0,+0,+0,+0.0168,+0,+0.0411,+0,+0,+0,17:06:01 26.03.2020
8973,+25.6,+14.9,+21.6,+21.4,+21.5,+25.3,+24.6,+24.7,+24.7,+24.7,+26,ESTP,0,0,+0,+0,+0.0168,+0,+0.0411,+0,+0,+0,17:07:01 26.03.2020
8974,+25.6,+14.9,+21.6,+21.4,+21.5,+25.3,+24.6,+24.7,+24.7,+24.7,+26,ESTP,0,0,+0,+0,+0.0168,+0,+0.0411,+0,+0,+0,17:08:01 26.03.2020
8975,+25.6,+14.9,+21.6,+21.4,+21.5,+25.3,+24.6,+24.7,+24.7,+24.7,+26,ESTP,0,0,+0,+0,+0.0168,+0,+0.0411,+0,+0,+0,17:09:01 26.03.2020
8976,+25.6,+14.9,+21.6,+21.4,+21.5,+25.3,+24.6,+24.7,+24.7,+24.7,+26,ESTP,0,0,+0,+0,+0.0168,+0,+0.0411,+0,+0,+0,17:10:01 26.03.2020
8977,+25.6,+14.9,+21.6,+21.4,+21.5,+25.3,+24.6,+24.7,+24.7,+24.7,+26,ESTP,0,0,+0,+0,+0.0168,+0,+0.0411,+0,+0,+0,17:11:01 26.03.2020
8978,+25.6,+14.9,+21.6,+21.4,+21.5,+25.3,+24.6,+24.7,+24.7,+24.7,+26,ESTP,0,0,+0,+0,+0.0168,+0,+0.0411,+0,+0,+0,17:12:01 26.03.2020
8979,+25.5,+14.9,+21.6,+21.4,+21.5,+25.3,+24.6,+24.7,+24.7,+24.7,+26,ESTP,0,0,+0,+0,+0.0168,+0,+0.0409,+0,+0,+0,17:13:01 26.03.2020
8980,+25.5,+14.9,+21.6,+21.4,+21.5,+25.3,+24.6,+24.7,+24.7,+24.7,+26,ESTP,0,0,+0,+0,+0.0168,+0,+0.0409,+0,+0,+0,17:14:01 26.03.2020
8981,+25.6,+14.9,+21.6,+21.4,+21.5,+25.3,+24.6,+24.7,+24.7,+24.7,+26.1,ESTP,0,0,+0,+0,+0.0168,+0,+0.0409,+0,+0,+0,17:15:01 26.03.2020
8982,+25.6,+14.9,+21.6,+21.4,+21.5,+25.3,+24.6,+24.7,+24.7,+24.7,+26,ESTP,0,0,+0,+0,+0.0168,+0,+0.0409,+0,+0,+0,17:16:01 26.03.2020
8983,+25.6,+14.9,+21.6,+21.4,+21.5,+25.3,+24.6,+24.7,+24.7,+24.7,+26,ESTP,0,0,+0,+0,+0.0168,+0,+0.0409,+0,+0,+0,17:17:01 26.03.2020
8984,+25.6,+14.9,+21.6,+21.4,+21.5,+25.3,+24.6,+24.7,+24.7,+24.7,+26,ESTP,0,0,+0,+0,+0.0168,+0,+0.0409,+0,+0,+0,17:18:01 26.03.2020
8985,+25.6,+14.9,+21.6,+21.4,+21.4,+25.3,+24.6,+24.7,+24.7,+24.7,+26,ESTP,0,0,+0,+0,+0.0168,+0,+0.0411,+0,+0,+0,17:19:01 26.03.2020
8986,+25.6,+14.9,+21.6,+21.4,+21.5,+25.3,+24.6,+24.7,+24.7,+24.7,+26,ESTP,0,0,+0,+0,+0.0168,+0,+0.0411,+0,+0,+0,17:20:01 26.03.2020
8987,+25.6,+14.9,+21.6,+21.4,+21.5,+25.3,+24.6,+24.7,+24.7,+24.7,+26,ESTP,0,0,+0,+0,+0.0168,+0,+0.0411,+0,+0,+0,17:21:01 26.03.2020
8988,+25.6,+14.9,+21.6,+21.4,+21.5,+25.3,+24.6,+24.7,+24.7,+24.7,+26,ESTP,0,0,+0,+0,+0.0168,+0,+0.0411,+0,+0,+0,17:22:01 26.03.2020
8989,+25.6,+14.9,+21.6,+21.4,+21.4,+25.3,+24.6,+24.7,+24.7,+24.7,+26,ESTP,0,0,+0,+0,+0.0168,+0,+0.0411,+0,+0,+0,17:23:01 26.03.2020
8990,+25.6,+14.9,+21.6,+21.4,+21.4,+25.3,+24.6,+24.7,+24.7,+24.7,+26,ESTP,0,0,+0,+0,+0.0168,+0,+0.0411,+0,+0,+0,17:24:01 26.03.2020
8991,+25.6,+14.9,+21.6,+21.4,+21.4,+25.3,+24.6,+24.8,+24.7,+24.7,+26,ESTP,0,0,+0,+0,+0.0168,+0,+0.0411,+0,+0,+0,17:25:01 26.03.2020
8992,+25.6,+14.9,+21.6,+21.4,+21.4,+25.3,+24.6,+24.8,+24.7,+24.7,+26,ESTP,0,0,+0,+0,+0.0168,+0,+0.0411,+0,+0,+0,17:26:01 26.03.2020
8993,+25.5,+14.9,+21.6,+21.4,+21.4,+25.3,+24.6,+24.7,+24.7,+24.7,+26,ESTP,0,0,+0,+0,+0.0168,+0,+0.0409,+0,+0,+0,17:27:01 26.03.2020
8994,+25.5,+14.9,+21.6,+21.4,+21.4,+25.3,+24.6,+24.7,+24.7,+24.7,+26,ESTP,0,0,+0,+0,+0.0168,+0,+0.0409,+0,+0,+0,17:28:01 26.03.2020
8995,+25.5,+14.9,+21.6,+21.4,+21.4,+25.3,+24.6,+24.7,+24.7,+24.7,+26.1,ESTP,0,0,+0,+0,+0.0168,+0,+0.0409,+0,+0,+0,17:29:01 26.03.2020
8996,+25.5,+14.9,+21.6,+21.4,+21.4,+25.3,+24.6,+24.7,+24.7,+24.7,+26,ESTP,0,0,+0,+0,+0.0168,+0,+0.0409,+0,+0,+0,17:30:01 26.03.2020
8997,+25.6,+14.9,+21.6,+21.4,+21.4,+25.3,+24.6,+24.7,+24.7,+24.7,+26.1,ESTP,0,0,+0,+0,+0.0168,+0,+0.0409,+0,+0,+0,17:31:01 26.03.2020
8998,+25.6,+14.9,+21.6,+21.4,+21.4,+25.2,+24.6,+24.7,+24.7,+24.7,+26,ESTP,0,0,+0,+0,+0.0168,+0,+0.0409,+0,+0,+0,17:32:01 26.03.2020
8999,+25.6,+14.9,+21.6,+21.4,+21.4,+25.3,+24.6,+24.7,+24.7,+24.7,+26.1,ESTP,0,0,+0,+0,+0.0168,+0,+0.0409,+0,+0,+0,17:33:01 26.03.2020
9000,+25.6,+14.9,+21.6,+21.4,+21.4,+25.3,+24.6,+24.7,+24.7,+24.7,+26,ESTP,0,0,+0,+0,+0.0168,+0,+0.0409,+0,+0,+0,17:34:01 26.03.2020
9001,+25.6,+14.9,+21.6,+21.4,+21.4,+25.3,+24.6,+24.7,+24.7,+24.7,+26.1,ESTP,0,0,+0,+0,+0.0168,+0,+0.0411,+0,+0,+0,17:35:01 26.03.2020
9002,+25.6,+14.9,+21.6,+21.4,+21.4,+25.3,+24.6,+24.8,+24.7,+24.7,+26,ESTP,0,0,+0,+0,+0.0168,+0,+0.0411,+0,+0,+0,17:36:01 26.03.2020
9003,+25.6,+14.9,+21.6,+21.4,+21.4,+25.3,+24.6,+24.7,+24.7,+24.7,+26,ESTP,0,0,+0,+0,+0.0168,+0,+0.0411,+0,+0,+0,17:37:01 26.03.2020
9004,+25.6,+14.9,+21.6,+21.4,+21.4,+25.3,+24.6,+24.8,+24.7,+24.7,+26,ESTP,0,0,+0,+0,+0.0168,+0,+0.0411,+0,+0,+0,17:38:01 26.03.2020
9005,+25.6,+14.9,+21.6,+21.4,+21.4,+25.3,+24.6,+24.8,+24.7,+24.7,+26,ESTP,0,0,+0,+0,+0.0168,+0,+0.0411,+0,+0,+0,17:39:01 26.03.2020
9006,+25.6,+14.9,+21.6,+21.4,+21.4,+25.3,+24.6,+24.8,+24.7,+24.7,+26,ESTP,0,0,+0,+0,+0.0168,+0,+0.0411,+0,+0,+0,17:40:01 26.03.2020
9007,+25.5,+14.9,+21.6,+21.4,+21.4,+25.3,+24.6,+24.8,+24.7,+24.7,+26,ESTP,0,0,+0,+0,+0.0168,+0,+0.0411,+0,+0,+0,17:41:01 26.03.2020
9008,+25.5,+14.9,+21.6,+21.4,+21.4,+25.3,+24.6,+24.8,+24.7,+24.7,+26,ESTP,0,0,+0,+0,+0.0168,+0,+0.0409,+0,+0,+0,17:42:01 26.03.2020
9009,+25.5,+14.9,+21.6,+21.4,+21.4,+25.3,+24.6,+24.7,+24.7,+24.7,+26.1,ESTP,0,0,+0,+0,+0.0168,+0,+0.0409,+0,+0,+0,17:43:01 26.03.2020
9010,+25.5,+14.9,+21.6,+21.4,+21.4,+25.3,+24.6,+24.7,+24.7,+24.7,+26,ESTP,0,0,+0,+0,+0.0168,+0,+0.0409,+0,+0,+0,17:44:01 26.03.2020
9011,+25.5,+14.9,+21.6,+21.4,+21.4,+25.3,+24.6,+24.7,+24.7,+24.7,+26,ESTP,0,0,+0,+0,+0.0168,+0,+0.0409,+0,+0,+0,17:45:01 26.03.2020
9012,+25.6,+14.9,+21.6,+21.4,+21.4,+25.3,+24.6,+24.7,+24.7,+24.7,+26,ESTP,0,0,+0,+0,+0.0168,+0,+0.0409,+0,+0,+0,17:46:01 26.03.2020
9013,+25.6,+14.9,+21.6,+21.4,+21.4,+25.3,+24.6,+24.7,+24.7,+24.7,+26.1,ESTP,0,0,+0,+0,+0.0168,+0,+0.0409,+0,+0,+0,17:47:01 26.03.2020
9014,+25.6,+14.9,+21.6,+21.4,+21.4,+25.3,+24.6,+24.7,+24.7,+24.7,+26,ESTP,0,0,+0,+0,+0.0168,+0,+0.0409,+0,+0,+0,17:48:01 26.03.2020
9015,+25.6,+14.9,+21.6,+21.4,+21.4,+25.3,+24.6,+24.7,+24.7,+24.7,+26,ESTP,0,0,+0,+0,+0.0168,+0,+0.0409,+0,+0,+0,17:49:01 26.03.2020
9016,+25.6,+14.9,+21.6,+21.4,+21.4,+25.3,+24.6,+24.7,+24.7,+24.7,+26,ESTP,0,0,+0,+0,+0.0168,+0,+0.0411,+0,+0,+0,17:50:01 26.03.2020
9017,+25.6,+14.9,+21.6,+21.4,+21.4,+25.3,+24.6,+24.7,+24.7,+24.7,+26,ESTP,0,0,+0,+0,+0.0168,+0,+0.0411,+0,+0,+0,17:51:01 26.03.2020
9018,+25.6,+14.9,+21.6,+21.4,+21.4,+25.3,+24.6,+24.8,+24.7,+24.7,+26.1,ESTP,0,0,+0,+0,+0.0168,+0,+0.0411,+0,+0,+0,17:52:01 26.03.2020
9019,+25.6,+14.9,+21.6,+21.4,+21.4,+25.3,+24.6,+24.8,+24.7,+24.7,+26,ESTP,0,0,+0,+0,+0.0168,+0,+0.0411,+0,+0,+0,17:53:01 26.03.2020
9020,+25.6,+14.9,+21.6,+21.4,+21.4,+25.3,+24.6,+24.8,+24.7,+24.7,+26,ESTP,0,0,+0,+0,+0.0168,+0,+0.0411,+0,+0,+0,17:54:01 26.03.2020
9021,+25.6,+14.9,+21.6,+21.4,+21.4,+25.3,+24.6,+24.8,+24.7,+24.7,+26,ESTP,0,0,+0,+0,+0.0168,+0,+0.0411,+0,+0,+0,17:55:01 26.03.2020
9022,+25.6,+14.9,+21.6,+21.4,+21.4,+25.3,+24.6,+24.8,+24.7,+24.7,+26,ESTP,0,0,+0,+0,+0.0168,+0,+0.0411,+0,+0,+0,17:56:01 26.03.2020
9023,+25.5,+14.9,+21.6,+21.4,+21.4,+25.3,+24.6,+24.8,+24.7,+24.7,+26,ESTP,0,0,+0,+0,+0.0168,+0,+0.0411,+0,+0,+0,17:57:01 26.03.2020
9024,+25.5,+14.9,+21.6,+21.4,+21.4,+25.3,+24.6,+24.8,+24.7,+24.7,+26,ESTP,0,0,+0,+0,+0.0168,+0,+0.0411,+0,+0,+0,17:58:01 26.03.2020
9025,+25.5,+14.9,+21.6,+21.4,+21.4,+25.3,+24.6,+24.8,+24.7,+24.7,+26.1,ESTP,0,0,+0,+0,+0.0168,+0,+0.0409,+0,+0,+0,17:59:01 26.03.2020
9026,+25.5,+14.9,+21.6,+21.4,+21.4,+25.3,+24.6,+24.7,+24.7,+24.7,+26,ESTP,0,0,+0,+0,+0.0168,+0,+0.0409,+0,+0,+0,18:00:01 26.03.2020
9027,+25.6,+14.9,+21.6,+21.4,+21.4,+25.3,+24.6,+24.7,+24.7,+24.7,+26,ESTP,0,0,+0,+0,+0.0168,+0,+0.0409,+0,+0,+0,18:01:01 26.03.2020
9028,+25.6,+14.9,+21.6,+21.4,+21.4,+25.3,+24.6,+24.7,+24.7,+24.7,+26.1,ESTP,0,0,+0,+0,+0.0168,+0,+0.0409,+0,+0,+0,18:02:01 26.03.2020
9029,+25.6,+14.9,+21.5,+21.4,+21.4,+25.3,+24.6,+24.8,+24.7,+24.7,+26,ESTP,0,0,+0,+0,+0.0168,+0,+0.0409,+0,+0,+0,18:03:01 26.03.2020
9030,+25.6,+14.9,+21.5,+21.4,+21.4,+25.3,+24.6,+24.8,+24.7,+24.7,+26,ESTP,0,0,+0,+0,+0.0168,+0,+0.0411,+0,+0,+0,18:04:01 26.03.2020
9031,+25.6,+14.9,+21.6,+21.4,+21.4,+25.3,+24.6,+24.8,+24.7,+24.7,+26,ESTP,0,0,+0,+0,+0.0168,+0,+0.0411,+0,+0,+0,18:05:01 26.03.2020
9032,+25.6,+14.9,+21.5,+21.4,+21.4,+25.3,+24.6,+24.8,+24.7,+24.7,+26.1,ESTP,0,0,+0,+0,+0.0168,+0,+0.0411,+0,+0,+0,18:06:01 26.03.2020
9033,+25.6,+14.9,+21.6,+21.4,+21.4,+25.3,+24.6,+24.8,+24.7,+24.7,+26,ESTP,0,0,+0,+0,+0.0168,+0,+0.0411,+0,+0,+0,18:07:01 26.03.2020
9034,+25.6,+14.9,+21.6,+21.4,+21.4,+25.3,+24.6,+24.8,+24.7,+24.7,+26.1,ESTP,0,0,+0,+0,+0.0168,+0,+0.0411,+0,+0,+0,18:08:01 26.03.2020
9035,+25.6,+14.9,+21.5,+21.4,+21.4,+25.3,+24.6,+24.8,+24.7,+24.7,+26.1,ESTP,0,0,+0,+0,+0.0168,+0,+0.0411,+0,+0,+0,18:09:01 26.03.2020
9036,+25.6,+14.9,+21.5,+21.4,+21.4,+25.3,+24.6,+24.8,+24.7,+24.7,+26,ESTP,0,0,+0,+0,+0.0168,+0,+0.0411,+0,+0,+0,18:10:01 26.03.2020
9037,+25.6,+14.9,+21.5,+21.4,+21.4,+25.3,+24.6,+24.8,+24.7,+24.7,+26.1,ESTP,0,0,+0,+0,+0.0168,+0,+0.0411,+0,+0,+0,18:11:01 26.03.2020
9038,+25.6,+14.9,+21.5,+21.4,+21.4,+25.3,+24.6,+24.8,+24.7,+24.7,+26.2,ESTP,0,0,+0,+0,+0.0168,+0,+0.0411,+0,+0,+0,18:12:01 26.03.2020
9039,+25.5,+14.9,+21.5,+21.4,+21.4,+25.3,+24.6,+24.8,+24.7,+24.7,+26,ESTP,0,0,+0,+0,+0.0168,+0,+0.0411,+0,+0,+0,18:13:01 26.03.2020
9040,+25.5,+14.9,+21.5,+21.4,+21.4,+25.3,+24.6,+24.8,+24.7,+24.7,+26,ESTP,0,0,+0,+0,+0.0168,+0,+0.0411,+0,+0,+0,18:14:01 26.03.2020
9041,+25.5,+14.9,+21.5,+21.4,+21.4,+25.3,+24.6,+24.8,+24.7,+24.7,+26.1,ESTP,0,0,+0,+0,+0.0168,+0,+0.0409,+0,+0,+0,18:15:01 26.03.2020
9042,+25.5,+14.9,+21.5,+21.4,+21.4,+25.3,+24.6,+24.8,+24.7,+24.7,+26.1,ESTP,0,0,+0,+0,+0.0168,+0,+0.0409,+0,+0,+0,18:16:01 26.03.2020
9043,+25.5,+14.9,+21.5,+21.4,+21.4,+25.3,+24.6,+24.8,+24.7,+24.7,+26.1,ESTP,0,0,+0,+0,+0.0168,+0,+0.0409,+0,+0,+0,18:17:01 26.03.2020
9044,+25.5,+14.9,+21.5,+21.4,+21.4,+25.3,+24.6,+24.8,+24.7,+24.7,+26,ESTP,0,0,+0,+0,+0.0168,+0,+0.0409,+0,+0,+0,18:18:01 26.03.2020
9045,+25.6,+14.9,+21.5,+21.4,+21.4,+25.3,+24.6,+24.8,+24.7,+24.7,+26,ESTP,0,0,+0,+0,+0.0168,+0,+0.0409,+0,+0,+0,18:19:01 26.03.2020
9046,+25.6,+14.9,+21.5,+21.4,+21.4,+25.3,+24.6,+24.8,+24.7,+24.7,+26.1,ESTP,0,0,+0,+0,+0.0168,+0,+0.0409,+0,+0,+0,18:20:01 26.03.2020
9047,+25.6,+14.9,+21.5,+21.4,+21.4,+25.3,+24.6,+24.8,+24.7,+24.7,+26,ESTP,0,0,+0,+0,+0.0168,+0,+0.0411,+0,+0,+0,18:21:01 26.03.2020
9048,+25.6,+14.9,+21.5,+21.4,+21.4,+25.3,+24.6,+24.8,+24.7,+24.7,+26.1,ESTP,0,0,+0,+0,+0.0168,+0,+0.0411,+0,+0,+0,18:22:01 26.03.2020
9049,+25.6,+14.9,+21.5,+21.4,+21.4,+25.3,+24.6,+24.8,+24.7,+24.7,+26.1,ESTP,0,0,+0,+0,+0.0168,+0,+0.0411,+0,+0,+0,18:23:01 26.03.2020
9050,+25.6,+14.9,+21.5,+21.4,+21.4,+25.3,+24.6,+24.8,+24.7,+24.7,+26,ESTP,0,0,+0,+0,+0.0168,+0,+0.0411,+0,+0,+0,18:24:01 26.03.2020
9051,+25.6,+14.9,+21.5,+21.4,+21.4,+25.3,+24.6,+24.8,+24.7,+24.7,+26,ESTP,0,0,+0,+0,+0.0168,+0,+0.0411,+0,+0,+0,18:25:01 26.03.2020
9052,+25.6,+14.9,+21.5,+21.4,+21.4,+25.3,+24.6,+24.8,+24.7,+24.7,+26.3,ESTP,0,0,+0,+0,+0.0168,+0,+0.0411,+0,+0,+0,18:26:01 26.03.2020
9053,+25.6,+14.9,+21.5,+21.4,+21.4,+25.3,+24.6,+24.8,+24.7,+24.7,+26,ESTP,0,0,+0,+0,+0.0168,+0,+0.0411,+0,+0,+0,18:27:01 26.03.2020
9054,+25.6,+14.9,+21.5,+21.4,+21.4,+25.3,+24.7,+24.8,+24.7,+24.7,+26.2,ESTP,0,0,+0,+0,+0.0168,+0,+0.0411,+0,+0,+0,18:28:01 26.03.2020
9055,+25.6,+14.9,+21.5,+21.4,+21.4,+25.3,+24.6,+24.8,+24.7,+24.7,+26.1,ESTP,0,0,+0,+0,+0.0168,+0,+0.0411,+0,+0,+0,18:29:01 26.03.2020
9056,+25.5,+14.9,+21.5,+21.4,+21.4,+25.3,+24.6,+24.8,+24.7,+24.7,+26.2,ESTP,0,0,+0,+0,+0.0168,+0,+0.0411,+0,+0,+0,18:30:01 26.03.2020
9057,+25.5,+14.9,+21.5,+21.4,+21.4,+25.3,+24.7,+24.8,+24.7,+24.7,+26.2,ESTP,0,0,+0,+0,+0.0168,+0,+0.0411,+0,+0,+0,18:31:01 26.03.2020
9058,+25.5,+14.9,+21.5,+21.4,+21.4,+25.3,+24.6,+24.8,+24.7,+24.7,+26.2,ESTP,0,0,+0,+0,+0.0168,+0,+0.0411,+0,+0,+0,18:32:01 26.03.2020
9059,+25.5,+14.9,+21.5,+21.4,+21.4,+25.3,+24.6,+24.8,+24.7,+24.7,+26.2,ESTP,0,0,+0,+0,+0.0168,+0,+0.0411,+0,+0,+0,18:33:01 26.03.2020
9060,+25.5,+14.9,+21.5,+21.4,+21.4,+25.3,+24.6,+24.8,+24.7,+24.7,+26.2,ESTP,0,0,+0,+0,+0.0168,+0,+0.0409,+0,+0,+0,18:34:01 26.03.2020
9061,+25.6,+14.9,+21.5,+21.4,+21.4,+25.3,+24.6,+24.8,+24.7,+24.7,+26.3,ESTP,0,0,+0,+0,+0.0168,+0,+0.0409,+0,+0,+0,18:35:01 26.03.2020
9062,+25.6,+14.9,+21.5,+21.4,+21.4,+25.3,+24.6,+24.8,+24.7,+24.7,+26.1,ESTP,0,0,+0,+0,+0.0168,+0,+0.0411,+0,+0,+0,18:36:01 26.03.2020
9063,+25.6,+14.9,+21.5,+21.4,+21.4,+25.3,+24.6,+24.8,+24.7,+24.7,+26.3,ESTP,0,0,+0,+0,+0.0168,+0,+0.0411,+0,+0,+0,18:37:01 26.03.2020
9064,+25.6,+14.9,+21.5,+21.4,+21.4,+25.3,+24.6,+24.8,+24.7,+24.7,+26,ESTP,0,0,+0,+0,+0.0168,+0,+0.0411,+0,+0,+0,18:38:01 26.03.2020
9065,+25.6,+14.9,+21.5,+21.4,+21.4,+25.3,+24.6,+24.8,+24.7,+24.7,+26.1,ESTP,0,0,+0,+0,+0.0168,+0,+0.0411,+0,+0,+0,18:39:01 26.03.2020
9066,+25.6,+14.9,+21.5,+21.4,+21.4,+25.3,+24.6,+24.8,+24.7,+24.7,+26.2,ESTP,0,0,+0,+0,+0.0168,+0,+0.0411,+0,+0,+0,18:40:01 26.03.2020
9067,+25.6,+14.9,+21.5,+21.4,+21.4,+25.3,+24.7,+24.8,+24.7,+24.7,+26,ESTP,0,0,+0,+0,+0.0168,+0,+0.0411,+0,+0,+0,18:41:01 26.03.2020
9068,+25.6,+14.9,+21.5,+21.4,+21.4,+25.3,+24.6,+24.8,+24.7,+24.7,+26.1,ESTP,0,0,+0,+0,+0.0168,+0,+0.0411,+0,+0,+0,18:42:01 26.03.2020
9069,+25.6,+14.9,+21.5,+21.4,+21.4,+25.3,+24.6,+24.8,+24.7,+24.7,+26.2,ESTP,0,0,+0,+0,+0.0168,+0,+0.0411,+0,+0,+0,18:43:01 26.03.2020
9070,+25.5,+14.9,+21.5,+21.4,+21.4,+25.3,+24.6,+24.8,+24.7,+24.7,+26.3,ESTP,0,0,+0,+0,+0.0168,+0,+0.0411,+0,+0,+0,18:44:01 26.03.2020
9071,+25.5,+14.9,+21.5,+21.4,+21.4,+25.3,+24.7,+24.8,+24.7,+24.7,+26.2,ESTP,0,0,+0,+0,+0.0168,+0,+0.0411,+0,+0,+0,18:45:01 26.03.2020
9072,+25.5,+14.9,+21.5,+21.4,+21.4,+25.3,+24.6,+24.8,+24.7,+24.7,+26.1,ESTP,0,0,+0,+0,+0.0168,+0,+0.0411,+0,+0,+0,18:46:01 26.03.2020
9073,+25.5,+14.9,+21.5,+21.4,+21.4,+25.3,+24.7,+24.8,+24.7,+24.7,+26.1,ESTP,0,0,+0,+0,+0.0168,+0,+0.0411,+0,+0,+0,18:47:01 26.03.2020
9074,+25.5,+14.9,+21.5,+21.4,+21.4,+25.3,+24.6,+24.8,+24.7,+24.7,+26.2,ESTP,0,0,+0,+0,+0.0168,+0,+0.0411,+0,+0,+0,18:48:01 26.03.2020
9075,+25.5,+14.9,+21.5,+21.4,+21.4,+25.3,+24.7,+24.8,+24.7,+24.7,+26.2,ESTP,0,0,+0,+0,+0.0168,+0,+0.0411,+0,+0,+0,18:49:01 26.03.2020
9076,+25.6,+14.9,+21.5,+21.4,+21.4,+25.3,+24.6,+24.8,+24.7,+24.7,+26.1,ESTP,0,0,+0,+0,+0.0168,+0,+0.0411,+0,+0,+0,18:50:01 26.03.2020
9077,+25.6,+14.9,+21.5,+21.4,+21.4,+25.3,+24.6,+24.8,+24.7,+24.7,+26.3,ESTP,0,0,+0,+0,+0.0168,+0,+0.0411,+0,+0,+0,18:51:01 26.03.2020
9078,+25.6,+14.9,+21.5,+21.3,+21.4,+25.3,+24.7,+24.8,+24.7,+24.7,+26.1,ESTP,0,0,+0,+0,+0.0168,+0,+0.0411,+0,+0,+0,18:52:01 26.03.2020
9079,+25.6,+14.9,+21.5,+21.4,+21.4,+25.3,+24.7,+24.8,+24.7,+24.7,+26.1,ESTP,0,0,+0,+0,+0.0168,+0,+0.0411,+0,+0,+0,18:53:01 26.03.2020
9080,+25.6,+14.9,+21.5,+21.4,+21.4,+25.3,+24.7,+24.8,+24.7,+24.7,+26.2,ESTP,0,0,+0,+0,+0.0168,+0,+0.0411,+0,+0,+0,18:54:01 26.03.2020
9081,+25.6,+14.9,+21.5,+21.3,+21.4,+25.3,+24.6,+24.8,+24.7,+24.7,+26.1,ESTP,0,0,+0,+0,+0.0168,+0,+0.0411,+0,+0,+0,18:55:01 26.03.2020
9082,+25.6,+14.9,+21.5,+21.3,+21.4,+25.3,+24.6,+24.8,+24.7,+24.7,+26,ESTP,0,0,+0,+0,+0.0168,+0,+0.0411,+0,+0,+0,18:56:01 26.03.2020
9083,+25.6,+14.9,+21.5,+21.3,+21.4,+25.3,+24.6,+24.8,+24.7,+24.7,+26.2,ESTP,0,0,+0,+0,+0.0168,+0,+0.0411,+0,+0,+0,18:57:01 26.03.2020
9084,+25.6,+14.9,+21.5,+21.3,+21.4,+25.3,+24.6,+24.8,+24.7,+24.7,+26.1,ESTP,0,0,+0,+0,+0.0168,+0,+0.0411,+0,+0,+0,18:58:01 26.03.2020
9085,+25.5,+14.9,+21.5,+21.3,+21.4,+25.3,+24.7,+24.8,+24.7,+24.7,+26.2,ESTP,0,0,+0,+0,+0.0168,+0,+0.0411,+0,+0,+0,18:59:01 26.03.2020
9086,+25.5,+14.9,+21.5,+21.3,+21.4,+25.3,+24.7,+24.8,+24.7,+24.7,+26.1,ESTP,0,0,+0,+0,+0.0168,+0,+0.0411,+0,+0,+0,19:00:01 26.03.2020
9087,+25.5,+14.9,+21.5,+21.3,+21.4,+25.3,+24.7,+24.8,+24.7,+24.7,+26.2,ESTP,0,0,+0,+0,+0.0168,+0,+0.0411,+0,+0,+0,19:01:01 26.03.2020
9088,+25.5,+14.9,+21.5,+21.3,+21.4,+25.3,+24.7,+24.8,+24.7,+24.7,+26.1,ESTP,0,0,+0,+0,+0.0168,+0,+0.0411,+0,+0,+0,19:02:01 26.03.2020
9089,+25.5,+14.9,+21.5,+21.4,+21.4,+25.3,+24.7,+24.8,+24.7,+24.7,+26.2,ESTP,0,0,+0,+0,+0.0168,+0,+0.0411,+0,+0,+0,19:03:01 26.03.2020
9090,+25.5,+14.9,+21.5,+21.3,+21.4,+25.3,+24.7,+24.8,+24.7,+24.7,+26.3,ESTP,0,0,+0,+0,+0.0168,+0,+0.0411,+0,+0,+0,19:04:01 26.03.2020
9091,+25.6,+14.9,+21.5,+21.3,+21.4,+25.3,+24.7,+24.8,+24.7,+24.7,+26.5,ESTP,0,0,+0,+0,+0.0168,+0,+0.0411,+0,+0,+0,19:05:01 26.03.2020
9092,+25.6,+14.9,+21.5,+21.3,+21.4,+25.3,+24.7,+24.8,+24.7,+24.7,+26.2,ESTP,0,0,+0,+0,+0.0168,+0,+0.0411,+0,+0,+0,19:06:01 26.03.2020
9093,+25.6,+14.9,+21.5,+21.3,+21.4,+25.3,+24.7,+24.8,+24.7,+24.7,+26.2,ESTP,0,0,+0,+0,+0.0168,+0,+0.0411,+0,+0,+0,19:07:01 26.03.2020
9094,+25.6,+14.9,+21.5,+21.3,+21.4,+25.3,+24.6,+24.8,+24.7,+24.7,+26.2,ESTP,0,0,+0,+0,+0.0168,+0,+0.0411,+0,+0,+0,19:08:01 26.03.2020
9095,+25.6,+14.9,+21.5,+21.3,+21.4,+25.3,+24.6,+24.8,+24.7,+24.7,+26.2,ESTP,0,0,+0,+0,+0.0168,+0,+0.0411,+0,+0,+0,19:09:01 26.03.2020
9096,+25.6,+14.9,+21.5,+21.3,+21.4,+25.3,+24.7,+24.8,+24.7,+24.7,+26.2,ESTP,0,0,+0,+0,+0.0168,+0,+0.0411,+0,+0,+0,19:10:01 26.03.2020
9097,+25.6,+14.9,+21.5,+21.3,+21.4,+25.3,+24.6,+24.8,+24.7,+24.7,+26.1,ESTP,0,0,+0,+0,+0.0168,+0,+0.0411,+0,+0,+0,19:11:01 26.03.2020
9098,+25.6,+14.9,+21.5,+21.3,+21.4,+25.3,+24.6,+24.8,+24.7,+24.7,+26.1,ESTP,0,0,+0,+0,+0.0168,+0,+0.0411,+0,+0,+0,19:12:01 26.03.2020
9099,+25.6,+14.9,+21.5,+21.3,+21.4,+25.3,+24.6,+24.8,+24.7,+24.7,+26,ESTP,0,0,+0,+0,+0.0168,+0,+0.0411,+0,+0,+0,19:13:01 26.03.2020
9100,+25.5,+14.9,+21.5,+21.3,+21.4,+25.3,+24.7,+24.8,+24.7,+24.7,+26.2,ESTP,0,0,+0,+0,+0.0168,+0,+0.0411,+0,+0,+0,19:14:01 26.03.2020
9101,+25.5,+14.9,+21.5,+21.3,+21.4,+25.3,+24.7,+24.8,+24.7,+24.7,+26.6,ESTP,0,0,+0,+0,+0.0168,+0,+0.0411,+0,+0,+0,19:15:01 26.03.2020
9102,+25.5,+14.9,+21.5,+21.3,+21.4,+25.3,+24.7,+24.8,+24.7,+24.7,+26.3,ESTP,0,0,+0,+0,+0.0168,+0,+0.0411,+0,+0,+0,19:16:01 26.03.2020
9103,+25.5,+14.9,+21.5,+21.3,+21.4,+25.3,+24.7,+24.8,+24.7,+24.7,+26.1,ESTP,0,0,+0,+0,+0.0168,+0,+0.0411,+0,+0,+0,19:17:01 26.03.2020
9104,+25.5,+14.9,+21.5,+21.3,+21.4,+25.3,+24.7,+24.8,+24.7,+24.7,+26.2,ESTP,0,0,+0,+0,+0.0168,+0,+0.0411,+0,+0,+0,19:18:01 26.03.2020
9105,+25.6,+14.9,+21.5,+21.3,+21.4,+25.3,+24.7,+24.8,+24.7,+24.7,+26.3,ESTP,0,0,+0,+0,+0.0168,+0,+0.0411,+0,+0,+0,19:19:01 26.03.2020
9106,+25.6,+14.9,+21.5,+21.3,+21.4,+25.3,+24.7,+24.8,+24.7,+24.7,+26.5,ESTP,0,0,+0,+0,+0.0168,+0,+0.0411,+0,+0,+0,19:20:01 26.03.2020
9107,+25.6,+14.9,+21.5,+21.3,+21.4,+25.3,+24.7,+24.8,+24.7,+24.7,+26.2,ESTP,0,0,+0,+0,+0.0168,+0,+0.0411,+0,+0,+0,19:21:01 26.03.2020
9108,+25.6,+14.9,+21.5,+21.3,+21.4,+25.3,+24.7,+24.8,+24.7,+24.7,+26.5,ESTP,0,0,+0,+0,+0.0168,+0,+0.0411,+0,+0,+0,19:22:01 26.03.2020
9109,+25.6,+14.9,+21.5,+21.3,+21.4,+25.3,+24.7,+24.8,+24.7,+24.7,+26.5,ESTP,0,0,+0,+0,+0.0168,+0,+0.0411,+0,+0,+0,19:23:01 26.03.2020
9110,+25.6,+14.9,+21.5,+21.3,+21.4,+25.3,+24.7,+24.8,+24.7,+24.7,+26.1,ESTP,0,0,+0,+0,+0.0168,+0,+0.0411,+0,+0,+0,19:24:01 26.03.2020
9111,+25.6,+14.9,+21.5,+21.3,+21.4,+25.3,+24.7,+24.8,+24.7,+24.7,+26,ESTP,0,0,+0,+0,+0.0168,+0,+0.0411,+0,+0,+0,19:25:01 26.03.2020
9112,+25.6,+14.9,+21.5,+21.3,+21.4,+25.3,+24.7,+24.8,+24.7,+24.7,+26.3,ESTP,0,0,+0,+0,+0.0168,+0,+0.0411,+0,+0,+0,19:26:01 26.03.2020
9113,+25.6,+14.9,+21.5,+21.3,+21.4,+25.3,+24.7,+24.8,+24.7,+24.7,+26.3,ESTP,0,0,+0,+0,+0.0168,+0,+0.0411,+0,+0,+0,19:27:01 26.03.2020
9114,+25.6,+14.9,+21.5,+21.3,+21.4,+25.3,+24.7,+24.8,+24.7,+24.7,+26.3,ESTP,0,0,+0,+0,+0.0168,+0,+0.0411,+0,+0,+0,19:28:01 26.03.2020
9115,+25.6,+14.9,+21.5,+21.3,+21.4,+25.3,+24.7,+24.8,+24.7,+24.7,+26.5,ESTP,0,0,+0,+0,+0.0168,+0,+0.0411,+0,+0,+0,19:29:01 26.03.2020
9116,+25.6,+14.9,+21.5,+21.3,+21.4,+25.3,+24.7,+24.8,+24.7,+24.7,+26.3,ESTP,0,0,+0,+0,+0.0168,+0,+0.0411,+0,+0,+0,19:30:01 26.03.2020
9117,+25.5,+14.9,+21.5,+21.3,+21.4,+25.3,+24.7,+24.8,+24.7,+24.7,+26.6,ESTP,0,0,+0,+0,+0.0168,+0,+0.0411,+0,+0,+0,19:31:01 26.03.2020
9118,+25.5,+14.9,+21.5,+21.3,+21.4,+25.3,+24.7,+24.8,+24.7,+24.7,+26.6,ESTP,0,0,+0,+0,+0.0168,+0,+0.0411,+0,+0,+0,19:32:01 26.03.2020
9119,+25.5,+14.9,+21.5,+21.3,+21.4,+25.3,+24.7,+24.8,+24.7,+24.7,+26.5,ESTP,0,0,+0,+0,+0.0168,+0,+0.0411,+0,+0,+0,19:33:01 26.03.2020
9120,+25.5,+14.9,+21.5,+21.3,+21.4,+25.3,+24.7,+24.8,+24.7,+24.7,+26.2,ESTP,0,0,+0,+0,+0.0168,+0,+0.0411,+0,+0,+0,19:34:01 26.03.2020
9121,+25.5,+14.9,+21.5,+21.3,+21.4,+25.3,+24.7,+24.8,+24.7,+24.7,+26.5,ESTP,0,0,+0,+0,+0.0168,+0,+0.0411,+0,+0,+0,19:35:01 26.03.2020
9122,+25.5,+14.9,+21.5,+21.3,+21.4,+25.3,+24.7,+24.8,+24.7,+24.7,+26.5,ESTP,0,0,+0,+0,+0.0168,+0,+0.0411,+0,+0,+0,19:36:01 26.03.2020
9123,+25.6,+14.9,+21.5,+21.3,+21.4,+25.3,+24.7,+24.8,+24.7,+24.7,+26.3,ESTP,0,0,+0,+0,+0.0168,+0,+0.0411,+0,+0,+0,19:37:01 26.03.2020
9124,+25.6,+14.9,+21.5,+21.3,+21.4,+25.3,+24.7,+24.8,+24.7,+24.7,+26.3,ESTP,0,0,+0,+0,+0.0168,+0,+0.0411,+0,+0,+0,19:38:01 26.03.2020
9125,+25.6,+14.9,+21.5,+21.3,+21.4,+25.3,+24.7,+24.8,+24.7,+24.7,+26.3,ESTP,0,0,+0,+0,+0.0168,+0,+0.0411,+0,+0,+0,19:39:01 26.03.2020
9126,+25.6,+14.9,+21.5,+21.3,+21.4,+25.3,+24.7,+24.8,+24.7,+24.7,+26.5,ESTP,0,0,+0,+0,+0.0168,+0,+0.0411,+0,+0,+0,19:40:01 26.03.2020
9127,+25.6,+14.9,+21.5,+21.3,+21.4,+25.3,+24.7,+24.8,+24.7,+24.7,+26.1,ESTP,0,0,+0,+0,+0.0168,+0,+0.0411,+0,+0,+0,19:41:01 26.03.2020
9128,+25.6,+14.9,+21.5,+21.3,+21.4,+25.3,+24.7,+24.8,+24.7,+24.7,+26.3,ESTP,0,0,+0,+0,+0.0168,+0,+0.0411,+0,+0,+0,19:42:01 26.03.2020
9129,+25.6,+14.9,+21.5,+21.3,+21.4,+25.3,+24.7,+24.8,+24.7,+24.7,+26.5,ESTP,0,0,+0,+0,+0.0168,+0,+0.0411,+0,+0,+0,19:43:01 26.03.2020
9130,+25.6,+14.9,+21.5,+21.3,+21.4,+25.3,+24.7,+24.8,+24.7,+24.7,+26.2,ESTP,0,0,+0,+0,+0.0168,+0,+0.0411,+0,+0,+0,19:44:01 26.03.2020
9131,+25.5,+14.9,+21.5,+21.3,+21.4,+25.3,+24.7,+24.8,+24.7,+24.7,+26.6,ESTP,0,0,+0,+0,+0.0168,+0,+0.0411,+0,+0,+0,19:45:01 26.03.2020
9132,+25.5,+14.9,+21.5,+21.3,+21.4,+25.3,+24.7,+24.8,+24.7,+24.7,+26.7,ESTP,0,0,+0,+0,+0.0168,+0,+0.0411,+0,+0,+0,19:46:01 26.03.2020
9133,+25.5,+14.9,+21.5,+21.3,+21.4,+25.3,+24.7,+24.8,+24.7,+24.7,+26.7,ESTP,0,0,+0,+0,+0.0168,+0,+0.0411,+0,+0,+0,19:47:01 26.03.2020
9134,+25.5,+14.9,+21.5,+21.3,+21.4,+25.3,+24.7,+24.8,+24.7,+24.7,+26.6,ESTP,0,0,+0,+0,+0.0168,+0,+0.0411,+0,+0,+0,19:48:01 26.03.2020
9135,+25.5,+14.9,+21.5,+21.3,+21.4,+25.3,+24.7,+24.8,+24.7,+24.7,+26.3,ESTP,0,0,+0,+0,+0.0168,+0,+0.0411,+0,+0,+0,19:49:01 26.03.2020
9136,+25.5,+14.9,+21.5,+21.3,+21.4,+25.3,+24.7,+24.8,+24.7,+24.7,+26.7,ESTP,0,0,+0,+0,+0.0168,+0,+0.0411,+0,+0,+0,19:50:01 26.03.2020
9137,+25.6,+14.9,+21.5,+21.3,+21.4,+25.3,+24.7,+24.8,+24.7,+24.7,+26.2,ESTP,0,0,+0,+0,+0.0168,+0,+0.0411,+0,+0,+0,19:51:01 26.03.2020
9138,+25.6,+14.9,+21.5,+21.3,+21.4,+25.3,+24.7,+24.8,+24.7,+24.7,+26.6,ESTP,0,0,+0,+0,+0.0168,+0,+0.0411,+0,+0,+0,19:52:01 26.03.2020
9139,+25.6,+14.9,+21.5,+21.3,+21.4,+25.3,+24.7,+24.8,+24.7,+24.7,+26.7,ESTP,0,0,+0,+0,+0.0168,+0,+0.0411,+0,+0,+0,19:53:01 26.03.2020
9140,+25.6,+14.9,+21.5,+21.3,+21.4,+25.3,+24.7,+24.8,+24.7,+24.7,+26.6,ESTP,0,0,+0,+0,+0.0168,+0,+0.0411,+0,+0,+0,19:54:01 26.03.2020
9141,+25.6,+14.9,+21.5,+21.3,+21.4,+25.3,+24.7,+24.8,+24.7,+24.7,+26.7,ESTP,0,0,+0,+0,+0.0168,+0,+0.0411,+0,+0,+0,19:55:01 26.03.2020
9142,+25.6,+14.9,+21.5,+21.3,+21.4,+25.3,+24.7,+24.8,+24.7,+24.7,+26.7,ESTP,0,0,+0,+0,+0.0168,+0,+0.0411,+0,+0,+0,19:56:01 26.03.2020
9143,+25.6,+14.9,+21.5,+21.3,+21.4,+25.3,+24.7,+24.8,+24.7,+24.7,+26.8,ESTP,0,0,+0,+0,+0.0168,+0,+0.0411,+0,+0,+0,19:57:01 26.03.2020
9144,+25.6,+14.9,+21.5,+21.3,+21.4,+25.3,+24.7,+24.8,+24.7,+24.7,+26.5,ESTP,0,0,+0,+0,+0.0168,+0,+0.0411,+0,+0,+0,19:58:01 26.03.2020
9145,+25.6,+14.9,+21.5,+21.3,+21.4,+25.3,+24.7,+24.8,+24.7,+24.7,+26.6,ESTP,0,0,+0,+0,+0.0168,+0,+0.0411,+0,+0,+0,19:59:01 26.03.2020
9146,+25.5,+14.9,+21.5,+21.3,+21.4,+25.3,+24.7,+24.8,+24.7,+24.7,+26.6,ESTP,0,0,+0,+0,+0.0168,+0,+0.0411,+0,+0,+0,20:00:01 26.03.2020
9147,+25.5,+14.9,+21.5,+21.3,+21.4,+25.3,+24.7,+24.8,+24.7,+24.7,+26.6,ESTP,0,0,+0,+0,+0.0168,+0,+0.0411,+0,+0,+0,20:01:01 26.03.2020
9148,+25.5,+14.9,+21.5,+21.3,+21.4,+25.3,+24.7,+24.8,+24.7,+24.7,+26.6,ESTP,0,0,+0,+0,+0.0168,+0,+0.0411,+0,+0,+0,20:02:01 26.03.2020
9149,+25.5,+14.9,+21.5,+21.3,+21.4,+25.3,+24.7,+24.8,+24.7,+24.7,+26.6,ESTP,0,0,+0,+0,+0.0168,+0,+0.0411,+0,+0,+0,20:03:01 26.03.2020
9150,+25.5,+14.9,+21.5,+21.3,+21.4,+25.3,+24.7,+24.8,+24.7,+24.7,+26.6,ESTP,0,0,+0,+0,+0.0168,+0,+0.0411,+0,+0,+0,20:04:01 26.03.2020
9151,+25.5,+14.9,+21.5,+21.3,+21.4,+25.3,+24.7,+24.8,+24.7,+24.7,+26.8,ESTP,0,0,+0,+0,+0.0168,+0,+0.0411,+0,+0,+0,20:05:01 26.03.2020
9152,+25.5,+14.9,+21.5,+21.3,+21.4,+25.3,+24.7,+24.8,+24.7,+24.7,+26.8,ESTP,0,0,+0,+0,+0.0168,+0,+0.0411,+0,+0,+0,20:06:01 26.03.2020
9153,+25.6,+14.9,+21.5,+21.3,+21.4,+25.3,+24.7,+24.8,+24.7,+24.7,+26.5,ESTP,0,0,+0,+0,+0.0168,+0,+0.0411,+0,+0,+0,20:07:01 26.03.2020
9154,+25.6,+14.9,+21.5,+21.3,+21.4,+25.3,+24.7,+24.8,+24.7,+24.7,+26.5,ESTP,0,0,+0,+0,+0.0168,+0,+0.0411,+0,+0,+0,20:08:01 26.03.2020
9155,+25.6,+14.9,+21.5,+21.3,+21.4,+25.3,+24.7,+24.8,+24.7,+24.7,+26.7,ESTP,0,0,+0,+0,+0.0168,+0,+0.0411,+0,+0,+0,20:09:01 26.03.2020
9156,+25.6,+14.9,+21.5,+21.3,+21.4,+25.3,+24.7,+24.8,+24.7,+24.7,+26.7,ESTP,0,0,+0,+0,+0.0168,+0,+0.0411,+0,+0,+0,20:10:01 26.03.2020
9157,+25.6,+14.9,+21.5,+21.3,+21.4,+25.3,+24.7,+24.8,+24.7,+24.7,+26.3,ESTP,0,0,+0,+0,+0.0168,+0,+0.0411,+0,+0,+0,20:11:01 26.03.2020
9158,+25.6,+14.9,+21.5,+21.3,+21.4,+25.3,+24.7,+24.8,+24.7,+24.7,+26.6,ESTP,0,0,+0,+0,+0.0168,+0,+0.0411,+0,+0,+0,20:12:01 26.03.2020
9159,+25.6,+14.9,+21.5,+21.3,+21.4,+25.3,+24.7,+24.8,+24.7,+24.7,+26.8,ESTP,0,0,+0,+0,+0.0168,+0,+0.0411,+0,+0,+0,20:13:01 26.03.2020
9160,+25.6,+14.9,+21.5,+21.3,+21.4,+25.3,+24.7,+24.8,+24.7,+24.7,+26.6,ESTP,0,0,+0,+0,+0.0168,+0,+0.0411,+0,+0,+0,20:14:01 26.03.2020
9161,+25.6,+14.9,+21.5,+21.3,+21.4,+25.3,+24.7,+24.8,+24.7,+24.7,+26.5,ESTP,0,0,+0,+0,+0.0168,+0,+0.0411,+0,+0,+0,20:15:01 26.03.2020
9162,+25.5,+14.9,+21.5,+21.3,+21.4,+25.3,+24.7,+24.8,+24.7,+24.7,+26.7,ESTP,0,0,+0,+0,+0.0168,+0,+0.0411,+0,+0,+0,20:16:01 26.03.2020
9163,+25.5,+14.9,+21.5,+21.3,+21.4,+25.3,+24.7,+24.8,+24.7,+24.7,+26.6,ESTP,0,0,+0,+0,+0.0168,+0,+0.0411,+0,+0,+0,20:17:01 26.03.2020
9164,+25.5,+14.9,+21.5,+21.3,+21.4,+25.3,+24.7,+24.8,+24.7,+24.7,+26.8,ESTP,0,0,+0,+0,+0.0168,+0,+0.0411,+0,+0,+0,20:18:01 26.03.2020
9165,+25.5,+14.9,+21.5,+21.3,+21.4,+25.3,+24.7,+24.8,+24.7,+24.7,+27,ESTP,0,0,+0,+0,+0.0168,+0,+0.0411,+0,+0,+0,20:19:01 26.03.2020
9166,+25.5,+14.9,+21.5,+21.3,+21.4,+25.3,+24.7,+24.8,+24.7,+24.7,+26.6,ESTP,0,0,+0,+0,+0.0168,+0,+0.0411,+0,+0,+0,20:20:01 26.03.2020
9167,+25.5,+14.9,+21.5,+21.3,+21.4,+25.3,+24.7,+24.8,+24.7,+24.7,+26.7,ESTP,0,0,+0,+0,+0.0168,+0,+0.0411,+0,+0,+0,20:21:01 26.03.2020
9168,+25.5,+14.9,+21.5,+21.3,+21.4,+25.3,+24.7,+24.8,+24.7,+24.7,+26.6,ESTP,0,0,+0,+0,+0.0168,+0,+0.0411,+0,+0,+0,20:22:01 26.03.2020
9169,+25.6,+14.9,+21.5,+21.3,+21.4,+25.3,+24.7,+24.8,+24.7,+24.7,+26.5,ESTP,0,0,+0,+0,+0.0168,+0,+0.0411,+0,+0,+0,20:23:01 26.03.2020
9170,+25.6,+14.9,+21.5,+21.3,+21.4,+25.3,+24.7,+24.8,+24.7,+24.7,+26.7,ESTP,0,0,+0,+0,+0.0168,+0,+0.0411,+0,+0,+0,20:24:01 26.03.2020
9171,+25.6,+14.9,+21.5,+21.3,+21.4,+25.3,+24.7,+24.8,+24.7,+24.7,+26.6,ESTP,0,0,+0,+0,+0.0168,+0,+0.0411,+0,+0,+0,20:25:01 26.03.2020
9172,+25.6,+14.9,+21.5,+21.3,+21.4,+25.3,+24.7,+24.8,+24.7,+24.7,+26.6,ESTP,0,0,+0,+0,+0.0168,+0,+0.0411,+0,+0,+0,20:26:01 26.03.2020
9173,+25.6,+14.9,+21.5,+21.3,+21.4,+25.3,+24.7,+24.8,+24.7,+24.7,+27,ESTP,0,0,+0,+0,+0.0168,+0,+0.0411,+0,+0,+0,20:27:01 26.03.2020
9174,+25.6,+14.9,+21.5,+21.3,+21.4,+25.3,+24.7,+24.8,+24.7,+24.7,+26.3,ESTP,0,0,+0,+0,+0.0168,+0,+0.0411,+0,+0,+0,20:28:01 26.03.2020
9175,+25.6,+14.9,+21.5,+21.3,+21.4,+25.3,+24.7,+24.8,+24.7,+24.7,+26.6,ESTP,0,0,+0,+0,+0.0168,+0,+0.0411,+0,+0,+0,20:29:01 26.03.2020
9176,+25.6,+14.9,+21.5,+21.3,+21.4,+25.3,+24.7,+24.8,+24.7,+24.7,+26.7,ESTP,0,0,+0,+0,+0.0168,+0,+0.0411,+0,+0,+0,20:30:01 26.03.2020
9177,+25.5,+14.9,+21.5,+21.3,+21.4,+25.3,+24.7,+24.8,+24.7,+24.7,+26.7,ESTP,0,0,+0,+0,+0.0168,+0,+0.0411,+0,+0,+0,20:31:01 26.03.2020
9178,+25.5,+14.9,+21.5,+21.3,+21.4,+25.3,+24.7,+24.8,+24.7,+24.7,+26.7,ESTP,0,0,+0,+0,+0.0168,+0,+0.0411,+0,+0,+0,20:32:01 26.03.2020
9179,+25.5,+14.9,+21.5,+21.3,+21.4,+25.3,+24.7,+24.8,+24.7,+24.7,+26.7,ESTP,0,0,+0,+0,+0.0168,+0,+0.0411,+0,+0,+0,20:33:01 26.03.2020
9180,+25.5,+14.9,+21.5,+21.3,+21.4,+25.3,+24.7,+24.8,+24.7,+24.7,+26.6,ESTP,0,0,+0,+0,+0.0168,+0,+0.0411,+0,+0,+0,20:34:01 26.03.2020
9181,+25.5,+14.9,+21.5,+21.3,+21.4,+25.3,+24.7,+24.8,+24.7,+24.7,+26.8,ESTP,0,0,+0,+0,+0.0168,+0,+0.0411,+0,+0,+0,20:35:01 26.03.2020
9182,+25.5,+14.9,+21.5,+21.3,+21.4,+25.3,+24.7,+24.8,+24.7,+24.7,+26.5,ESTP,0,0,+0,+0,+0.0168,+0,+0.0411,+0,+0,+0,20:36:01 26.03.2020
9183,+25.5,+14.9,+21.5,+21.3,+21.4,+25.3,+24.7,+24.8,+24.7,+24.7,+27,ESTP,0,0,+0,+0,+0.0168,+0,+0.0411,+0,+0,+0,20:37:01 26.03.2020
9184,+25.5,+14.9,+21.5,+21.3,+21.4,+25.3,+24.7,+24.8,+24.7,+24.7,+26.7,ESTP,0,0,+0,+0,+0.0168,+0,+0.0411,+0,+0,+0,20:38:01 26.03.2020
9185,+25.5,+14.9,+21.5,+21.3,+21.4,+25.3,+24.7,+24.8,+24.7,+24.7,+26.8,ESTP,0,0,+0,+0,+0.0168,+0,+0.0411,+0,+0,+0,20:39:01 26.03.2020
9186,+25.6,+14.9,+21.5,+21.3,+21.4,+25.3,+24.7,+24.8,+24.7,+24.7,+26.7,ESTP,0,0,+0,+0,+0.0168,+0,+0.0411,+0,+0,+0,20:40:01 26.03.2020
9187,+25.6,+14.9,+21.5,+21.3,+21.4,+25.3,+24.7,+24.8,+24.7,+24.7,+26.5,ESTP,0,0,+0,+0,+0.0168,+0,+0.0411,+0,+0,+0,20:41:01 26.03.2020
9188,+25.6,+14.9,+21.5,+21.3,+21.4,+25.3,+24.7,+24.8,+24.7,+24.7,+26.6,ESTP,0,0,+0,+0,+0.0168,+0,+0.0411,+0,+0,+0,20:42:01 26.03.2020
9189,+25.6,+14.9,+21.5,+21.3,+21.4,+25.3,+24.7,+24.8,+24.7,+24.7,+26.5,ESTP,0,0,+0,+0,+0.0168,+0,+0.0411,+0,+0,+0,20:43:01 26.03.2020
9190,+25.6,+14.9,+21.5,+21.3,+21.4,+25.3,+24.7,+24.8,+24.7,+24.7,+26.5,ESTP,0,0,+0,+0,+0.0168,+0,+0.0411,+0,+0,+0,20:44:01 26.03.2020
9191,+25.6,+14.9,+21.5,+21.3,+21.4,+25.3,+24.7,+24.8,+24.7,+24.7,+26.8,ESTP,0,0,+0,+0,+0.0168,+0,+0.0411,+0,+0,+0,20:45:01 26.03.2020
9192,+25.6,+14.9,+21.5,+21.3,+21.4,+25.3,+24.7,+24.8,+24.7,+24.7,+26.5,ESTP,0,0,+0,+0,+0.0168,+0,+0.0411,+0,+0,+0,20:46:01 26.03.2020
9193,+25.5,+14.9,+21.5,+21.3,+21.4,+25.3,+24.7,+24.8,+24.7,+24.7,+26.5,ESTP,0,0,+0,+0,+0.0168,+0,+0.0411,+0,+0,+0,20:47:01 26.03.2020
9194,+25.5,+14.9,+21.5,+21.3,+21.4,+25.3,+24.7,+24.8,+24.7,+24.7,+26.6,ESTP,0,0,+0,+0,+0.0168,+0,+0.0411,+0,+0,+0,20:48:01 26.03.2020
9195,+25.5,+14.9,+21.5,+21.3,+21.4,+25.3,+24.7,+24.8,+24.7,+24.7,+26.6,ESTP,0,0,+0,+0,+0.0168,+0,+0.0411,+0,+0,+0,20:49:01 26.03.2020
9196,+25.5,+14.9,+21.5,+21.3,+21.4,+25.3,+24.7,+24.8,+24.7,+24.7,+26.8,ESTP,0,0,+0,+0,+0.0168,+0,+0.0411,+0,+0,+0,20:50:01 26.03.2020
9197,+25.5,+14.9,+21.5,+21.3,+21.4,+25.3,+24.7,+24.8,+24.7,+24.7,+26.6,ESTP,0,0,+0,+0,+0.0168,+0,+0.0411,+0,+0,+0,20:51:01 26.03.2020
9198,+25.5,+14.9,+21.5,+21.3,+21.4,+25.3,+24.7,+24.8,+24.7,+24.7,+26.7,ESTP,0,0,+0,+0,+0.0168,+0,+0.0411,+0,+0,+0,20:52:01 26.03.2020
9199,+25.5,+14.9,+21.5,+21.3,+21.4,+25.3,+24.7,+24.8,+24.7,+24.7,+26.6,ESTP,0,0,+0,+0,+0.0168,+0,+0.0411,+0,+0,+0,20:53:01 26.03.2020
9200,+25.6,+14.9,+21.5,+21.3,+21.4,+25.3,+24.7,+24.8,+24.7,+24.7,+26.7,ESTP,0,0,+0,+0,+0.0168,+0,+0.0411,+0,+0,+0,20:54:01 26.03.2020
9201,+25.6,+14.9,+21.5,+21.3,+21.4,+25.3,+24.7,+24.8,+24.7,+24.7,+26.6,ESTP,0,0,+0,+0,+0.0168,+0,+0.0411,+0,+0,+0,20:55:01 26.03.2020
9202,+25.6,+14.9,+21.5,+21.3,+21.4,+25.3,+24.7,+24.8,+24.7,+24.7,+26.5,ESTP,0,0,+0,+0,+0.0168,+0,+0.0411,+0,+0,+0,20:56:01 26.03.2020
9203,+25.6,+14.9,+21.5,+21.3,+21.4,+25.3,+24.7,+24.8,+24.7,+24.7,+26.6,ESTP,0,0,+0,+0,+0.0168,+0,+0.0411,+0,+0,+0,20:57:01 26.03.2020
9204,+25.6,+14.8,+21.5,+21.3,+21.4,+25.3,+24.7,+24.8,+24.7,+24.7,+26.7,ESTP,0,0,+0,+0,+0.0168,+0,+0.0411,+0,+0,+0,20:58:01 26.03.2020
9205,+25.6,+14.8,+21.5,+21.3,+21.4,+25.3,+24.7,+24.8,+24.7,+24.7,+26.7,ESTP,0,0,+0,+0,+0.0168,+0,+0.0411,+0,+0,+0,20:59:01 26.03.2020
9206,+25.6,+14.9,+21.5,+21.3,+21.4,+25.3,+24.7,+24.8,+24.7,+24.7,+26.8,ESTP,0,0,+0,+0,+0.0168,+0,+0.0411,+0,+0,+0,21:00:01 26.03.2020
9207,+25.5,+14.8,+21.5,+21.3,+21.4,+25.3,+24.7,+24.8,+24.7,+24.7,+26.8,ESTP,0,0,+0,+0,+0.0168,+0,+0.0411,+0,+0,+0,21:01:01 26.03.2020
9208,+25.5,+14.8,+21.5,+21.3,+21.4,+25.3,+24.7,+24.8,+24.7,+24.7,+26.8,ESTP,0,0,+0,+0,+0.0168,+0,+0.0411,+0,+0,+0,21:02:01 26.03.2020
9209,+25.5,+14.8,+21.5,+21.3,+21.4,+25.3,+24.7,+24.8,+24.7,+24.7,+26.6,ESTP,0,0,+0,+0,+0.0168,+0,+0.0411,+0,+0,+0,21:03:01 26.03.2020
9210,+25.5,+14.9,+21.5,+21.3,+21.4,+25.3,+24.7,+24.8,+24.7,+24.7,+26.8,ESTP,0,0,+0,+0,+0.0168,+0,+0.0411,+0,+0,+0,21:04:01 26.03.2020
9211,+25.5,+14.9,+21.5,+21.3,+21.4,+25.3,+24.7,+24.8,+24.7,+24.7,+26.6,ESTP,0,0,+0,+0,+0.0168,+0,+0.0411,+0,+0,+0,21:05:01 26.03.2020
9212,+25.5,+14.8,+21.5,+21.3,+21.4,+25.3,+24.7,+24.8,+24.7,+24.7,+26.6,ESTP,0,0,+0,+0,+0.0168,+0,+0.0411,+0,+0,+0,21:06:01 26.03.2020
9213,+25.5,+14.8,+21.5,+21.3,+21.4,+25.3,+24.7,+24.8,+24.7,+24.7,+26.7,ESTP,0,0,+0,+0,+0.0168,+0,+0.0411,+0,+0,+0,21:07:01 26.03.2020
9214,+25.5,+14.8,+21.5,+21.3,+21.4,+25.3,+24.7,+24.8,+24.7,+24.7,+27,ESTP,0,0,+0,+0,+0.0168,+0,+0.0411,+0,+0,+0,21:08:01 26.03.2020
9215,+25.6,+14.8,+21.5,+21.3,+21.4,+25.3,+24.7,+24.8,+24.7,+24.7,+26.7,ESTP,0,0,+0,+0,+0.0168,+0,+0.0411,+0,+0,+0,21:09:01 26.03.2020
9216,+25.6,+14.8,+21.5,+21.3,+21.4,+25.3,+24.7,+24.8,+24.7,+24.7,+26.7,ESTP,0,0,+0,+0,+0.0168,+0,+0.0411,+0,+0,+0,21:10:01 26.03.2020
9217,+25.6,+14.8,+21.5,+21.3,+21.4,+25.3,+24.7,+24.8,+24.7,+24.7,+26.7,ESTP,0,0,+0,+0,+0.0168,+0,+0.0411,+0,+0,+0,21:11:01 26.03.2020
9218,+25.6,+14.8,+21.5,+21.3,+21.4,+25.3,+24.7,+24.8,+24.7,+24.7,+26.8,ESTP,0,0,+0,+0,+0.0168,+0,+0.0411,+0,+0,+0,21:12:01 26.03.2020
9219,+25.6,+14.8,+21.5,+21.3,+21.4,+25.3,+24.7,+24.8,+24.7,+24.7,+26.6,ESTP,0,0,+0,+0,+0.0168,+0,+0.0411,+0,+0,+0,21:13:01 26.03.2020
9220,+25.6,+14.8,+21.5,+21.3,+21.4,+25.3,+24.7,+24.8,+24.7,+24.7,+26.7,ESTP,0,0,+0,+0,+0.0168,+0,+0.0411,+0,+0,+0,21:14:01 26.03.2020
9221,+25.5,+14.8,+21.5,+21.3,+21.4,+25.3,+24.7,+24.8,+24.7,+24.7,+26.6,ESTP,0,0,+0,+0,+0.0168,+0,+0.0411,+0,+0,+0,21:15:01 26.03.2020
9222,+25.5,+14.8,+21.4,+21.3,+21.4,+25.3,+24.7,+24.8,+24.7,+24.7,+26.6,ESTP,0,0,+0,+0,+0.0168,+0,+0.0411,+0,+0,+0,21:16:01 26.03.2020
9223,+25.5,+14.8,+21.5,+21.3,+21.4,+25.3,+24.7,+24.8,+24.7,+24.7,+26.8,ESTP,0,0,+0,+0,+0.0168,+0,+0.0411,+0,+0,+0,21:17:01 26.03.2020
9224,+25.5,+14.8,+21.5,+21.3,+21.4,+25.3,+24.7,+24.8,+24.7,+24.7,+26.6,ESTP,0,0,+0,+0,+0.0168,+0,+0.0411,+0,+0,+0,21:18:01 26.03.2020
9225,+25.5,+14.8,+21.5,+21.3,+21.4,+25.3,+24.7,+24.8,+24.7,+24.7,+26.6,ESTP,0,0,+0,+0,+0.0168,+0,+0.0411,+0,+0,+0,21:19:01 26.03.2020
9226,+25.5,+14.8,+21.5,+21.3,+21.4,+25.3,+24.7,+24.8,+24.7,+24.7,+26.6,ESTP,0,0,+0,+0,+0.0168,+0,+0.0411,+0,+0,+0,21:20:01 26.03.2020
9227,+25.5,+14.8,+21.5,+21.3,+21.4,+25.3,+24.7,+24.8,+24.7,+24.7,+26.6,ESTP,0,0,+0,+0,+0.0168,+0,+0.0411,+0,+0,+0,21:21:01 26.03.2020
9228,+25.6,+14.8,+21.4,+21.3,+21.4,+25.3,+24.7,+24.8,+24.7,+24.7,+26.8,ESTP,0,0,+0,+0,+0.0168,+0,+0.0411,+0,+0,+0,21:22:01 26.03.2020
9229,+25.6,+14.8,+21.5,+21.3,+21.4,+25.3,+24.7,+24.8,+24.7,+24.7,+26.6,ESTP,0,0,+0,+0,+0.0168,+0,+0.0411,+0,+0,+0,21:23:01 26.03.2020
9230,+25.6,+14.8,+21.5,+21.3,+21.4,+25.3,+24.7,+24.8,+24.7,+24.7,+26.5,ESTP,0,0,+0,+0,+0.0168,+0,+0.0411,+0,+0,+0,21:24:01 26.03.2020
9231,+25.6,+14.8,+21.5,+21.3,+21.4,+25.3,+24.7,+24.8,+24.7,+24.7,+26.8,ESTP,0,0,+0,+0,+0.0168,+0,+0.0411,+0,+0,+0,21:25:01 26.03.2020
9232,+25.6,+14.8,+21.5,+21.3,+21.4,+25.3,+24.7,+24.8,+24.7,+24.7,+26.8,ESTP,0,0,+0,+0,+0.0168,+0,+0.0411,+0,+0,+0,21:26:01 26.03.2020
9233,+25.6,+14.8,+21.4,+21.3,+21.4,+25.3,+24.7,+24.8,+24.7,+24.7,+26.7,ESTP,0,0,+0,+0,+0.0168,+0,+0.0411,+0,+0,+0,21:27:01 26.03.2020
9234,+25.6,+14.8,+21.4,+21.3,+21.4,+25.4,+24.7,+24.8,+24.7,+24.7,+26.8,ESTP,0,0,+0,+0,+0.0168,+0,+0.0411,+0,+0,+0,21:28:01 26.03.2020
9235,+25.6,+14.8,+21.4,+21.3,+21.4,+25.3,+24.7,+24.8,+24.7,+24.7,+26.7,ESTP,0,0,+0,+0,+0.0168,+0,+0.0411,+0,+0,+0,21:29:01 26.03.2020
9236,+25.5,+14.8,+21.4,+21.3,+21.4,+25.3,+24.7,+24.8,+24.7,+24.7,+26.6,ESTP,0,0,+0,+0,+0.0168,+0,+0.0411,+0,+0,+0,21:30:01 26.03.2020
9237,+25.5,+14.8,+21.4,+21.3,+21.4,+25.3,+24.7,+24.8,+24.7,+24.7,+26.5,ESTP,0,0,+0,+0,+0.0168,+0,+0.0411,+0,+0,+0,21:31:01 26.03.2020
9238,+25.5,+14.8,+21.4,+21.3,+21.4,+25.3,+24.7,+24.8,+24.7,+24.7,+26.6,ESTP,0,0,+0,+0,+0.0168,+0,+0.0411,+0,+0,+0,21:32:01 26.03.2020
9239,+25.5,+14.8,+21.4,+21.3,+21.4,+25.3,+24.7,+24.8,+24.7,+24.7,+26.8,ESTP,0,0,+0,+0,+0.0168,+0,+0.0411,+0,+0,+0,21:33:01 26.03.2020
9240,+25.5,+14.8,+21.4,+21.3,+21.4,+25.3,+24.7,+24.8,+24.7,+24.7,+26.7,ESTP,0,0,+0,+0,+0.0168,+0,+0.0411,+0,+0,+0,21:34:01 26.03.2020
9241,+25.5,+14.8,+21.4,+21.3,+21.4,+25.3,+24.7,+24.8,+24.7,+24.7,+26.6,ESTP,0,0,+0,+0,+0.0168,+0,+0.0411,+0,+0,+0,21:35:01 26.03.2020
9242,+25.5,+14.8,+21.4,+21.3,+21.4,+25.3,+24.7,+24.8,+24.7,+24.7,+26.8,ESTP,0,0,+0,+0,+0.0168,+0,+0.0411,+0,+0,+0,21:36:01 26.03.2020
9243,+25.5,+14.8,+21.4,+21.3,+21.4,+25.3,+24.7,+24.8,+24.7,+24.7,+26.8,ESTP,0,0,+0,+0,+0.0168,+0,+0.0411,+0,+0,+0,21:37:01 26.03.2020
9244,+25.6,+14.8,+21.4,+21.3,+21.4,+25.3,+24.7,+24.8,+24.7,+24.7,+26.6,ESTP,0,0,+0,+0,+0.0168,+0,+0.0411,+0,+0,+0,21:38:01 26.03.2020
9245,+25.6,+14.8,+21.4,+21.3,+21.4,+25.3,+24.7,+24.8,+24.7,+24.7,+27,ESTP,0,0,+0,+0,+0.0168,+0,+0.0411,+0,+0,+0,21:39:01 26.03.2020
9246,+25.6,+14.8,+21.4,+21.3,+21.4,+25.3,+24.7,+24.8,+24.7,+24.7,+26.7,ESTP,0,0,+0,+0,+0.0168,+0,+0.0411,+0,+0,+0,21:40:01 26.03.2020
9247,+25.6,+14.8,+21.4,+21.3,+21.4,+25.3,+24.7,+24.8,+24.7,+24.7,+27,ESTP,0,0,+0,+0,+0.0168,+0,+0.0411,+0,+0,+0,21:41:01 26.03.2020
9248,+25.6,+14.8,+21.4,+21.3,+21.4,+25.3,+24.7,+24.8,+24.7,+24.7,+26.8,ESTP,0,0,+0,+0,+0.0168,+0,+0.0412,+0,+0,+0,21:42:01 26.03.2020
9249,+25.6,+14.8,+21.4,+21.3,+21.4,+25.3,+24.7,+24.8,+24.7,+24.7,+27,ESTP,0,0,+0,+0,+0.0168,+0,+0.0411,+0,+0,+0,21:43:01 26.03.2020
9250,+25.6,+14.8,+21.4,+21.3,+21.4,+25.4,+24.7,+24.8,+24.7,+24.7,+26.6,ESTP,0,0,+0,+0,+0.0168,+0,+0.0411,+0,+0,+0,21:44:01 26.03.2020
9251,+25.6,+14.8,+21.4,+21.3,+21.4,+25.3,+24.7,+24.8,+24.7,+24.7,+26.7,ESTP,0,0,+0,+0,+0.0168,+0,+0.0412,+0,+0,+0,21:45:01 26.03.2020
9252,+25.5,+14.8,+21.4,+21.3,+21.4,+25.3,+24.7,+24.8,+24.7,+24.7,+26.8,ESTP,0,0,+0,+0,+0.0168,+0,+0.0411,+0,+0,+0,21:46:01 26.03.2020
9253,+25.5,+14.8,+21.4,+21.3,+21.4,+25.3,+24.7,+24.8,+24.7,+24.7,+26.8,ESTP,0,0,+0,+0,+0.0168,+0,+0.0411,+0,+0,+0,21:47:01 26.03.2020
9254,+25.5,+14.8,+21.4,+21.3,+21.3,+25.3,+24.7,+24.8,+24.7,+24.7,+27,ESTP,0,0,+0,+0,+0.0168,+0,+0.0411,+0,+0,+0,21:48:01 26.03.2020
9255,+25.5,+14.8,+21.4,+21.3,+21.4,+25.3,+24.7,+24.8,+24.7,+24.7,+26.8,ESTP,0,0,+0,+0,+0.0168,+0,+0.0411,+0,+0,+0,21:49:01 26.03.2020
9256,+25.5,+14.8,+21.4,+21.3,+21.3,+25.3,+24.7,+24.8,+24.7,+24.7,+26.7,ESTP,0,0,+0,+0,+0.0168,+0,+0.0411,+0,+0,+0,21:50:01 26.03.2020
9257,+25.5,+14.8,+21.4,+21.3,+21.4,+25.3,+24.7,+24.8,+24.7,+24.7,+26.8,ESTP,0,0,+0,+0,+0.0168,+0,+0.0411,+0,+0,+0,21:51:01 26.03.2020
9258,+25.5,+14.8,+21.4,+21.3,+21.3,+25.3,+24.7,+24.8,+24.7,+24.7,+26.8,ESTP,0,0,+0,+0,+0.0168,+0,+0.0411,+0,+0,+0,21:52:01 26.03.2020
9259,+25.5,+14.8,+21.4,+21.3,+21.4,+25.3,+24.7,+24.8,+24.7,+24.7,+26.8,ESTP,0,0,+0,+0,+0.0168,+0,+0.0411,+0,+0,+0,21:53:01 26.03.2020
9260,+25.6,+14.8,+21.4,+21.3,+21.3,+25.3,+24.7,+24.8,+24.7,+24.7,+27,ESTP,0,0,+0,+0,+0.0168,+0,+0.0411,+0,+0,+0,21:54:01 26.03.2020
9261,+25.6,+14.8,+21.4,+21.3,+21.3,+25.3,+24.7,+24.8,+24.7,+24.7,+26.5,ESTP,0,0,+0,+0,+0.0168,+0,+0.0411,+0,+0,+0,21:55:01 26.03.2020
9262,+25.6,+14.8,+21.4,+21.3,+21.4,+25.3,+24.7,+24.8,+24.7,+24.7,+26.6,ESTP,0,0,+0,+0,+0.0168,+0,+0.0411,+0,+0,+0,21:56:01 26.03.2020
9263,+25.6,+14.8,+21.4,+21.3,+21.4,+25.3,+24.7,+24.8,+24.7,+24.7,+27,ESTP,0,0,+0,+0,+0.0168,+0,+0.0411,+0,+0,+0,21:57:01 26.03.2020
9264,+25.6,+14.8,+21.4,+21.3,+21.3,+25.3,+24.7,+24.8,+24.7,+24.7,+27,ESTP,0,0,+0,+0,+0.0168,+0,+0.0411,+0,+0,+0,21:58:01 26.03.2020
9265,+25.6,+14.8,+21.4,+21.3,+21.3,+25.3,+24.7,+24.8,+24.7,+24.7,+27,ESTP,0,0,+0,+0,+0.0168,+0,+0.0411,+0,+0,+0,21:59:01 26.03.2020
9266,+25.6,+14.8,+21.4,+21.3,+21.3,+25.3,+24.7,+24.8,+24.7,+24.7,+26.7,ESTP,0,0,+0,+0,+0.0168,+0,+0.0411,+0,+0,+0,22:00:01 26.03.2020
9267,+25.5,+14.8,+21.4,+21.3,+21.3,+25.3,+24.7,+24.8,+24.7,+24.7,+27,ESTP,0,0,+0,+0,+0.0168,+0,+0.0411,+0,+0,+0,22:01:01 26.03.2020
9268,+25.5,+14.8,+21.4,+21.3,+21.3,+25.3,+24.7,+24.8,+24.7,+24.7,+27,ESTP,0,0,+0,+0,+0.0168,+0,+0.0411,+0,+0,+0,22:02:01 26.03.2020
9269,+25.5,+14.8,+21.4,+21.3,+21.3,+25.3,+24.7,+24.8,+24.7,+24.7,+26.8,ESTP,0,0,+0,+0,+0.0168,+0,+0.0411,+0,+0,+0,22:03:01 26.03.2020
9270,+25.5,+14.8,+21.4,+21.3,+21.3,+25.3,+24.7,+24.8,+24.7,+24.7,+26.8,ESTP,0,0,+0,+0,+0.0168,+0,+0.0411,+0,+0,+0,22:04:01 26.03.2020
9271,+25.5,+14.8,+21.4,+21.3,+21.3,+25.3,+24.7,+24.8,+24.7,+24.7,+26.7,ESTP,0,0,+0,+0,+0.0168,+0,+0.0411,+0,+0,+0,22:05:01 26.03.2020
9272,+25.5,+14.8,+21.4,+21.3,+21.3,+25.3,+24.7,+24.8,+24.7,+24.7,+27,ESTP,0,0,+0,+0,+0.0168,+0,+0.0411,+0,+0,+0,22:06:01 26.03.2020
9273,+25.5,+14.8,+21.4,+21.3,+21.3,+25.3,+24.7,+24.8,+24.7,+24.7,+27,ESTP,0,0,+0,+0,+0.0168,+0,+0.0411,+0,+0,+0,22:07:01 26.03.2020
9274,+25.6,+14.8,+21.4,+21.3,+21.3,+25.3,+24.7,+24.8,+24.7,+24.7,+27,ESTP,0,0,+0,+0,+0.0168,+0,+0.0411,+0,+0,+0,22:08:01 26.03.2020
9275,+25.6,+14.8,+21.4,+21.3,+21.3,+25.3,+24.7,+24.8,+24.7,+24.7,+26.7,ESTP,0,0,+0,+0,+0.0168,+0,+0.0411,+0,+0,+0,22:09:01 26.03.2020
9276,+25.6,+14.8,+21.4,+21.3,+21.3,+25.3,+24.7,+24.8,+24.7,+24.7,+26.8,ESTP,0,0,+0,+0,+0.0168,+0,+0.0411,+0,+0,+0,22:10:01 26.03.2020
9277,+25.6,+14.8,+21.4,+21.3,+21.3,+25.3,+24.7,+24.8,+24.7,+24.7,+26.7,ESTP,0,0,+0,+0,+0.0168,+0,+0.0411,+0,+0,+0,22:11:01 26.03.2020
9278,+25.6,+14.8,+21.4,+21.3,+21.3,+25.4,+24.7,+24.8,+24.7,+24.7,+27,ESTP,0,0,+0,+0,+0.0168,+0,+0.0411,+0,+0,+0,22:12:01 26.03.2020
9279,+25.6,+14.8,+21.4,+21.3,+21.3,+25.4,+24.7,+24.8,+24.7,+24.7,+26.8,ESTP,0,0,+0,+0,+0.0168,+0,+0.0411,+0,+0,+0,22:13:01 26.03.2020
9280,+25.6,+14.8,+21.4,+21.3,+21.3,+25.4,+24.7,+24.8,+24.7,+24.7,+26.8,ESTP,0,0,+0,+0,+0.0168,+0,+0.0411,+0,+0,+0,22:14:01 26.03.2020
9281,+25.6,+14.8,+21.4,+21.3,+21.3,+25.3,+24.7,+24.8,+24.7,+24.7,+27,ESTP,0,0,+0,+0,+0.0168,+0,+0.0411,+0,+0,+0,22:15:01 26.03.2020
9282,+25.5,+14.8,+21.4,+21.3,+21.3,+25.3,+24.7,+24.8,+24.7,+24.7,+27,ESTP,0,0,+0,+0,+0.0168,+0,+0.0411,+0,+0,+0,22:16:01 26.03.2020
9283,+25.5,+14.8,+21.4,+21.3,+21.3,+25.3,+24.7,+24.8,+24.7,+24.7,+27,ESTP,0,0,+0,+0,+0.0168,+0,+0.0411,+0,+0,+0,22:17:01 26.03.2020
9284,+25.5,+14.8,+21.4,+21.3,+21.3,+25.3,+24.7,+24.8,+24.7,+24.7,+27,ESTP,0,0,+0,+0,+0.0168,+0,+0.0411,+0,+0,+0,22:18:01 26.03.2020
9285,+25.5,+14.8,+21.4,+21.3,+21.3,+25.3,+24.7,+24.8,+24.7,+24.7,+27,ESTP,0,0,+0,+0,+0.0168,+0,+0.0411,+0,+0,+0,22:19:01 26.03.2020
9286,+25.5,+14.8,+21.4,+21.3,+21.3,+25.3,+24.7,+24.8,+24.7,+24.7,+27,ESTP,0,0,+0,+0,+0.0168,+0,+0.0411,+0,+0,+0,22:20:01 26.03.2020
9287,+25.5,+14.8,+21.4,+21.2,+21.3,+25.3,+24.7,+24.8,+24.7,+24.7,+27,ESTP,0,0,+0,+0,+0.0168,+0,+0.0411,+0,+0,+0,22:21:01 26.03.2020
9288,+25.5,+14.8,+21.4,+21.2,+21.3,+25.3,+24.7,+24.8,+24.7,+24.7,+26.8,ESTP,0,0,+0,+0,+0.0168,+0,+0.0411,+0,+0,+0,22:22:01 26.03.2020
9289,+25.6,+14.8,+21.4,+21.3,+21.3,+25.3,+24.7,+24.8,+24.7,+24.7,+27,ESTP,0,0,+0,+0,+0.0168,+0,+0.0411,+0,+0,+0,22:23:01 26.03.2020
9290,+25.6,+14.8,+21.4,+21.2,+21.3,+25.3,+24.7,+24.8,+24.7,+24.7,+27,ESTP,0,0,+0,+0,+0.0168,+0,+0.0411,+0,+0,+0,22:24:01 26.03.2020
9291,+25.6,+14.8,+21.4,+21.3,+21.3,+25.3,+24.7,+24.8,+24.7,+24.7,+27,ESTP,0,0,+0,+0,+0.0168,+0,+0.0411,+0,+0,+0,22:25:01 26.03.2020
9292,+25.6,+14.8,+21.4,+21.3,+21.3,+25.3,+24.7,+24.8,+24.7,+24.7,+26.8,ESTP,0,0,+0,+0,+0.0168,+0,+0.0411,+0,+0,+0,22:26:01 26.03.2020
9293,+25.6,+14.8,+21.4,+21.2,+21.3,+25.4,+24.7,+24.8,+24.7,+24.7,+26.7,ESTP,0,0,+0,+0,+0.0168,+0,+0.0411,+0,+0,+0,22:27:01 26.03.2020
9294,+25.6,+14.8,+21.4,+21.2,+21.3,+25.4,+24.7,+24.8,+24.7,+24.7,+27,ESTP,0,0,+0,+0,+0.0168,+0,+0.0411,+0,+0,+0,22:28:01 26.03.2020
9295,+25.6,+14.8,+21.4,+21.2,+21.3,+25.4,+24.7,+24.8,+24.7,+24.7,+27,ESTP,0,0,+0,+0,+0.0168,+0,+0.0411,+0,+0,+0,22:29:01 26.03.2020
9296,+25.6,+14.8,+21.4,+21.2,+21.3,+25.3,+24.7,+24.8,+24.7,+24.7,+27,ESTP,0,0,+0,+0,+0.0168,+0,+0.0411,+0,+0,+0,22:30:01 26.03.2020
9297,+25.5,+14.8,+21.4,+21.2,+21.3,+25.3,+24.7,+24.8,+24.7,+24.7,+27,ESTP,0,0,+0,+0,+0.0168,+0,+0.0411,+0,+0,+0,22:31:01 26.03.2020
9298,+25.5,+14.8,+21.4,+21.2,+21.3,+25.3,+24.7,+24.8,+24.7,+24.7,+26.8,ESTP,0,0,+0,+0,+0.0168,+0,+0.0411,+0,+0,+0,22:32:01 26.03.2020
9299,+25.5,+14.8,+21.4,+21.2,+21.3,+25.3,+24.7,+24.8,+24.7,+24.7,+27,ESTP,0,0,+0,+0,+0.0168,+0,+0.0411,+0,+0,+0,22:33:01 26.03.2020
9300,+25.5,+14.8,+21.4,+21.2,+21.3,+25.3,+24.7,+24.8,+24.7,+24.7,+27,ESTP,0,0,+0,+0,+0.0168,+0,+0.0411,+0,+0,+0,22:34:01 26.03.2020
9301,+25.5,+14.8,+21.4,+21.2,+21.3,+25.3,+24.7,+24.8,+24.7,+24.7,+27,ESTP,0,0,+0,+0,+0.0168,+0,+0.0411,+0,+0,+0,22:35:01 26.03.2020
9302,+25.5,+14.8,+21.4,+21.2,+21.3,+25.3,+24.7,+24.8,+24.7,+24.7,+26.7,ESTP,0,0,+0,+0,+0.0168,+0,+0.0411,+0,+0,+0,22:36:01 26.03.2020
9303,+25.5,+14.8,+21.4,+21.2,+21.3,+25.3,+24.7,+24.8,+24.7,+24.7,+27,ESTP,0,0,+0,+0,+0.0168,+0,+0.0411,+0,+0,+0,22:37:01 26.03.2020
9304,+25.6,+14.8,+21.4,+21.2,+21.3,+25.3,+24.7,+24.8,+24.7,+24.7,+27,ESTP,0,0,+0,+0,+0.0168,+0,+0.0411,+0,+0,+0,22:38:01 26.03.2020
9305,+25.6,+14.8,+21.4,+21.2,+21.3,+25.3,+24.7,+24.8,+24.7,+24.7,+26.8,ESTP,0,0,+0,+0,+0.0168,+0,+0.0411,+0,+0,+0,22:39:01 26.03.2020
9306,+25.6,+14.8,+21.4,+21.2,+21.3,+25.3,+24.7,+24.8,+24.7,+24.7,+26.8,ESTP,0,0,+0,+0,+0.0168,+0,+0.0411,+0,+0,+0,22:40:01 26.03.2020
9307,+25.6,+14.8,+21.4,+21.2,+21.3,+25.3,+24.7,+24.8,+24.7,+24.7,+26.7,ESTP,0,0,+0,+0,+0.0168,+0,+0.0411,+0,+0,+0,22:41:01 26.03.2020
9308,+25.6,+14.8,+21.4,+21.2,+21.3,+25.3,+24.7,+24.8,+24.7,+24.7,+27,ESTP,0,0,+0,+0,+0.0168,+0,+0.0411,+0,+0,+0,22:42:01 26.03.2020
9309,+25.6,+14.8,+21.4,+21.2,+21.3,+25.4,+24.7,+24.8,+24.7,+24.7,+26.8,ESTP,0,0,+0,+0,+0.0168,+0,+0.0412,+0,+0,+0,22:43:01 26.03.2020
9310,+25.6,+14.8,+21.4,+21.2,+21.3,+25.4,+24.7,+24.8,+24.7,+24.7,+26.7,ESTP,0,0,+0,+0,+0.0168,+0,+0.0412,+0,+0,+0,22:44:01 26.03.2020
9311,+25.6,+14.8,+21.4,+21.2,+21.3,+25.4,+24.7,+24.8,+24.7,+24.7,+27,ESTP,0,0,+0,+0,+0.0168,+0,+0.0411,+0,+0,+0,22:45:01 26.03.2020
9312,+25.6,+14.8,+21.4,+21.2,+21.3,+25.4,+24.7,+24.8,+24.7,+24.7,+26.8,ESTP,0,0,+0,+0,+0.0168,+0,+0.0412,+0,+0,+0,22:46:01 26.03.2020
9313,+25.6,+14.8,+21.4,+21.2,+21.3,+25.4,+24.7,+24.8,+24.7,+24.7,+27,ESTP,0,0,+0,+0,+0.0168,+0,+0.0412,+0,+0,+0,22:47:01 26.03.2020
9314,+25.5,+14.8,+21.4,+21.2,+21.3,+25.4,+24.7,+24.8,+24.7,+24.7,+27,ESTP,0,0,+0,+0,+0.0168,+0,+0.0411,+0,+0,+0,22:48:01 26.03.2020
9315,+25.5,+14.8,+21.4,+21.2,+21.3,+25.3,+24.7,+24.8,+24.7,+24.7,+27,ESTP,0,0,+0,+0,+0.0168,+0,+0.0411,+0,+0,+0,22:49:01 26.03.2020
9316,+25.5,+14.8,+21.4,+21.2,+21.3,+25.3,+24.7,+24.8,+24.7,+24.7,+26.8,ESTP,0,0,+0,+0,+0.0168,+0,+0.0411,+0,+0,+0,22:50:01 26.03.2020
9317,+25.5,+14.8,+21.4,+21.2,+21.3,+25.3,+24.7,+24.8,+24.7,+24.7,+26.8,ESTP,0,0,+0,+0,+0.0168,+0,+0.0411,+0,+0,+0,22:51:01 26.03.2020
9318,+25.5,+14.8,+21.4,+21.2,+21.3,+25.3,+24.7,+24.8,+24.7,+24.7,+26.8,ESTP,0,0,+0,+0,+0.0168,+0,+0.0411,+0,+0,+0,22:52:01 26.03.2020
9319,+25.5,+14.8,+21.4,+21.2,+21.3,+25.3,+24.7,+24.8,+24.7,+24.7,+27,ESTP,0,0,+0,+0,+0.0168,+0,+0.0411,+0,+0,+0,22:53:01 26.03.2020
9320,+25.5,+14.8,+21.4,+21.2,+21.3,+25.3,+24.7,+24.8,+24.7,+24.7,+27,ESTP,0,0,+0,+0,+0.0168,+0,+0.0411,+0,+0,+0,22:54:01 26.03.2020
9321,+25.5,+14.8,+21.4,+21.2,+21.3,+25.3,+24.7,+24.8,+24.7,+24.7,+27,ESTP,0,0,+0,+0,+0.0168,+0,+0.0411,+0,+0,+0,22:55:01 26.03.2020
9322,+25.6,+14.8,+21.4,+21.2,+21.3,+25.3,+24.7,+24.8,+24.7,+24.7,+27,ESTP,0,0,+0,+0,+0.0168,+0,+0.0411,+0,+0,+0,22:56:01 26.03.2020
9323,+25.6,+14.8,+21.4,+21.2,+21.3,+25.3,+24.7,+24.8,+24.7,+24.7,+26.8,ESTP,0,0,+0,+0,+0.0168,+0,+0.0411,+0,+0,+0,22:57:01 26.03.2020
9324,+25.6,+14.7,+21.4,+21.2,+21.3,+25.3,+24.7,+24.8,+24.7,+24.7,+26.8,ESTP,0,0,+0,+0,+0.0168,+0,+0.0411,+0,+0,+0,22:58:01 26.03.2020
9325,+25.6,+14.8,+21.4,+21.2,+21.3,+25.4,+24.7,+24.8,+24.7,+24.7,+27,ESTP,0,0,+0,+0,+0.0168,+0,+0.0412,+0,+0,+0,22:59:01 26.03.2020
9326,+25.6,+14.8,+21.4,+21.2,+21.3,+25.4,+24.7,+24.8,+24.7,+24.7,+26.8,ESTP,0,0,+0,+0,+0.0168,+0,+0.0412,+0,+0,+0,23:00:01 26.03.2020
9327,+25.6,+14.7,+21.4,+21.2,+21.3,+25.4,+24.7,+24.8,+24.7,+24.7,+26.8,ESTP,0,0,+0,+0,+0.0168,+0,+0.0412,+0,+0,+0,23:01:01 26.03.2020
9328,+25.6,+14.7,+21.4,+21.2,+21.3,+25.4,+24.7,+24.8,+24.7,+24.7,+26.8,ESTP,0,0,+0,+0,+0.0168,+0,+0.0412,+0,+0,+0,23:02:01 26.03.2020
9329,+25.6,+14.7,+21.4,+21.2,+21.3,+25.4,+24.7,+24.8,+24.7,+24.7,+27,ESTP,0,0,+0,+0,+0.0168,+0,+0.0412,+0,+0,+0,23:03:01 26.03.2020
9330,+25.5,+14.7,+21.4,+21.2,+21.3,+25.3,+24.7,+24.8,+24.7,+24.7,+27,ESTP,0,0,+0,+0,+0.0168,+0,+0.0412,+0,+0,+0,23:04:01 26.03.2020
9331,+25.5,+14.7,+21.4,+21.2,+21.3,+25.3,+24.7,+24.8,+24.7,+24.7,+27,ESTP,0,0,+0,+0,+0.0168,+0,+0.0411,+0,+0,+0,23:05:01 26.03.2020
9332,+25.5,+14.7,+21.4,+21.2,+21.3,+25.3,+24.7,+24.8,+24.7,+24.7,+27,ESTP,0,0,+0,+0,+0.0168,+0,+0.0411,+0,+0,+0,23:06:01 26.03.2020
9333,+25.5,+14.7,+21.4,+21.2,+21.3,+25.3,+24.7,+24.8,+24.7,+24.7,+27,ESTP,0,0,+0,+0,+0.0168,+0,+0.0411,+0,+0,+0,23:07:01 26.03.2020
9334,+25.5,+14.7,+21.4,+21.2,+21.3,+25.3,+24.7,+24.8,+24.7,+24.7,+27,ESTP,0,0,+0,+0,+0.0168,+0,+0.0411,+0,+0,+0,23:08:01 26.03.2020
9335,+25.5,+14.7,+21.4,+21.2,+21.3,+25.3,+24.7,+24.8,+24.7,+24.7,+27,ESTP,0,0,+0,+0,+0.0168,+0,+0.0411,+0,+0,+0,23:09:01 26.03.2020
9336,+25.5,+14.7,+21.4,+21.2,+21.3,+25.3,+24.7,+24.8,+24.7,+24.7,+26.8,ESTP,0,0,+0,+0,+0.0168,+0,+0.0411,+0,+0,+0,23:10:01 26.03.2020
9337,+25.5,+14.7,+21.4,+21.2,+21.3,+25.3,+24.7,+24.8,+24.7,+24.7,+27,ESTP,0,0,+0,+0,+0.0168,+0,+0.0411,+0,+0,+0,23:11:01 26.03.2020
9338,+25.6,+14.7,+21.4,+21.2,+21.3,+25.3,+24.7,+24.8,+24.7,+24.7,+26.8,ESTP,0,0,+0,+0,+0.0168,+0,+0.0411,+0,+0,+0,23:12:01 26.03.2020
9339,+25.6,+14.7,+21.4,+21.2,+21.3,+25.3,+24.7,+24.8,+24.7,+24.7,+27,ESTP,0,0,+0,+0,+0.0168,+0,+0.0411,+0,+0,+0,23:13:01 26.03.2020
9340,+25.6,+14.7,+21.4,+21.2,+21.3,+25.3,+24.7,+24.8,+24.7,+24.7,+26.6,ESTP,0,0,+0,+0,+0.0168,+0,+0.0411,+0,+0,+0,23:14:01 26.03.2020
9341,+25.6,+14.7,+21.4,+21.2,+21.3,+25.4,+24.7,+24.8,+24.7,+24.7,+27,ESTP,0,0,+0,+0,+0.0168,+0,+0.0411,+0,+0,+0,23:15:01 26.03.2020
9342,+25.6,+14.7,+21.4,+21.2,+21.3,+25.4,+24.7,+24.8,+24.7,+24.7,+27,ESTP,0,0,+0,+0,+0.0168,+0,+0.0411,+0,+0,+0,23:16:01 26.03.2020
9343,+25.6,+14.7,+21.4,+21.2,+21.3,+25.4,+24.7,+24.8,+24.7,+24.7,+27,ESTP,0,0,+0,+0,+0.0168,+0,+0.0412,+0,+0,+0,23:17:01 26.03.2020
9344,+25.6,+14.7,+21.4,+21.2,+21.3,+25.3,+24.7,+24.8,+24.7,+24.7,+26.8,ESTP,0,0,+0,+0,+0.0168,+0,+0.0412,+0,+0,+0,23:18:01 26.03.2020
9345,+25.5,+14.7,+21.4,+21.2,+21.3,+25.4,+24.7,+24.8,+24.7,+24.7,+27,ESTP,0,0,+0,+0,+0.0168,+0,+0.0412,+0,+0,+0,23:19:01 26.03.2020
9346,+25.5,+14.7,+21.4,+21.2,+21.3,+25.3,+24.7,+24.8,+24.7,+24.7,+27,ESTP,0,0,+0,+0,+0.0168,+0,+0.0411,+0,+0,+0,23:20:01 26.03.2020
9347,+25.5,+14.7,+21.4,+21.2,+21.3,+25.3,+24.7,+24.8,+24.7,+24.7,+27,ESTP,0,0,+0,+0,+0.0168,+0,+0.0411,+0,+0,+0,23:21:01 26.03.2020
9348,+25.5,+14.7,+21.4,+21.2,+21.3,+25.3,+24.7,+24.8,+24.7,+24.7,+27,ESTP,0,0,+0,+0,+0.0168,+0,+0.0411,+0,+0,+0,23:22:01 26.03.2020
9349,+25.5,+14.7,+21.4,+21.2,+21.3,+25.3,+24.7,+24.8,+24.7,+24.7,+27,ESTP,0,0,+0,+0,+0.0168,+0,+0.0411,+0,+0,+0,23:23:01 26.03.2020
9350,+25.5,+14.7,+21.4,+21.2,+21.3,+25.3,+24.7,+24.8,+24.7,+24.7,+27,ESTP,0,0,+0,+0,+0.0168,+0,+0.0411,+0,+0,+0,23:24:01 26.03.2020
9351,+25.5,+14.7,+21.4,+21.2,+21.3,+25.3,+24.7,+24.8,+24.7,+24.7,+26.8,ESTP,0,0,+0,+0,+0.0168,+0,+0.0411,+0,+0,+0,23:25:01 26.03.2020
9352,+25.5,+14.7,+21.4,+21.2,+21.3,+25.3,+24.7,+24.8,+24.7,+24.7,+27,ESTP,0,0,+0,+0,+0.0168,+0,+0.0411,+0,+0,+0,23:26:01 26.03.2020
9353,+25.5,+14.7,+21.4,+21.2,+21.3,+25.3,+24.7,+24.8,+24.7,+24.7,+27,ESTP,0,0,+0,+0,+0.0168,+0,+0.0411,+0,+0,+0,23:27:01 26.03.2020
9354,+25.6,+14.7,+21.4,+21.2,+21.3,+25.3,+24.7,+24.8,+24.7,+24.7,+27,ESTP,0,0,+0,+0,+0.0168,+0,+0.0411,+0,+0,+0,23:28:01 26.03.2020
9355,+25.6,+14.7,+21.4,+21.2,+21.3,+25.3,+24.7,+24.8,+24.7,+24.7,+27,ESTP,0,0,+0,+0,+0.0168,+0,+0.0411,+0,+0,+0,23:29:01 26.03.2020
9356,+25.6,+14.7,+21.4,+21.2,+21.3,+25.3,+24.7,+24.8,+24.7,+24.7,+26.8,ESTP,0,0,+0,+0,+0.0168,+0,+0.0411,+0,+0,+0,23:30:01 26.03.2020
9357,+25.6,+14.7,+21.4,+21.2,+21.3,+25.4,+24.7,+24.8,+24.7,+24.7,+26.7,ESTP,0,0,+0,+0,+0.0168,+0,+0.0412,+0,+0,+0,23:31:01 26.03.2020
9358,+25.6,+14.7,+21.4,+21.2,+21.3,+25.4,+24.7,+24.8,+24.7,+24.7,+26.8,ESTP,0,0,+0,+0,+0.0168,+0,+0.0412,+0,+0,+0,23:32:01 26.03.2020
9359,+25.6,+14.7,+21.4,+21.2,+21.3,+25.4,+24.7,+24.8,+24.7,+24.7,+26.8,ESTP,0,0,+0,+0,+0.0168,+0,+0.0412,+0,+0,+0,23:33:01 26.03.2020
9360,+25.6,+14.7,+21.4,+21.2,+21.3,+25.4,+24.7,+24.8,+24.7,+24.7,+27,ESTP,0,0,+0,+0,+0.0168,+0,+0.0412,+0,+0,+0,23:34:01 26.03.2020
9361,+25.5,+14.7,+21.4,+21.2,+21.3,+25.3,+24.7,+24.8,+24.7,+24.7,+27,ESTP,0,0,+0,+0,+0.0168,+0,+0.0412,+0,+0,+0,23:35:01 26.03.2020
9362,+25.5,+14.7,+21.4,+21.2,+21.3,+25.3,+24.7,+24.8,+24.7,+24.7,+27,ESTP,0,0,+0,+0,+0.0168,+0,+0.0411,+0,+0,+0,23:36:01 26.03.2020
9363,+25.5,+14.7,+21.4,+21.2,+21.3,+25.3,+24.7,+24.8,+24.7,+24.7,+27,ESTP,0,0,+0,+0,+0.0168,+0,+0.0411,+0,+0,+0,23:37:01 26.03.2020
9364,+25.5,+14.7,+21.4,+21.2,+21.3,+25.3,+24.7,+24.8,+24.7,+24.7,+27,ESTP,0,0,+0,+0,+0.0168,+0,+0.0411,+0,+0,+0,23:38:01 26.03.2020
9365,+25.5,+14.7,+21.4,+21.2,+21.3,+25.3,+24.7,+24.8,+24.7,+24.7,+27,ESTP,0,0,+0,+0,+0.0168,+0,+0.0411,+0,+0,+0,23:39:01 26.03.2020
9366,+25.5,+14.7,+21.4,+21.2,+21.3,+25.3,+24.7,+24.8,+24.7,+24.7,+27,ESTP,0,0,+0,+0,+0.0168,+0,+0.0411,+0,+0,+0,23:40:01 26.03.2020
9367,+25.5,+14.7,+21.4,+21.2,+21.3,+25.3,+24.7,+24.8,+24.7,+24.7,+26.8,ESTP,0,0,+0,+0,+0.0168,+0,+0.0411,+0,+0,+0,23:41:01 26.03.2020
9368,+25.6,+14.7,+21.4,+21.2,+21.3,+25.3,+24.7,+24.8,+24.7,+24.7,+27,ESTP,0,0,+0,+0,+0.0168,+0,+0.0411,+0,+0,+0,23:42:01 26.03.2020
9369,+25.6,+14.7,+21.4,+21.2,+21.3,+25.3,+24.7,+24.8,+24.7,+24.7,+27,ESTP,0,0,+0,+0,+0.0168,+0,+0.0411,+0,+0,+0,23:43:01 26.03.2020
9370,+25.6,+14.7,+21.4,+21.2,+21.3,+25.3,+24.7,+24.8,+24.7,+24.7,+27,ESTP,0,0,+0,+0,+0.0168,+0,+0.0411,+0,+0,+0,23:44:01 26.03.2020
9371,+25.6,+14.7,+21.4,+21.2,+21.3,+25.4,+24.7,+24.8,+24.7,+24.7,+27,ESTP,0,0,+0,+0,+0.0168,+0,+0.0412,+0,+0,+0,23:45:01 26.03.2020
9372,+25.6,+14.7,+21.4,+21.2,+21.3,+25.4,+24.7,+24.8,+24.7,+24.7,+26.7,ESTP,0,0,+0,+0,+0.0168,+0,+0.0412,+0,+0,+0,23:46:01 26.03.2020
9373,+25.6,+14.7,+21.4,+21.2,+21.3,+25.4,+24.7,+24.8,+24.7,+24.7,+27,ESTP,0,0,+0,+0,+0.0168,+0,+0.0412,+0,+0,+0,23:47:01 26.03.2020
9374,+25.6,+14.7,+21.4,+21.2,+21.3,+25.4,+24.7,+24.8,+24.7,+24.7,+27,ESTP,0,0,+0,+0,+0.0168,+0,+0.0412,+0,+0,+0,23:48:01 26.03.2020
9375,+25.6,+14.7,+21.4,+21.2,+21.3,+25.4,+24.7,+24.8,+24.7,+24.7,+26.8,ESTP,0,0,+0,+0,+0.0168,+0,+0.0412,+0,+0,+0,23:49:01 26.03.2020
9376,+25.5,+14.7,+21.4,+21.2,+21.3,+25.4,+24.7,+24.8,+24.7,+24.7,+27,ESTP,0,0,+0,+0,+0.0168,+0,+0.0411,+0,+0,+0,23:50:01 26.03.2020
9377,+25.5,+14.7,+21.4,+21.2,+21.3,+25.4,+24.7,+24.8,+24.7,+24.7,+26.8,ESTP,0,0,+0,+0,+0.0168,+0,+0.0412,+0,+0,+0,23:51:01 26.03.2020
9378,+25.5,+14.7,+21.4,+21.2,+21.3,+25.3,+24.7,+24.8,+24.7,+24.7,+27,ESTP,0,0,+0,+0,+0.0168,+0,+0.0411,+0,+0,+0,23:52:01 26.03.2020
9379,+25.5,+14.7,+21.4,+21.2,+21.3,+25.3,+24.7,+24.8,+24.7,+24.7,+27,ESTP,0,0,+0,+0,+0.0168,+0,+0.0411,+0,+0,+0,23:53:01 26.03.2020
9380,+25.5,+14.7,+21.4,+21.2,+21.3,+25.3,+24.7,+24.8,+24.7,+24.7,+27,ESTP,0,0,+0,+0,+0.0168,+0,+0.0411,+0,+0,+0,23:54:01 26.03.2020
9381,+25.5,+14.7,+21.4,+21.2,+21.3,+25.3,+24.7,+24.8,+24.7,+24.7,+26.8,ESTP,0,0,+0,+0,+0.0168,+0,+0.0411,+0,+0,+0,23:55:01 26.03.2020
9382,+25.6,+14.7,+21.4,+21.2,+21.3,+25.3,+24.7,+24.8,+24.7,+24.7,+26.8,ESTP,0,0,+0,+0,+0.0168,+0,+0.0411,+0,+0,+0,23:56:01 26.03.2020
9383,+25.6,+14.7,+21.4,+21.2,+21.3,+25.3,+24.7,+24.8,+24.7,+24.7,+27,ESTP,0,0,+0,+0,+0.0168,+0,+0.0411,+0,+0,+0,23:57:01 26.03.2020
9384,+25.6,+14.7,+21.4,+21.2,+21.3,+25.3,+24.7,+24.8,+24.7,+24.7,+27,ESTP,0,0,+0,+0,+0.0168,+0,+0.0411,+0,+0,+0,23:58:01 26.03.2020
9385,+25.6,+14.7,+21.4,+21.2,+21.3,+25.4,+24.7,+24.8,+24.7,+24.7,+27,ESTP,0,0,+0,+0,+0.0168,+0,+0.0412,+0,+0,+0,23:59:01 26.03.2020
9386,+25.6,+14.7,+21.4,+21.2,+21.3,+25.4,+24.7,+24.8,+24.7,+24.7,+27,ESTP,0,0,+0,+0,+0.0168,+0,+0.0412,+0,+0,+0,00:00:01 27.03.2020
9387,+25.6,+14.7,+21.4,+21.2,+21.3,+25.4,+24.7,+24.8,+24.7,+24.7,+27,ESTP,0,0,+0,+0,+0.0168,+0,+0.0412,+0,+0,+0,00:01:01 27.03.2020
9388,+25.6,+14.7,+21.4,+21.2,+21.3,+25.4,+24.7,+24.8,+24.7,+24.7,+27,ESTP,0,0,+0,+0,+0.0168,+0,+0.0412,+0,+0,+0,00:02:01 27.03.2020
9389,+25.6,+14.7,+21.4,+21.2,+21.3,+25.4,+24.7,+24.8,+24.7,+24.7,+27,ESTP,0,0,+0,+0,+0.0168,+0,+0.0412,+0,+0,+0,00:03:01 27.03.2020
9390,+25.5,+14.7,+21.4,+21.2,+21.3,+25.4,+24.7,+24.8,+24.7,+24.7,+27,ESTP,0,0,+0,+0,+0.0168,+0,+0.0412,+0,+0,+0,00:04:01 27.03.2020
9391,+25.5,+14.7,+21.4,+21.2,+21.3,+25.4,+24.7,+24.8,+24.7,+24.7,+27,ESTP,0,0,+0,+0,+0.0168,+0,+0.0412,+0,+0,+0,00:05:01 27.03.2020
9392,+25.5,+14.7,+21.4,+21.2,+21.3,+25.3,+24.7,+24.8,+24.7,+24.7,+27,ESTP,0,0,+0,+0,+0.0168,+0,+0.0411,+0,+0,+0,00:06:01 27.03.2020
9393,+25.5,+14.7,+21.4,+21.2,+21.3,+25.3,+24.7,+24.8,+24.7,+24.7,+27,ESTP,0,0,+0,+0,+0.0168,+0,+0.0411,+0,+0,+0,00:07:01 27.03.2020
9394,+25.5,+14.7,+21.4,+21.2,+21.3,+25.3,+24.7,+24.8,+24.7,+24.7,+26.8,ESTP,0,0,+0,+0,+0.0168,+0,+0.0411,+0,+0,+0,00:08:01 27.03.2020
9395,+25.5,+14.7,+21.4,+21.2,+21.3,+25.3,+24.7,+24.8,+24.7,+24.7,+27,ESTP,0,0,+0,+0,+0.0168,+0,+0.0411,+0,+0,+0,00:09:01 27.03.2020
9396,+25.6,+14.7,+21.4,+21.2,+21.3,+25.3,+24.7,+24.8,+24.7,+24.7,+27,ESTP,0,0,+0,+0,+0.0168,+0,+0.0411,+0,+0,+0,00:10:01 27.03.2020
9397,+25.6,+14.7,+21.4,+21.2,+21.3,+25.3,+24.7,+24.8,+24.7,+24.7,+26.8,ESTP,0,0,+0,+0,+0.0168,+0,+0.0411,+0,+0,+0,00:11:01 27.03.2020
9398,+25.6,+14.7,+21.4,+21.2,+21.3,+25.3,+24.7,+24.8,+24.7,+24.7,+27,ESTP,0,0,+0,+0,+0.0168,+0,+0.0412,+0,+0,+0,00:12:01 27.03.2020
9399,+25.6,+14.7,+21.4,+21.2,+21.3,+25.4,+24.7,+24.8,+24.7,+24.7,+27,ESTP,0,0,+0,+0,+0.0168,+0,+0.0412,+0,+0,+0,00:13:01 27.03.2020
9400,+25.6,+14.7,+21.4,+21.2,+21.3,+25.4,+24.7,+24.8,+24.7,+24.7,+27,ESTP,0,0,+0,+0,+0.0168,+0,+0.0412,+0,+0,+0,00:14:01 27.03.2020
9401,+25.6,+14.7,+21.4,+21.2,+21.3,+25.4,+24.7,+24.8,+24.7,+24.7,+27,ESTP,0,0,+0,+0,+0.0168,+0,+0.0412,+0,+0,+0,00:15:01 27.03.2020
9402,+25.6,+14.7,+21.4,+21.2,+21.3,+25.4,+24.7,+24.8,+24.7,+24.7,+27,ESTP,0,0,+0,+0,+0.0168,+0,+0.0412,+0,+0,+0,00:16:01 27.03.2020
9403,+25.6,+14.7,+21.4,+21.2,+21.3,+25.4,+24.7,+24.8,+24.7,+24.8,+27,ESTP,0,0,+0,+0,+0.0168,+0,+0.0412,+0,+0,+0,00:17:01 27.03.2020
9404,+25.6,+14.7,+21.4,+21.2,+21.3,+25.4,+24.7,+24.8,+24.7,+24.7,+27,ESTP,0,0,+0,+0,+0.0168,+0,+0.0412,+0,+0,+0,00:18:01 27.03.2020
9405,+25.6,+14.7,+21.4,+21.2,+21.3,+25.4,+24.7,+24.8,+24.7,+24.8,+27,ESTP,0,0,+0,+0,+0.0168,+0,+0.0412,+0,+0,+0,00:19:01 27.03.2020
9406,+25.5,+14.7,+21.4,+21.2,+21.3,+25.4,+24.7,+24.8,+24.7,+24.7,+27,ESTP,0,0,+0,+0,+0.0168,+0,+0.0412,+0,+0,+0,00:20:01 27.03.2020
9407,+25.5,+14.7,+21.4,+21.2,+21.3,+25.4,+24.7,+24.8,+24.7,+24.8,+27,ESTP,0,0,+0,+0,+0.0168,+0,+0.0412,+0,+0,+0,00:21:01 27.03.2020
9408,+25.5,+14.7,+21.4,+21.2,+21.3,+25.3,+24.7,+24.8,+24.8,+24.8,+27,ESTP,0,0,+0,+0,+0.0169,+0,+0.0412,+0,+0,+0,00:22:01 27.03.2020
9409,+25.5,+14.7,+21.4,+21.2,+21.3,+25.3,+24.7,+24.8,+24.7,+24.7,+27,ESTP,0,0,+0,+0,+0.0168,+0,+0.0411,+0,+0,+0,00:23:01 27.03.2020
9410,+25.5,+14.7,+21.4,+21.2,+21.3,+25.3,+24.7,+24.8,+24.7,+24.7,+26.8,ESTP,0,0,+0,+0,+0.0168,+0,+0.0412,+0,+0,+0,00:24:01 27.03.2020
9411,+25.6,+14.7,+21.4,+21.2,+21.3,+25.3,+24.7,+24.8,+24.7,+24.7,+27,ESTP,0,0,+0,+0,+0.0168,+0,+0.0411,+0,+0,+0,00:25:01 27.03.2020
9412,+25.6,+14.7,+21.4,+21.2,+21.3,+25.3,+24.7,+24.8,+24.7,+24.8,+27,ESTP,0,0,+0,+0,+0.0168,+0,+0.0412,+0,+0,+0,00:26:01 27.03.2020
9413,+25.6,+14.7,+21.4,+21.2,+21.3,+25.3,+24.7,+24.8,+24.7,+24.7,+27,ESTP,0,0,+0,+0,+0.0168,+0,+0.0412,+0,+0,+0,00:27:01 27.03.2020
9414,+25.6,+14.7,+21.4,+21.2,+21.3,+25.4,+24.7,+24.8,+24.7,+24.7,+27,ESTP,0,0,+0,+0,+0.0168,+0,+0.0412,+0,+0,+0,00:28:01 27.03.2020
9415,+25.6,+14.7,+21.4,+21.2,+21.3,+25.4,+24.7,+24.8,+24.8,+24.7,+27,ESTP,0,0,+0,+0,+0.0169,+0,+0.0412,+0,+0,+0,00:29:01 27.03.2020
9416,+25.6,+14.7,+21.4,+21.2,+21.3,+25.4,+24.7,+24.8,+24.7,+24.7,+27,ESTP,0,0,+0,+0,+0.0168,+0,+0.0412,+0,+0,+0,00:30:01 27.03.2020
9417,+25.6,+14.7,+21.4,+21.2,+21.3,+25.4,+24.7,+24.8,+24.7,+24.7,+27,ESTP,0,0,+0,+0,+0.0168,+0,+0.0412,+0,+0,+0,00:31:01 27.03.2020
9418,+25.6,+14.7,+21.4,+21.2,+21.3,+25.4,+24.7,+24.8,+24.8,+24.7,+26.8,ESTP,0,0,+0,+0,+0.0169,+0,+0.0412,+0,+0,+0,00:32:01 27.03.2020
9419,+25.6,+14.7,+21.4,+21.2,+21.3,+25.4,+24.7,+24.8,+24.8,+24.7,+27,ESTP,0,0,+0,+0,+0.0168,+0,+0.0412,+0,+0,+0,00:33:01 27.03.2020
9420,+25.5,+14.7,+21.4,+21.2,+21.3,+25.4,+24.7,+24.8,+24.7,+24.7,+27,ESTP,0,0,+0,+0,+0.0168,+0,+0.0412,+0,+0,+0,00:34:01 27.03.2020
9421,+25.5,+14.7,+21.4,+21.2,+21.3,+25.4,+24.7,+24.8,+24.7,+24.8,+26.8,ESTP,0,0,+0,+0,+0.0168,+0,+0.0412,+0,+0,+0,00:35:01 27.03.2020
9422,+25.5,+14.7,+21.4,+21.2,+21.3,+25.3,+24.7,+24.8,+24.7,+24.8,+27,ESTP,0,0,+0,+0,+0.0168,+0,+0.0412,+0,+0,+0,00:36:01 27.03.2020
9423,+25.5,+14.7,+21.4,+21.2,+21.3,+25.3,+24.7,+24.8,+24.7,+24.7,+26.8,ESTP,0,0,+0,+0,+0.0168,+0,+0.0411,+0,+0,+0,00:37:01 27.03.2020
9424,+25.5,+14.7,+21.4,+21.2,+21.3,+25.3,+24.7,+24.8,+24.7,+24.7,+27,ESTP,0,0,+0,+0,+0.0168,+0,+0.0411,+0,+0,+0,00:38:01 27.03.2020
9425,+25.5,+14.7,+21.4,+21.2,+21.3,+25.3,+24.7,+24.8,+24.7,+24.8,+27,ESTP,0,0,+0,+0,+0.0168,+0,+0.0411,+0,+0,+0,00:39:01 27.03.2020
9426,+25.6,+14.7,+21.4,+21.2,+21.3,+25.3,+24.7,+24.8,+24.7,+24.7,+27,ESTP,0,0,+0,+0,+0.0168,+0,+0.0411,+0,+0,+0,00:40:01 27.03.2020
9427,+25.6,+14.7,+21.4,+21.2,+21.3,+25.3,+24.7,+24.8,+24.7,+24.7,+27,ESTP,0,0,+0,+0,+0.0168,+0,+0.0411,+0,+0,+0,00:41:01 27.03.2020
9428,+25.6,+14.7,+21.4,+21.2,+21.3,+25.3,+24.7,+24.8,+24.7,+24.7,+27,ESTP,0,0,+0,+0,+0.0168,+0,+0.0412,+0,+0,+0,00:42:01 27.03.2020
9429,+25.6,+14.7,+21.4,+21.2,+21.3,+25.4,+24.7,+24.8,+24.7,+24.7,+27,ESTP,0,0,+0,+0,+0.0168,+0,+0.0412,+0,+0,+0,00:43:01 27.03.2020
9430,+25.6,+14.7,+21.4,+21.2,+21.3,+25.4,+24.7,+24.8,+24.7,+24.7,+27,ESTP,0,0,+0,+0,+0.0168,+0,+0.0412,+0,+0,+0,00:44:01 27.03.2020
9431,+25.6,+14.7,+21.4,+21.2,+21.3,+25.4,+24.7,+24.8,+24.7,+24.7,+27,ESTP,0,0,+0,+0,+0.0168,+0,+0.0412,+0,+0,+0,00:45:01 27.03.2020
9432,+25.6,+14.7,+21.4,+21.2,+21.3,+25.4,+24.7,+24.8,+24.7,+24.7,+27,ESTP,0,0,+0,+0,+0.0168,+0,+0.0412,+0,+0,+0,00:46:01 27.03.2020
9433,+25.6,+14.7,+21.4,+21.2,+21.3,+25.4,+24.7,+24.8,+24.8,+24.7,+27,ESTP,0,0,+0,+0,+0.0169,+0,+0.0412,+0,+0,+0,00:47:01 27.03.2020
9434,+25.6,+14.7,+21.4,+21.2,+21.3,+25.4,+24.7,+24.8,+24.7,+24.7,+26.8,ESTP,0,0,+0,+0,+0.0168,+0,+0.0412,+0,+0,+0,00:48:01 27.03.2020
9435,+25.5,+14.7,+21.4,+21.2,+21.3,+25.4,+24.7,+24.8,+24.7,+24.8,+27,ESTP,0,0,+0,+0,+0.0168,+0,+0.0412,+0,+0,+0,00:49:01 27.03.2020
9436,+25.5,+14.7,+21.4,+21.2,+21.3,+25.4,+24.7,+24.8,+24.7,+24.7,+27,ESTP,0,0,+0,+0,+0.0168,+0,+0.0412,+0,+0,+0,00:50:01 27.03.2020
9437,+25.5,+14.7,+21.4,+21.2,+21.3,+25.3,+24.7,+24.8,+24.7,+24.7,+26.8,ESTP,0,0,+0,+0,+0.0168,+0,+0.0411,+0,+0,+0,00:51:01 27.03.2020
9438,+25.5,+14.7,+21.4,+21.2,+21.3,+25.3,+24.7,+24.8,+24.7,+24.7,+27,ESTP,0,0,+0,+0,+0.0168,+0,+0.0411,+0,+0,+0,00:52:01 27.03.2020
9439,+25.5,+14.7,+21.4,+21.2,+21.3,+25.3,+24.7,+24.8,+24.7,+24.7,+27,ESTP,0,0,+0,+0,+0.0168,+0,+0.0411,+0,+0,+0,00:53:01 27.03.2020
9440,+25.6,+14.7,+21.4,+21.2,+21.3,+25.3,+24.7,+24.8,+24.7,+24.7,+27,ESTP,0,0,+0,+0,+0.0168,+0,+0.0411,+0,+0,+0,00:54:01 27.03.2020
9441,+25.6,+14.7,+21.4,+21.2,+21.3,+25.3,+24.7,+24.8,+24.7,+24.7,+27,ESTP,0,0,+0,+0,+0.0168,+0,+0.0411,+0,+0,+0,00:55:01 27.03.2020
9442,+25.6,+14.7,+21.4,+21.2,+21.3,+25.3,+24.7,+24.8,+24.7,+24.7,+27,ESTP,0,0,+0,+0,+0.0168,+0,+0.0412,+0,+0,+0,00:56:01 27.03.2020
9443,+25.6,+14.7,+21.4,+21.2,+21.3,+25.4,+24.7,+24.8,+24.7,+24.7,+27,ESTP,0,0,+0,+0,+0.0168,+0,+0.0412,+0,+0,+0,00:57:01 27.03.2020
9444,+25.6,+14.7,+21.4,+21.2,+21.3,+25.4,+24.7,+24.8,+24.7,+24.7,+27,ESTP,0,0,+0,+0,+0.0168,+0,+0.0412,+0,+0,+0,00:58:01 27.03.2020
9445,+25.6,+14.7,+21.4,+21.2,+21.2,+25.4,+24.7,+24.8,+24.8,+24.7,+27,ESTP,0,0,+0,+0,+0.0169,+0,+0.0412,+0,+0,+0,00:59:01 27.03.2020
9446,+25.6,+14.7,+21.4,+21.2,+21.3,+25.4,+24.7,+24.8,+24.7,+24.7,+26.8,ESTP,0,0,+0,+0,+0.0168,+0,+0.0412,+0,+0,+0,01:00:01 27.03.2020
9447,+25.6,+14.7,+21.4,+21.2,+21.3,+25.4,+24.7,+24.8,+24.7,+24.7,+27,ESTP,0,0,+0,+0,+0.0168,+0,+0.0412,+0,+0,+0,01:01:01 27.03.2020
9448,+25.6,+14.7,+21.4,+21.2,+21.3,+25.4,+24.7,+24.8,+24.8,+24.8,+27,ESTP,0,0,+0,+0,+0.0169,+0,+0.0412,+0,+0,+0,01:02:01 27.03.2020
9449,+25.5,+14.7,+21.4,+21.2,+21.2,+25.4,+24.7,+24.8,+24.7,+24.7,+27,ESTP,0,0,+0,+0,+0.0168,+0,+0.0412,+0,+0,+0,01:03:01 27.03.2020
9450,+25.5,+14.7,+21.4,+21.2,+21.3,+25.4,+24.7,+24.8,+24.7,+24.8,+27,ESTP,0,0,+0,+0,+0.0169,+0,+0.0412,+0,+0,+0,01:04:01 27.03.2020
9451,+25.5,+14.7,+21.4,+21.2,+21.3,+25.3,+24.7,+24.8,+24.7,+24.7,+27,ESTP,0,0,+0,+0,+0.0168,+0,+0.0412,+0,+0,+0,01:05:01 27.03.2020
9452,+25.5,+14.7,+21.4,+21.2,+21.3,+25.3,+24.7,+24.8,+24.7,+24.8,+27,ESTP,0,0,+0,+0,+0.0168,+0,+0.0411,+0,+0,+0,01:06:01 27.03.2020
9453,+25.5,+14.7,+21.4,+21.2,+21.3,+25.3,+24.7,+24.8,+24.7,+24.7,+27,ESTP,0,0,+0,+0,+0.0168,+0,+0.0411,+0,+0,+0,01:07:01 27.03.2020
9454,+25.5,+14.7,+21.4,+21.2,+21.2,+25.3,+24.7,+24.8,+24.7,+24.8,+27,ESTP,0,0,+0,+0,+0.0168,+0,+0.0411,+0,+0,+0,01:08:01 27.03.2020
9455,+25.5,+14.7,+21.4,+21.2,+21.3,+25.3,+24.7,+24.8,+24.7,+24.7,+27,ESTP,0,0,+0,+0,+0.0168,+0,+0.0411,+0,+0,+0,01:09:01 27.03.2020
9456,+25.6,+14.7,+21.4,+21.2,+21.2,+25.3,+24.7,+24.8,+24.7,+24.7,+27,ESTP,0,0,+0,+0,+0.0168,+0,+0.0411,+0,+0,+0,01:10:01 27.03.2020
9457,+25.6,+14.7,+21.4,+21.2,+21.2,+25.3,+24.7,+24.8,+24.7,+24.7,+27,ESTP,0,0,+0,+0,+0.0168,+0,+0.0411,+0,+0,+0,01:11:01 27.03.2020
9458,+25.6,+14.7,+21.4,+21.2,+21.2,+25.3,+24.7,+24.8,+24.7,+24.7,+27,ESTP,0,0,+0,+0,+0.0168,+0,+0.0412,+0,+0,+0,01:12:01 27.03.2020
9459,+25.6,+14.7,+21.4,+21.2,+21.3,+25.4,+24.7,+24.8,+24.7,+24.7,+27,ESTP,0,0,+0,+0,+0.0168,+0,+0.0412,+0,+0,+0,01:13:01 27.03.2020
9460,+25.6,+14.7,+21.4,+21.2,+21.2,+25.4,+24.7,+24.8,+24.7,+24.7,+27,ESTP,0,0,+0,+0,+0.0168,+0,+0.0412,+0,+0,+0,01:14:01 27.03.2020
9461,+25.6,+14.7,+21.4,+21.2,+21.2,+25.4,+24.7,+24.8,+24.7,+24.7,+26.8,ESTP,0,0,+0,+0,+0.0168,+0,+0.0412,+0,+0,+0,01:15:01 27.03.2020
9462,+25.6,+14.7,+21.4,+21.2,+21.2,+25.4,+24.7,+24.8,+24.7,+24.7,+27,ESTP,0,0,+0,+0,+0.0168,+0,+0.0412,+0,+0,+0,01:16:01 27.03.2020
9463,+25.6,+14.7,+21.4,+21.2,+21.2,+25.4,+24.7,+24.8,+24.7,+24.8,+27,ESTP,0,0,+0,+0,+0.0169,+0,+0.0412,+0,+0,+0,01:17:01 27.03.2020
9464,+25.6,+14.7,+21.4,+21.2,+21.2,+25.4,+24.7,+24.8,+24.7,+24.8,+27,ESTP,0,0,+0,+0,+0.0168,+0,+0.0412,+0,+0,+0,01:18:01 27.03.2020
9465,+25.5,+14.7,+21.4,+21.2,+21.2,+25.4,+24.7,+24.8,+24.8,+24.8,+27,ESTP,0,0,+0,+0,+0.0169,+0,+0.0412,+0,+0,+0,01:19:01 27.03.2020
9466,+25.5,+14.7,+21.4,+21.2,+21.2,+25.4,+24.7,+24.8,+24.7,+24.8,+27,ESTP,0,0,+0,+0,+0.0168,+0,+0.0412,+0,+0,+0,01:20:01 27.03.2020
9467,+25.5,+14.7,+21.4,+21.2,+21.2,+25.4,+24.7,+24.8,+24.8,+24.7,+26.8,ESTP,0,0,+0,+0,+0.0169,+0,+0.0412,+0,+0,+0,01:21:01 27.03.2020
9468,+25.5,+14.7,+21.4,+21.2,+21.2,+25.3,+24.7,+24.8,+24.7,+24.8,+26.8,ESTP,0,0,+0,+0,+0.0168,+0,+0.0412,+0,+0,+0,01:22:01 27.03.2020
9469,+25.5,+14.7,+21.4,+21.2,+21.2,+25.3,+24.7,+24.8,+24.7,+24.8,+27,ESTP,0,0,+0,+0,+0.0168,+0,+0.0411,+0,+0,+0,01:23:01 27.03.2020
9470,+25.5,+14.7,+21.4,+21.2,+21.2,+25.3,+24.7,+24.8,+24.7,+24.7,+27,ESTP,0,0,+0,+0,+0.0168,+0,+0.0412,+0,+0,+0,01:24:01 27.03.2020
9471,+25.6,+14.7,+21.4,+21.2,+21.2,+25.3,+24.7,+24.8,+24.7,+24.7,+27,ESTP,0,0,+0,+0,+0.0168,+0,+0.0412,+0,+0,+0,01:25:01 27.03.2020
9472,+25.6,+14.7,+21.4,+21.2,+21.2,+25.3,+24.7,+24.8,+24.7,+24.7,+27,ESTP,0,0,+0,+0,+0.0168,+0,+0.0411,+0,+0,+0,01:26:01 27.03.2020
9473,+25.6,+14.7,+21.4,+21.2,+21.2,+25.4,+24.7,+24.8,+24.7,+24.7,+27,ESTP,0,0,+0,+0,+0.0168,+0,+0.0412,+0,+0,+0,01:27:01 27.03.2020
9474,+25.6,+14.7,+21.4,+21.2,+21.2,+25.4,+24.7,+24.8,+24.7,+24.7,+26.8,ESTP,0,0,+0,+0,+0.0168,+0,+0.0412,+0,+0,+0,01:28:01 27.03.2020
9475,+25.6,+14.7,+21.4,+21.2,+21.2,+25.4,+24.7,+24.8,+24.7,+24.7,+27,ESTP,0,0,+0,+0,+0.0168,+0,+0.0412,+0,+0,+0,01:29:01 27.03.2020
9476,+25.6,+14.7,+21.4,+21.2,+21.2,+25.4,+24.7,+24.8,+24.7,+24.7,+27,ESTP,0,0,+0,+0,+0.0168,+0,+0.0412,+0,+0,+0,01:30:01 27.03.2020
9477,+25.6,+14.7,+21.4,+21.2,+21.2,+25.4,+24.7,+24.8,+24.8,+24.7,+26.8,ESTP,0,0,+0,+0,+0.0169,+0,+0.0412,+0,+0,+0,01:31:01 27.03.2020
9478,+25.6,+14.7,+21.4,+21.2,+21.2,+25.4,+24.7,+24.8,+24.8,+24.8,+27,ESTP,0,0,+0,+0,+0.0169,+0,+0.0412,+0,+0,+0,01:32:01 27.03.2020
9479,+25.6,+14.7,+21.4,+21.2,+21.2,+25.4,+24.7,+24.8,+24.8,+24.8,+27,ESTP,0,0,+0,+0,+0.0169,+0,+0.0412,+0,+0,+0,01:33:01 27.03.2020
9480,+25.5,+14.7,+21.4,+21.2,+21.2,+25.4,+24.7,+24.8,+24.8,+24.8,+27,ESTP,0,0,+0,+0,+0.0169,+0,+0.0412,+0,+0,+0,01:34:01 27.03.2020
9481,+25.5,+14.7,+21.4,+21.2,+21.2,+25.4,+24.7,+24.8,+24.8,+24.8,+27,ESTP,0,0,+0,+0,+0.0168,+0,+0.0412,+0,+0,+0,01:35:01 27.03.2020
9482,+25.5,+14.7,+21.4,+21.2,+21.2,+25.4,+24.7,+24.8,+24.7,+24.8,+27,ESTP,0,0,+0,+0,+0.0169,+0,+0.0412,+0,+0,+0,01:36:01 27.03.2020
9483,+25.5,+14.7,+21.4,+21.2,+21.2,+25.3,+24.7,+24.8,+24.8,+24.8,+27,ESTP,0,0,+0,+0,+0.0169,+0,+0.0412,+0,+0,+0,01:37:01 27.03.2020
9484,+25.5,+14.7,+21.4,+21.2,+21.2,+25.3,+24.7,+24.8,+24.8,+24.8,+27,ESTP,0,0,+0,+0,+0.0169,+0,+0.0411,+0,+0,+0,01:38:01 27.03.2020
9485,+25.5,+14.7,+21.4,+21.2,+21.2,+25.3,+24.7,+24.8,+24.7,+24.7,+27,ESTP,0,0,+0,+0,+0.0168,+0,+0.0411,+0,+0,+0,01:39:01 27.03.2020
9486,+25.5,+14.7,+21.4,+21.2,+21.2,+25.3,+24.7,+24.8,+24.7,+24.7,+27,ESTP,0,0,+0,+0,+0.0168,+0,+0.0411,+0,+0,+0,01:40:01 27.03.2020
9487,+25.6,+14.7,+21.4,+21.2,+21.2,+25.3,+24.7,+24.8,+24.7,+24.7,+27,ESTP,0,0,+0,+0,+0.0168,+0,+0.0411,+0,+0,+0,01:41:01 27.03.2020
9488,+25.6,+14.7,+21.4,+21.2,+21.2,+25.3,+24.7,+24.8,+24.7,+24.7,+27,ESTP,0,0,+0,+0,+0.0168,+0,+0.0412,+0,+0,+0,01:42:01 27.03.2020
9489,+25.6,+14.7,+21.4,+21.2,+21.2,+25.4,+24.7,+24.8,+24.7,+24.7,+27,ESTP,0,0,+0,+0,+0.0168,+0,+0.0412,+0,+0,+0,01:43:01 27.03.2020
9490,+25.6,+14.7,+21.4,+21.2,+21.2,+25.4,+24.7,+24.8,+24.7,+24.7,+27,ESTP,0,0,+0,+0,+0.0168,+0,+0.0412,+0,+0,+0,01:44:01 27.03.2020
9491,+25.6,+14.7,+21.4,+21.2,+21.2,+25.4,+24.7,+24.8,+24.7,+24.7,+27,ESTP,0,0,+0,+0,+0.0169,+0,+0.0412,+0,+0,+0,01:45:01 27.03.2020
9492,+25.6,+14.7,+21.4,+21.2,+21.2,+25.4,+24.7,+24.8,+24.7,+24.7,+27,ESTP,0,0,+0,+0,+0.0168,+0,+0.0412,+0,+0,+0,01:46:01 27.03.2020
9493,+25.6,+14.7,+21.4,+21.2,+21.2,+25.4,+24.7,+24.8,+24.8,+24.7,+27,ESTP,0,0,+0,+0,+0.0169,+0,+0.0412,+0,+0,+0,01:47:01 27.03.2020
9494,+25.6,+14.7,+21.3,+21.2,+21.2,+25.4,+24.7,+24.8,+24.8,+24.8,+27,ESTP,0,0,+0,+0,+0.0169,+0,+0.0412,+0,+0,+0,01:48:01 27.03.2020
9495,+25.6,+14.7,+21.3,+21.2,+21.2,+25.4,+24.7,+24.8,+24.8,+24.8,+27,ESTP,0,0,+0,+0,+0.0169,+0,+0.0412,+0,+0,+0,01:49:01 27.03.2020
9496,+25.5,+14.7,+21.3,+21.2,+21.2,+25.4,+24.7,+24.8,+24.7,+24.8,+27,ESTP,0,0,+0,+0,+0.0169,+0,+0.0412,+0,+0,+0,01:50:01 27.03.2020
9497,+25.5,+14.7,+21.3,+21.2,+21.2,+25.4,+24.7,+24.8,+24.8,+24.8,+27,ESTP,0,0,+0,+0,+0.0169,+0,+0.0412,+0,+0,+0,01:51:01 27.03.2020
9498,+25.5,+14.7,+21.3,+21.2,+21.2,+25.4,+24.7,+24.8,+24.8,+24.7,+27,ESTP,0,0,+0,+0,+0.0169,+0,+0.0412,+0,+0,+0,01:52:01 27.03.2020
9499,+25.5,+14.7,+21.3,+21.2,+21.2,+25.4,+24.7,+24.8,+24.7,+24.7,+27,ESTP,0,0,+0,+0,+0.0168,+0,+0.0412,+0,+0,+0,01:53:01 27.03.2020
9500,+25.5,+14.7,+21.3,+21.2,+21.2,+25.3,+24.7,+24.8,+24.7,+24.7,+27,ESTP,0,0,+0,+0,+0.0168,+0,+0.0411,+0,+0,+0,01:54:01 27.03.2020
9501,+25.5,+14.7,+21.3,+21.2,+21.2,+25.3,+24.7,+24.8,+24.7,+24.7,+27,ESTP,0,0,+0,+0,+0.0168,+0,+0.0411,+0,+0,+0,01:55:01 27.03.2020
9502,+25.5,+14.7,+21.3,+21.2,+21.2,+25.3,+24.7,+24.8,+24.7,+24.7,+27,ESTP,0,0,+0,+0,+0.0168,+0,+0.0411,+0,+0,+0,01:56:01 27.03.2020
9503,+25.5,+14.7,+21.3,+21.2,+21.2,+25.3,+24.7,+24.8,+24.7,+24.7,+27,ESTP,0,0,+0,+0,+0.0168,+0,+0.0411,+0,+0,+0,01:57:01 27.03.2020
9504,+25.6,+14.7,+21.3,+21.2,+21.2,+25.3,+24.7,+24.8,+24.7,+24.7,+27,ESTP,0,0,+0,+0,+0.0168,+0,+0.0411,+0,+0,+0,01:58:01 27.03.2020
9505,+25.6,+14.7,+21.3,+21.2,+21.2,+25.3,+24.7,+24.8,+24.7,+24.7,+27,ESTP,0,0,+0,+0,+0.0168,+0,+0.0411,+0,+0,+0,01:59:01 27.03.2020
9506,+25.6,+14.7,+21.3,+21.2,+21.2,+25.3,+24.7,+24.8,+24.7,+24.7,+27,ESTP,0,0,+0,+0,+0.0168,+0,+0.0412,+0,+0,+0,02:00:01 27.03.2020
9507,+25.6,+14.7,+21.3,+21.2,+21.2,+25.4,+24.7,+24.8,+24.7,+24.7,+27,ESTP,0,0,+0,+0,+0.0168,+0,+0.0412,+0,+0,+0,02:01:01 27.03.2020
9508,+25.6,+14.7,+21.3,+21.2,+21.2,+25.4,+24.7,+24.8,+24.7,+24.7,+27,ESTP,0,0,+0,+0,+0.0168,+0,+0.0412,+0,+0,+0,02:02:01 27.03.2020
9509,+25.6,+14.7,+21.3,+21.2,+21.2,+25.4,+24.7,+24.8,+24.8,+24.7,+27,ESTP,0,0,+0,+0,+0.0168,+0,+0.0412,+0,+0,+0,02:03:01 27.03.2020
9510,+25.6,+14.7,+21.3,+21.2,+21.2,+25.4,+24.7,+24.8,+24.7,+24.7,+27,ESTP,0,0,+0,+0,+0.0168,+0,+0.0412,+0,+0,+0,02:04:01 27.03.2020
9511,+25.6,+14.7,+21.3,+21.2,+21.2,+25.4,+24.7,+24.8,+24.8,+24.8,+26.8,ESTP,0,0,+0,+0,+0.0169,+0,+0.0412,+0,+0,+0,02:05:01 27.03.2020
9512,+25.6,+14.7,+21.3,+21.2,+21.2,+25.4,+24.7,+24.8,+24.8,+24.8,+27,ESTP,0,0,+0,+0,+0.0169,+0,+0.0412,+0,+0,+0,02:06:01 27.03.2020
9513,+25.6,+14.7,+21.3,+21.2,+21.2,+25.4,+24.7,+24.8,+24.7,+24.8,+27,ESTP,0,0,+0,+0,+0.0168,+0,+0.0412,+0,+0,+0,02:07:01 27.03.2020
9514,+25.6,+14.7,+21.3,+21.2,+21.2,+25.4,+24.7,+24.8,+24.8,+24.8,+27,ESTP,0,0,+0,+0,+0.0169,+0,+0.0412,+0,+0,+0,02:08:01 27.03.2020
9515,+25.5,+14.7,+21.3,+21.2,+21.2,+25.4,+24.7,+24.8,+24.8,+24.8,+27,ESTP,0,0,+0,+0,+0.0169,+0,+0.0412,+0,+0,+0,02:09:01 27.03.2020
9516,+25.5,+14.7,+21.3,+21.2,+21.2,+25.4,+24.7,+24.8,+24.8,+24.8,+27,ESTP,0,0,+0,+0,+0.0169,+0,+0.0412,+0,+0,+0,02:10:01 27.03.2020
9517,+25.5,+14.7,+21.3,+21.2,+21.2,+25.4,+24.7,+24.8,+24.7,+24.8,+27,ESTP,0,0,+0,+0,+0.0169,+0,+0.0412,+0,+0,+0,02:11:01 27.03.2020
9518,+25.5,+14.7,+21.3,+21.2,+21.2,+25.3,+24.7,+24.8,+24.8,+24.8,+27,ESTP,0,0,+0,+0,+0.0169,+0,+0.0412,+0,+0,+0,02:12:01 27.03.2020
9519,+25.5,+14.7,+21.3,+21.2,+21.2,+25.3,+24.7,+24.8,+24.8,+24.7,+27,ESTP,0,0,+0,+0,+0.0169,+0,+0.0412,+0,+0,+0,02:13:01 27.03.2020
9520,+25.5,+14.7,+21.3,+21.2,+21.2,+25.3,+24.7,+24.8,+24.7,+24.7,+27,ESTP,0,0,+0,+0,+0.0168,+0,+0.0412,+0,+0,+0,02:14:01 27.03.2020
9521,+25.5,+14.7,+21.3,+21.2,+21.2,+25.3,+24.7,+24.8,+24.7,+24.8,+27,ESTP,0,0,+0,+0,+0.0168,+0,+0.0412,+0,+0,+0,02:15:01 27.03.2020
9522,+25.6,+14.7,+21.3,+21.2,+21.2,+25.3,+24.7,+24.8,+24.7,+24.8,+27,ESTP,0,0,+0,+0,+0.0168,+0,+0.0412,+0,+0,+0,02:16:01 27.03.2020
9523,+25.6,+14.7,+21.3,+21.2,+21.2,+25.3,+24.7,+24.8,+24.7,+24.7,+27,ESTP,0,0,+0,+0,+0.0168,+0,+0.0412,+0,+0,+0,02:17:01 27.03.2020
9524,+25.6,+14.6,+21.3,+21.2,+21.2,+25.4,+24.7,+24.8,+24.8,+24.7,+27,ESTP,0,0,+0,+0,+0.0169,+0,+0.0412,+0,+0,+0,02:18:01 27.03.2020
9525,+25.6,+14.6,+21.3,+21.2,+21.2,+25.4,+24.7,+24.8,+24.7,+24.7,+27,ESTP,0,0,+0,+0,+0.0168,+0,+0.0412,+0,+0,+0,02:19:01 27.03.2020
9526,+25.6,+14.7,+21.3,+21.2,+21.2,+25.4,+24.7,+24.8,+24.8,+24.8,+27,ESTP,0,0,+0,+0,+0.0168,+0,+0.0412,+0,+0,+0,02:20:01 27.03.2020
9527,+25.6,+14.6,+21.3,+21.2,+21.2,+25.4,+24.7,+24.8,+24.8,+24.7,+27,ESTP,0,0,+0,+0,+0.0169,+0,+0.0412,+0,+0,+0,02:21:01 27.03.2020
9528,+25.6,+14.6,+21.3,+21.2,+21.2,+25.4,+24.7,+24.8,+24.8,+24.7,+27,ESTP,0,0,+0,+0,+0.0169,+0,+0.0412,+0,+0,+0,02:22:01 27.03.2020
9529,+25.6,+14.6,+21.3,+21.2,+21.2,+25.4,+24.7,+24.8,+24.8,+24.7,+26.8,ESTP,0,0,+0,+0,+0.0169,+0,+0.0412,+0,+0,+0,02:23:01 27.03.2020
9530,+25.6,+14.6,+21.3,+21.2,+21.2,+25.4,+24.7,+24.8,+24.8,+24.8,+27,ESTP,0,0,+0,+0,+0.0169,+0,+0.0412,+0,+0,+0,02:24:01 27.03.2020
9531,+25.6,+14.6,+21.3,+21.2,+21.2,+25.4,+24.7,+24.8,+24.8,+24.8,+27,ESTP,0,0,+0,+0,+0.0169,+0,+0.0412,+0,+0,+0,02:25:01 27.03.2020
9532,+25.5,+14.6,+21.3,+21.2,+21.2,+25.4,+24.7,+24.8,+24.8,+24.8,+27,ESTP,0,0,+0,+0,+0.0169,+0,+0.0412,+0,+0,+0,02:26:01 27.03.2020
9533,+25.5,+14.6,+21.3,+21.2,+21.2,+25.4,+24.7,+24.8,+24.8,+24.8,+27,ESTP,0,0,+0,+0,+0.0169,+0,+0.0412,+0,+0,+0,02:27:01 27.03.2020
9534,+25.5,+14.6,+21.3,+21.2,+21.2,+25.4,+24.7,+24.8,+24.8,+24.8,+27,ESTP,0,0,+0,+0,+0.0169,+0,+0.0412,+0,+0,+0,02:28:01 27.03.2020
9535,+25.5,+14.6,+21.3,+21.2,+21.2,+25.4,+24.7,+24.8,+24.8,+24.8,+27,ESTP,0,0,+0,+0,+0.0169,+0,+0.0412,+0,+0,+0,02:29:01 27.03.2020
9536,+25.5,+14.6,+21.3,+21.2,+21.2,+25.4,+24.7,+24.8,+24.8,+24.8,+27,ESTP,0,0,+0,+0,+0.0169,+0,+0.0412,+0,+0,+0,02:30:01 27.03.2020
9537,+25.5,+14.6,+21.3,+21.2,+21.2,+25.3,+24.7,+24.8,+24.8,+24.8,+27,ESTP,0,0,+0,+0,+0.0169,+0,+0.0412,+0,+0,+0,02:31:01 27.03.2020
9538,+25.6,+14.6,+21.3,+21.2,+21.2,+25.3,+24.7,+24.8,+24.8,+24.8,+27,ESTP,0,0,+0,+0,+0.0169,+0,+0.0412,+0,+0,+0,02:32:01 27.03.2020
9539,+25.6,+14.6,+21.3,+21.2,+21.2,+25.3,+24.7,+24.8,+24.8,+24.8,+27,ESTP,0,0,+0,+0,+0.0169,+0,+0.0412,+0,+0,+0,02:33:01 27.03.2020
9540,+25.6,+14.6,+21.3,+21.2,+21.2,+25.4,+24.7,+24.8,+24.8,+24.8,+27,ESTP,0,0,+0,+0,+0.0169,+0,+0.0412,+0,+0,+0,02:34:01 27.03.2020
9541,+25.6,+14.6,+21.3,+21.2,+21.2,+25.4,+24.7,+24.8,+24.8,+24.7,+27,ESTP,0,0,+0,+0,+0.0169,+0,+0.0412,+0,+0,+0,02:35:01 27.03.2020
9542,+25.6,+14.6,+21.3,+21.2,+21.2,+25.4,+24.7,+24.8,+24.8,+24.8,+27,ESTP,0,0,+0,+0,+0.0169,+0,+0.0412,+0,+0,+0,02:36:01 27.03.2020
9543,+25.6,+14.6,+21.3,+21.2,+21.2,+25.4,+24.7,+24.8,+24.8,+24.8,+27,ESTP,0,0,+0,+0,+0.0169,+0,+0.0412,+0,+0,+0,02:37:01 27.03.2020
9544,+25.6,+14.6,+21.3,+21.2,+21.2,+25.4,+24.7,+24.8,+24.8,+24.8,+26.8,ESTP,0,0,+0,+0,+0.0169,+0,+0.0412,+0,+0,+0,02:38:01 27.03.2020
9545,+25.6,+14.6,+21.3,+21.2,+21.2,+25.4,+24.7,+24.8,+24.8,+24.8,+27,ESTP,0,0,+0,+0,+0.0169,+0,+0.0412,+0,+0,+0,02:39:01 27.03.2020
9546,+25.6,+14.6,+21.3,+21.2,+21.2,+25.4,+24.7,+24.8,+24.8,+24.8,+26.8,ESTP,0,0,+0,+0,+0.0169,+0,+0.0412,+0,+0,+0,02:40:01 27.03.2020
9547,+25.6,+14.6,+21.3,+21.2,+21.2,+25.4,+24.7,+24.8,+24.8,+24.8,+27,ESTP,0,0,+0,+0,+0.0169,+0,+0.0412,+0,+0,+0,02:41:01 27.03.2020
9548,+25.5,+14.6,+21.3,+21.2,+21.2,+25.4,+24.7,+24.8,+24.8,+24.8,+27,ESTP,0,0,+0,+0,+0.0169,+0,+0.0412,+0,+0,+0,02:42:01 27.03.2020
9549,+25.5,+14.6,+21.3,+21.2,+21.2,+25.4,+24.7,+24.8,+24.8,+24.8,+27,ESTP,0,0,+0,+0,+0.0169,+0,+0.0412,+0,+0,+0,02:43:01 27.03.2020
9550,+25.5,+14.6,+21.3,+21.2,+21.2,+25.4,+24.7,+24.8,+24.8,+24.8,+27,ESTP,0,0,+0,+0,+0.0169,+0,+0.0412,+0,+0,+0,02:44:01 27.03.2020
9551,+25.5,+14.6,+21.3,+21.2,+21.2,+25.4,+24.7,+24.8,+24.8,+24.8,+27,ESTP,0,0,+0,+0,+0.0169,+0,+0.0412,+0,+0,+0,02:45:01 27.03.2020
9552,+25.6,+14.6,+21.3,+21.2,+21.2,+25.4,+24.7,+24.8,+24.8,+24.8,+27,ESTP,0,0,+0,+0,+0.0169,+0,+0.0412,+0,+0,+0,02:46:01 27.03.2020
9553,+25.6,+14.6,+21.3,+21.2,+21.2,+25.4,+24.7,+24.8,+24.7,+24.8,+27,ESTP,0,0,+0,+0,+0.0168,+0,+0.0412,+0,+0,+0,02:47:01 27.03.2020
9554,+25.6,+14.6,+21.3,+21.2,+21.2,+25.4,+24.7,+24.8,+24.8,+24.7,+27,ESTP,0,0,+0,+0,+0.0169,+0,+0.0412,+0,+0,+0,02:48:01 27.03.2020
9555,+25.6,+14.6,+21.3,+21.2,+21.2,+25.4,+24.7,+24.8,+24.8,+24.8,+27,ESTP,0,0,+0,+0,+0.0169,+0,+0.0412,+0,+0,+0,02:49:01 27.03.2020
9556,+25.6,+14.6,+21.3,+21.2,+21.2,+25.4,+24.7,+24.8,+24.8,+24.8,+27,ESTP,0,0,+0,+0,+0.0169,+0,+0.0412,+0,+0,+0,02:50:01 27.03.2020
9557,+25.6,+14.6,+21.3,+21.2,+21.2,+25.4,+24.7,+24.8,+24.8,+24.8,+27,ESTP,0,0,+0,+0,+0.0169,+0,+0.0412,+0,+0,+0,02:51:01 27.03.2020
9558,+25.6,+14.6,+21.3,+21.2,+21.2,+25.4,+24.7,+24.8,+24.8,+24.8,+27,ESTP,0,0,+0,+0,+0.0169,+0,+0.0412,+0,+0,+0,02:52:01 27.03.2020
9559,+25.6,+14.6,+21.3,+21.1,+21.2,+25.4,+24.7,+24.8,+24.8,+24.8,+27,ESTP,0,0,+0,+0,+0.0169,+0,+0.0412,+0,+0,+0,02:53:01 27.03.2020
9560,+25.6,+14.6,+21.3,+21.2,+21.2,+25.4,+24.7,+24.8,+24.8,+24.8,+27,ESTP,0,0,+0,+0,+0.0169,+0,+0.0412,+0,+0,+0,02:54:01 27.03.2020
9561,+25.6,+14.6,+21.3,+21.1,+21.2,+25.4,+24.7,+24.8,+24.8,+24.8,+27,ESTP,0,0,+0,+0,+0.0169,+0,+0.0412,+0,+0,+0,02:55:01 27.03.2020
9562,+25.6,+14.6,+21.3,+21.2,+21.2,+25.4,+24.7,+24.8,+24.8,+24.8,+27,ESTP,0,0,+0,+0,+0.0169,+0,+0.0412,+0,+0,+0,02:56:01 27.03.2020
9563,+25.5,+14.6,+21.3,+21.2,+21.2,+25.4,+24.7,+24.8,+24.8,+24.8,+27,ESTP,0,0,+0,+0,+0.0169,+0,+0.0412,+0,+0,+0,02:57:01 27.03.2020
9564,+25.5,+14.6,+21.3,+21.1,+21.2,+25.4,+24.7,+24.8,+24.8,+24.8,+27,ESTP,0,0,+0,+0,+0.0169,+0,+0.0412,+0,+0,+0,02:58:01 27.03.2020
9565,+25.5,+14.6,+21.3,+21.1,+21.2,+25.4,+24.7,+24.8,+24.8,+24.8,+27,ESTP,0,0,+0,+0,+0.0169,+0,+0.0412,+0,+0,+0,02:59:01 27.03.2020
9566,+25.5,+14.6,+21.3,+21.1,+21.2,+25.4,+24.7,+24.8,+24.8,+24.8,+27,ESTP,0,0,+0,+0,+0.0169,+0,+0.0412,+0,+0,+0,03:00:01 27.03.2020
9567,+25.5,+14.6,+21.3,+21.1,+21.2,+25.4,+24.7,+24.8,+24.8,+24.8,+27,ESTP,0,0,+0,+0,+0.0169,+0,+0.0412,+0,+0,+0,03:01:01 27.03.2020
9568,+25.6,+14.6,+21.3,+21.2,+21.2,+25.4,+24.7,+24.8,+24.8,+24.8,+27,ESTP,0,0,+0,+0,+0.0169,+0,+0.0412,+0,+0,+0,03:02:01 27.03.2020
9569,+25.6,+14.6,+21.3,+21.1,+21.2,+25.3,+24.7,+24.8,+24.7,+24.8,+27,ESTP,0,0,+0,+0,+0.0168,+0,+0.0412,+0,+0,+0,03:03:01 27.03.2020
9570,+25.6,+14.6,+21.3,+21.1,+21.2,+25.4,+24.7,+24.8,+24.7,+24.8,+27,ESTP,0,0,+0,+0,+0.0168,+0,+0.0412,+0,+0,+0,03:04:01 27.03.2020
9571,+25.6,+14.6,+21.3,+21.1,+21.2,+25.4,+24.7,+24.8,+24.8,+24.8,+27,ESTP,0,0,+0,+0,+0.0168,+0,+0.0412,+0,+0,+0,03:05:01 27.03.2020
9572,+25.6,+14.6,+21.3,+21.1,+21.2,+25.4,+24.7,+24.8,+24.8,+24.7,+27,ESTP,0,0,+0,+0,+0.0169,+0,+0.0412,+0,+0,+0,03:06:01 27.03.2020
9573,+25.6,+14.6,+21.3,+21.1,+21.2,+25.4,+24.7,+24.8,+24.8,+24.8,+27,ESTP,0,0,+0,+0,+0.0169,+0,+0.0412,+0,+0,+0,03:07:01 27.03.2020
9574,+25.6,+14.6,+21.3,+21.1,+21.2,+25.4,+24.7,+24.8,+24.8,+24.8,+27,ESTP,0,0,+0,+0,+0.0169,+0,+0.0412,+0,+0,+0,03:08:01 27.03.2020
9575,+25.6,+14.6,+21.3,+21.1,+21.2,+25.4,+24.7,+24.8,+24.8,+24.8,+27,ESTP,0,0,+0,+0,+0.0169,+0,+0.0412,+0,+0,+0,03:09:01 27.03.2020
9576,+25.6,+14.6,+21.3,+21.1,+21.2,+25.4,+24.7,+24.8,+24.8,+24.8,+27,ESTP,0,0,+0,+0,+0.0169,+0,+0.0412,+0,+0,+0,03:10:01 27.03.2020
9577,+25.6,+14.6,+21.3,+21.1,+21.2,+25.4,+24.7,+24.8,+24.8,+24.8,+27,ESTP,0,0,+0,+0,+0.0169,+0,+0.0412,+0,+0,+0,03:11:01 27.03.2020
9578,+25.6,+14.6,+21.3,+21.1,+21.2,+25.4,+24.7,+24.8,+24.8,+24.8,+27,ESTP,0,0,+0,+0,+0.0169,+0,+0.0412,+0,+0,+0,03:12:01 27.03.2020
9579,+25.5,+14.6,+21.3,+21.1,+21.2,+25.4,+24.7,+24.8,+24.8,+24.8,+27,ESTP,0,0,+0,+0,+0.0169,+0,+0.0412,+0,+0,+0,03:13:01 27.03.2020
9580,+25.5,+14.6,+21.3,+21.1,+21.2,+25.4,+24.7,+24.8,+24.8,+24.8,+27,ESTP,0,0,+0,+0,+0.0169,+0,+0.0412,+0,+0,+0,03:14:01 27.03.2020
9581,+25.5,+14.6,+21.3,+21.1,+21.2,+25.4,+24.7,+24.8,+24.8,+24.8,+27,ESTP,0,0,+0,+0,+0.0169,+0,+0.0412,+0,+0,+0,03:15:01 27.03.2020
9582,+25.5,+14.6,+21.3,+21.1,+21.2,+25.4,+24.7,+24.8,+24.8,+24.8,+27,ESTP,0,0,+0,+0,+0.0169,+0,+0.0411,+0,+0,+0,03:16:01 27.03.2020
9583,+25.5,+14.6,+21.3,+21.1,+21.2,+25.3,+24.7,+24.8,+24.8,+24.8,+27,ESTP,0,0,+0,+0,+0.0169,+0,+0.0412,+0,+0,+0,03:17:01 27.03.2020
9584,+25.5,+14.6,+21.3,+21.1,+21.2,+25.3,+24.7,+24.8,+24.8,+24.8,+27,ESTP,0,0,+0,+0,+0.0169,+0,+0.0411,+0,+0,+0,03:18:01 27.03.2020
9585,+25.6,+14.6,+21.3,+21.1,+21.2,+25.3,+24.7,+24.8,+24.7,+24.7,+27,ESTP,0,0,+0,+0,+0.0168,+0,+0.0411,+0,+0,+0,03:19:01 27.03.2020
9586,+25.6,+14.6,+21.3,+21.1,+21.2,+25.4,+24.7,+24.8,+24.7,+24.8,+27,ESTP,0,0,+0,+0,+0.0168,+0,+0.0412,+0,+0,+0,03:20:01 27.03.2020
9587,+25.6,+14.6,+21.3,+21.1,+21.2,+25.4,+24.7,+24.8,+24.7,+24.7,+27,ESTP,0,0,+0,+0,+0.0168,+0,+0.0412,+0,+0,+0,03:21:01 27.03.2020
9588,+25.6,+14.6,+21.3,+21.1,+21.2,+25.4,+24.7,+24.8,+24.7,+24.7,+27,ESTP,0,0,+0,+0,+0.0168,+0,+0.0412,+0,+0,+0,03:22:01 27.03.2020
9589,+25.6,+14.6,+21.3,+21.1,+21.2,+25.4,+24.7,+24.8,+24.8,+24.8,+27,ESTP,0,0,+0,+0,+0.0169,+0,+0.0412,+0,+0,+0,03:23:01 27.03.2020
9590,+25.6,+14.6,+21.3,+21.1,+21.2,+25.4,+24.7,+24.8,+24.8,+24.7,+27,ESTP,0,0,+0,+0,+0.0169,+0,+0.0412,+0,+0,+0,03:24:01 27.03.2020
9591,+25.6,+14.6,+21.3,+21.1,+21.2,+25.4,+24.7,+24.8,+24.8,+24.8,+27,ESTP,0,0,+0,+0,+0.0169,+0,+0.0412,+0,+0,+0,03:25:01 27.03.2020
9592,+25.6,+14.6,+21.3,+21.1,+21.2,+25.4,+24.7,+24.8,+24.8,+24.8,+27,ESTP,0,0,+0,+0,+0.0169,+0,+0.0412,+0,+0,+0,03:26:01 27.03.2020
9593,+25.6,+14.6,+21.3,+21.1,+21.2,+25.4,+24.7,+24.8,+24.8,+24.8,+27,ESTP,0,0,+0,+0,+0.0169,+0,+0.0412,+0,+0,+0,03:27:01 27.03.2020
9594,+25.6,+14.6,+21.3,+21.1,+21.2,+25.4,+24.7,+24.8,+24.8,+24.8,+27,ESTP,0,0,+0,+0,+0.0169,+0,+0.0412,+0,+0,+0,03:28:01 27.03.2020
9595,+25.6,+14.6,+21.3,+21.1,+21.2,+25.4,+24.7,+24.8,+24.8,+24.8,+27,ESTP,0,0,+0,+0,+0.0169,+0,+0.0412,+0,+0,+0,03:29:01 27.03.2020
9596,+25.5,+14.6,+21.3,+21.1,+21.2,+25.4,+24.7,+24.8,+24.8,+24.8,+27,ESTP,0,0,+0,+0,+0.0169,+0,+0.0412,+0,+0,+0,03:30:01 27.03.2020
9597,+25.5,+14.6,+21.3,+21.1,+21.2,+25.4,+24.7,+24.8,+24.8,+24.8,+27,ESTP,0,0,+0,+0,+0.0169,+0,+0.0412,+0,+0,+0,03:31:01 27.03.2020
9598,+25.5,+14.6,+21.3,+21.1,+21.2,+25.4,+24.7,+24.8,+24.8,+24.8,+27,ESTP,0,0,+0,+0,+0.0169,+0,+0.0412,+0,+0,+0,03:32:01 27.03.2020
9599,+25.5,+14.6,+21.3,+21.1,+21.2,+25.4,+24.7,+24.8,+24.8,+24.7,+27,ESTP,0,0,+0,+0,+0.0168,+0,+0.0412,+0,+0,+0,03:33:01 27.03.2020
9600,+25.5,+14.6,+21.3,+21.1,+21.2,+25.4,+24.7,+24.8,+24.7,+24.8,+27,ESTP,0,0,+0,+0,+0.0168,+0,+0.0412,+0,+0,+0,03:34:01 27.03.2020
9601,+25.6,+14.6,+21.3,+21.1,+21.2,+25.3,+24.7,+24.8,+24.7,+24.7,+27,ESTP,0,0,+0,+0,+0.0168,+0,+0.0412,+0,+0,+0,03:35:01 27.03.2020
9602,+25.6,+14.6,+21.3,+21.1,+21.2,+25.4,+24.7,+24.8,+24.7,+24.8,+27,ESTP,0,0,+0,+0,+0.0168,+0,+0.0412,+0,+0,+0,03:36:01 27.03.2020
9603,+25.6,+14.6,+21.3,+21.1,+21.2,+25.4,+24.7,+24.8,+24.7,+24.8,+27,ESTP,0,0,+0,+0,+0.0168,+0,+0.0412,+0,+0,+0,03:37:01 27.03.2020
9604,+25.6,+14.6,+21.3,+21.1,+21.2,+25.4,+24.7,+24.8,+24.7,+24.7,+27,ESTP,0,0,+0,+0,+0.0168,+0,+0.0412,+0,+0,+0,03:38:01 27.03.2020
9605,+25.6,+14.6,+21.3,+21.1,+21.2,+25.4,+24.7,+24.8,+24.8,+24.8,+27,ESTP,0,0,+0,+0,+0.0169,+0,+0.0412,+0,+0,+0,03:39:01 27.03.2020
9606,+25.6,+14.6,+21.3,+21.1,+21.2,+25.4,+24.7,+24.8,+24.8,+24.8,+27,ESTP,0,0,+0,+0,+0.0169,+0,+0.0412,+0,+0,+0,03:40:01 27.03.2020
9607,+25.6,+14.6,+21.3,+21.1,+21.2,+25.4,+24.7,+24.8,+24.8,+24.8,+27,ESTP,0,0,+0,+0,+0.0169,+0,+0.0412,+0,+0,+0,03:41:01 27.03.2020
9608,+25.6,+14.6,+21.3,+21.1,+21.2,+25.4,+24.7,+24.8,+24.8,+24.8,+27,ESTP,0,0,+0,+0,+0.0169,+0,+0.0412,+0,+0,+0,03:42:01 27.03.2020
9609,+25.6,+14.6,+21.3,+21.1,+21.2,+25.4,+24.7,+24.8,+24.8,+24.8,+27,ESTP,0,0,+0,+0,+0.0169,+0,+0.0412,+0,+0,+0,03:43:01 27.03.2020
9610,+25.6,+14.6,+21.3,+21.1,+21.2,+25.4,+24.7,+24.8,+24.8,+24.8,+27,ESTP,0,0,+0,+0,+0.0169,+0,+0.0412,+0,+0,+0,03:44:01 27.03.2020
9611,+25.6,+14.6,+21.3,+21.1,+21.2,+25.4,+24.7,+24.8,+24.8,+24.8,+27,ESTP,0,0,+0,+0,+0.0169,+0,+0.0412,+0,+0,+0,03:45:01 27.03.2020
9612,+25.5,+14.6,+21.3,+21.1,+21.2,+25.4,+24.7,+24.8,+24.8,+24.8,+27,ESTP,0,0,+0,+0,+0.0169,+0,+0.0412,+0,+0,+0,03:46:01 27.03.2020
9613,+25.5,+14.6,+21.3,+21.1,+21.2,+25.4,+24.7,+24.8,+24.8,+24.7,+27,ESTP,0,0,+0,+0,+0.0169,+0,+0.0412,+0,+0,+0,03:47:01 27.03.2020
9614,+25.5,+14.6,+21.3,+21.1,+21.2,+25.4,+24.7,+24.8,+24.8,+24.8,+27,ESTP,0,0,+0,+0,+0.0169,+0,+0.0412,+0,+0,+0,03:48:01 27.03.2020
9615,+25.5,+14.6,+21.3,+21.1,+21.2,+25.4,+24.7,+24.8,+24.8,+24.8,+27,ESTP,0,0,+0,+0,+0.0169,+0,+0.0412,+0,+0,+0,03:49:01 27.03.2020
9616,+25.6,+14.6,+21.3,+21.1,+21.2,+25.4,+24.7,+24.8,+24.8,+24.8,+27,ESTP,0,0,+0,+0,+0.0169,+0,+0.0412,+0,+0,+0,03:50:01 27.03.2020
9617,+25.6,+14.6,+21.3,+21.1,+21.2,+25.4,+24.7,+24.8,+24.8,+24.7,+27,ESTP,0,0,+0,+0,+0.0169,+0,+0.0412,+0,+0,+0,03:51:01 27.03.2020
9618,+25.6,+14.6,+21.3,+21.1,+21.2,+25.4,+24.7,+24.8,+24.8,+24.8,+27,ESTP,0,0,+0,+0,+0.0169,+0,+0.0412,+0,+0,+0,03:52:01 27.03.2020
9619,+25.6,+14.6,+21.3,+21.1,+21.2,+25.4,+24.7,+24.8,+24.7,+24.8,+27,ESTP,0,0,+0,+0,+0.0168,+0,+0.0412,+0,+0,+0,03:53:01 27.03.2020
9620,+25.6,+14.6,+21.3,+21.1,+21.2,+25.4,+24.7,+24.8,+24.7,+24.8,+27,ESTP,0,0,+0,+0,+0.0168,+0,+0.0412,+0,+0,+0,03:54:01 27.03.2020
9621,+25.6,+14.6,+21.3,+21.1,+21.2,+25.4,+24.7,+24.8,+24.8,+24.8,+27,ESTP,0,0,+0,+0,+0.0169,+0,+0.0412,+0,+0,+0,03:55:01 27.03.2020
9622,+25.6,+14.6,+21.3,+21.1,+21.2,+25.4,+24.7,+24.8,+24.8,+24.8,+27,ESTP,0,0,+0,+0,+0.0169,+0,+0.0412,+0,+0,+0,03:56:01 27.03.2020
9623,+25.6,+14.6,+21.3,+21.1,+21.2,+25.4,+24.7,+24.8,+24.8,+24.8,+27,ESTP,0,0,+0,+0,+0.0169,+0,+0.0412,+0,+0,+0,03:57:01 27.03.2020
9624,+25.6,+14.6,+21.3,+21.1,+21.2,+25.4,+24.7,+24.8,+24.8,+24.8,+27,ESTP,0,0,+0,+0,+0.0169,+0,+0.0412,+0,+0,+0,03:58:01 27.03.2020
9625,+25.6,+14.6,+21.3,+21.1,+21.2,+25.4,+24.7,+24.8,+24.8,+24.8,+27,ESTP,0,0,+0,+0,+0.0169,+0,+0.0412,+0,+0,+0,03:59:01 27.03.2020
9626,+25.5,+14.6,+21.3,+21.1,+21.2,+25.4,+24.7,+24.8,+24.8,+24.8,+27,ESTP,0,0,+0,+0,+0.0169,+0,+0.0412,+0,+0,+0,04:00:01 27.03.2020
9627,+25.5,+14.6,+21.3,+21.1,+21.2,+25.4,+24.7,+24.8,+24.8,+24.8,+27,ESTP,0,0,+0,+0,+0.0169,+0,+0.0412,+0,+0,+0,04:01:01 27.03.2020
9628,+25.5,+14.6,+21.3,+21.1,+21.2,+25.4,+24.7,+24.8,+24.8,+24.8,+27,ESTP,0,0,+0,+0,+0.0169,+0,+0.0412,+0,+0,+0,04:02:01 27.03.2020
9629,+25.5,+14.6,+21.3,+21.1,+21.2,+25.4,+24.7,+24.8,+24.8,+24.7,+27,ESTP,0,0,+0,+0,+0.0169,+0,+0.0412,+0,+0,+0,04:03:01 27.03.2020
9630,+25.5,+14.6,+21.3,+21.1,+21.2,+25.3,+24.7,+24.8,+24.7,+24.7,+27,ESTP,0,0,+0,+0,+0.0168,+0,+0.0412,+0,+0,+0,04:04:01 27.03.2020
9631,+25.5,+14.6,+21.3,+21.1,+21.2,+25.4,+24.7,+24.8,+24.8,+24.8,+27,ESTP,0,0,+0,+0,+0.0168,+0,+0.0412,+0,+0,+0,04:05:01 27.03.2020
9632,+25.6,+14.6,+21.3,+21.1,+21.2,+25.3,+24.7,+24.8,+24.8,+24.7,+27,ESTP,0,0,+0,+0,+0.0168,+0,+0.0412,+0,+0,+0,04:06:01 27.03.2020
9633,+25.6,+14.6,+21.3,+21.1,+21.2,+25.4,+24.7,+24.8,+24.7,+24.7,+27,ESTP,0,0,+0,+0,+0.0168,+0,+0.0412,+0,+0,+0,04:07:01 27.03.2020
9634,+25.6,+14.6,+21.3,+21.1,+21.2,+25.4,+24.7,+24.8,+24.7,+24.7,+27,ESTP,0,0,+0,+0,+0.0168,+0,+0.0412,+0,+0,+0,04:08:01 27.03.2020
9635,+25.6,+14.6,+21.3,+21.1,+21.2,+25.4,+24.7,+24.8,+24.7,+24.8,+27,ESTP,0,0,+0,+0,+0.0168,+0,+0.0412,+0,+0,+0,04:09:01 27.03.2020
9636,+25.6,+14.6,+21.3,+21.1,+21.2,+25.4,+24.7,+24.8,+24.7,+24.7,+27,ESTP,0,0,+0,+0,+0.0168,+0,+0.0412,+0,+0,+0,04:10:01 27.03.2020
9637,+25.6,+14.6,+21.3,+21.1,+21.2,+25.4,+24.7,+24.8,+24.7,+24.7,+27,ESTP,0,0,+0,+0,+0.0168,+0,+0.0412,+0,+0,+0,04:11:01 27.03.2020
9638,+25.6,+14.6,+21.3,+21.1,+21.2,+25.4,+24.7,+24.8,+24.8,+24.7,+27,ESTP,0,0,+0,+0,+0.0169,+0,+0.0412,+0,+0,+0,04:12:01 27.03.2020
9639,+25.6,+14.6,+21.3,+21.1,+21.2,+25.4,+24.7,+24.8,+24.8,+24.7,+27,ESTP,0,0,+0,+0,+0.0169,+0,+0.0412,+0,+0,+0,04:13:01 27.03.2020
9640,+25.6,+14.6,+21.3,+21.1,+21.2,+25.4,+24.7,+24.8,+24.8,+24.7,+27,ESTP,0,0,+0,+0,+0.0169,+0,+0.0412,+0,+0,+0,04:14:01 27.03.2020
9641,+25.5,+14.6,+21.3,+21.1,+21.2,+25.4,+24.7,+24.8,+24.8,+24.8,+27,ESTP,0,0,+0,+0,+0.0169,+0,+0.0412,+0,+0,+0,04:15:01 27.03.2020
9642,+25.5,+14.6,+21.3,+21.1,+21.2,+25.4,+24.7,+24.8,+24.8,+24.8,+27,ESTP,0,0,+0,+0,+0.0169,+0,+0.0412,+0,+0,+0,04:16:01 27.03.2020
9643,+25.5,+14.6,+21.3,+21.1,+21.2,+25.4,+24.7,+24.8,+24.7,+24.8,+27,ESTP,0,0,+0,+0,+0.0169,+0,+0.0412,+0,+0,+0,04:17:01 27.03.2020
9644,+25.5,+14.6,+21.3,+21.1,+21.2,+25.3,+24.7,+24.8,+24.8,+24.8,+26.8,ESTP,0,0,+0,+0,+0.0169,+0,+0.0412,+0,+0,+0,04:18:01 27.03.2020
9645,+25.5,+14.6,+21.3,+21.1,+21.2,+25.3,+24.7,+24.8,+24.7,+24.8,+27,ESTP,0,0,+0,+0,+0.0168,+0,+0.0412,+0,+0,+0,04:19:01 27.03.2020
9646,+25.5,+14.6,+21.3,+21.1,+21.2,+25.3,+24.7,+24.8,+24.7,+24.7,+27,ESTP,0,0,+0,+0,+0.0168,+0,+0.0411,+0,+0,+0,04:20:01 27.03.2020
9647,+25.5,+14.5,+21.3,+21.1,+21.2,+25.3,+24.7,+24.8,+24.7,+24.7,+27,ESTP,0,0,+0,+0,+0.0168,+0,+0.0411,+0,+0,+0,04:21:01 27.03.2020
9648,+25.6,+14.5,+21.3,+21.1,+21.2,+25.3,+24.7,+24.8,+24.7,+24.7,+27,ESTP,0,0,+0,+0,+0.0168,+0,+0.0412,+0,+0,+0,04:22:01 27.03.2020
9649,+25.6,+14.5,+21.3,+21.1,+21.2,+25.4,+24.7,+24.8,+24.7,+24.7,+27,ESTP,0,0,+0,+0,+0.0168,+0,+0.0412,+0,+0,+0,04:23:01 27.03.2020
9650,+25.6,+14.5,+21.3,+21.1,+21.2,+25.4,+24.7,+24.8,+24.7,+24.7,+27,ESTP,0,0,+0,+0,+0.0168,+0,+0.0412,+0,+0,+0,04:24:01 27.03.2020
9651,+25.6,+14.5,+21.3,+21.1,+21.2,+25.4,+24.7,+24.8,+24.7,+24.7,+27,ESTP,0,0,+0,+0,+0.0168,+0,+0.0412,+0,+0,+0,04:25:01 27.03.2020
9652,+25.6,+14.5,+21.3,+21.1,+21.2,+25.4,+24.7,+24.8,+24.7,+24.7,+27,ESTP,0,0,+0,+0,+0.0168,+0,+0.0412,+0,+0,+0,04:26:01 27.03.2020
9653,+25.6,+14.5,+21.3,+21.1,+21.2,+25.4,+24.7,+24.8,+24.7,+24.7,+27,ESTP,0,0,+0,+0,+0.0168,+0,+0.0412,+0,+0,+0,04:27:01 27.03.2020
9654,+25.6,+14.5,+21.3,+21.1,+21.2,+25.4,+24.7,+24.8,+24.8,+24.8,+27,ESTP,0,0,+0,+0,+0.0169,+0,+0.0412,+0,+0,+0,04:28:01 27.03.2020
9655,+25.6,+14.5,+21.3,+21.1,+21.2,+25.4,+24.7,+24.8,+24.8,+24.7,+27,ESTP,0,0,+0,+0,+0.0168,+0,+0.0412,+0,+0,+0,04:29:01 27.03.2020
9656,+25.6,+14.5,+21.3,+21.1,+21.2,+25.4,+24.7,+24.8,+24.8,+24.8,+27,ESTP,0,0,+0,+0,+0.0169,+0,+0.0412,+0,+0,+0,04:30:01 27.03.2020
9657,+25.5,+14.5,+21.3,+21.1,+21.2,+25.4,+24.7,+24.8,+24.8,+24.8,+27,ESTP,0,0,+0,+0,+0.0169,+0,+0.0412,+0,+0,+0,04:31:01 27.03.2020
9658,+25.5,+14.5,+21.3,+21.1,+21.2,+25.4,+24.7,+24.8,+24.8,+24.8,+27,ESTP,0,0,+0,+0,+0.0169,+0,+0.0412,+0,+0,+0,04:32:01 27.03.2020
9659,+25.5,+14.5,+21.3,+21.1,+21.2,+25.4,+24.7,+24.8,+24.8,+24.8,+27,ESTP,0,0,+0,+0,+0.0169,+0,+0.0412,+0,+0,+0,04:33:01 27.03.2020
9660,+25.5,+14.5,+21.3,+21.1,+21.2,+25.4,+24.7,+24.8,+24.8,+24.8,+27,ESTP,0,0,+0,+0,+0.0169,+0,+0.0412,+0,+0,+0,04:34:01 27.03.2020
9661,+25.5,+14.5,+21.3,+21.1,+21.2,+25.4,+24.7,+24.8,+24.7,+24.8,+27,ESTP,0,0,+0,+0,+0.0168,+0,+0.0412,+0,+0,+0,04:35:01 27.03.2020
9662,+25.6,+14.5,+21.3,+21.1,+21.2,+25.4,+24.7,+24.8,+24.7,+24.8,+27,ESTP,0,0,+0,+0,+0.0168,+0,+0.0412,+0,+0,+0,04:36:01 27.03.2020
9663,+25.6,+14.5,+21.3,+21.1,+21.2,+25.4,+24.7,+24.8,+24.8,+24.8,+27,ESTP,0,0,+0,+0,+0.0169,+0,+0.0412,+0,+0,+0,04:37:01 27.03.2020
9664,+25.6,+14.5,+21.3,+21.1,+21.2,+25.4,+24.7,+24.8,+24.7,+24.8,+27,ESTP,0,0,+0,+0,+0.0168,+0,+0.0412,+0,+0,+0,04:38:01 27.03.2020
9665,+25.6,+14.5,+21.3,+21.1,+21.2,+25.4,+24.7,+24.8,+24.8,+24.8,+27,ESTP,0,0,+0,+0,+0.0169,+0,+0.0412,+0,+0,+0,04:39:01 27.03.2020
9666,+25.6,+14.5,+21.3,+21.1,+21.2,+25.4,+24.7,+24.8,+24.8,+24.8,+27,ESTP,0,0,+0,+0,+0.0169,+0,+0.0412,+0,+0,+0,04:40:01 27.03.2020
9667,+25.6,+14.5,+21.3,+21.1,+21.2,+25.4,+24.7,+24.8,+24.8,+24.8,+27,ESTP,0,0,+0,+0,+0.0169,+0,+0.0412,+0,+0,+0,04:41:01 27.03.2020
9668,+25.6,+14.5,+21.3,+21.1,+21.2,+25.4,+24.7,+24.8,+24.8,+24.8,+27,ESTP,0,0,+0,+0,+0.0169,+0,+0.0412,+0,+0,+0,04:42:01 27.03.2020
9669,+25.6,+14.5,+21.3,+21.1,+21.2,+25.4,+24.7,+24.8,+24.8,+24.8,+27,ESTP,0,0,+0,+0,+0.0169,+0,+0.0412,+0,+0,+0,04:43:01 27.03.2020
9670,+25.6,+14.5,+21.3,+21.1,+21.2,+25.4,+24.7,+24.8,+24.8,+24.8,+27,ESTP,0,0,+0,+0,+0.0169,+0,+0.0412,+0,+0,+0,04:44:01 27.03.2020
9671,+25.6,+14.5,+21.3,+21.1,+21.2,+25.4,+24.7,+24.8,+24.8,+24.8,+27,ESTP,0,0,+0,+0,+0.0169,+0,+0.0412,+0,+0,+0,04:45:01 27.03.2020
9672,+25.6,+14.5,+21.3,+21.1,+21.2,+25.4,+24.7,+24.8,+24.8,+24.8,+27,ESTP,0,0,+0,+0,+0.0169,+0,+0.0412,+0,+0,+0,04:46:01 27.03.2020
9673,+25.5,+14.5,+21.3,+21.1,+21.2,+25.4,+24.7,+24.8,+24.8,+24.8,+27,ESTP,0,0,+0,+0,+0.0169,+0,+0.0412,+0,+0,+0,04:47:01 27.03.2020
9674,+25.5,+14.5,+21.3,+21.1,+21.2,+25.4,+24.7,+24.8,+24.8,+24.8,+27,ESTP,0,0,+0,+0,+0.0169,+0,+0.0412,+0,+0,+0,04:48:01 27.03.2020
9675,+25.5,+14.5,+21.3,+21.1,+21.2,+25.4,+24.7,+24.8,+24.8,+24.8,+27,ESTP,0,0,+0,+0,+0.0169,+0,+0.0412,+0,+0,+0,04:49:01 27.03.2020
9676,+25.5,+14.5,+21.3,+21.1,+21.2,+25.4,+24.7,+24.8,+24.8,+24.8,+27,ESTP,0,0,+0,+0,+0.0169,+0,+0.0412,+0,+0,+0,04:50:01 27.03.2020
9677,+25.5,+14.5,+21.3,+21.1,+21.2,+25.4,+24.7,+24.8,+24.8,+24.8,+27,ESTP,0,0,+0,+0,+0.0169,+0,+0.0412,+0,+0,+0,04:51:01 27.03.2020
9678,+25.5,+14.5,+21.3,+21.1,+21.2,+25.4,+24.7,+24.8,+24.7,+24.8,+27,ESTP,0,0,+0,+0,+0.0168,+0,+0.0412,+0,+0,+0,04:52:01 27.03.2020
9679,+25.6,+14.5,+21.3,+21.1,+21.2,+25.4,+24.7,+24.8,+24.7,+24.8,+27,ESTP,0,0,+0,+0,+0.0168,+0,+0.0412,+0,+0,+0,04:53:01 27.03.2020
9680,+25.6,+14.5,+21.3,+21.1,+21.2,+25.4,+24.7,+24.8,+24.7,+24.8,+27,ESTP,0,0,+0,+0,+0.0168,+0,+0.0412,+0,+0,+0,04:54:01 27.03.2020
9681,+25.6,+14.5,+21.3,+21.1,+21.2,+25.4,+24.7,+24.8,+24.7,+24.7,+27,ESTP,0,0,+0,+0,+0.0168,+0,+0.0412,+0,+0,+0,04:55:01 27.03.2020
9682,+25.6,+14.5,+21.3,+21.1,+21.2,+25.4,+24.7,+24.8,+24.8,+24.8,+27,ESTP,0,0,+0,+0,+0.0169,+0,+0.0412,+0,+0,+0,04:56:01 27.03.2020
9683,+25.6,+14.5,+21.3,+21.1,+21.2,+25.4,+24.7,+24.8,+24.8,+24.8,+27,ESTP,0,0,+0,+0,+0.0168,+0,+0.0412,+0,+0,+0,04:57:01 27.03.2020
9684,+25.6,+14.5,+21.3,+21.1,+21.2,+25.4,+24.7,+24.8,+24.8,+24.8,+27,ESTP,0,0,+0,+0,+0.0169,+0,+0.0412,+0,+0,+0,04:58:01 27.03.2020
9685,+25.6,+14.5,+21.3,+21.1,+21.2,+25.4,+24.7,+24.8,+24.8,+24.8,+27,ESTP,0,0,+0,+0,+0.0169,+0,+0.0412,+0,+0,+0,04:59:01 27.03.2020
9686,+25.6,+14.5,+21.3,+21.1,+21.2,+25.4,+24.7,+24.8,+24.8,+24.8,+27,ESTP,0,0,+0,+0,+0.0169,+0,+0.0412,+0,+0,+0,05:00:01 27.03.2020
9687,+25.6,+14.5,+21.2,+21.1,+21.2,+25.4,+24.7,+24.8,+24.8,+24.8,+27,ESTP,0,0,+0,+0,+0.0169,+0,+0.0412,+0,+0,+0,05:01:01 27.03.2020
9688,+25.6,+14.5,+21.2,+21.1,+21.2,+25.4,+24.7,+24.8,+24.7,+24.8,+27,ESTP,0,0,+0,+0,+0.0169,+0,+0.0412,+0,+0,+0,05:02:01 27.03.2020
9689,+25.5,+14.5,+21.3,+21.1,+21.2,+25.4,+24.7,+24.8,+24.8,+24.8,+27,ESTP,0,0,+0,+0,+0.0169,+0,+0.0412,+0,+0,+0,05:03:01 27.03.2020
9690,+25.5,+14.5,+21.3,+21.1,+21.2,+25.4,+24.7,+24.8,+24.8,+24.8,+27,ESTP,0,0,+0,+0,+0.0169,+0,+0.0412,+0,+0,+0,05:04:01 27.03.2020
9691,+25.5,+14.5,+21.3,+21.1,+21.2,+25.4,+24.7,+24.8,+24.8,+24.8,+27,ESTP,0,0,+0,+0,+0.0169,+0,+0.0412,+0,+0,+0,05:05:01 27.03.2020
9692,+25.5,+14.5,+21.3,+21.1,+21.2,+25.4,+24.7,+24.8,+24.8,+24.8,+27,ESTP,0,0,+0,+0,+0.0169,+0,+0.0412,+0,+0,+0,05:06:01 27.03.2020
9693,+25.6,+14.5,+21.2,+21.1,+21.2,+25.4,+24.7,+24.8,+24.8,+24.8,+27,ESTP,0,0,+0,+0,+0.0169,+0,+0.0412,+0,+0,+0,05:07:01 27.03.2020
9694,+25.6,+14.5,+21.3,+21.1,+21.2,+25.4,+24.7,+24.8,+24.8,+24.8,+27,ESTP,0,0,+0,+0,+0.0169,+0,+0.0412,+0,+0,+0,05:08:01 27.03.2020
9695,+25.6,+14.5,+21.3,+21.1,+21.2,+25.4,+24.7,+24.8,+24.8,+24.8,+27,ESTP,0,0,+0,+0,+0.0169,+0,+0.0412,+0,+0,+0,05:09:01 27.03.2020
9696,+25.6,+14.5,+21.2,+21.1,+21.2,+25.4,+24.7,+24.8,+24.8,+24.8,+27,ESTP,0,0,+0,+0,+0.0169,+0,+0.0412,+0,+0,+0,05:10:01 27.03.2020
9697,+25.6,+14.5,+21.2,+21.1,+21.2,+25.4,+24.7,+24.8,+24.8,+24.8,+27,ESTP,0,0,+0,+0,+0.0169,+0,+0.0412,+0,+0,+0,05:11:01 27.03.2020
9698,+25.6,+14.5,+21.2,+21.1,+21.2,+25.4,+24.7,+24.8,+24.8,+24.8,+27,ESTP,0,0,+0,+0,+0.0169,+0,+0.0412,+0,+0,+0,05:12:01 27.03.2020
9699,+25.6,+14.5,+21.2,+21.1,+21.2,+25.4,+24.7,+24.8,+24.8,+24.8,+27,ESTP,0,0,+0,+0,+0.0169,+0,+0.0412,+0,+0,+0,05:13:01 27.03.2020
9700,+25.6,+14.5,+21.2,+21.1,+21.2,+25.4,+24.7,+24.8,+24.8,+24.8,+27,ESTP,0,0,+0,+0,+0.0169,+0,+0.0412,+0,+0,+0,05:14:01 27.03.2020
9701,+25.6,+14.5,+21.2,+21.1,+21.2,+25.4,+24.7,+24.8,+24.8,+24.8,+27,ESTP,0,0,+0,+0,+0.0169,+0,+0.0412,+0,+0,+0,05:15:01 27.03.2020
9702,+25.5,+14.5,+21.2,+21.1,+21.2,+25.4,+24.7,+24.8,+24.8,+24.8,+27,ESTP,0,0,+0,+0,+0.0169,+0,+0.0412,+0,+0,+0,05:16:01 27.03.2020
9703,+25.5,+14.5,+21.2,+21.1,+21.2,+25.4,+24.7,+24.8,+24.8,+24.8,+27,ESTP,0,0,+0,+0,+0.0169,+0,+0.0412,+0,+0,+0,05:17:01 27.03.2020
9704,+25.5,+14.5,+21.2,+21.1,+21.2,+25.4,+24.7,+24.8,+24.8,+24.8,+27,ESTP,0,0,+0,+0,+0.0169,+0,+0.0412,+0,+0,+0,05:18:01 27.03.2020
9705,+25.5,+14.5,+21.2,+21.1,+21.2,+25.4,+24.7,+24.8,+24.8,+24.8,+27,ESTP,0,0,+0,+0,+0.0169,+0,+0.0412,+0,+0,+0,05:19:01 27.03.2020
9706,+25.5,+14.5,+21.2,+21.1,+21.2,+25.3,+24.7,+24.8,+24.7,+24.8,+26.8,ESTP,0,0,+0,+0,+0.0169,+0,+0.0412,+0,+0,+0,05:20:01 27.03.2020
9707,+25.5,+14.5,+21.2,+21.1,+21.2,+25.4,+24.7,+24.8,+24.7,+24.8,+27,ESTP,0,0,+0,+0,+0.0168,+0,+0.0412,+0,+0,+0,05:21:01 27.03.2020
9708,+25.5,+14.5,+21.2,+21.1,+21.2,+25.4,+24.7,+24.8,+24.7,+24.7,+27,ESTP,0,0,+0,+0,+0.0169,+0,+0.0412,+0,+0,+0,05:22:01 27.03.2020
9709,+25.5,+14.5,+21.2,+21.1,+21.2,+25.3,+24.7,+24.8,+24.7,+24.8,+27,ESTP,0,0,+0,+0,+0.0168,+0,+0.0412,+0,+0,+0,05:23:01 27.03.2020
9710,+25.6,+14.5,+21.2,+21.1,+21.2,+25.4,+24.7,+24.8,+24.7,+24.7,+27,ESTP,0,0,+0,+0,+0.0168,+0,+0.0412,+0,+0,+0,05:24:01 27.03.2020
9711,+25.6,+14.5,+21.2,+21.1,+21.2,+25.4,+24.7,+24.8,+24.7,+24.7,+27,ESTP,0,0,+0,+0,+0.0168,+0,+0.0412,+0,+0,+0,05:25:01 27.03.2020
9712,+25.6,+14.5,+21.2,+21.1,+21.2,+25.4,+24.7,+24.8,+24.7,+24.7,+27,ESTP,0,0,+0,+0,+0.0168,+0,+0.0412,+0,+0,+0,05:26:01 27.03.2020
9713,+25.6,+14.5,+21.2,+21.1,+21.2,+25.4,+24.7,+24.8,+24.7,+24.7,+27,ESTP,0,0,+0,+0,+0.0168,+0,+0.0412,+0,+0,+0,05:27:01 27.03.2020
9714,+25.6,+14.5,+21.2,+21.1,+21.2,+25.4,+24.7,+24.8,+24.8,+24.7,+27,ESTP,0,0,+0,+0,+0.0169,+0,+0.0412,+0,+0,+0,05:28:01 27.03.2020
9715,+25.6,+14.5,+21.2,+21.1,+21.2,+25.4,+24.7,+24.8,+24.7,+24.8,+27,ESTP,0,0,+0,+0,+0.0168,+0,+0.0412,+0,+0,+0,05:29:01 27.03.2020
9716,+25.6,+14.5,+21.2,+21.1,+21.1,+25.4,+24.7,+24.8,+24.8,+24.8,+27,ESTP,0,0,+0,+0,+0.0169,+0,+0.0412,+0,+0,+0,05:30:01 27.03.2020
9717,+25.6,+14.5,+21.2,+21.1,+21.2,+25.4,+24.7,+24.8,+24.8,+24.8,+27,ESTP,0,0,+0,+0,+0.0169,+0,+0.0412,+0,+0,+0,05:31:01 27.03.2020
9718,+25.6,+14.5,+21.2,+21.1,+21.2,+25.4,+24.7,+24.8,+24.8,+24.8,+27,ESTP,0,0,+0,+0,+0.0169,+0,+0.0412,+0,+0,+0,05:32:01 27.03.2020
9719,+25.6,+14.5,+21.2,+21.1,+21.2,+25.4,+24.7,+24.8,+24.8,+24.8,+27,ESTP,0,0,+0,+0,+0.0169,+0,+0.0412,+0,+0,+0,05:33:01 27.03.2020
9720,+25.5,+14.5,+21.2,+21.1,+21.2,+25.4,+24.7,+24.8,+24.7,+24.8,+27,ESTP,0,0,+0,+0,+0.0169,+0,+0.0412,+0,+0,+0,05:34:01 27.03.2020
9721,+25.5,+14.5,+21.2,+21.1,+21.2,+25.4,+24.7,+24.8,+24.8,+24.8,+27,ESTP,0,0,+0,+0,+0.0169,+0,+0.0412,+0,+0,+0,05:35:01 27.03.2020
9722,+25.5,+14.5,+21.2,+21.1,+21.1,+25.4,+24.7,+24.8,+24.8,+24.8,+27,ESTP,0,0,+0,+0,+0.0169,+0,+0.0412,+0,+0,+0,05:36:01 27.03.2020
9723,+25.5,+14.5,+21.2,+21.1,+21.2,+25.4,+24.7,+24.8,+24.8,+24.8,+27,ESTP,0,0,+0,+0,+0.0169,+0,+0.0412,+0,+0,+0,05:37:01 27.03.2020
9724,+25.6,+14.5,+21.2,+21.1,+21.2,+25.4,+24.7,+24.8,+24.7,+24.8,+27,ESTP,0,0,+0,+0,+0.0168,+0,+0.0412,+0,+0,+0,05:38:01 27.03.2020
9725,+25.6,+14.5,+21.2,+21.1,+21.2,+25.4,+24.7,+24.8,+24.7,+24.8,+27,ESTP,0,0,+0,+0,+0.0168,+0,+0.0412,+0,+0,+0,05:39:01 27.03.2020
9726,+25.6,+14.5,+21.2,+21.1,+21.2,+25.4,+24.7,+24.8,+24.7,+24.8,+27,ESTP,0,0,+0,+0,+0.0168,+0,+0.0412,+0,+0,+0,05:40:01 27.03.2020
9727,+25.6,+14.5,+21.2,+21.1,+21.1,+25.4,+24.7,+24.8,+24.7,+24.8,+27,ESTP,0,0,+0,+0,+0.0168,+0,+0.0412,+0,+0,+0,05:41:01 27.03.2020
9728,+25.6,+14.5,+21.2,+21.1,+21.1,+25.4,+24.7,+24.8,+24.8,+24.8,+27,ESTP,0,0,+0,+0,+0.0169,+0,+0.0412,+0,+0,+0,05:42:01 27.03.2020
9729,+25.6,+14.5,+21.2,+21.1,+21.1,+25.4,+24.7,+24.8,+24.7,+24.8,+27,ESTP,0,0,+0,+0,+0.0168,+0,+0.0412,+0,+0,+0,05:43:01 27.03.2020
9730,+25.6,+14.5,+21.2,+21.1,+21.1,+25.4,+24.7,+24.8,+24.8,+24.8,+27,ESTP,0,0,+0,+0,+0.0169,+0,+0.0412,+0,+0,+0,05:44:01 27.03.2020
9731,+25.6,+14.5,+21.2,+21.1,+21.1,+25.4,+24.7,+24.8,+24.8,+24.8,+27,ESTP,0,0,+0,+0,+0.0169,+0,+0.0412,+0,+0,+0,05:45:01 27.03.2020
9732,+25.6,+14.5,+21.2,+21.1,+21.1,+25.4,+24.7,+24.8,+24.8,+24.8,+27,ESTP,0,0,+0,+0,+0.0169,+0,+0.0412,+0,+0,+0,05:46:01 27.03.2020
9733,+25.6,+14.5,+21.2,+21.1,+21.1,+25.4,+24.7,+24.8,+24.8,+24.8,+27,ESTP,0,0,+0,+0,+0.0169,+0,+0.0412,+0,+0,+0,05:47:01 27.03.2020
9734,+25.6,+14.5,+21.2,+21.1,+21.1,+25.4,+24.7,+24.8,+24.8,+24.8,+27,ESTP,0,0,+0,+0,+0.0169,+0,+0.0412,+0,+0,+0,05:48:01 27.03.2020
9735,+25.6,+14.5,+21.2,+21.1,+21.1,+25.4,+24.7,+24.8,+24.7,+24.8,+27,ESTP,0,0,+0,+0,+0.0168,+0,+0.0412,+0,+0,+0,05:49:01 27.03.2020
9736,+25.5,+14.5,+21.2,+21.1,+21.1,+25.4,+24.7,+24.8,+24.8,+24.8,+27,ESTP,0,0,+0,+0,+0.0169,+0,+0.0412,+0,+0,+0,05:50:01 27.03.2020
9737,+25.6,+14.5,+21.2,+21.1,+21.1,+25.4,+24.7,+24.8,+24.8,+24.8,+27,ESTP,0,0,+0,+0,+0.0169,+0,+0.0412,+0,+0,+0,05:51:01 27.03.2020
9738,+25.6,+14.5,+21.2,+21.1,+21.1,+25.4,+24.7,+24.8,+24.8,+24.8,+27,ESTP,0,0,+0,+0,+0.0169,+0,+0.0412,+0,+0,+0,05:52:01 27.03.2020
9739,+25.6,+14.5,+21.2,+21.1,+21.1,+25.4,+24.7,+24.8,+24.7,+24.8,+27,ESTP,0,0,+0,+0,+0.0168,+0,+0.0412,+0,+0,+0,05:53:01 27.03.2020
9740,+25.6,+14.5,+21.2,+21.1,+21.1,+25.4,+24.7,+24.8,+24.8,+24.8,+27,ESTP,0,0,+0,+0,+0.0169,+0,+0.0412,+0,+0,+0,05:54:01 27.03.2020
9741,+25.6,+14.5,+21.2,+21.1,+21.1,+25.4,+24.7,+24.8,+24.7,+24.8,+27,ESTP,0,0,+0,+0,+0.0168,+0,+0.0412,+0,+0,+0,05:55:01 27.03.2020
9742,+25.6,+14.5,+21.2,+21.1,+21.1,+25.4,+24.7,+24.8,+24.8,+24.8,+27,ESTP,0,0,+0,+0,+0.0169,+0,+0.0412,+0,+0,+0,05:56:01 27.03.2020
9743,+25.6,+14.5,+21.2,+21.1,+21.1,+25.4,+24.7,+24.8,+24.8,+24.8,+27,ESTP,0,0,+0,+0,+0.0169,+0,+0.0412,+0,+0,+0,05:57:01 27.03.2020
9744,+25.7,+14.5,+21.2,+21.1,+21.1,+25.4,+24.7,+24.8,+24.8,+24.8,+27,ESTP,0,0,+0,+0,+0.0169,+0,+0.0412,+0,+0,+0,05:58:01 27.03.2020
9745,+25.6,+14.5,+21.2,+21.1,+21.1,+25.4,+24.7,+24.8,+24.8,+24.8,+27,ESTP,0,0,+0,+0,+0.0169,+0,+0.0412,+0,+0,+0,05:59:01 27.03.2020
9746,+25.6,+14.5,+21.2,+21.1,+21.1,+25.4,+24.7,+24.8,+24.8,+24.8,+27,ESTP,0,0,+0,+0,+0.0169,+0,+0.0412,+0,+0,+0,06:00:01 27.03.2020
9747,+25.6,+14.5,+21.2,+21.1,+21.1,+25.4,+24.7,+24.8,+24.8,+24.8,+27,ESTP,0,0,+0,+0,+0.0169,+0,+0.0412,+0,+0,+0,06:01:01 27.03.2020
9748,+25.6,+14.5,+21.2,+21.1,+21.1,+25.4,+24.7,+24.8,+24.8,+24.8,+27,ESTP,0,0,+0,+0,+0.0169,+0,+0.0412,+0,+0,+0,06:02:01 27.03.2020
9749,+25.6,+14.5,+21.2,+21.1,+21.1,+25.4,+24.7,+24.8,+24.8,+24.8,+27,ESTP,0,0,+0,+0,+0.0169,+0,+0.0412,+0,+0,+0,06:03:01 27.03.2020
9750,+25.6,+14.5,+21.2,+21.1,+21.1,+25.4,+24.7,+24.8,+24.8,+24.8,+27,ESTP,0,0,+0,+0,+0.0169,+0,+0.0412,+0,+0,+0,06:04:01 27.03.2020
9751,+25.6,+14.5,+21.2,+21.1,+21.1,+25.4,+24.7,+24.8,+24.8,+24.8,+27,ESTP,0,0,+0,+0,+0.0169,+0,+0.0412,+0,+0,+0,06:05:01 27.03.2020
9752,+25.6,+14.5,+21.2,+21.1,+21.1,+25.4,+24.7,+24.8,+24.8,+24.8,+27,ESTP,0,0,+0,+0,+0.0169,+0,+0.0412,+0,+0,+0,06:06:01 27.03.2020
9753,+25.6,+14.5,+21.2,+21.1,+21.1,+25.4,+24.7,+24.8,+24.8,+24.8,+27,ESTP,0,0,+0,+0,+0.0169,+0,+0.0412,+0,+0,+0,06:07:01 27.03.2020
9754,+25.6,+14.5,+21.2,+21.1,+21.1,+25.4,+24.7,+24.8,+24.8,+24.8,+27,ESTP,0,0,+0,+0,+0.0169,+0,+0.0412,+0,+0,+0,06:08:01 27.03.2020
9755,+25.6,+14.5,+21.2,+21.1,+21.1,+25.4,+24.7,+24.8,+24.7,+24.8,+27,ESTP,0,0,+0,+0,+0.0169,+0,+0.0412,+0,+0,+0,06:09:01 27.03.2020
9756,+25.6,+14.5,+21.2,+21.1,+21.1,+25.4,+24.7,+24.8,+24.8,+24.8,+27,ESTP,0,0,+0,+0,+0.0169,+0,+0.0412,+0,+0,+0,06:10:01 27.03.2020
9757,+25.6,+14.5,+21.2,+21,+21.1,+25.4,+24.7,+24.8,+24.8,+24.8,+27,ESTP,0,0,+0,+0,+0.0169,+0,+0.0412,+0,+0,+0,06:11:01 27.03.2020
9758,+25.6,+14.5,+21.2,+21.1,+21.1,+25.4,+24.7,+24.8,+24.8,+24.8,+27,ESTP,0,0,+0,+0,+0.0169,+0,+0.0412,+0,+0,+0,06:12:01 27.03.2020
9759,+25.6,+14.5,+21.2,+21,+21.1,+25.4,+24.7,+24.8,+24.8,+24.8,+27,ESTP,0,0,+0,+0,+0.0169,+0,+0.0412,+0,+0,+0,06:13:01 27.03.2020
9760,+25.6,+14.5,+21.2,+21.1,+21.1,+25.4,+24.7,+24.8,+24.8,+24.8,+27,ESTP,0,0,+0,+0,+0.0169,+0,+0.0412,+0,+0,+0,06:14:01 27.03.2020
9761,+25.6,+14.5,+21.2,+21.1,+21.1,+25.4,+24.7,+24.8,+24.8,+24.8,+27,ESTP,0,0,+0,+0,+0.0169,+0,+0.0412,+0,+0,+0,06:15:01 27.03.2020
9762,+25.6,+14.5,+21.2,+21,+21.1,+25.4,+24.7,+24.8,+24.8,+24.8,+27,ESTP,0,0,+0,+0,+0.0169,+0,+0.0412,+0,+0,+0,06:16:01 27.03.2020
9763,+25.6,+14.5,+21.2,+21.1,+21.1,+25.4,+24.7,+24.8,+24.8,+24.8,+27,ESTP,0,0,+0,+0,+0.0169,+0,+0.0412,+0,+0,+0,06:17:01 27.03.2020
9764,+25.6,+14.5,+21.2,+21.1,+21.1,+25.4,+24.7,+24.8,+24.8,+24.8,+27,ESTP,0,0,+0,+0,+0.0169,+0,+0.0412,+0,+0,+0,06:18:01 27.03.2020
9765,+25.6,+14.5,+21.2,+21.1,+21.1,+25.4,+24.7,+24.8,+24.8,+24.8,+27,ESTP,0,0,+0,+0,+0.0169,+0,+0.0412,+0,+0,+0,06:19:01 27.03.2020
9766,+25.5,+14.5,+21.2,+21,+21.1,+25.4,+24.7,+24.8,+24.8,+24.8,+27,ESTP,0,0,+0,+0,+0.0169,+0,+0.0412,+0,+0,+0,06:20:01 27.03.2020
9767,+25.6,+14.5,+21.2,+21,+21.1,+25.4,+24.7,+24.8,+24.8,+24.8,+27,ESTP,0,0,+0,+0,+0.0169,+0,+0.0412,+0,+0,+0,06:21:01 27.03.2020
9768,+25.6,+14.5,+21.2,+21,+21.1,+25.4,+24.7,+24.8,+24.8,+24.8,+27,ESTP,0,0,+0,+0,+0.0169,+0,+0.0412,+0,+0,+0,06:22:01 27.03.2020
9769,+25.6,+14.5,+21.2,+21.1,+21.1,+25.4,+24.7,+24.8,+24.8,+24.8,+27,ESTP,0,0,+0,+0,+0.0169,+0,+0.0412,+0,+0,+0,06:23:01 27.03.2020
9770,+25.6,+14.4,+21.2,+21,+21.1,+25.4,+24.7,+24.8,+24.7,+24.8,+27,ESTP,0,0,+0,+0,+0.0168,+0,+0.0412,+0,+0,+0,06:24:01 27.03.2020
9771,+25.6,+14.5,+21.2,+21,+21.1,+25.4,+24.7,+24.8,+24.7,+24.8,+27,ESTP,0,0,+0,+0,+0.0168,+0,+0.0412,+0,+0,+0,06:25:01 27.03.2020
9772,+25.6,+14.4,+21.2,+21,+21.1,+25.4,+24.7,+24.8,+24.8,+24.8,+27,ESTP,0,0,+0,+0,+0.0169,+0,+0.0412,+0,+0,+0,06:26:01 27.03.2020
9773,+25.7,+14.5,+21.2,+21,+21.1,+25.4,+24.7,+24.8,+24.7,+24.8,+27,ESTP,0,0,+0,+0,+0.0168,+0,+0.0412,+0,+0,+0,06:27:01 27.03.2020
9774,+25.6,+14.4,+21.2,+21,+21.1,+25.4,+24.7,+24.8,+24.8,+24.8,+27,ESTP,0,0,+0,+0,+0.0169,+0,+0.0412,+0,+0,+0,06:28:01 27.03.2020
9775,+25.6,+14.4,+21.2,+21,+21.1,+25.4,+24.7,+24.8,+24.8,+24.8,+27,ESTP,0,0,+0,+0,+0.0169,+0,+0.0412,+0,+0,+0,06:29:01 27.03.2020
9776,+25.6,+14.4,+21.2,+21,+21.1,+25.4,+24.7,+24.8,+24.8,+24.8,+27,ESTP,0,0,+0,+0,+0.0169,+0,+0.0412,+0,+0,+0,06:30:01 27.03.2020
9777,+25.6,+14.5,+21.2,+21,+21.1,+25.4,+24.7,+24.8,+24.8,+24.8,+27,ESTP,0,0,+0,+0,+0.0169,+0,+0.0412,+0,+0,+0,06:31:01 27.03.2020
9778,+25.6,+14.5,+21.2,+21,+21.1,+25.4,+24.7,+24.8,+24.8,+24.8,+27,ESTP,0,0,+0,+0,+0.0169,+0,+0.0412,+0,+0,+0,06:32:01 27.03.2020
9779,+25.6,+14.4,+21.2,+21,+21.1,+25.4,+24.7,+24.8,+24.8,+24.8,+27,ESTP,0,0,+0,+0,+0.0169,+0,+0.0412,+0,+0,+0,06:33:01 27.03.2020
9780,+25.6,+14.5,+21.2,+21,+21.1,+25.4,+24.7,+24.8,+24.8,+24.8,+27,ESTP,0,0,+0,+0,+0.0169,+0,+0.0412,+0,+0,+0,06:34:01 27.03.2020
9781,+25.6,+14.5,+21.2,+21,+21.1,+25.4,+24.7,+24.8,+24.8,+24.8,+27,ESTP,0,0,+0,+0,+0.0169,+0,+0.0412,+0,+0,+0,06:35:01 27.03.2020
9782,+25.6,+14.4,+21.2,+21,+21.1,+25.4,+24.7,+24.8,+24.8,+24.8,+27,ESTP,0,0,+0,+0,+0.0169,+0,+0.0412,+0,+0,+0,06:36:01 27.03.2020
9783,+25.6,+14.4,+21.2,+21,+21.1,+25.4,+24.7,+24.8,+24.8,+24.8,+27,ESTP,0,0,+0,+0,+0.0169,+0,+0.0412,+0,+0,+0,06:37:01 27.03.2020
9784,+25.6,+14.4,+21.2,+21,+21.1,+25.4,+24.7,+24.8,+24.8,+24.8,+27,ESTP,0,0,+0,+0,+0.0169,+0,+0.0412,+0,+0,+0,06:38:01 27.03.2020
9785,+25.6,+14.4,+21.2,+21,+21.1,+25.4,+24.7,+24.8,+24.7,+24.8,+27,ESTP,0,0,+0,+0,+0.0168,+0,+0.0412,+0,+0,+0,06:39:01 27.03.2020
9786,+25.6,+14.4,+21.2,+21,+21.1,+25.4,+24.7,+24.8,+24.8,+24.8,+27,ESTP,0,0,+0,+0,+0.0169,+0,+0.0412,+0,+0,+0,06:40:01 27.03.2020
9787,+25.6,+14.4,+21.2,+21,+21.1,+25.4,+24.7,+24.8,+24.8,+24.8,+27,ESTP,0,0,+0,+0,+0.0169,+0,+0.0412,+0,+0,+0,06:41:01 27.03.2020
9788,+25.6,+14.4,+21.2,+21,+21.1,+25.4,+24.7,+24.8,+24.8,+24.8,+27,ESTP,0,0,+0,+0,+0.0169,+0,+0.0412,+0,+0,+0,06:42:01 27.03.2020
9789,+25.6,+14.4,+21.2,+21,+21.1,+25.4,+24.7,+24.8,+24.8,+24.8,+27,ESTP,0,0,+0,+0,+0.0169,+0,+0.0412,+0,+0,+0,06:43:01 27.03.2020
9790,+25.6,+14.4,+21.2,+21,+21.1,+25.4,+24.7,+24.8,+24.8,+24.8,+27,ESTP,0,0,+0,+0,+0.0169,+0,+0.0412,+0,+0,+0,06:44:01 27.03.2020
9791,+25.6,+14.4,+21.2,+21,+21.1,+25.4,+24.7,+24.8,+24.8,+24.8,+27,ESTP,0,0,+0,+0,+0.0169,+0,+0.0412,+0,+0,+0,06:45:01 27.03.2020
9792,+25.6,+14.4,+21.2,+21,+21.1,+25.4,+24.7,+24.8,+24.8,+24.8,+27,ESTP,0,0,+0,+0,+0.0169,+0,+0.0412,+0,+0,+0,06:46:01 27.03.2020
9793,+25.6,+14.4,+21.2,+21,+21.1,+25.4,+24.7,+24.8,+24.8,+24.8,+27,ESTP,0,0,+0,+0,+0.0169,+0,+0.0412,+0,+0,+0,06:47:01 27.03.2020
9794,+25.6,+14.4,+21.2,+21,+21.1,+25.4,+24.7,+24.8,+24.8,+24.8,+27,ESTP,0,0,+0,+0,+0.0169,+0,+0.0412,+0,+0,+0,06:48:01 27.03.2020
9795,+25.5,+14.4,+21.2,+21,+21.1,+25.4,+24.7,+24.8,+24.8,+24.8,+27,ESTP,0,0,+0,+0,+0.0169,+0,+0.0412,+0,+0,+0,06:49:01 27.03.2020
9796,+25.5,+14.4,+21.2,+21,+21.1,+25.4,+24.7,+24.8,+24.8,+24.8,+27,ESTP,0,0,+0,+0,+0.0169,+0,+0.0412,+0,+0,+0,06:50:01 27.03.2020
9797,+25.5,+14.4,+21.2,+21,+21.1,+25.4,+24.7,+24.8,+24.8,+24.8,+27,ESTP,0,0,+0,+0,+0.0169,+0,+0.0412,+0,+0,+0,06:51:01 27.03.2020
9798,+25.6,+14.4,+21.2,+21,+21.1,+25.4,+24.7,+24.8,+24.8,+24.8,+27,ESTP,0,0,+0,+0,+0.0169,+0,+0.0412,+0,+0,+0,06:52:01 27.03.2020
9799,+25.6,+14.4,+21.2,+21,+21.1,+25.4,+24.7,+24.8,+24.8,+24.8,+27,ESTP,0,0,+0,+0,+0.0169,+0,+0.0412,+0,+0,+0,06:53:01 27.03.2020
9800,+25.6,+14.4,+21.2,+21,+21.1,+25.4,+24.7,+24.8,+24.7,+24.8,+27,ESTP,0,0,+0,+0,+0.0168,+0,+0.0412,+0,+0,+0,06:54:01 27.03.2020
9801,+25.6,+14.4,+21.2,+21,+21.1,+25.4,+24.7,+24.8,+24.8,+24.8,+27,ESTP,0,0,+0,+0,+0.0169,+0,+0.0412,+0,+0,+0,06:55:01 27.03.2020
9802,+25.6,+14.4,+21.2,+21,+21.1,+25.4,+24.7,+24.8,+24.8,+24.8,+27,ESTP,0,0,+0,+0,+0.0169,+0,+0.0412,+0,+0,+0,06:56:01 27.03.2020
9803,+25.6,+14.4,+21.2,+21,+21.1,+25.4,+24.7,+24.8,+24.8,+24.8,+27,ESTP,0,0,+0,+0,+0.0169,+0,+0.0412,+0,+0,+0,06:57:01 27.03.2020
9804,+25.6,+14.4,+21.2,+21,+21.1,+25.4,+24.7,+24.8,+24.8,+24.8,+27,ESTP,0,0,+0,+0,+0.0169,+0,+0.0412,+0,+0,+0,06:58:01 27.03.2020
9805,+25.6,+14.4,+21.2,+21,+21.1,+25.4,+24.7,+24.8,+24.7,+24.8,+27,ESTP,0,0,+0,+0,+0.0168,+0,+0.0412,+0,+0,+0,06:59:01 27.03.2020
9806,+25.6,+14.4,+21.2,+21,+21.1,+25.4,+24.7,+24.8,+24.8,+24.8,+27,ESTP,0,0,+0,+0,+0.0169,+0,+0.0412,+0,+0,+0,07:00:01 27.03.2020
9807,+25.6,+14.4,+21.2,+21,+21.1,+25.4,+24.7,+24.8,+24.8,+24.8,+27,ESTP,0,0,+0,+0,+0.0169,+0,+0.0412,+0,+0,+0,07:01:01 27.03.2020
9808,+25.6,+14.4,+21.2,+21,+21.1,+25.4,+24.7,+24.8,+24.8,+24.8,+27,ESTP,0,0,+0,+0,+0.0169,+0,+0.0412,+0,+0,+0,07:02:01 27.03.2020
9809,+25.6,+14.4,+21.2,+21,+21.1,+25.4,+24.7,+24.8,+24.8,+24.8,+27,ESTP,0,0,+0,+0,+0.0169,+0,+0.0412,+0,+0,+0,07:03:01 27.03.2020
9810,+25.5,+14.4,+21.2,+21,+21.1,+25.4,+24.7,+24.8,+24.7,+24.8,+27,ESTP,0,0,+0,+0,+0.0168,+0,+0.0412,+0,+0,+0,07:04:01 27.03.2020
9811,+25.5,+14.4,+21.2,+21,+21.1,+25.4,+24.7,+24.8,+24.7,+24.8,+27,ESTP,0,0,+0,+0,+0.0168,+0,+0.0412,+0,+0,+0,07:05:01 27.03.2020
9812,+25.5,+14.4,+21.2,+21,+21.1,+25.4,+24.7,+24.8,+24.8,+24.8,+27,ESTP,0,0,+0,+0,+0.0169,+0,+0.0412,+0,+0,+0,07:06:01 27.03.2020
9813,+25.6,+14.4,+21.2,+21,+21.1,+25.4,+24.7,+24.8,+24.7,+24.8,+27,ESTP,0,0,+0,+0,+0.0169,+0,+0.0412,+0,+0,+0,07:07:01 27.03.2020
9814,+25.6,+14.4,+21.2,+21,+21.1,+25.4,+24.7,+24.8,+24.7,+24.8,+27,ESTP,0,0,+0,+0,+0.0168,+0,+0.0412,+0,+0,+0,07:08:01 27.03.2020
9815,+25.6,+14.4,+21.2,+21,+21.1,+25.4,+24.7,+24.8,+24.7,+24.8,+27,ESTP,0,0,+0,+0,+0.0168,+0,+0.0412,+0,+0,+0,07:09:01 27.03.2020
9816,+25.6,+14.4,+21.2,+21,+21.1,+25.4,+24.7,+24.8,+24.8,+24.8,+27,ESTP,0,0,+0,+0,+0.0169,+0,+0.0412,+0,+0,+0,07:10:01 27.03.2020
9817,+25.6,+14.4,+21.2,+21,+21.1,+25.4,+24.7,+24.8,+24.7,+24.8,+27,ESTP,0,0,+0,+0,+0.0168,+0,+0.0412,+0,+0,+0,07:11:01 27.03.2020
9818,+25.6,+14.4,+21.2,+21,+21.1,+25.4,+24.7,+24.8,+24.7,+24.8,+27,ESTP,0,0,+0,+0,+0.0168,+0,+0.0412,+0,+0,+0,07:12:01 27.03.2020
9819,+25.6,+14.4,+21.2,+21,+21.1,+25.4,+24.7,+24.8,+24.8,+24.8,+27,ESTP,0,0,+0,+0,+0.0169,+0,+0.0412,+0,+0,+0,07:13:01 27.03.2020
9820,+25.6,+14.4,+21.2,+21,+21.1,+25.4,+24.7,+24.8,+24.8,+24.8,+27,ESTP,0,0,+0,+0,+0.0169,+0,+0.0412,+0,+0,+0,07:14:01 27.03.2020
9821,+25.6,+14.4,+21.2,+21,+21.1,+25.4,+24.7,+24.8,+24.8,+24.8,+27,ESTP,0,0,+0,+0,+0.0169,+0,+0.0412,+0,+0,+0,07:15:01 27.03.2020
9822,+25.6,+14.4,+21.2,+21,+21.1,+25.4,+24.7,+24.8,+24.8,+24.8,+27,ESTP,0,0,+0,+0,+0.0169,+0,+0.0412,+0,+0,+0,07:16:01 27.03.2020
9823,+25.6,+14.4,+21.2,+21,+21.1,+25.4,+24.7,+24.8,+24.8,+24.8,+27,ESTP,0,0,+0,+0,+0.0169,+0,+0.0412,+0,+0,+0,07:17:01 27.03.2020
9824,+25.5,+14.4,+21.2,+21,+21.1,+25.4,+24.7,+24.8,+24.8,+24.8,+27,ESTP,0,0,+0,+0,+0.0169,+0,+0.0412,+0,+0,+0,07:18:01 27.03.2020
9825,+25.5,+14.4,+21.2,+21,+21.1,+25.4,+24.7,+24.8,+24.8,+24.8,+27,ESTP,0,0,+0,+0,+0.0169,+0,+0.0412,+0,+0,+0,07:19:01 27.03.2020
9826,+25.5,+14.4,+21.2,+21,+21.1,+25.4,+24.7,+24.8,+24.8,+24.8,+27,ESTP,0,0,+0,+0,+0.0169,+0,+0.0412,+0,+0,+0,07:20:01 27.03.2020
9827,+25.6,+14.4,+21.2,+21,+21.1,+25.4,+24.7,+24.8,+24.7,+24.8,+27,ESTP,0,0,+0,+0,+0.0168,+0,+0.0412,+0,+0,+0,07:21:01 27.03.2020
9828,+25.6,+14.4,+21.2,+21,+21.1,+25.4,+24.7,+24.8,+24.8,+24.8,+27,ESTP,0,0,+0,+0,+0.0169,+0,+0.0412,+0,+0,+0,07:22:01 27.03.2020
9829,+25.6,+14.4,+21.2,+21,+21.1,+25.4,+24.7,+24.8,+24.7,+24.8,+27,ESTP,0,0,+0,+0,+0.0168,+0,+0.0412,+0,+0,+0,07:23:01 27.03.2020
9830,+25.6,+14.4,+21.2,+21,+21.1,+25.4,+24.7,+24.8,+24.8,+24.8,+27,ESTP,0,0,+0,+0,+0.0169,+0,+0.0412,+0,+0,+0,07:24:01 27.03.2020
9831,+25.6,+14.4,+21.2,+21,+21.1,+25.4,+24.7,+24.8,+24.8,+24.8,+27,ESTP,0,0,+0,+0,+0.0169,+0,+0.0412,+0,+0,+0,07:25:01 27.03.2020
9832,+25.6,+14.4,+21.2,+21,+21.1,+25.4,+24.7,+24.8,+24.7,+24.8,+27,ESTP,0,0,+0,+0,+0.0168,+0,+0.0412,+0,+0,+0,07:26:01 27.03.2020
9833,+25.6,+14.4,+21.2,+21,+21.1,+25.4,+24.7,+24.8,+24.7,+24.8,+27,ESTP,0,0,+0,+0,+0.0168,+0,+0.0412,+0,+0,+0,07:27:01 27.03.2020
9834,+25.6,+14.4,+21.2,+21,+21.1,+25.4,+24.7,+24.8,+24.7,+24.8,+27,ESTP,0,0,+0,+0,+0.0168,+0,+0.0412,+0,+0,+0,07:28:01 27.03.2020
9835,+25.6,+14.4,+21.2,+21,+21.1,+25.4,+24.7,+24.8,+24.8,+24.8,+27,ESTP,0,0,+0,+0,+0.0169,+0,+0.0412,+0,+0,+0,07:29:01 27.03.2020
9836,+25.6,+14.4,+21.2,+21,+21.1,+25.4,+24.7,+24.8,+24.8,+24.8,+27,ESTP,0,0,+0,+0,+0.0169,+0,+0.0412,+0,+0,+0,07:30:01 27.03.2020
9837,+25.6,+14.4,+21.2,+21,+21.1,+25.4,+24.7,+24.8,+24.8,+24.8,+27,ESTP,0,0,+0,+0,+0.0169,+0,+0.0412,+0,+0,+0,07:31:01 27.03.2020
9838,+25.6,+14.4,+21.2,+21,+21.1,+25.4,+24.7,+24.8,+24.8,+24.8,+27,ESTP,0,0,+0,+0,+0.0169,+0,+0.0412,+0,+0,+0,07:32:01 27.03.2020
9839,+25.5,+14.4,+21.2,+21,+21.1,+25.4,+24.7,+24.8,+24.8,+24.8,+27,ESTP,0,0,+0,+0,+0.0169,+0,+0.0412,+0,+0,+0,07:33:01 27.03.2020
9840,+25.5,+14.4,+21.2,+21,+21.1,+25.4,+24.7,+24.8,+24.8,+24.8,+27,ESTP,0,0,+0,+0,+0.0169,+0,+0.0412,+0,+0,+0,07:34:01 27.03.2020
9841,+25.6,+14.4,+21.2,+21,+21.1,+25.4,+24.7,+24.8,+24.8,+24.8,+27,ESTP,0,0,+0,+0,+0.0169,+0,+0.0412,+0,+0,+0,07:35:01 27.03.2020
9842,+25.6,+14.4,+21.2,+21,+21.1,+25.4,+24.7,+24.8,+24.7,+24.8,+27,ESTP,0,0,+0,+0,+0.0168,+0,+0.0412,+0,+0,+0,07:36:01 27.03.2020
9843,+25.6,+14.4,+21.2,+21,+21.1,+25.4,+24.7,+24.8,+24.8,+24.8,+27,ESTP,0,0,+0,+0,+0.0169,+0,+0.0412,+0,+0,+0,07:37:01 27.03.2020
9844,+25.6,+14.4,+21.2,+21,+21.1,+25.4,+24.7,+24.8,+24.8,+24.8,+27,ESTP,0,0,+0,+0,+0.0169,+0,+0.0412,+0,+0,+0,07:38:01 27.03.2020
9845,+25.6,+14.4,+21.2,+21,+21.1,+25.4,+24.7,+24.8,+24.8,+24.8,+27,ESTP,0,0,+0,+0,+0.0169,+0,+0.0412,+0,+0,+0,07:39:01 27.03.2020
9846,+25.6,+14.4,+21.2,+21,+21.1,+25.4,+24.7,+24.8,+24.8,+24.8,+27,ESTP,0,0,+0,+0,+0.0169,+0,+0.0412,+0,+0,+0,07:40:01 27.03.2020
9847,+25.6,+14.4,+21.2,+21,+21.1,+25.4,+24.7,+24.8,+24.8,+24.8,+27,ESTP,0,0,+0,+0,+0.0169,+0,+0.0412,+0,+0,+0,07:41:01 27.03.2020
9848,+25.6,+14.4,+21.2,+21,+21.1,+25.4,+24.7,+24.8,+24.8,+24.8,+27,ESTP,0,0,+0,+0,+0.0169,+0,+0.0412,+0,+0,+0,07:42:01 27.03.2020
9849,+25.6,+14.4,+21.2,+21,+21.1,+25.4,+24.7,+24.8,+24.8,+24.8,+27,ESTP,0,0,+0,+0,+0.0169,+0,+0.0412,+0,+0,+0,07:43:01 27.03.2020
9850,+25.6,+14.4,+21.2,+21,+21.1,+25.4,+24.7,+24.8,+24.8,+24.8,+27,ESTP,0,0,+0,+0,+0.0169,+0,+0.0412,+0,+0,+0,07:44:01 27.03.2020
9851,+25.6,+14.4,+21.2,+21,+21.1,+25.4,+24.7,+24.8,+24.8,+24.8,+27,ESTP,0,0,+0,+0,+0.0169,+0,+0.0412,+0,+0,+0,07:45:01 27.03.2020
9852,+25.6,+14.4,+21.2,+21,+21.1,+25.4,+24.7,+24.8,+24.8,+24.8,+27,ESTP,0,0,+0,+0,+0.0169,+0,+0.0412,+0,+0,+0,07:46:01 27.03.2020
9853,+25.6,+14.4,+21.2,+21,+21.1,+25.4,+24.7,+24.8,+24.8,+24.8,+27,ESTP,0,0,+0,+0,+0.0169,+0,+0.0412,+0,+0,+0,07:47:01 27.03.2020
9854,+25.6,+14.4,+21.2,+21,+21.1,+25.4,+24.7,+24.8,+24.8,+24.8,+27,ESTP,0,0,+0,+0,+0.0169,+0,+0.0412,+0,+0,+0,07:48:01 27.03.2020
9855,+25.5,+14.4,+21.2,+21,+21.1,+25.4,+24.7,+24.8,+24.8,+24.8,+27,ESTP,0,0,+0,+0,+0.0169,+0,+0.0412,+0,+0,+0,07:49:01 27.03.2020
9856,+25.5,+14.4,+21.2,+21,+21.1,+25.4,+24.7,+24.8,+24.8,+24.8,+27,ESTP,0,0,+0,+0,+0.0169,+0,+0.0412,+0,+0,+0,07:50:01 27.03.2020
9857,+25.6,+14.4,+21.2,+21,+21.1,+25.4,+24.7,+24.8,+24.8,+24.8,+27,ESTP,0,0,+0,+0,+0.0169,+0,+0.0412,+0,+0,+0,07:51:01 27.03.2020
9858,+25.6,+14.4,+21.2,+21,+21.1,+25.4,+24.7,+24.8,+24.8,+24.8,+27,ESTP,0,0,+0,+0,+0.0169,+0,+0.0412,+0,+0,+0,07:52:01 27.03.2020
9859,+25.6,+14.4,+21.2,+21,+21.1,+25.4,+24.7,+24.8,+24.8,+24.8,+27,ESTP,0,0,+0,+0,+0.0169,+0,+0.0412,+0,+0,+0,07:53:01 27.03.2020
9860,+25.6,+14.4,+21.2,+21,+21.1,+25.4,+24.7,+24.8,+24.8,+24.8,+27,ESTP,0,0,+0,+0,+0.0169,+0,+0.0412,+0,+0,+0,07:54:01 27.03.2020
9861,+25.6,+14.4,+21.2,+21,+21.1,+25.4,+24.7,+24.8,+24.8,+24.8,+27,ESTP,0,0,+0,+0,+0.0169,+0,+0.0412,+0,+0,+0,07:55:01 27.03.2020
9862,+25.6,+14.4,+21.2,+21,+21.1,+25.4,+24.7,+24.8,+24.8,+24.8,+27,ESTP,0,0,+0,+0,+0.0169,+0,+0.0412,+0,+0,+0,07:56:01 27.03.2020
9863,+25.6,+14.4,+21.2,+21,+21.1,+25.4,+24.7,+24.8,+24.8,+24.8,+27,ESTP,0,0,+0,+0,+0.0169,+0,+0.0412,+0,+0,+0,07:57:01 27.03.2020
9864,+25.6,+14.4,+21.2,+21,+21.1,+25.4,+24.7,+24.8,+24.8,+24.8,+27,ESTP,0,0,+0,+0,+0.0169,+0,+0.0412,+0,+0,+0,07:58:01 27.03.2020
9865,+25.6,+14.4,+21.2,+21,+21.1,+25.4,+24.7,+24.8,+24.8,+24.8,+27,ESTP,0,0,+0,+0,+0.0169,+0,+0.0412,+0,+0,+0,07:59:01 27.03.2020
9866,+25.6,+14.4,+21.2,+21,+21.1,+25.4,+24.7,+24.8,+24.8,+24.8,+27,ESTP,0,0,+0,+0,+0.0169,+0,+0.0412,+0,+0,+0,08:00:01 27.03.2020
9867,+25.6,+14.4,+21.2,+21,+21.1,+25.4,+24.7,+24.8,+24.8,+24.8,+27,ESTP,0,0,+0,+0,+0.0169,+0,+0.0412,+0,+0,+0,08:01:01 27.03.2020
9868,+25.6,+14.4,+21.2,+21,+21.1,+25.4,+24.7,+24.8,+24.8,+24.8,+27,ESTP,0,0,+0,+0,+0.0169,+0,+0.0412,+0,+0,+0,08:02:01 27.03.2020
9869,+25.5,+14.4,+21.2,+21,+21.1,+25.4,+24.7,+24.8,+24.8,+24.8,+27,ESTP,0,0,+0,+0,+0.0169,+0,+0.0412,+0,+0,+0,08:03:01 27.03.2020
9870,+25.5,+14.4,+21.2,+21,+21.1,+25.4,+24.7,+24.8,+24.8,+24.8,+27,ESTP,0,0,+0,+0,+0.0169,+0,+0.0412,+0,+0,+0,08:04:01 27.03.2020
9871,+25.5,+14.4,+21.2,+21,+21.1,+25.4,+24.7,+24.8,+24.8,+24.8,+27,ESTP,0,0,+0,+0,+0.0169,+0,+0.0412,+0,+0,+0,08:05:01 27.03.2020
9872,+25.5,+14.4,+21.2,+21,+21.1,+25.4,+24.7,+24.8,+24.8,+24.8,+27,ESTP,0,0,+0,+0,+0.0169,+0,+0.0412,+0,+0,+0,08:06:01 27.03.2020
9873,+25.6,+14.4,+21.2,+21,+21.1,+25.4,+24.7,+24.8,+24.7,+24.8,+27,ESTP,0,0,+0,+0,+0.0168,+0,+0.0412,+0,+0,+0,08:07:01 27.03.2020
9874,+25.6,+14.4,+21.2,+21,+21.1,+25.4,+24.7,+24.8,+24.8,+24.8,+27,ESTP,0,0,+0,+0,+0.0169,+0,+0.0412,+0,+0,+0,08:08:01 27.03.2020
9875,+25.6,+14.4,+21.2,+21,+21.1,+25.4,+24.7,+24.8,+24.8,+24.8,+27,ESTP,0,0,+0,+0,+0.0169,+0,+0.0412,+0,+0,+0,08:09:01 27.03.2020
9876,+25.6,+14.4,+21.2,+21,+21.1,+25.4,+24.7,+24.8,+24.8,+24.8,+27,ESTP,0,0,+0,+0,+0.0169,+0,+0.0412,+0,+0,+0,08:10:01 27.03.2020
9877,+25.6,+14.4,+21.2,+21,+21.1,+25.4,+24.7,+24.8,+24.8,+24.8,+27,ESTP,0,0,+0,+0,+0.0169,+0,+0.0412,+0,+0,+0,08:11:01 27.03.2020
9878,+25.6,+14.4,+21.2,+21,+21.1,+25.4,+24.7,+24.8,+24.8,+24.8,+27,ESTP,0,0,+0,+0,+0.0169,+0,+0.0412,+0,+0,+0,08:12:01 27.03.2020
9879,+25.6,+14.4,+21.2,+21,+21.1,+25.4,+24.7,+24.8,+24.8,+24.8,+27,ESTP,0,0,+0,+0,+0.0169,+0,+0.0412,+0,+0,+0,08:13:01 27.03.2020
9880,+25.6,+14.4,+21.2,+21,+21.1,+25.4,+24.7,+24.8,+24.8,+24.8,+27,ESTP,0,0,+0,+0,+0.0169,+0,+0.0412,+0,+0,+0,08:14:01 27.03.2020
9881,+25.6,+14.4,+21.2,+21,+21.1,+25.4,+24.7,+24.8,+24.8,+24.8,+27,ESTP,0,0,+0,+0,+0.0169,+0,+0.0412,+0,+0,+0,08:15:01 27.03.2020
9882,+25.6,+14.4,+21.2,+21,+21.1,+25.4,+24.7,+24.8,+24.8,+24.8,+27,ESTP,0,0,+0,+0,+0.0169,+0,+0.0412,+0,+0,+0,08:16:01 27.03.2020
9883,+25.6,+14.4,+21.2,+21,+21.1,+25.4,+24.7,+24.8,+24.8,+24.8,+27,ESTP,0,0,+0,+0,+0.0169,+0,+0.0412,+0,+0,+0,08:17:01 27.03.2020
9884,+25.5,+14.4,+21.2,+21,+21.1,+25.4,+24.7,+24.8,+24.8,+24.8,+27,ESTP,0,0,+0,+0,+0.0169,+0,+0.0412,+0,+0,+0,08:18:01 27.03.2020
9885,+25.5,+14.4,+21.2,+21,+21.1,+25.4,+24.7,+24.8,+24.8,+24.8,+27,ESTP,0,0,+0,+0,+0.0169,+0,+0.0412,+0,+0,+0,08:19:01 27.03.2020
9886,+25.5,+14.4,+21.2,+21,+21.1,+25.4,+24.7,+24.8,+24.8,+24.8,+27,ESTP,0,0,+0,+0,+0.0169,+0,+0.0412,+0,+0,+0,08:20:01 27.03.2020
9887,+25.5,+14.4,+21.2,+21,+21.1,+25.4,+24.7,+24.8,+24.8,+24.8,+27,ESTP,0,0,+0,+0,+0.0169,+0,+0.0412,+0,+0,+0,08:21:01 27.03.2020
9888,+25.6,+14.4,+21.2,+21,+21.1,+25.4,+24.7,+24.8,+24.7,+24.8,+27,ESTP,0,0,+0,+0,+0.0168,+0,+0.0412,+0,+0,+0,08:22:01 27.03.2020
9889,+25.6,+14.4,+21.2,+21,+21.1,+25.4,+24.7,+24.8,+24.7,+24.8,+27,ESTP,0,0,+0,+0,+0.0168,+0,+0.0412,+0,+0,+0,08:23:01 27.03.2020
9890,+25.6,+14.4,+21.2,+21,+21.1,+25.4,+24.7,+24.8,+24.8,+24.8,+27,ESTP,0,0,+0,+0,+0.0169,+0,+0.0412,+0,+0,+0,08:24:01 27.03.2020
9891,+25.6,+14.4,+21.2,+21,+21.1,+25.4,+24.7,+24.8,+24.7,+24.8,+27,ESTP,0,0,+0,+0,+0.0168,+0,+0.0412,+0,+0,+0,08:25:01 27.03.2020
9892,+25.6,+14.4,+21.2,+21,+21.1,+25.4,+24.7,+24.8,+24.7,+24.8,+27,ESTP,0,0,+0,+0,+0.0168,+0,+0.0412,+0,+0,+0,08:26:01 27.03.2020
9893,+25.6,+14.4,+21.2,+21,+21.1,+25.4,+24.7,+24.8,+24.8,+24.8,+27,ESTP,0,0,+0,+0,+0.0169,+0,+0.0412,+0,+0,+0,08:27:01 27.03.2020
9894,+25.6,+14.4,+21.2,+21,+21.1,+25.4,+24.7,+24.8,+24.8,+24.8,+27,ESTP,0,0,+0,+0,+0.0169,+0,+0.0412,+0,+0,+0,08:28:01 27.03.2020
9895,+25.6,+14.4,+21.2,+21,+21.1,+25.4,+24.7,+24.8,+24.8,+24.8,+27,ESTP,0,0,+0,+0,+0.0169,+0,+0.0412,+0,+0,+0,08:29:01 27.03.2020
9896,+25.6,+14.4,+21.2,+21,+21.1,+25.4,+24.7,+24.8,+24.8,+24.8,+27,ESTP,0,0,+0,+0,+0.0169,+0,+0.0412,+0,+0,+0,08:30:01 27.03.2020
9897,+25.6,+14.4,+21.2,+21,+21.1,+25.4,+24.7,+24.8,+24.8,+24.8,+27,ESTP,0,0,+0,+0,+0.0169,+0,+0.0412,+0,+0,+0,08:31:01 27.03.2020
9898,+25.6,+14.4,+21.2,+21,+21.1,+25.4,+24.7,+24.8,+24.8,+24.8,+27,ESTP,0,0,+0,+0,+0.0169,+0,+0.0412,+0,+0,+0,08:32:01 27.03.2020
9899,+25.6,+14.4,+21.2,+21,+21.1,+25.4,+24.7,+24.8,+24.8,+24.8,+27,ESTP,0,0,+0,+0,+0.0169,+0,+0.0412,+0,+0,+0,08:33:01 27.03.2020
9900,+25.5,+14.4,+21.2,+21,+21.1,+25.4,+24.7,+24.8,+24.8,+24.8,+27,ESTP,0,0,+0,+0,+0.0169,+0,+0.0412,+0,+0,+0,08:34:01 27.03.2020
9901,+25.5,+14.4,+21.2,+21,+21.1,+25.4,+24.7,+24.8,+24.8,+24.8,+27,ESTP,0,0,+0,+0,+0.0169,+0,+0.0412,+0,+0,+0,08:35:01 27.03.2020
9902,+25.5,+14.4,+21.2,+21,+21.1,+25.4,+24.7,+24.8,+24.8,+24.8,+27,ESTP,0,0,+0,+0,+0.0169,+0,+0.0412,+0,+0,+0,08:36:01 27.03.2020
9903,+25.5,+14.4,+21.2,+21,+21.1,+25.4,+24.7,+24.8,+24.8,+24.8,+27,ESTP,0,0,+0,+0,+0.0169,+0,+0.0412,+0,+0,+0,08:37:01 27.03.2020
9904,+25.6,+14.4,+21.2,+21,+21.1,+25.4,+24.7,+24.8,+24.8,+24.8,+27,ESTP,0,0,+0,+0,+0.0169,+0,+0.0412,+0,+0,+0,08:38:01 27.03.2020
9905,+25.6,+14.4,+21.2,+21,+21.1,+25.4,+24.7,+24.8,+24.7,+24.8,+27,ESTP,0,0,+0,+0,+0.0169,+0,+0.0412,+0,+0,+0,08:39:01 27.03.2020
9906,+25.6,+14.4,+21.2,+21,+21.1,+25.4,+24.7,+24.8,+24.7,+24.8,+27,ESTP,0,0,+0,+0,+0.0168,+0,+0.0412,+0,+0,+0,08:40:01 27.03.2020
9907,+25.6,+14.4,+21.2,+21,+21.1,+25.4,+24.7,+24.8,+24.7,+24.8,+27,ESTP,0,0,+0,+0,+0.0168,+0,+0.0412,+0,+0,+0,08:41:01 27.03.2020
9908,+25.6,+14.4,+21.2,+21,+21.1,+25.4,+24.7,+24.8,+24.8,+24.8,+27,ESTP,0,0,+0,+0,+0.0169,+0,+0.0412,+0,+0,+0,08:42:01 27.03.2020
9909,+25.6,+14.4,+21.2,+21,+21.1,+25.4,+24.7,+24.8,+24.8,+24.8,+27,ESTP,0,0,+0,+0,+0.0169,+0,+0.0412,+0,+0,+0,08:43:01 27.03.2020
9910,+25.6,+14.4,+21.2,+21,+21.1,+25.4,+24.7,+24.8,+24.8,+24.8,+27,ESTP,0,0,+0,+0,+0.0169,+0,+0.0412,+0,+0,+0,08:44:01 27.03.2020
9911,+25.6,+14.4,+21.2,+21,+21.1,+25.4,+24.7,+24.8,+24.8,+24.8,+27,ESTP,0,0,+0,+0,+0.0169,+0,+0.0412,+0,+0,+0,08:45:01 27.03.2020
9912,+25.6,+14.4,+21.2,+21,+21.1,+25.4,+24.7,+24.8,+24.8,+24.8,+27,ESTP,0,0,+0,+0,+0.0169,+0,+0.0412,+0,+0,+0,08:46:01 27.03.2020
9913,+25.6,+14.4,+21.2,+21,+21.1,+25.4,+24.7,+24.8,+24.8,+24.8,+27,ESTP,0,0,+0,+0,+0.0169,+0,+0.0412,+0,+0,+0,08:47:01 27.03.2020
9914,+25.6,+14.4,+21.2,+21,+21.1,+25.4,+24.7,+24.8,+24.8,+24.8,+26.8,ESTP,0,0,+0,+0,+0.0169,+0,+0.0412,+0,+0,+0,08:48:01 27.03.2020
9915,+25.5,+14.4,+21.2,+21,+21.1,+25.4,+24.7,+24.8,+24.8,+24.8,+27,ESTP,0,0,+0,+0,+0.0169,+0,+0.0412,+0,+0,+0,08:49:01 27.03.2020
9916,+25.5,+14.4,+21.2,+21,+21.1,+25.4,+24.7,+24.8,+24.8,+24.8,+27,ESTP,0,0,+0,+0,+0.0169,+0,+0.0412,+0,+0,+0,08:50:01 27.03.2020
9917,+25.5,+14.4,+21.2,+21,+21.1,+25.4,+24.7,+24.8,+24.8,+24.8,+27,ESTP,0,0,+0,+0,+0.0169,+0,+0.0412,+0,+0,+0,08:51:01 27.03.2020
9918,+25.5,+14.4,+21.2,+21,+21.1,+25.4,+24.7,+24.8,+24.8,+24.8,+27,ESTP,0,0,+0,+0,+0.0169,+0,+0.0412,+0,+0,+0,08:52:01 27.03.2020
9919,+25.5,+14.4,+21.2,+21,+21.1,+25.4,+24.7,+24.8,+24.8,+24.8,+27,ESTP,0,0,+0,+0,+0.0169,+0,+0.0412,+0,+0,+0,08:53:01 27.03.2020
9920,+25.6,+14.4,+21.2,+21,+21.1,+25.4,+24.7,+24.8,+24.8,+24.8,+27,ESTP,0,0,+0,+0,+0.0169,+0,+0.0412,+0,+0,+0,08:54:01 27.03.2020
9921,+25.6,+14.4,+21.2,+21,+21.1,+25.4,+24.7,+24.8,+24.8,+24.8,+27,ESTP,0,0,+0,+0,+0.0169,+0,+0.0412,+0,+0,+0,08:55:01 27.03.2020
9922,+25.6,+14.4,+21.2,+21,+21.1,+25.4,+24.7,+24.8,+24.7,+24.8,+27,ESTP,0,0,+0,+0,+0.0168,+0,+0.0412,+0,+0,+0,08:56:01 27.03.2020
9923,+25.6,+14.4,+21.2,+21,+21.1,+25.4,+24.7,+24.8,+24.7,+24.8,+27,ESTP,0,0,+0,+0,+0.0168,+0,+0.0412,+0,+0,+0,08:57:01 27.03.2020
9924,+25.6,+14.4,+21.2,+21,+21.1,+25.4,+24.7,+24.8,+24.8,+24.8,+27,ESTP,0,0,+0,+0,+0.0169,+0,+0.0412,+0,+0,+0,08:58:01 27.03.2020
9925,+25.6,+14.4,+21.2,+21,+21.1,+25.4,+24.7,+24.8,+24.8,+24.8,+27,ESTP,0,0,+0,+0,+0.0169,+0,+0.0412,+0,+0,+0,08:59:01 27.03.2020
9926,+25.6,+14.4,+21.2,+21,+21,+25.4,+24.7,+24.8,+24.8,+24.8,+27,ESTP,0,0,+0,+0,+0.0169,+0,+0.0412,+0,+0,+0,09:00:01 27.03.2020
9927,+25.6,+14.4,+21.2,+21,+21.1,+25.4,+24.7,+24.8,+24.8,+24.8,+27,ESTP,0,0,+0,+0,+0.0169,+0,+0.0412,+0,+0,+0,09:01:01 27.03.2020
9928,+25.6,+14.4,+21.2,+21,+21.1,+25.4,+24.7,+24.8,+24.8,+24.8,+27,ESTP,0,0,+0,+0,+0.0169,+0,+0.0412,+0,+0,+0,09:02:01 27.03.2020
9929,+25.6,+14.4,+21.2,+21,+21,+25.4,+24.7,+24.8,+24.8,+24.8,+27,ESTP,0,0,+0,+0,+0.0169,+0,+0.0412,+0,+0,+0,09:03:01 27.03.2020
9930,+25.6,+14.4,+21.2,+21,+21,+25.4,+24.7,+24.8,+24.8,+24.8,+27,ESTP,0,0,+0,+0,+0.0169,+0,+0.0412,+0,+0,+0,09:04:01 27.03.2020
9931,+25.6,+14.4,+21.2,+21,+21.1,+25.4,+24.7,+24.8,+24.8,+24.8,+27,ESTP,0,0,+0,+0,+0.0169,+0,+0.0412,+0,+0,+0,09:05:01 27.03.2020
9932,+25.5,+14.4,+21.2,+21,+21,+25.4,+24.7,+24.8,+24.8,+24.8,+27,ESTP,0,0,+0,+0,+0.0169,+0,+0.0412,+0,+0,+0,09:06:01 27.03.2020
9933,+25.5,+14.4,+21.2,+21,+21.1,+25.4,+24.7,+24.8,+24.8,+24.8,+27,ESTP,0,0,+0,+0,+0.0169,+0,+0.0412,+0,+0,+0,09:07:01 27.03.2020
9934,+25.5,+14.4,+21.2,+21,+21.1,+25.4,+24.7,+24.8,+24.8,+24.8,+27,ESTP,0,0,+0,+0,+0.0169,+0,+0.0412,+0,+0,+0,09:08:01 27.03.2020
9935,+25.5,+14.4,+21.2,+21,+21,+25.4,+24.7,+24.8,+24.8,+24.8,+27,ESTP,0,0,+0,+0,+0.0169,+0,+0.0412,+0,+0,+0,09:09:01 27.03.2020
9936,+25.5,+14.4,+21.2,+21,+21,+25.4,+24.7,+24.8,+24.8,+24.8,+27,ESTP,0,0,+0,+0,+0.0169,+0,+0.0412,+0,+0,+0,09:10:01 27.03.2020
9937,+25.6,+14.4,+21.2,+21,+21,+25.4,+24.7,+24.8,+24.8,+24.8,+27,ESTP,0,0,+0,+0,+0.0169,+0,+0.0412,+0,+0,+0,09:11:01 27.03.2020
9938,+25.6,+14.4,+21.2,+21,+21,+25.4,+24.7,+24.8,+24.8,+24.8,+27,ESTP,0,0,+0,+0,+0.0169,+0,+0.0412,+0,+0,+0,09:12:01 27.03.2020
9939,+25.6,+14.4,+21.2,+21,+21,+25.4,+24.7,+24.8,+24.8,+24.8,+27,ESTP,0,0,+0,+0,+0.0169,+0,+0.0412,+0,+0,+0,09:13:01 27.03.2020
9940,+25.6,+14.4,+21.2,+21,+21,+25.4,+24.7,+24.8,+24.8,+24.8,+27,ESTP,0,0,+0,+0,+0.0169,+0,+0.0412,+0,+0,+0,09:14:01 27.03.2020
9941,+25.6,+14.4,+21.2,+21,+21.1,+25.4,+24.7,+24.8,+24.8,+24.8,+27,ESTP,0,0,+0,+0,+0.0169,+0,+0.0412,+0,+0,+0,09:15:01 27.03.2020
9942,+25.7,+14.4,+21.2,+21,+21.1,+25.4,+24.7,+24.8,+24.8,+24.8,+27,ESTP,0,0,+0,+0,+0.0169,+0,+0.0412,+0,+0,+0,09:16:01 27.03.2020
9943,+25.7,+14.4,+21.2,+21,+21,+25.4,+24.7,+24.8,+24.8,+24.8,+27,ESTP,0,0,+0,+0,+0.0169,+0,+0.0412,+0,+0,+0,09:17:01 27.03.2020
9944,+25.6,+14.4,+21.2,+21,+21,+25.4,+24.7,+24.8,+24.8,+24.8,+27,ESTP,0,0,+0,+0,+0.0169,+0,+0.0412,+0,+0,+0,09:18:01 27.03.2020
9945,+25.6,+14.4,+21.2,+21,+21,+25.4,+24.7,+24.8,+24.8,+24.8,+27,ESTP,0,0,+0,+0,+0.0169,+0,+0.0412,+0,+0,+0,09:19:01 27.03.2020
9946,+25.6,+14.4,+21.2,+21,+21,+25.4,+24.7,+24.8,+24.8,+24.8,+27,ESTP,0,0,+0,+0,+0.0169,+0,+0.0412,+0,+0,+0,09:20:01 27.03.2020
9947,+25.6,+14.4,+21.2,+21,+21,+25.4,+24.7,+24.8,+24.8,+24.8,+27,ESTP,0,0,+0,+0,+0.0169,+0,+0.0412,+0,+0,+0,09:21:01 27.03.2020
9948,+25.6,+14.4,+21.2,+21,+21,+25.4,+24.7,+24.8,+24.8,+24.8,+27,ESTP,0,0,+0,+0,+0.0169,+0,+0.0412,+0,+0,+0,09:22:01 27.03.2020
9949,+25.6,+14.4,+21.2,+21,+21,+25.4,+24.7,+24.8,+24.8,+24.8,+27,ESTP,0,0,+0,+0,+0.0169,+0,+0.0412,+0,+0,+0,09:23:01 27.03.2020
9950,+25.6,+14.4,+21.2,+21,+21,+25.4,+24.7,+24.8,+24.8,+24.8,+27,ESTP,0,0,+0,+0,+0.0169,+0,+0.0412,+0,+0,+0,09:24:01 27.03.2020
9951,+25.5,+14.4,+21.2,+21,+21,+25.4,+24.7,+24.8,+24.8,+24.8,+27,ESTP,0,0,+0,+0,+0.0169,+0,+0.0412,+0,+0,+0,09:25:01 27.03.2020
9952,+25.5,+14.4,+21.2,+21,+21,+25.4,+24.7,+24.8,+24.8,+24.8,+27,ESTP,0,0,+0,+0,+0.0169,+0,+0.0412,+0,+0,+0,09:26:01 27.03.2020
9953,+25.5,+14.4,+21.2,+21,+21,+25.4,+24.7,+24.8,+24.8,+24.8,+27,ESTP,0,0,+0,+0,+0.0169,+0,+0.0412,+0,+0,+0,09:27:01 27.03.2020
9954,+25.6,+14.4,+21.2,+21,+21,+25.4,+24.7,+24.8,+24.8,+24.8,+27,ESTP,0,0,+0,+0,+0.0169,+0,+0.0412,+0,+0,+0,09:28:01 27.03.2020
9955,+25.6,+14.4,+21.2,+21,+21,+25.4,+24.7,+24.8,+24.8,+24.8,+27,ESTP,0,0,+0,+0,+0.0169,+0,+0.0412,+0,+0,+0,09:29:01 27.03.2020
9956,+25.6,+14.4,+21.2,+21,+21,+25.4,+24.7,+24.8,+24.8,+24.8,+27,ESTP,0,0,+0,+0,+0.0169,+0,+0.0412,+0,+0,+0,09:30:01 27.03.2020
9957,+25.6,+14.4,+21.2,+21,+21,+25.4,+24.7,+24.8,+24.8,+24.8,+27,ESTP,0,0,+0,+0,+0.0169,+0,+0.0412,+0,+0,+0,09:31:01 27.03.2020
9958,+25.6,+14.4,+21.2,+21,+21,+25.4,+24.7,+24.8,+24.8,+24.8,+27,ESTP,0,0,+0,+0,+0.0169,+0,+0.0412,+0,+0,+0,09:32:01 27.03.2020
9959,+25.7,+14.4,+21.2,+21,+21,+25.4,+24.7,+24.8,+24.8,+24.8,+27,ESTP,0,0,+0,+0,+0.0169,+0,+0.0412,+0,+0,+0,09:33:01 27.03.2020
9960,+25.6,+14.4,+21.1,+21,+21,+25.4,+24.7,+24.8,+24.8,+24.8,+27,ESTP,0,0,+0,+0,+0.0169,+0,+0.0412,+0,+0,+0,09:34:01 27.03.2020
9961,+25.6,+14.4,+21.2,+21,+21,+25.4,+24.7,+24.8,+24.8,+24.8,+27,ESTP,0,0,+0,+0,+0.0169,+0,+0.0412,+0,+0,+0,09:35:01 27.03.2020
9962,+25.6,+14.4,+21.2,+21,+21,+25.4,+24.7,+24.8,+24.8,+24.8,+27,ESTP,0,0,+0,+0,+0.0169,+0,+0.0412,+0,+0,+0,09:36:01 27.03.2020
9963,+25.6,+14.4,+21.2,+21,+21,+25.4,+24.7,+24.8,+24.8,+24.8,+27,ESTP,0,0,+0,+0,+0.0169,+0,+0.0412,+0,+0,+0,09:37:01 27.03.2020
9964,+25.6,+14.4,+21.1,+21,+21,+25.4,+24.7,+24.8,+24.8,+24.8,+27,ESTP,0,0,+0,+0,+0.0169,+0,+0.0412,+0,+0,+0,09:38:01 27.03.2020
9965,+25.6,+14.4,+21.2,+21,+21,+25.4,+24.7,+24.8,+24.8,+24.8,+27,ESTP,0,0,+0,+0,+0.0169,+0,+0.0412,+0,+0,+0,09:39:01 27.03.2020
9966,+25.6,+14.4,+21.2,+21,+21,+25.4,+24.7,+24.8,+24.8,+24.8,+27,ESTP,0,0,+0,+0,+0.0169,+0,+0.0412,+0,+0,+0,09:40:01 27.03.2020
9967,+25.6,+14.5,+21.2,+21,+21,+25.4,+24.7,+24.8,+24.8,+24.8,+27,ESTP,0,0,+0,+0,+0.0169,+0,+0.0412,+0,+0,+0,09:41:01 27.03.2020
9968,+25.5,+14.5,+21.1,+21,+21,+25.4,+24.7,+24.8,+24.8,+24.8,+27,ESTP,0,0,+0,+0,+0.0169,+0,+0.0412,+0,+0,+0,09:42:01 27.03.2020
9969,+25.5,+14.5,+21.2,+21,+21,+25.4,+24.7,+24.8,+24.8,+24.8,+27,ESTP,0,0,+0,+0,+0.0169,+0,+0.0412,+0,+0,+0,09:43:01 27.03.2020
9970,+25.6,+14.5,+21.2,+21,+21,+25.4,+24.7,+24.8,+24.8,+24.8,+27,ESTP,0,0,+0,+0,+0.0169,+0,+0.0412,+0,+0,+0,09:44:01 27.03.2020
9971,+25.6,+14.5,+21.1,+21,+21,+25.4,+24.7,+24.8,+24.8,+24.8,+27,ESTP,0,0,+0,+0,+0.0169,+0,+0.0412,+0,+0,+0,09:45:01 27.03.2020
9972,+25.6,+14.5,+21.2,+20.9,+21,+25.4,+24.7,+24.8,+24.8,+24.8,+27,ESTP,0,0,+0,+0,+0.0169,+0,+0.0412,+0,+0,+0,09:46:01 27.03.2020
9973,+25.6,+14.5,+21.2,+21,+21,+25.4,+24.7,+24.8,+24.8,+24.8,+27,ESTP,0,0,+0,+0,+0.0169,+0,+0.0412,+0,+0,+0,09:47:01 27.03.2020
9974,+25.6,+14.5,+21.1,+21,+21,+25.4,+24.7,+24.8,+24.8,+24.8,+27,ESTP,0,0,+0,+0,+0.0169,+0,+0.0412,+0,+0,+0,09:48:01 27.03.2020
9975,+25.6,+14.5,+21.1,+21,+21,+25.4,+24.7,+24.8,+24.8,+24.8,+27,ESTP,0,0,+0,+0,+0.0169,+0,+0.0412,+0,+0,+0,09:49:01 27.03.2020
9976,+25.6,+14.5,+21.1,+21,+21,+25.4,+24.7,+24.8,+24.8,+24.8,+27,ESTP,0,0,+0,+0,+0.0169,+0,+0.0412,+0,+0,+0,09:50:01 27.03.2020
9977,+25.6,+14.5,+21.1,+20.9,+21,+25.4,+24.7,+24.8,+24.8,+24.8,+27,ESTP,0,0,+0,+0,+0.0169,+0,+0.0412,+0,+0,+0,09:51:01 27.03.2020
9978,+25.6,+14.5,+21.1,+21,+21,+25.4,+24.7,+24.8,+24.8,+24.8,+27,ESTP,0,0,+0,+0,+0.0169,+0,+0.0412,+0,+0,+0,09:52:01 27.03.2020
9979,+25.6,+14.5,+21.1,+21,+21,+25.4,+24.7,+24.8,+24.8,+24.8,+27,ESTP,0,0,+0,+0,+0.0169,+0,+0.0412,+0,+0,+0,09:53:01 27.03.2020
9980,+25.6,+14.5,+21.1,+20.9,+21,+25.4,+24.7,+24.8,+24.8,+24.8,+27,ESTP,0,0,+0,+0,+0.0169,+0,+0.0412,+0,+0,+0,09:54:01 27.03.2020
9981,+25.6,+14.5,+21.1,+21,+21,+25.4,+24.7,+24.8,+24.8,+24.8,+27,ESTP,0,0,+0,+0,+0.0169,+0,+0.0412,+0,+0,+0,09:55:01 27.03.2020
9982,+25.6,+14.5,+21.1,+20.9,+21,+25.4,+24.7,+24.8,+24.8,+24.8,+27,ESTP,0,0,+0,+0,+0.0169,+0,+0.0412,+0,+0,+0,09:56:01 27.03.2020
9983,+25.6,+14.5,+21.1,+21,+21,+25.4,+24.7,+24.8,+24.8,+24.8,+27,ESTP,0,0,+0,+0,+0.0169,+0,+0.0412,+0,+0,+0,09:57:01 27.03.2020
9984,+25.6,+14.5,+21.1,+20.9,+21,+25.4,+24.7,+24.8,+24.8,+24.8,+27,ESTP,0,0,+0,+0,+0.0169,+0,+0.0412,+0,+0,+0,09:58:01 27.03.2020
9985,+25.6,+14.5,+21.1,+20.9,+21,+25.4,+24.7,+24.8,+24.8,+24.8,+27,ESTP,0,0,+0,+0,+0.0169,+0,+0.0412,+0,+0,+0,09:59:01 27.03.2020
9986,+25.6,+14.5,+21.1,+20.9,+21,+25.4,+24.7,+24.8,+24.8,+24.8,+27,ESTP,0,0,+0,+0,+0.0169,+0,+0.0412,+0,+0,+0,10:00:01 27.03.2020
9987,+25.6,+14.5,+21.1,+20.9,+21,+25.4,+24.7,+24.8,+24.8,+24.8,+27,ESTP,0,0,+0,+0,+0.0169,+0,+0.0412,+0,+0,+0,10:01:01 27.03.2020
9988,+25.7,+14.5,+21.1,+20.9,+21,+25.4,+24.7,+24.8,+24.8,+24.8,+27,ESTP,0,0,+0,+0,+0.0169,+0,+0.0412,+0,+0,+0,10:02:01 27.03.2020
9989,+25.7,+14.5,+21.1,+20.9,+21,+25.4,+24.7,+24.8,+24.8,+24.8,+27,ESTP,0,0,+0,+0,+0.0169,+0,+0.0412,+0,+0,+0,10:03:01 27.03.2020
9990,+25.6,+14.5,+21.1,+20.9,+21,+25.4,+24.7,+24.8,+24.8,+24.8,+27,ESTP,0,0,+0,+0,+0.0169,+0,+0.0412,+0,+0,+0,10:04:01 27.03.2020
9991,+25.6,+14.5,+21.1,+20.9,+21,+25.4,+24.7,+24.8,+24.8,+24.8,+27,ESTP,0,0,+0,+0,+0.0169,+0,+0.0412,+0,+0,+0,10:05:01 27.03.2020
9992,+25.6,+14.5,+21.1,+20.9,+21,+25.4,+24.7,+24.8,+24.8,+24.8,+27,ESTP,0,0,+0,+0,+0.0169,+0,+0.0412,+0,+0,+0,10:06:01 27.03.2020
9993,+25.6,+14.5,+21.1,+20.9,+21,+25.4,+24.7,+24.8,+24.8,+24.8,+27,ESTP,0,0,+0,+0,+0.0169,+0,+0.0412,+0,+0,+0,10:07:01 27.03.2020
9994,+25.6,+14.5,+21.1,+20.9,+21,+25.4,+24.7,+24.8,+24.8,+24.8,+27,ESTP,0,0,+0,+0,+0.0169,+0,+0.0412,+0,+0,+0,10:08:01 27.03.2020
9995,+25.6,+14.5,+21.1,+20.9,+21,+25.4,+24.7,+24.8,+24.8,+24.8,+27,ESTP,0,0,+0,+0,+0.0169,+0,+0.0412,+0,+0,+0,10:09:01 27.03.2020
9996,+25.6,+14.5,+21.1,+20.9,+21,+25.4,+24.7,+24.8,+24.8,+24.8,+27,ESTP,0,0,+0,+0,+0.0169,+0,+0.0412,+0,+0,+0,10:10:01 27.03.2020
9997,+25.6,+14.5,+21.1,+20.9,+21,+25.4,+24.7,+24.8,+24.8,+24.8,+27,ESTP,0,0,+0,+0,+0.0169,+0,+0.0412,+0,+0,+0,10:11:01 27.03.2020
9998,+25.6,+14.5,+21.1,+20.9,+21,+25.4,+24.7,+24.8,+24.8,+24.8,+27,ESTP,0,0,+0,+0,+0.0169,+0,+0.0412,+0,+0,+0,10:12:01 27.03.2020
9999,+25.6,+14.5,+21.1,+20.9,+21,+25.4,+24.7,+24.8,+24.8,+24.8,+27,ESTP,0,0,+0,+0,+0.0169,+0,+0.0412,+0,+0,+0,10:13:01 27.03.2020
10000,+25.6,+14.5,+21.1,+20.9,+21,+25.4,+24.7,+24.8,+24.8,+24.8,+27,ESTP,0,0,+0,+0,+0.0169,+0,+0.0412,+0,+0,+0,10:14:01 27.03.2020
10001,+25.6,+14.5,+21.1,+20.9,+21,+25.4,+24.7,+24.8,+24.8,+24.8,+27,ESTP,0,0,+0,+0,+0.0169,+0,+0.0412,+0,+0,+0,10:15:01 27.03.2020
10002,+25.7,+14.5,+21.1,+20.9,+21,+25.4,+24.7,+24.8,+24.8,+24.8,+27,ESTP,0,0,+0,+0,+0.0169,+0,+0.0412,+0,+0,+0,10:16:01 27.03.2020
10003,+25.7,+14.5,+21.1,+20.9,+21,+25.4,+24.7,+24.8,+24.8,+24.8,+27,ESTP,0,0,+0,+0,+0.0169,+0,+0.0412,+0,+0,+0,10:17:01 27.03.2020
10004,+25.7,+14.5,+21.1,+20.9,+21,+25.4,+24.7,+24.8,+24.8,+24.8,+27,ESTP,0,0,+0,+0,+0.0169,+0,+0.0412,+0,+0,+0,10:18:01 27.03.2020
10005,+25.7,+14.5,+21.1,+20.9,+21,+25.4,+24.7,+24.8,+24.8,+24.8,+27,ESTP,0,0,+0,+0,+0.0169,+0,+0.0412,+0,+0,+0,10:19:01 27.03.2020
10006,+25.6,+14.5,+21.1,+20.9,+21,+25.4,+24.7,+24.8,+24.8,+24.8,+27,ESTP,0,0,+0,+0,+0.0169,+0,+0.0412,+0,+0,+0,10:20:01 27.03.2020
10007,+25.6,+14.5,+21.1,+20.9,+21,+25.4,+24.7,+24.8,+24.8,+24.8,+27,ESTP,0,0,+0,+0,+0.0169,+0,+0.0412,+0,+0,+0,10:21:01 27.03.2020
10008,+25.6,+14.5,+21.1,+20.9,+21,+25.4,+24.7,+24.8,+24.8,+24.8,+27,ESTP,0,0,+0,+0,+0.0169,+0,+0.0412,+0,+0,+0,10:22:01 27.03.2020
10009,+25.6,+14.5,+21.1,+20.9,+21,+25.4,+24.7,+24.8,+24.8,+24.8,+27,ESTP,0,0,+0,+0,+0.0169,+0,+0.0412,+0,+0,+0,10:23:01 27.03.2020
10010,+25.6,+14.5,+21.1,+20.9,+21,+25.4,+24.7,+24.8,+24.8,+24.8,+27,ESTP,0,0,+0,+0,+0.0169,+0,+0.0412,+0,+0,+0,10:24:01 27.03.2020
10011,+25.6,+14.5,+21.1,+20.9,+21,+25.4,+24.7,+24.8,+24.8,+24.8,+27,ESTP,0,0,+0,+0,+0.0169,+0,+0.0412,+0,+0,+0,10:25:01 27.03.2020
10012,+25.6,+14.5,+21.1,+20.9,+21,+25.4,+24.7,+24.8,+24.8,+24.8,+27,ESTP,0,0,+0,+0,+0.0169,+0,+0.0412,+0,+0,+0,10:26:01 27.03.2020
10013,+25.6,+14.5,+21.1,+20.9,+21,+25.4,+24.7,+24.8,+24.8,+24.8,+27,ESTP,0,0,+0,+0,+0.0169,+0,+0.0412,+0,+0,+0,10:27:01 27.03.2020
10014,+25.6,+14.5,+21.1,+20.9,+21,+25.4,+24.7,+24.8,+24.8,+24.8,+27,ESTP,0,0,+0,+0,+0.0169,+0,+0.0412,+0,+0,+0,10:28:01 27.03.2020
10015,+25.6,+14.5,+21.1,+20.9,+21,+25.4,+24.7,+24.8,+24.8,+24.8,+27,ESTP,0,0,+0,+0,+0.0169,+0,+0.0412,+0,+0,+0,10:29:01 27.03.2020
10016,+25.6,+14.5,+21.1,+20.9,+21,+25.4,+24.7,+24.8,+24.8,+24.8,+27,ESTP,0,0,+0,+0,+0.0169,+0,+0.0412,+0,+0,+0,10:30:01 27.03.2020
10017,+25.6,+14.5,+21.1,+20.9,+21,+25.4,+24.7,+24.8,+24.8,+24.8,+27,ESTP,0,0,+0,+0,+0.0169,+0,+0.0412,+0,+0,+0,10:31:01 27.03.2020
10018,+25.6,+14.5,+21.1,+20.9,+21,+25.4,+24.7,+24.8,+24.8,+24.8,+27,ESTP,0,0,+0,+0,+0.0169,+0,+0.0412,+0,+0,+0,10:32:01 27.03.2020
10019,+25.7,+14.5,+21.1,+20.9,+21,+25.4,+24.7,+24.8,+24.8,+24.8,+27,ESTP,0,0,+0,+0,+0.0169,+0,+0.0412,+0,+0,+0,10:33:01 27.03.2020
10020,+25.7,+14.5,+21.1,+20.9,+21,+25.4,+24.7,+24.8,+24.8,+24.8,+27,ESTP,0,0,+0,+0,+0.0169,+0,+0.0412,+0,+0,+0,10:34:01 27.03.2020
10021,+25.7,+14.5,+21.1,+20.9,+21,+25.4,+24.7,+24.8,+24.8,+24.8,+27,ESTP,0,0,+0,+0,+0.0169,+0,+0.0412,+0,+0,+0,10:35:01 27.03.2020
10022,+25.6,+14.5,+21.1,+20.9,+21,+25.4,+24.7,+24.8,+24.8,+24.8,+27,ESTP,0,0,+0,+0,+0.0169,+0,+0.0412,+0,+0,+0,10:36:01 27.03.2020
10023,+25.6,+14.5,+21.1,+20.9,+21,+25.4,+24.7,+24.8,+24.8,+24.8,+27,ESTP,0,0,+0,+0,+0.0169,+0,+0.0412,+0,+0,+0,10:37:01 27.03.2020
10024,+25.6,+14.5,+21.1,+20.9,+21,+25.4,+24.7,+24.8,+24.8,+24.8,+27,ESTP,0,0,+0,+0,+0.0169,+0,+0.0412,+0,+0,+0,10:38:01 27.03.2020
10025,+25.6,+14.5,+21.1,+20.9,+21,+25.4,+24.7,+24.8,+24.8,+24.8,+27,ESTP,0,0,+0,+0,+0.0169,+0,+0.0412,+0,+0,+0,10:39:01 27.03.2020
10026,+25.6,+14.5,+21.1,+20.9,+21,+25.4,+24.7,+24.8,+24.8,+24.8,+27,ESTP,0,0,+0,+0,+0.0169,+0,+0.0412,+0,+0,+0,10:40:01 27.03.2020
10027,+25.6,+14.5,+21.1,+20.9,+21,+25.4,+24.7,+24.8,+24.8,+24.8,+27,ESTP,0,0,+0,+0,+0.0169,+0,+0.0412,+0,+0,+0,10:41:01 27.03.2020
10028,+25.6,+14.6,+21.1,+20.9,+21,+25.4,+24.7,+24.8,+24.8,+24.8,+27,ESTP,0,0,+0,+0,+0.0169,+0,+0.0412,+0,+0,+0,10:42:01 27.03.2020
10029,+25.6,+14.6,+21.1,+20.9,+21,+25.4,+24.7,+24.8,+24.8,+24.8,+27,ESTP,0,0,+0,+0,+0.0169,+0,+0.0412,+0,+0,+0,10:43:01 27.03.2020
10030,+25.6,+14.6,+21.1,+20.9,+21,+25.4,+24.7,+24.8,+24.8,+24.8,+27,ESTP,0,0,+0,+0,+0.0169,+0,+0.0412,+0,+0,+0,10:44:01 27.03.2020
10031,+25.6,+14.6,+21.1,+20.9,+21,+25.4,+24.7,+24.8,+24.8,+24.8,+27,ESTP,0,0,+0,+0,+0.0169,+0,+0.0412,+0,+0,+0,10:45:01 27.03.2020
10032,+25.6,+14.6,+21.1,+20.9,+21,+25.4,+24.7,+24.8,+24.8,+24.8,+27,ESTP,0,0,+0,+0,+0.0169,+0,+0.0412,+0,+0,+0,10:46:01 27.03.2020
10033,+25.7,+14.6,+21.1,+20.9,+21,+25.4,+24.7,+24.8,+24.8,+24.8,+27,ESTP,0,0,+0,+0,+0.0169,+0,+0.0412,+0,+0,+0,10:47:01 27.03.2020
10034,+25.7,+14.6,+21.1,+20.9,+21,+25.4,+24.7,+24.8,+24.8,+24.8,+27,ESTP,0,0,+0,+0,+0.0169,+0,+0.0412,+0,+0,+0,10:48:01 27.03.2020
10035,+25.7,+14.6,+21.1,+20.9,+21,+25.4,+24.7,+24.8,+24.8,+24.8,+27,ESTP,0,0,+0,+0,+0.0169,+0,+0.0412,+0,+0,+0,10:49:01 27.03.2020
10036,+25.7,+14.6,+21.1,+20.9,+21,+25.4,+24.7,+24.8,+24.8,+24.8,+27,ESTP,0,0,+0,+0,+0.0169,+0,+0.0412,+0,+0,+0,10:50:01 27.03.2020
10037,+25.7,+14.6,+21.1,+20.9,+21,+25.4,+24.7,+24.8,+24.8,+24.8,+27,ESTP,0,0,+0,+0,+0.0169,+0,+0.0412,+0,+0,+0,10:51:01 27.03.2020
10038,+25.6,+14.6,+21.1,+20.9,+21,+25.4,+24.7,+24.8,+24.8,+24.8,+27,ESTP,0,0,+0,+0,+0.0169,+0,+0.0412,+0,+0,+0,10:52:01 27.03.2020
10039,+25.6,+14.6,+21.1,+20.9,+21,+25.4,+24.7,+24.8,+24.8,+24.8,+27,ESTP,0,0,+0,+0,+0.0169,+0,+0.0412,+0,+0,+0,10:53:01 27.03.2020
10040,+25.6,+14.6,+21.1,+20.9,+21,+25.4,+24.7,+24.8,+24.8,+24.8,+27,ESTP,0,0,+0,+0,+0.0169,+0,+0.0412,+0,+0,+0,10:54:01 27.03.2020
10041,+25.6,+14.6,+21.1,+20.9,+21,+25.4,+24.7,+24.9,+24.8,+24.8,+27,ESTP,0,0,+0,+0,+0.0169,+0,+0.0412,+0,+0,+0,10:55:01 27.03.2020
10042,+25.6,+14.6,+21.1,+20.9,+21,+25.4,+24.7,+24.8,+24.8,+24.8,+27,ESTP,0,0,+0,+0,+0.0169,+0,+0.0412,+0,+0,+0,10:56:01 27.03.2020
10043,+25.6,+14.6,+21.1,+20.9,+21,+25.4,+24.7,+24.8,+24.8,+24.8,+27,ESTP,0,0,+0,+0,+0.0169,+0,+0.0412,+0,+0,+0,10:57:01 27.03.2020
10044,+25.6,+14.6,+21.1,+20.9,+21,+25.4,+24.7,+24.8,+24.8,+24.8,+27,ESTP,0,0,+0,+0,+0.0169,+0,+0.0412,+0,+0,+0,10:58:01 27.03.2020
10045,+25.6,+14.6,+21.1,+20.9,+21,+25.4,+24.7,+24.8,+24.8,+24.8,+27,ESTP,0,0,+0,+0,+0.0169,+0,+0.0412,+0,+0,+0,10:59:01 27.03.2020
10046,+25.6,+14.6,+21.1,+20.9,+21,+25.4,+24.7,+24.8,+24.8,+24.8,+27,ESTP,0,0,+0,+0,+0.0169,+0,+0.0412,+0,+0,+0,11:00:01 27.03.2020
10047,+25.6,+14.6,+21.1,+20.9,+21,+25.4,+24.7,+24.8,+24.8,+24.8,+27,ESTP,0,0,+0,+0,+0.0169,+0,+0.0412,+0,+0,+0,11:01:01 27.03.2020
10048,+25.6,+14.6,+21.1,+20.9,+21,+25.4,+24.7,+24.8,+24.8,+24.8,+27,ESTP,0,0,+0,+0,+0.0169,+0,+0.0412,+0,+0,+0,11:02:01 27.03.2020
10049,+25.6,+14.6,+21.1,+20.9,+21,+25.4,+24.7,+24.8,+24.8,+24.8,+27,ESTP,0,0,+0,+0,+0.0169,+0,+0.0412,+0,+0,+0,11:03:01 27.03.2020
10050,+25.7,+14.6,+21.1,+20.9,+21,+25.4,+24.7,+24.8,+24.8,+24.8,+27,ESTP,0,0,+0,+0,+0.0169,+0,+0.0412,+0,+0,+0,11:04:01 27.03.2020
10051,+25.7,+14.6,+21.1,+20.9,+21,+25.4,+24.7,+24.8,+24.8,+24.8,+27,ESTP,0,0,+0,+0,+0.0169,+0,+0.0412,+0,+0,+0,11:05:01 27.03.2020
10052,+25.7,+14.6,+21.1,+20.9,+21,+25.4,+24.7,+24.8,+24.8,+24.8,+27,ESTP,0,0,+0,+0,+0.0169,+0,+0.0412,+0,+0,+0,11:06:01 27.03.2020
10053,+25.6,+14.6,+21.1,+20.9,+21,+25.4,+24.7,+24.8,+24.8,+24.8,+27,ESTP,0,0,+0,+0,+0.0169,+0,+0.0412,+0,+0,+0,11:07:01 27.03.2020
10054,+25.6,+14.6,+21.1,+20.9,+21,+25.4,+24.7,+24.8,+24.8,+24.8,+27,ESTP,0,0,+0,+0,+0.0169,+0,+0.0412,+0,+0,+0,11:08:01 27.03.2020
10055,+25.6,+14.6,+21.1,+20.9,+21,+25.4,+24.7,+24.8,+24.8,+24.8,+27,ESTP,0,0,+0,+0,+0.0169,+0,+0.0412,+0,+0,+0,11:09:01 27.03.2020
10056,+25.6,+14.6,+21.1,+20.9,+21,+25.4,+24.7,+24.8,+24.8,+24.8,+27,ESTP,0,0,+0,+0,+0.0169,+0,+0.0412,+0,+0,+0,11:10:01 27.03.2020
10057,+25.6,+14.6,+21.1,+20.9,+21,+25.4,+24.7,+24.9,+24.8,+24.8,+27,ESTP,0,0,+0,+0,+0.0169,+0,+0.0412,+0,+0,+0,11:11:01 27.03.2020
10058,+25.6,+14.6,+21.1,+20.9,+21,+25.4,+24.7,+24.8,+24.8,+24.8,+27,ESTP,0,0,+0,+0,+0.0169,+0,+0.0412,+0,+0,+0,11:12:01 27.03.2020
10059,+25.6,+14.6,+21.1,+20.9,+21,+25.4,+24.7,+24.9,+24.8,+24.8,+27,ESTP,0,0,+0,+0,+0.0169,+0,+0.0412,+0,+0,+0,11:13:01 27.03.2020
10060,+25.6,+14.6,+21.1,+20.9,+21,+25.4,+24.7,+24.8,+24.8,+24.8,+27,ESTP,0,0,+0,+0,+0.0169,+0,+0.0412,+0,+0,+0,11:14:01 27.03.2020
10061,+25.6,+14.6,+21.1,+20.9,+21,+25.4,+24.7,+24.8,+24.8,+24.8,+27,ESTP,0,0,+0,+0,+0.0169,+0,+0.0412,+0,+0,+0,11:15:01 27.03.2020
10062,+25.6,+14.6,+21.1,+20.9,+21,+25.4,+24.7,+24.8,+24.8,+24.8,+27,ESTP,0,0,+0,+0,+0.0169,+0,+0.0412,+0,+0,+0,11:16:01 27.03.2020
10063,+25.6,+14.6,+21.1,+20.9,+21,+25.4,+24.7,+24.8,+24.8,+24.8,+27,ESTP,0,0,+0,+0,+0.0169,+0,+0.0412,+0,+0,+0,11:17:01 27.03.2020
10064,+25.6,+14.6,+21.1,+20.9,+21,+25.4,+24.7,+24.8,+24.8,+24.8,+27,ESTP,0,0,+0,+0,+0.0169,+0,+0.0412,+0,+0,+0,11:18:01 27.03.2020
10065,+25.7,+14.6,+21.1,+20.9,+21,+25.4,+24.7,+24.8,+24.8,+24.8,+27,ESTP,0,0,+0,+0,+0.0169,+0,+0.0412,+0,+0,+0,11:19:01 27.03.2020
10066,+25.7,+14.6,+21.1,+20.9,+21,+25.4,+24.7,+24.8,+24.8,+24.8,+27,ESTP,0,0,+0,+0,+0.0169,+0,+0.0412,+0,+0,+0,11:20:01 27.03.2020
10067,+25.7,+14.6,+21.1,+20.9,+21,+25.4,+24.7,+24.8,+24.8,+24.8,+27,ESTP,0,0,+0,+0,+0.0169,+0,+0.0412,+0,+0,+0,11:21:01 27.03.2020
10068,+25.7,+14.6,+21.1,+20.9,+21,+25.4,+24.7,+24.8,+24.8,+24.8,+27,ESTP,0,0,+0,+0,+0.0169,+0,+0.0412,+0,+0,+0,11:22:01 27.03.2020
10069,+25.6,+14.6,+21.1,+20.9,+21,+25.4,+24.7,+24.9,+24.8,+24.8,+27,ESTP,0,0,+0,+0,+0.0169,+0,+0.0412,+0,+0,+0,11:23:01 27.03.2020
10070,+25.6,+14.6,+21.1,+20.9,+21,+25.4,+24.7,+24.9,+24.8,+24.8,+27,ESTP,0,0,+0,+0,+0.0169,+0,+0.0412,+0,+0,+0,11:24:01 27.03.2020
10071,+25.6,+14.6,+21.1,+20.9,+21,+25.4,+24.7,+24.9,+24.8,+24.8,+27,ESTP,0,0,+0,+0,+0.0169,+0,+0.0412,+0,+0,+0,11:25:01 27.03.2020
10072,+25.6,+14.6,+21.1,+20.9,+21,+25.4,+24.7,+24.9,+24.8,+24.8,+27,ESTP,0,0,+0,+0,+0.0169,+0,+0.0412,+0,+0,+0,11:26:01 27.03.2020
10073,+25.6,+14.6,+21.1,+20.9,+21,+25.4,+24.7,+24.9,+24.8,+24.8,+27,ESTP,0,0,+0,+0,+0.0169,+0,+0.0412,+0,+0,+0,11:27:01 27.03.2020
10074,+25.6,+14.6,+21.1,+20.9,+21,+25.4,+24.7,+24.8,+24.8,+24.8,+27,ESTP,0,0,+0,+0,+0.0169,+0,+0.0412,+0,+0,+0,11:28:01 27.03.2020
10075,+25.6,+14.6,+21.1,+20.9,+21,+25.4,+24.7,+24.8,+24.8,+24.8,+27,ESTP,0,0,+0,+0,+0.0169,+0,+0.0412,+0,+0,+0,11:29:01 27.03.2020
10076,+25.6,+14.7,+21.1,+20.9,+21,+25.4,+24.7,+24.8,+24.8,+24.8,+27,ESTP,0,0,+0,+0,+0.0169,+0,+0.0412,+0,+0,+0,11:30:01 27.03.2020
10077,+25.6,+14.6,+21.1,+20.9,+21,+25.4,+24.7,+24.8,+24.8,+24.8,+27,ESTP,0,0,+0,+0,+0.0169,+0,+0.0412,+0,+0,+0,11:31:01 27.03.2020
10078,+25.6,+14.6,+21.1,+20.9,+21,+25.4,+24.7,+24.8,+24.8,+24.8,+27,ESTP,0,0,+0,+0,+0.0169,+0,+0.0412,+0,+0,+0,11:32:01 27.03.2020
10079,+25.6,+14.6,+21.1,+20.9,+21,+25.4,+24.7,+24.8,+24.8,+24.8,+27,ESTP,0,0,+0,+0,+0.0169,+0,+0.0412,+0,+0,+0,11:33:01 27.03.2020
10080,+25.6,+14.6,+21.1,+20.9,+21,+25.4,+24.7,+24.8,+24.8,+24.8,+27,ESTP,0,0,+0,+0,+0.0169,+0,+0.0412,+0,+0,+0,11:34:01 27.03.2020
10081,+25.6,+14.6,+21.1,+20.9,+21,+25.4,+24.7,+24.8,+24.8,+24.8,+27,ESTP,0,0,+0,+0,+0.0169,+0,+0.0412,+0,+0,+0,11:35:01 27.03.2020
10082,+25.7,+14.6,+21.1,+20.9,+21,+25.4,+24.7,+24.8,+24.8,+24.8,+27,ESTP,0,0,+0,+0,+0.0169,+0,+0.0412,+0,+0,+0,11:36:01 27.03.2020
10083,+25.7,+14.7,+21.1,+20.9,+21,+25.4,+24.7,+24.8,+24.8,+24.8,+27,ESTP,0,0,+0,+0,+0.0169,+0,+0.0412,+0,+0,+0,11:37:01 27.03.2020
10084,+25.6,+14.7,+21.1,+20.9,+21,+25.4,+24.7,+24.8,+24.8,+24.8,+27,ESTP,0,0,+0,+0,+0.0169,+0,+0.0412,+0,+0,+0,11:38:01 27.03.2020
10085,+25.6,+14.7,+21.1,+20.9,+21,+25.4,+24.7,+24.9,+24.8,+24.8,+27,ESTP,0,0,+0,+0,+0.0169,+0,+0.0412,+0,+0,+0,11:39:01 27.03.2020
10086,+25.6,+14.7,+21.1,+20.9,+21,+25.4,+24.7,+24.9,+24.8,+24.8,+27,ESTP,0,0,+0,+0,+0.0169,+0,+0.0412,+0,+0,+0,11:40:01 27.03.2020
10087,+25.6,+14.7,+21.1,+20.9,+21,+25.4,+24.7,+24.9,+24.8,+24.8,+27,ESTP,0,0,+0,+0,+0.0169,+0,+0.0412,+0,+0,+0,11:41:01 27.03.2020
10088,+25.6,+14.7,+21.1,+20.9,+21,+25.4,+24.7,+24.9,+24.8,+24.8,+27,ESTP,0,0,+0,+0,+0.0169,+0,+0.0412,+0,+0,+0,11:42:01 27.03.2020
10089,+25.6,+14.7,+21.1,+20.9,+21,+25.4,+24.7,+24.8,+24.8,+24.8,+27,ESTP,0,0,+0,+0,+0.0169,+0,+0.0412,+0,+0,+0,11:43:01 27.03.2020
10090,+25.6,+14.7,+21.1,+20.9,+21,+25.4,+24.7,+24.9,+24.8,+24.8,+27,ESTP,0,0,+0,+0,+0.0169,+0,+0.0412,+0,+0,+0,11:44:01 27.03.2020
10091,+25.6,+14.7,+21.1,+20.9,+21,+25.4,+24.7,+24.9,+24.8,+24.8,+27,ESTP,0,0,+0,+0,+0.0169,+0,+0.0412,+0,+0,+0,11:45:01 27.03.2020
10092,+25.6,+14.7,+21.1,+20.9,+21,+25.4,+24.7,+24.8,+24.8,+24.8,+27,ESTP,0,0,+0,+0,+0.0169,+0,+0.0412,+0,+0,+0,11:46:01 27.03.2020
10093,+25.6,+14.7,+21.1,+20.9,+21,+25.4,+24.7,+24.8,+24.8,+24.8,+27,ESTP,0,0,+0,+0,+0.0169,+0,+0.0412,+0,+0,+0,11:47:01 27.03.2020
10094,+25.6,+14.7,+21.1,+20.9,+21,+25.4,+24.7,+24.8,+24.8,+24.8,+27,ESTP,0,0,+0,+0,+0.0169,+0,+0.0412,+0,+0,+0,11:48:01 27.03.2020
10095,+25.6,+14.7,+21.1,+20.9,+21,+25.4,+24.7,+24.8,+24.8,+24.8,+27,ESTP,0,0,+0,+0,+0.0169,+0,+0.0412,+0,+0,+0,11:49:01 27.03.2020
10096,+25.6,+14.7,+21.1,+20.9,+21,+25.4,+24.7,+24.8,+24.8,+24.8,+27,ESTP,0,0,+0,+0,+0.0169,+0,+0.0412,+0,+0,+0,11:50:01 27.03.2020
10097,+25.7,+14.7,+21.1,+20.9,+21,+25.4,+24.7,+24.8,+24.8,+24.8,+27,ESTP,0,0,+0,+0,+0.0169,+0,+0.0412,+0,+0,+0,11:51:01 27.03.2020
10098,+25.7,+14.7,+21.1,+20.9,+21,+25.4,+24.7,+24.8,+24.8,+24.8,+27,ESTP,0,0,+0,+0,+0.0169,+0,+0.0412,+0,+0,+0,11:52:01 27.03.2020
10099,+25.7,+14.7,+21.1,+20.9,+21,+25.4,+24.7,+24.9,+24.8,+24.8,+27,ESTP,0,0,+0,+0,+0.0169,+0,+0.0412,+0,+0,+0,11:53:01 27.03.2020
10100,+25.7,+14.7,+21.1,+20.9,+21,+25.4,+24.7,+24.9,+24.8,+24.8,+27,ESTP,0,0,+0,+0,+0.0169,+0,+0.0412,+0,+0,+0,11:54:01 27.03.2020
10101,+25.6,+14.7,+21.1,+20.9,+21,+25.4,+24.7,+24.9,+24.8,+24.8,+27,ESTP,0,0,+0,+0,+0.0169,+0,+0.0412,+0,+0,+0,11:55:01 27.03.2020
10102,+25.6,+14.7,+21.1,+20.9,+21,+25.4,+24.7,+24.9,+24.8,+24.8,+27,ESTP,0,0,+0,+0,+0.0169,+0,+0.0412,+0,+0,+0,11:56:01 27.03.2020
10103,+25.6,+14.7,+21.1,+20.9,+21,+25.4,+24.7,+24.9,+24.8,+24.8,+27,ESTP,0,0,+0,+0,+0.0169,+0,+0.0412,+0,+0,+0,11:57:01 27.03.2020
10104,+25.6,+14.7,+21.1,+20.9,+21,+25.4,+24.7,+24.9,+24.8,+24.8,+27,ESTP,0,0,+0,+0,+0.0169,+0,+0.0412,+0,+0,+0,11:58:01 27.03.2020
10105,+25.6,+14.7,+21.1,+20.9,+21,+25.4,+24.7,+24.9,+24.8,+24.8,+27,ESTP,0,0,+0,+0,+0.0169,+0,+0.0412,+0,+0,+0,11:59:01 27.03.2020
10106,+25.6,+14.7,+21.1,+20.9,+21,+25.4,+24.7,+24.9,+24.8,+24.8,+27,ESTP,0,0,+0,+0,+0.0169,+0,+0.0412,+0,+0,+0,12:00:01 27.03.2020
10107,+25.6,+14.7,+21.1,+20.9,+21,+25.4,+24.7,+24.9,+24.8,+24.8,+27,ESTP,0,0,+0,+0,+0.0169,+0,+0.0412,+0,+0,+0,12:01:01 27.03.2020
10108,+25.6,+14.7,+21.1,+20.9,+21,+25.4,+24.7,+24.9,+24.8,+24.8,+27,ESTP,0,0,+0,+0,+0.0169,+0,+0.0412,+0,+0,+0,12:02:01 27.03.2020
10109,+25.6,+14.7,+21.1,+20.9,+21,+25.4,+24.7,+24.9,+24.8,+24.8,+27,ESTP,0,0,+0,+0,+0.0169,+0,+0.0412,+0,+0,+0,12:03:01 27.03.2020
10110,+25.6,+14.7,+21.1,+20.9,+21,+25.4,+24.7,+24.8,+24.8,+24.8,+27,ESTP,0,0,+0,+0,+0.0169,+0,+0.0412,+0,+0,+0,12:04:01 27.03.2020
10111,+25.6,+14.7,+21.1,+20.9,+21,+25.4,+24.7,+24.9,+24.8,+24.8,+27,ESTP,0,0,+0,+0,+0.0169,+0,+0.0412,+0,+0,+0,12:05:01 27.03.2020
10112,+25.6,+14.7,+21.1,+20.9,+21,+25.4,+24.7,+24.9,+24.8,+24.8,+27,ESTP,0,0,+0,+0,+0.0169,+0,+0.0412,+0,+0,+0,12:06:01 27.03.2020
10113,+25.7,+14.7,+21.1,+20.9,+21,+25.4,+24.7,+24.9,+24.8,+24.8,+27,ESTP,0,0,+0,+0,+0.0169,+0,+0.0412,+0,+0,+0,12:07:01 27.03.2020
10114,+25.7,+14.7,+21.1,+20.9,+21,+25.4,+24.7,+24.8,+24.8,+24.8,+27,ESTP,0,0,+0,+0,+0.0169,+0,+0.0412,+0,+0,+0,12:08:01 27.03.2020
10115,+25.7,+14.7,+21.1,+20.9,+21,+25.4,+24.7,+24.9,+24.8,+24.8,+27,ESTP,0,0,+0,+0,+0.0169,+0,+0.0412,+0,+0,+0,12:09:01 27.03.2020
10116,+25.7,+14.7,+21.1,+20.9,+21,+25.4,+24.7,+24.9,+24.8,+24.8,+27,ESTP,0,0,+0,+0,+0.0169,+0,+0.0412,+0,+0,+0,12:10:01 27.03.2020
10117,+25.7,+14.7,+21.1,+20.9,+21,+25.4,+24.7,+24.9,+24.8,+24.8,+27,ESTP,0,0,+0,+0,+0.0169,+0,+0.0412,+0,+0,+0,12:11:01 27.03.2020
10118,+25.7,+14.7,+21.1,+20.9,+21,+25.4,+24.7,+24.9,+24.8,+24.8,+27,ESTP,0,0,+0,+0,+0.0169,+0,+0.0412,+0,+0,+0,12:12:01 27.03.2020
10119,+25.7,+14.7,+21.1,+20.9,+21,+25.4,+24.7,+24.9,+24.8,+24.8,+27,ESTP,0,0,+0,+0,+0.0169,+0,+0.0412,+0,+0,+0,12:13:01 27.03.2020
10120,+25.6,+14.7,+21.1,+20.9,+21,+25.4,+24.7,+24.9,+24.8,+24.8,+27,ESTP,0,0,+0,+0,+0.0169,+0,+0.0412,+0,+0,+0,12:14:01 27.03.2020
10121,+25.6,+14.7,+21.1,+20.9,+21,+25.4,+24.7,+24.9,+24.8,+24.8,+27,ESTP,0,0,+0,+0,+0.0169,+0,+0.0412,+0,+0,+0,12:15:01 27.03.2020
10122,+25.6,+14.7,+21.1,+20.9,+21,+25.4,+24.7,+24.9,+24.8,+24.8,+27,ESTP,0,0,+0,+0,+0.0169,+0,+0.0412,+0,+0,+0,12:16:01 27.03.2020
10123,+25.6,+14.7,+21.1,+20.9,+21,+25.4,+24.7,+24.9,+24.8,+24.8,+27,ESTP,0,0,+0,+0,+0.0169,+0,+0.0412,+0,+0,+0,12:17:01 27.03.2020
10124,+25.6,+14.7,+21.1,+20.9,+21,+25.4,+24.7,+24.9,+24.8,+24.8,+27,ESTP,0,0,+0,+0,+0.0169,+0,+0.0412,+0,+0,+0,12:18:01 27.03.2020
10125,+25.6,+14.7,+21.1,+20.9,+21,+25.4,+24.7,+24.9,+24.8,+24.8,+27,ESTP,0,0,+0,+0,+0.0169,+0,+0.0412,+0,+0,+0,12:19:01 27.03.2020
10126,+25.6,+14.7,+21.1,+20.9,+21,+25.4,+24.7,+24.9,+24.8,+24.8,+27,ESTP,0,0,+0,+0,+0.0169,+0,+0.0412,+0,+0,+0,12:20:01 27.03.2020
10127,+25.6,+14.7,+21.1,+20.9,+21,+25.4,+24.7,+24.9,+24.8,+24.8,+27,ESTP,0,0,+0,+0,+0.0169,+0,+0.0412,+0,+0,+0,12:21:01 27.03.2020
10128,+25.6,+14.7,+21.1,+20.9,+21,+25.4,+24.7,+24.9,+24.8,+24.8,+27,ESTP,0,0,+0,+0,+0.0169,+0,+0.0412,+0,+0,+0,12:22:01 27.03.2020
10129,+25.7,+14.7,+21.1,+20.9,+21,+25.4,+24.7,+24.9,+24.8,+24.8,+27,ESTP,0,0,+0,+0,+0.0169,+0,+0.0412,+0,+0,+0,12:23:01 27.03.2020
10130,+25.7,+14.7,+21.1,+20.9,+21,+25.4,+24.7,+24.9,+24.8,+24.8,+27,ESTP,0,0,+0,+0,+0.0169,+0,+0.0412,+0,+0,+0,12:24:01 27.03.2020
10131,+25.7,+14.7,+21.1,+20.9,+21,+25.4,+24.7,+24.9,+24.8,+24.8,+27,ESTP,0,0,+0,+0,+0.0169,+0,+0.0412,+0,+0,+0,12:25:01 27.03.2020
10132,+25.7,+14.7,+21.1,+20.9,+21,+25.4,+24.7,+24.9,+24.8,+24.8,+27,ESTP,0,0,+0,+0,+0.0169,+0,+0.0412,+0,+0,+0,12:26:01 27.03.2020
10133,+25.6,+14.7,+21.1,+20.9,+21,+25.4,+24.7,+24.9,+24.8,+24.8,+27,ESTP,0,0,+0,+0,+0.0169,+0,+0.0412,+0,+0,+0,12:27:01 27.03.2020
10134,+25.6,+14.7,+21.1,+20.9,+21,+25.4,+24.7,+24.9,+24.8,+24.8,+27,ESTP,0,0,+0,+0,+0.0169,+0,+0.0412,+0,+0,+0,12:28:01 27.03.2020
10135,+25.6,+14.7,+21.1,+20.9,+21,+25.4,+24.7,+24.9,+24.8,+24.8,+27,ESTP,0,0,+0,+0,+0.0169,+0,+0.0412,+0,+0,+0,12:29:01 27.03.2020
10136,+25.6,+14.7,+21.1,+20.9,+21,+25.4,+24.7,+24.9,+24.8,+24.8,+27,ESTP,0,0,+0,+0,+0.0169,+0,+0.0412,+0,+0,+0,12:30:01 27.03.2020
10137,+25.6,+14.7,+21.1,+20.9,+21,+25.4,+24.7,+24.9,+24.8,+24.8,+27,ESTP,0,0,+0,+0,+0.0169,+0,+0.0412,+0,+0,+0,12:31:01 27.03.2020
10138,+25.6,+14.7,+21.1,+20.9,+21,+25.4,+24.7,+24.9,+24.8,+24.8,+27,ESTP,0,0,+0,+0,+0.0169,+0,+0.0412,+0,+0,+0,12:32:01 27.03.2020
10139,+25.6,+14.7,+21.1,+20.9,+21,+25.4,+24.7,+24.9,+24.8,+24.8,+27,ESTP,0,0,+0,+0,+0.0169,+0,+0.0412,+0,+0,+0,12:33:01 27.03.2020
10140,+25.6,+14.7,+21.1,+20.9,+21,+25.4,+24.7,+24.9,+24.8,+24.8,+27,ESTP,0,0,+0,+0,+0.0169,+0,+0.0412,+0,+0,+0,12:34:01 27.03.2020
10141,+25.6,+14.7,+21.1,+20.9,+21,+25.4,+24.7,+24.9,+24.8,+24.8,+27,ESTP,0,0,+0,+0,+0.0169,+0,+0.0412,+0,+0,+0,12:35:01 27.03.2020
10142,+25.6,+14.7,+21.1,+20.9,+21,+25.4,+24.7,+24.9,+24.8,+24.8,+27,ESTP,0,0,+0,+0,+0.0169,+0,+0.0412,+0,+0,+0,12:36:01 27.03.2020
10143,+25.7,+14.7,+21.1,+20.9,+21,+25.4,+24.7,+24.9,+24.8,+24.8,+27,ESTP,0,0,+0,+0,+0.0169,+0,+0.0412,+0,+0,+0,12:37:01 27.03.2020
10144,+25.7,+14.8,+21.1,+20.9,+21,+25.4,+24.7,+24.9,+24.8,+24.8,+27,ESTP,0,0,+0,+0,+0.0169,+0,+0.0412,+0,+0,+0,12:38:01 27.03.2020
10145,+25.7,+14.8,+21.1,+20.9,+21,+25.4,+24.7,+24.9,+24.8,+24.8,+27,ESTP,0,0,+0,+0,+0.0169,+0,+0.0412,+0,+0,+0,12:39:01 27.03.2020
10146,+25.7,+14.8,+21.1,+20.9,+21,+25.4,+24.7,+24.9,+24.8,+24.8,+27,ESTP,0,0,+0,+0,+0.0169,+0,+0.0412,+0,+0,+0,12:40:01 27.03.2020
10147,+25.7,+14.8,+21.1,+20.9,+21,+25.4,+24.7,+24.9,+24.8,+24.8,+27,ESTP,0,0,+0,+0,+0.0169,+0,+0.0412,+0,+0,+0,12:41:01 27.03.2020
10148,+25.7,+14.8,+21.1,+20.9,+21,+25.4,+24.7,+24.9,+24.8,+24.8,+27,ESTP,0,0,+0,+0,+0.0169,+0,+0.0412,+0,+0,+0,12:42:01 27.03.2020
10149,+25.6,+14.8,+21.1,+20.9,+21,+25.4,+24.7,+24.9,+24.8,+24.8,+27,ESTP,0,0,+0,+0,+0.0169,+0,+0.0412,+0,+0,+0,12:43:01 27.03.2020
10150,+25.6,+14.8,+21.1,+20.9,+21,+25.4,+24.7,+24.9,+24.8,+24.8,+27,ESTP,0,0,+0,+0,+0.0169,+0,+0.0412,+0,+0,+0,12:44:01 27.03.2020
10151,+25.6,+14.8,+21.1,+20.9,+21,+25.4,+24.7,+24.9,+24.8,+24.8,+27,ESTP,0,0,+0,+0,+0.0169,+0,+0.0412,+0,+0,+0,12:45:01 27.03.2020
10152,+25.6,+14.8,+21.1,+20.9,+21,+25.4,+24.7,+24.9,+24.8,+24.8,+27,ESTP,0,0,+0,+0,+0.0169,+0,+0.0412,+0,+0,+0,12:46:01 27.03.2020
10153,+25.6,+14.8,+21.1,+20.9,+21,+25.4,+24.7,+24.9,+24.8,+24.8,+27,ESTP,0,0,+0,+0,+0.0169,+0,+0.0412,+0,+0,+0,12:47:01 27.03.2020
10154,+25.6,+14.8,+21.1,+20.9,+21,+25.4,+24.7,+24.9,+24.8,+24.8,+27,ESTP,0,0,+0,+0,+0.0169,+0,+0.0412,+0,+0,+0,12:48:01 27.03.2020
10155,+25.6,+14.8,+21.1,+20.9,+21,+25.4,+24.7,+24.9,+24.8,+24.8,+27,ESTP,0,0,+0,+0,+0.0169,+0,+0.0412,+0,+0,+0,12:49:01 27.03.2020
10156,+25.6,+14.8,+21.1,+20.9,+21,+25.4,+24.7,+24.9,+24.8,+24.8,+27,ESTP,0,0,+0,+0,+0.0169,+0,+0.0412,+0,+0,+0,12:50:01 27.03.2020
10157,+25.6,+14.8,+21.1,+20.9,+21,+25.4,+24.7,+24.9,+24.8,+24.8,+27,ESTP,0,0,+0,+0,+0.0169,+0,+0.0412,+0,+0,+0,12:51:01 27.03.2020
10158,+25.6,+14.8,+21.1,+20.9,+21,+25.4,+24.7,+24.9,+24.8,+24.8,+27,ESTP,0,0,+0,+0,+0.0169,+0,+0.0412,+0,+0,+0,12:52:01 27.03.2020
10159,+25.7,+14.8,+21.1,+20.9,+21,+25.4,+24.7,+24.9,+24.8,+24.8,+27,ESTP,0,0,+0,+0,+0.0169,+0,+0.0412,+0,+0,+0,12:53:01 27.03.2020
10160,+25.7,+14.8,+21.1,+20.9,+21,+25.4,+24.7,+24.9,+24.8,+24.8,+27,ESTP,0,0,+0,+0,+0.0169,+0,+0.0412,+0,+0,+0,12:54:01 27.03.2020
10161,+25.7,+14.8,+21.1,+20.9,+21,+25.4,+24.7,+24.9,+24.8,+24.8,+27,ESTP,0,0,+0,+0,+0.0169,+0,+0.0412,+0,+0,+0,12:55:01 27.03.2020
10162,+25.7,+14.8,+21.1,+20.9,+21,+25.4,+24.7,+24.9,+24.8,+24.8,+27,ESTP,0,0,+0,+0,+0.0169,+0,+0.0412,+0,+0,+0,12:56:01 27.03.2020
10163,+25.6,+14.8,+21.1,+20.9,+21,+25.4,+24.7,+24.9,+24.8,+24.8,+27,ESTP,0,0,+0,+0,+0.0169,+0,+0.0412,+0,+0,+0,12:57:01 27.03.2020
10164,+25.6,+14.8,+21.1,+20.9,+21,+25.4,+24.7,+24.9,+24.8,+24.8,+27,ESTP,0,0,+0,+0,+0.0169,+0,+0.0412,+0,+0,+0,12:58:01 27.03.2020
10165,+25.6,+14.8,+21.1,+20.9,+21,+25.4,+24.7,+24.9,+24.8,+24.8,+27,ESTP,0,0,+0,+0,+0.0169,+0,+0.0412,+0,+0,+0,12:59:01 27.03.2020
10166,+25.6,+14.8,+21.1,+20.9,+21,+25.4,+24.7,+24.9,+24.8,+24.8,+27,ESTP,0,0,+0,+0,+0.0169,+0,+0.0412,+0,+0,+0,13:00:01 27.03.2020
10167,+25.6,+14.8,+21.1,+20.9,+21,+25.4,+24.7,+24.9,+24.8,+24.8,+27,ESTP,0,0,+0,+0,+0.0169,+0,+0.0412,+0,+0,+0,13:01:01 27.03.2020
10168,+25.6,+14.8,+21.1,+20.9,+21,+25.4,+24.7,+24.9,+24.8,+24.8,+27,ESTP,0,0,+0,+0,+0.0169,+0,+0.0412,+0,+0,+0,13:02:01 27.03.2020
10169,+25.6,+14.8,+21.1,+20.9,+21,+25.4,+24.7,+24.9,+24.8,+24.8,+27,ESTP,0,0,+0,+0,+0.0169,+0,+0.0412,+0,+0,+0,13:03:01 27.03.2020
10170,+25.6,+14.8,+21.1,+20.9,+21,+25.4,+24.7,+24.9,+24.8,+24.8,+27,ESTP,0,0,+0,+0,+0.0169,+0,+0.0412,+0,+0,+0,13:04:01 27.03.2020
10171,+25.6,+14.8,+21.1,+20.9,+21,+25.4,+24.7,+24.9,+24.8,+24.8,+27,ESTP,0,0,+0,+0,+0.0169,+0,+0.0412,+0,+0,+0,13:05:01 27.03.2020
10172,+25.6,+14.8,+21.1,+20.9,+21,+25.4,+24.7,+24.9,+24.8,+24.8,+27,ESTP,0,0,+0,+0,+0.0169,+0,+0.0412,+0,+0,+0,13:06:01 27.03.2020
10173,+25.6,+14.8,+21.1,+20.9,+21,+25.4,+24.7,+24.9,+24.8,+24.8,+27,ESTP,0,0,+0,+0,+0.0169,+0,+0.0412,+0,+0,+0,13:07:01 27.03.2020
10174,+25.7,+14.8,+21.1,+20.9,+21,+25.4,+24.7,+24.9,+24.8,+24.8,+27,ESTP,0,0,+0,+0,+0.0169,+0,+0.0412,+0,+0,+0,13:08:01 27.03.2020
10175,+25.7,+14.8,+21.1,+20.9,+21,+25.4,+24.7,+24.9,+24.8,+24.8,+27,ESTP,0,0,+0,+0,+0.0169,+0,+0.0412,+0,+0,+0,13:09:01 27.03.2020
10176,+25.7,+14.8,+21.1,+20.9,+21,+25.4,+24.7,+24.9,+24.8,+24.8,+27,ESTP,0,0,+0,+0,+0.0169,+0,+0.0412,+0,+0,+0,13:10:01 27.03.2020
10177,+25.6,+14.8,+21.1,+20.9,+21,+25.4,+24.7,+24.9,+24.8,+24.8,+27,ESTP,0,0,+0,+0,+0.0169,+0,+0.0412,+0,+0,+0,13:11:01 27.03.2020
10178,+25.6,+14.8,+21.1,+20.9,+21,+25.4,+24.7,+24.9,+24.8,+24.8,+27,ESTP,0,0,+0,+0,+0.0169,+0,+0.0412,+0,+0,+0,13:12:01 27.03.2020
10179,+25.6,+14.8,+21.1,+20.9,+21,+25.4,+24.7,+24.9,+24.8,+24.8,+27,ESTP,0,0,+0,+0,+0.0169,+0,+0.0412,+0,+0,+0,13:13:01 27.03.2020
10180,+25.6,+14.8,+21.1,+20.9,+21,+25.4,+24.7,+24.9,+24.8,+24.8,+27,ESTP,0,0,+0,+0,+0.0169,+0,+0.0412,+0,+0,+0,13:14:01 27.03.2020
10181,+25.6,+14.9,+21.1,+20.9,+21,+25.4,+24.7,+24.9,+24.8,+24.8,+27,ESTP,0,0,+0,+0,+0.0169,+0,+0.0412,+0,+0,+0,13:15:01 27.03.2020
10182,+25.6,+14.9,+21.1,+20.9,+21,+25.4,+24.7,+24.9,+24.8,+24.8,+27,ESTP,0,0,+0,+0,+0.0169,+0,+0.0412,+0,+0,+0,13:16:01 27.03.2020
10183,+25.6,+14.9,+21.1,+20.9,+21,+25.4,+24.7,+24.9,+24.8,+24.8,+27,ESTP,0,0,+0,+0,+0.0169,+0,+0.0412,+0,+0,+0,13:17:01 27.03.2020
10184,+25.6,+14.9,+21.1,+20.9,+21,+25.4,+24.7,+24.9,+24.8,+24.8,+27,ESTP,0,0,+0,+0,+0.0169,+0,+0.0412,+0,+0,+0,13:18:01 27.03.2020
10185,+25.6,+14.9,+21.1,+20.9,+21,+25.4,+24.7,+24.9,+24.8,+24.8,+27,ESTP,0,0,+0,+0,+0.0169,+0,+0.0412,+0,+0,+0,13:19:01 27.03.2020
10186,+25.6,+14.9,+21.1,+20.9,+21,+25.4,+24.7,+24.9,+24.8,+24.8,+27,ESTP,0,0,+0,+0,+0.0169,+0,+0.0412,+0,+0,+0,13:20:01 27.03.2020
10187,+25.7,+14.9,+21.1,+20.9,+21,+25.4,+24.7,+24.9,+24.8,+24.8,+27,ESTP,0,0,+0,+0,+0.0169,+0,+0.0412,+0,+0,+0,13:21:01 27.03.2020
10188,+25.7,+14.9,+21.1,+20.9,+21,+25.4,+24.7,+24.9,+24.8,+24.8,+27,ESTP,0,0,+0,+0,+0.0169,+0,+0.0412,+0,+0,+0,13:22:01 27.03.2020
10189,+25.7,+14.9,+21.1,+20.9,+21,+25.4,+24.7,+24.9,+24.8,+24.8,+27,ESTP,0,0,+0,+0,+0.0169,+0,+0.0412,+0,+0,+0,13:23:01 27.03.2020
10190,+25.7,+14.9,+21.1,+20.9,+21,+25.4,+24.7,+24.9,+24.8,+24.8,+27,ESTP,0,0,+0,+0,+0.0169,+0,+0.0412,+0,+0,+0,13:24:01 27.03.2020
10191,+25.7,+14.9,+21.1,+20.9,+21,+25.4,+24.7,+24.9,+24.8,+24.8,+27,ESTP,0,0,+0,+0,+0.0169,+0,+0.0412,+0,+0,+0,13:25:01 27.03.2020
10192,+25.7,+14.9,+21.1,+20.9,+21,+25.4,+24.7,+24.9,+24.8,+24.8,+27,ESTP,0,0,+0,+0,+0.0169,+0,+0.0412,+0,+0,+0,13:26:01 27.03.2020
10193,+25.7,+14.9,+21.1,+20.9,+21,+25.4,+24.7,+24.9,+24.8,+24.8,+27,ESTP,0,0,+0,+0,+0.0169,+0,+0.0412,+0,+0,+0,13:27:01 27.03.2020
10194,+25.7,+14.9,+21.1,+20.9,+21,+25.4,+24.7,+24.9,+24.8,+24.8,+27,ESTP,0,0,+0,+0,+0.0169,+0,+0.0412,+0,+0,+0,13:28:01 27.03.2020
10195,+25.6,+14.9,+21.1,+20.9,+21,+25.4,+24.7,+24.9,+24.8,+24.8,+27,ESTP,0,0,+0,+0,+0.0169,+0,+0.0412,+0,+0,+0,13:29:01 27.03.2020
10196,+25.6,+14.9,+21.1,+20.9,+21,+25.4,+24.7,+24.9,+24.8,+24.8,+27,ESTP,0,0,+0,+0,+0.0169,+0,+0.0412,+0,+0,+0,13:30:01 27.03.2020
10197,+25.6,+14.9,+21.1,+20.9,+21,+25.4,+24.7,+24.9,+24.8,+24.8,+27,ESTP,0,0,+0,+0,+0.0169,+0,+0.0412,+0,+0,+0,13:31:01 27.03.2020
10198,+25.6,+14.9,+21.1,+20.9,+21,+25.4,+24.7,+24.9,+24.8,+24.8,+27,ESTP,0,0,+0,+0,+0.0169,+0,+0.0412,+0,+0,+0,13:32:01 27.03.2020
10199,+25.6,+14.9,+21.1,+20.9,+21,+25.4,+24.7,+24.9,+24.8,+24.8,+27,ESTP,0,0,+0,+0,+0.0169,+0,+0.0412,+0,+0,+0,13:33:01 27.03.2020
10200,+25.6,+14.9,+21.1,+20.9,+21,+25.4,+24.7,+24.9,+24.8,+24.8,+27,ESTP,0,0,+0,+0,+0.0169,+0,+0.0412,+0,+0,+0,13:34:01 27.03.2020
10201,+25.6,+14.9,+21.1,+20.9,+21,+25.4,+24.7,+24.9,+24.8,+24.8,+27,ESTP,0,0,+0,+0,+0.0169,+0,+0.0412,+0,+0,+0,13:35:01 27.03.2020
10202,+25.7,+14.9,+21.1,+20.9,+21,+25.4,+24.8,+24.9,+24.8,+24.8,+27,ESTP,0,0,+0,+0,+0.0169,+0,+0.0412,+0,+0,+0,13:36:01 27.03.2020
10203,+25.7,+14.9,+21.1,+20.9,+21,+25.4,+24.7,+24.9,+24.8,+24.8,+27,ESTP,0,0,+0,+0,+0.0169,+0,+0.0412,+0,+0,+0,13:37:01 27.03.2020
10204,+25.7,+14.9,+21.1,+20.9,+21,+25.4,+24.7,+24.9,+24.8,+24.8,+27,ESTP,0,0,+0,+0,+0.0169,+0,+0.0412,+0,+0,+0,13:38:01 27.03.2020
10205,+25.7,+14.9,+21.1,+20.9,+21,+25.4,+24.8,+24.9,+24.8,+24.8,+27,ESTP,0,0,+0,+0,+0.0169,+0,+0.0412,+0,+0,+0,13:39:01 27.03.2020
10206,+25.7,+14.9,+21.1,+20.9,+21,+25.4,+24.7,+24.9,+24.8,+24.8,+27,ESTP,0,0,+0,+0,+0.0169,+0,+0.0412,+0,+0,+0,13:40:01 27.03.2020
10207,+25.7,+14.9,+21.1,+20.9,+21,+25.4,+24.7,+24.9,+24.8,+24.8,+27,ESTP,0,0,+0,+0,+0.0169,+0,+0.0412,+0,+0,+0,13:41:01 27.03.2020
10208,+25.7,+14.9,+21.1,+20.9,+21,+25.4,+24.8,+24.9,+24.8,+24.8,+27,ESTP,0,0,+0,+0,+0.0169,+0,+0.0412,+0,+0,+0,13:42:01 27.03.2020
10209,+25.6,+14.9,+21.1,+20.9,+21,+25.4,+24.8,+24.9,+24.8,+24.8,+27,ESTP,0,0,+0,+0,+0.0169,+0,+0.0412,+0,+0,+0,13:43:01 27.03.2020
10210,+25.6,+14.9,+21.1,+20.9,+21,+25.4,+24.8,+24.9,+24.8,+24.8,+27,ESTP,0,0,+0,+0,+0.0169,+0,+0.0412,+0,+0,+0,13:44:01 27.03.2020
10211,+25.6,+14.9,+21.1,+20.9,+21,+25.4,+24.8,+24.9,+24.8,+24.8,+27,ESTP,0,0,+0,+0,+0.0169,+0,+0.0412,+0,+0,+0,13:45:01 27.03.2020
10212,+25.6,+14.9,+21.1,+20.9,+21,+25.4,+24.8,+24.9,+24.8,+24.8,+27,ESTP,0,0,+0,+0,+0.0169,+0,+0.0412,+0,+0,+0,13:46:01 27.03.2020
10213,+25.6,+14.9,+21.1,+20.9,+21,+25.4,+24.8,+24.9,+24.8,+24.8,+27,ESTP,0,0,+0,+0,+0.0169,+0,+0.0412,+0,+0,+0,13:47:01 27.03.2020
10214,+25.6,+14.9,+21.1,+20.9,+21,+25.4,+24.8,+24.9,+24.8,+24.8,+27,ESTP,0,0,+0,+0,+0.0169,+0,+0.0412,+0,+0,+0,13:48:01 27.03.2020
10215,+25.7,+14.9,+21.1,+20.9,+21,+25.4,+24.8,+24.9,+24.8,+24.8,+27,ESTP,0,0,+0,+0,+0.0169,+0,+0.0412,+0,+0,+0,13:49:01 27.03.2020
10216,+25.7,+14.9,+21.1,+20.9,+21,+25.4,+24.7,+24.9,+24.8,+24.8,+27,ESTP,0,0,+0,+0,+0.0169,+0,+0.0412,+0,+0,+0,13:50:01 27.03.2020
10217,+25.7,+15,+21.1,+20.9,+21,+25.4,+24.7,+24.9,+24.8,+24.8,+27,ESTP,0,0,+0,+0,+0.0169,+0,+0.0412,+0,+0,+0,13:51:01 27.03.2020
10218,+25.7,+15,+21.1,+20.9,+21,+25.4,+24.8,+24.9,+24.8,+24.8,+27,ESTP,0,0,+0,+0,+0.0169,+0,+0.0412,+0,+0,+0,13:52:01 27.03.2020
10219,+25.7,+15,+21.1,+20.9,+21,+25.4,+24.8,+24.9,+24.8,+24.8,+27,ESTP,0,0,+0,+0,+0.0169,+0,+0.0413,+0,+0,+0,13:53:01 27.03.2020
10220,+25.7,+15,+21,+20.9,+21,+25.4,+24.8,+24.9,+24.8,+24.8,+27,ESTP,0,0,+0,+0,+0.0169,+0,+0.0412,+0,+0,+0,13:54:01 27.03.2020
10221,+25.7,+15,+21.1,+20.9,+21,+25.4,+24.8,+24.9,+24.8,+24.8,+27,ESTP,0,0,+0,+0,+0.0169,+0,+0.0412,+0,+0,+0,13:55:01 27.03.2020
10222,+25.7,+15,+21.1,+20.9,+21,+25.4,+24.8,+24.9,+24.8,+24.8,+27,ESTP,0,0,+0,+0,+0.0169,+0,+0.0412,+0,+0,+0,13:56:01 27.03.2020
10223,+25.6,+15,+21.1,+20.9,+21,+25.4,+24.8,+24.9,+24.8,+24.8,+27,ESTP,0,0,+0,+0,+0.0169,+0,+0.0412,+0,+0,+0,13:57:01 27.03.2020
10224,+25.6,+15,+21.1,+20.9,+21,+25.4,+24.8,+24.9,+24.8,+24.8,+27,ESTP,0,0,+0,+0,+0.0169,+0,+0.0412,+0,+0,+0,13:58:01 27.03.2020
10225,+25.6,+15,+21.1,+20.9,+21,+25.4,+24.8,+24.9,+24.8,+24.8,+27,ESTP,0,0,+0,+0,+0.0169,+0,+0.0412,+0,+0,+0,13:59:01 27.03.2020
10226,+25.6,+15,+21.1,+20.9,+21,+25.4,+24.8,+24.9,+24.8,+24.8,+27,ESTP,0,0,+0,+0,+0.0169,+0,+0.0412,+0,+0,+0,14:00:01 27.03.2020
10227,+25.6,+15,+21.1,+20.9,+21,+25.4,+24.8,+24.9,+24.8,+24.8,+27,ESTP,0,0,+0,+0,+0.0169,+0,+0.0412,+0,+0,+0,14:01:01 27.03.2020
10228,+25.6,+15,+21.1,+20.9,+21,+25.4,+24.8,+24.9,+24.8,+24.8,+27,ESTP,0,0,+0,+0,+0.0169,+0,+0.0412,+0,+0,+0,14:02:01 27.03.2020
10229,+25.6,+15,+21.1,+20.9,+20.9,+25.4,+24.8,+24.9,+24.8,+24.8,+27,ESTP,0,0,+0,+0,+0.0169,+0,+0.0412,+0,+0,+0,14:03:01 27.03.2020
10230,+25.6,+15,+21.1,+20.9,+21,+25.4,+24.8,+24.9,+24.8,+24.8,+27,ESTP,0,0,+0,+0,+0.0169,+0,+0.0412,+0,+0,+0,14:04:01 27.03.2020
10231,+25.7,+15,+21.1,+20.9,+21,+25.4,+24.8,+24.9,+24.8,+24.8,+27,ESTP,0,0,+0,+0,+0.0169,+0,+0.0412,+0,+0,+0,14:05:01 27.03.2020
10232,+25.7,+15,+21.1,+20.9,+21,+25.4,+24.8,+24.9,+24.8,+24.8,+27,ESTP,0,0,+0,+0,+0.0169,+0,+0.0412,+0,+0,+0,14:06:01 27.03.2020
10233,+25.7,+15,+21,+20.9,+21,+25.4,+24.8,+24.9,+24.8,+24.8,+27,ESTP,0,0,+0,+0,+0.0169,+0,+0.0412,+0,+0,+0,14:07:01 27.03.2020
10234,+25.7,+15,+21.1,+20.9,+21,+25.4,+24.8,+24.9,+24.8,+24.8,+27,ESTP,0,0,+0,+0,+0.0169,+0,+0.0414,+0,+0,+0,14:08:01 27.03.2020
10235,+25.7,+15,+21.1,+20.9,+21,+25.4,+24.8,+24.9,+24.8,+24.8,+27,ESTP,0,0,+0,+0,+0.0169,+0,+0.0412,+0,+0,+0,14:09:01 27.03.2020
10236,+25.7,+15,+21,+20.9,+21,+25.4,+24.8,+24.9,+24.8,+24.8,+27,ESTP,0,0,+0,+0,+0.0169,+0,+0.0414,+0,+0,+0,14:10:01 27.03.2020
10237,+25.7,+15,+21,+20.9,+21,+25.4,+24.8,+24.9,+24.8,+24.8,+27,ESTP,0,0,+0,+0,+0.0169,+0,+0.0414,+0,+0,+0,14:11:01 27.03.2020
10238,+25.6,+15,+21.1,+20.9,+20.9,+25.4,+24.8,+24.9,+24.8,+24.8,+27,ESTP,0,0,+0,+0,+0.0169,+0,+0.0413,+0,+0,+0,14:12:01 27.03.2020
10239,+25.6,+15,+21,+20.9,+21,+25.4,+24.8,+24.9,+24.8,+24.8,+27,ESTP,0,0,+0,+0,+0.0169,+0,+0.0412,+0,+0,+0,14:13:01 27.03.2020
10240,+25.6,+15,+21,+20.9,+21,+25.4,+24.8,+24.9,+24.8,+24.8,+27,ESTP,0,0,+0,+0,+0.0169,+0,+0.0412,+0,+0,+0,14:14:01 27.03.2020
10241,+25.6,+15,+21,+20.9,+20.9,+25.4,+24.8,+24.9,+24.8,+24.8,+27,ESTP,0,0,+0,+0,+0.0169,+0,+0.0412,+0,+0,+0,14:15:01 27.03.2020
10242,+25.6,+15,+21,+20.9,+20.9,+25.4,+24.8,+24.9,+24.8,+24.8,+27,ESTP,0,0,+0,+0,+0.0169,+0,+0.0412,+0,+0,+0,14:16:01 27.03.2020
10243,+25.6,+15,+21.1,+20.9,+21,+25.4,+24.8,+24.9,+24.8,+24.8,+27,ESTP,0,0,+0,+0,+0.0169,+0,+0.0412,+0,+0,+0,14:17:01 27.03.2020
10244,+25.6,+15,+21,+20.9,+20.9,+25.4,+24.8,+24.9,+24.8,+24.8,+27,ESTP,0,0,+0,+0,+0.0169,+0,+0.0412,+0,+0,+0,14:18:01 27.03.2020
10245,+25.7,+15,+21,+20.9,+20.9,+25.4,+24.8,+24.9,+24.8,+24.8,+27,ESTP,0,0,+0,+0,+0.0169,+0,+0.0412,+0,+0,+0,14:19:01 27.03.2020
10246,+25.7,+15,+21,+20.9,+20.9,+25.4,+24.8,+24.9,+24.8,+24.8,+27,ESTP,0,0,+0,+0,+0.0169,+0,+0.0412,+0,+0,+0,14:20:01 27.03.2020
10247,+25.7,+15,+21.1,+20.9,+20.9,+25.4,+24.8,+24.9,+24.8,+24.8,+27,ESTP,0,0,+0,+0,+0.0169,+0,+0.0412,+0,+0,+0,14:21:01 27.03.2020
10248,+25.7,+15,+21,+20.9,+21,+25.4,+24.8,+24.9,+24.8,+24.8,+27,ESTP,0,0,+0,+0,+0.0169,+0,+0.0414,+0,+0,+0,14:22:01 27.03.2020
10249,+25.7,+15,+21,+20.9,+21,+25.4,+24.8,+24.9,+24.8,+24.8,+27,ESTP,0,0,+0,+0,+0.0169,+0,+0.0414,+0,+0,+0,14:23:01 27.03.2020
10250,+25.7,+15,+21.1,+20.9,+20.9,+25.4,+24.8,+24.9,+24.8,+24.8,+27,ESTP,0,0,+0,+0,+0.0169,+0,+0.0414,+0,+0,+0,14:24:01 27.03.2020
10251,+25.7,+15,+21,+20.9,+21,+25.4,+24.8,+24.9,+24.8,+24.8,+27,ESTP,0,0,+0,+0,+0.0169,+0,+0.0414,+0,+0,+0,14:25:01 27.03.2020
10252,+25.7,+15,+21,+20.9,+20.9,+25.4,+24.8,+24.9,+24.8,+24.8,+27,ESTP,0,0,+0,+0,+0.0169,+0,+0.0412,+0,+0,+0,14:26:01 27.03.2020
10253,+25.6,+15,+21,+20.9,+21,+25.4,+24.8,+24.9,+24.8,+24.8,+27,ESTP,0,0,+0,+0,+0.0169,+0,+0.0413,+0,+0,+0,14:27:01 27.03.2020
10254,+25.6,+15,+21,+20.9,+20.9,+25.4,+24.8,+24.9,+24.8,+24.8,+27,ESTP,0,0,+0,+0,+0.0169,+0,+0.0412,+0,+0,+0,14:28:01 27.03.2020
10255,+25.6,+15,+21,+20.9,+21,+25.4,+24.8,+24.9,+24.8,+24.8,+27,ESTP,0,0,+0,+0,+0.0169,+0,+0.0412,+0,+0,+0,14:29:01 27.03.2020
10256,+25.6,+15,+21,+20.9,+21,+25.4,+24.8,+24.9,+24.8,+24.8,+27,ESTP,0,0,+0,+0,+0.0169,+0,+0.0412,+0,+0,+0,14:30:01 27.03.2020
10257,+25.6,+15,+21,+20.9,+21,+25.4,+24.8,+24.9,+24.8,+24.8,+27,ESTP,0,0,+0,+0,+0.0169,+0,+0.0412,+0,+0,+0,14:31:01 27.03.2020
10258,+25.6,+15,+21,+20.9,+20.9,+25.4,+24.8,+24.9,+24.8,+24.8,+27,ESTP,0,0,+0,+0,+0.0169,+0,+0.0412,+0,+0,+0,14:32:01 27.03.2020
10259,+25.6,+15,+21,+20.9,+20.9,+25.4,+24.8,+24.9,+24.8,+24.8,+27,ESTP,0,0,+0,+0,+0.0169,+0,+0.0412,+0,+0,+0,14:33:01 27.03.2020
10260,+25.6,+15,+21,+20.9,+21,+25.4,+24.8,+24.9,+24.8,+24.8,+27,ESTP,0,0,+0,+0,+0.0169,+0,+0.0412,+0,+0,+0,14:34:01 27.03.2020
10261,+25.7,+15,+21,+20.9,+20.9,+25.4,+24.8,+24.9,+24.8,+24.8,+27,ESTP,0,0,+0,+0,+0.0169,+0,+0.0412,+0,+0,+0,14:35:01 27.03.2020
10262,+25.7,+15,+21,+20.9,+20.9,+25.4,+24.8,+24.9,+24.8,+24.8,+27,ESTP,0,0,+0,+0,+0.0169,+0,+0.0412,+0,+0,+0,14:36:01 27.03.2020
10263,+25.7,+15,+21,+20.9,+20.9,+25.4,+24.8,+24.9,+24.8,+24.8,+27,ESTP,0,0,+0,+0,+0.0169,+0,+0.0412,+0,+0,+0,14:37:01 27.03.2020
10264,+25.7,+15,+21,+20.9,+20.9,+25.4,+24.8,+24.9,+24.8,+24.8,+27,ESTP,0,0,+0,+0,+0.0169,+0,+0.0412,+0,+0,+0,14:38:01 27.03.2020
10265,+25.7,+15,+21,+20.9,+20.9,+25.4,+24.8,+24.9,+24.8,+24.8,+27,ESTP,0,0,+0,+0,+0.0169,+0,+0.0414,+0,+0,+0,14:39:01 27.03.2020
10266,+25.7,+15,+21,+20.9,+20.9,+25.4,+24.8,+24.9,+24.8,+24.8,+27,ESTP,0,0,+0,+0,+0.0169,+0,+0.0413,+0,+0,+0,14:40:01 27.03.2020
10267,+25.7,+15.1,+21,+20.9,+21,+25.4,+24.8,+24.9,+24.8,+24.8,+27,ESTP,0,0,+0,+0,+0.0169,+0,+0.0412,+0,+0,+0,14:41:01 27.03.2020
10268,+25.6,+15,+21,+20.9,+20.9,+25.4,+24.8,+24.9,+24.8,+24.8,+27,ESTP,0,0,+0,+0,+0.0169,+0,+0.0412,+0,+0,+0,14:42:01 27.03.2020
10269,+25.6,+15,+21,+20.9,+20.9,+25.4,+24.8,+24.9,+24.8,+24.8,+27,ESTP,0,0,+0,+0,+0.0169,+0,+0.0412,+0,+0,+0,14:43:01 27.03.2020
10270,+25.6,+15.1,+21,+20.9,+20.9,+25.4,+24.8,+24.9,+24.8,+24.8,+27,ESTP,0,0,+0,+0,+0.0169,+0,+0.0412,+0,+0,+0,14:44:01 27.03.2020
10271,+25.6,+15,+21,+20.9,+20.9,+25.4,+24.8,+24.9,+24.8,+24.8,+27,ESTP,0,0,+0,+0,+0.0169,+0,+0.0412,+0,+0,+0,14:45:01 27.03.2020
10272,+25.6,+15.1,+21,+20.9,+20.9,+25.4,+24.8,+24.9,+24.8,+24.8,+27,ESTP,0,0,+0,+0,+0.0169,+0,+0.0412,+0,+0,+0,14:46:01 27.03.2020
10273,+25.6,+15.1,+21,+20.9,+21,+25.4,+24.8,+24.9,+24.8,+24.8,+27,ESTP,0,0,+0,+0,+0.0169,+0,+0.0412,+0,+0,+0,14:47:01 27.03.2020
10274,+25.6,+15.1,+21,+20.9,+20.9,+25.4,+24.8,+24.9,+24.8,+24.8,+27,ESTP,0,0,+0,+0,+0.0169,+0,+0.0412,+0,+0,+0,14:48:01 27.03.2020
10275,+25.6,+15.1,+21,+20.9,+20.9,+25.4,+24.8,+24.9,+24.8,+24.8,+27,ESTP,0,0,+0,+0,+0.0169,+0,+0.0412,+0,+0,+0,14:49:01 27.03.2020
10276,+25.6,+15.1,+21,+20.9,+20.9,+25.4,+24.8,+24.9,+24.8,+24.8,+27,ESTP,0,0,+0,+0,+0.0169,+0,+0.0412,+0,+0,+0,14:50:01 27.03.2020
10277,+25.7,+15.1,+21,+20.9,+20.9,+25.4,+24.8,+24.9,+24.8,+24.8,+27,ESTP,0,0,+0,+0,+0.0169,+0,+0.0412,+0,+0,+0,14:51:01 27.03.2020
10278,+25.7,+15.1,+21,+20.9,+20.9,+25.4,+24.8,+24.9,+24.8,+24.8,+27,ESTP,0,0,+0,+0,+0.0169,+0,+0.0412,+0,+0,+0,14:52:01 27.03.2020
10279,+25.7,+15.1,+21,+20.9,+20.9,+25.4,+24.8,+24.9,+24.8,+24.8,+27,ESTP,0,0,+0,+0,+0.0169,+0,+0.0414,+0,+0,+0,14:53:01 27.03.2020
10280,+25.7,+15.1,+21,+20.9,+20.9,+25.4,+24.8,+24.9,+24.8,+24.8,+27,ESTP,0,0,+0,+0,+0.0169,+0,+0.0414,+0,+0,+0,14:54:01 27.03.2020
10281,+25.7,+15.1,+21,+20.9,+20.9,+25.4,+24.8,+24.9,+24.8,+24.8,+27,ESTP,0,0,+0,+0,+0.0169,+0,+0.0414,+0,+0,+0,14:55:01 27.03.2020
10282,+25.7,+15.1,+21,+20.9,+20.9,+25.4,+24.8,+24.9,+24.8,+24.8,+27,ESTP,0,0,+0,+0,+0.0169,+0,+0.0414,+0,+0,+0,14:56:01 27.03.2020
10283,+25.7,+15.1,+21,+20.9,+20.9,+25.4,+24.8,+24.9,+24.9,+24.8,+27,ESTP,0,0,+0,+0,+0.0169,+0,+0.0414,+0,+0,+0,14:57:01 27.03.2020
10284,+25.6,+15.1,+21,+20.9,+20.9,+25.4,+24.8,+24.9,+24.8,+24.8,+27,ESTP,0,0,+0,+0,+0.0169,+0,+0.0414,+0,+0,+0,14:58:01 27.03.2020
10285,+25.6,+15.1,+21,+20.9,+20.9,+25.4,+24.8,+24.9,+24.8,+24.8,+27,ESTP,0,0,+0,+0,+0.0169,+0,+0.0412,+0,+0,+0,14:59:01 27.03.2020
10286,+25.6,+15.1,+21,+20.9,+20.9,+25.4,+24.8,+24.9,+24.9,+24.8,+27,ESTP,0,0,+0,+0,+0.0169,+0,+0.0412,+0,+0,+0,15:00:01 27.03.2020
10287,+25.6,+15.1,+21,+20.9,+20.9,+25.4,+24.8,+24.9,+24.9,+24.8,+27,ESTP,0,0,+0,+0,+0.0169,+0,+0.0412,+0,+0,+0,15:01:01 27.03.2020
10288,+25.6,+15.1,+21,+20.9,+20.9,+25.4,+24.8,+24.9,+24.8,+24.8,+27,ESTP,0,0,+0,+0,+0.0169,+0,+0.0412,+0,+0,+0,15:02:01 27.03.2020
10289,+25.6,+15.1,+21,+20.9,+20.9,+25.4,+24.8,+24.9,+24.8,+24.8,+27,ESTP,0,0,+0,+0,+0.0169,+0,+0.0412,+0,+0,+0,15:03:01 27.03.2020
10290,+25.6,+15.1,+21,+20.9,+20.9,+25.4,+24.8,+24.9,+24.9,+24.8,+27,ESTP,0,0,+0,+0,+0.0169,+0,+0.0412,+0,+0,+0,15:04:01 27.03.2020
10291,+25.7,+15.1,+21,+20.9,+20.9,+25.4,+24.8,+24.9,+24.9,+24.8,+27,ESTP,0,0,+0,+0,+0.0169,+0,+0.0412,+0,+0,+0,15:05:01 27.03.2020
10292,+25.7,+15.1,+21,+20.9,+20.9,+25.4,+24.8,+24.9,+24.8,+24.8,+27,ESTP,0,0,+0,+0,+0.0169,+0,+0.0412,+0,+0,+0,15:06:01 27.03.2020
10293,+25.7,+15.1,+21,+20.9,+20.9,+25.4,+24.8,+24.9,+24.8,+24.8,+27,ESTP,0,0,+0,+0,+0.0169,+0,+0.0412,+0,+0,+0,15:07:01 27.03.2020
10294,+25.7,+15.1,+21,+20.9,+20.9,+25.4,+24.8,+24.9,+24.8,+24.8,+27,ESTP,0,0,+0,+0,+0.0169,+0,+0.0414,+0,+0,+0,15:08:01 27.03.2020
10295,+25.7,+15.1,+21,+20.9,+20.9,+25.4,+24.8,+24.9,+24.9,+24.8,+27,ESTP,0,0,+0,+0,+0.0169,+0,+0.0414,+0,+0,+0,15:09:01 27.03.2020
10296,+25.7,+15.1,+21,+20.9,+20.9,+25.4,+24.8,+24.9,+24.9,+24.8,+27,ESTP,0,0,+0,+0,+0.0169,+0,+0.0414,+0,+0,+0,15:10:01 27.03.2020
10297,+25.7,+15.1,+21,+20.9,+20.9,+25.4,+24.8,+24.9,+24.9,+24.8,+27,ESTP,0,0,+0,+0,+0.0169,+0,+0.0414,+0,+0,+0,15:11:01 27.03.2020
10298,+25.7,+15.1,+21,+20.9,+20.9,+25.4,+24.8,+24.9,+24.9,+24.8,+27,ESTP,0,0,+0,+0,+0.0169,+0,+0.0414,+0,+0,+0,15:12:01 27.03.2020
10299,+25.7,+15.1,+21,+20.9,+20.9,+25.4,+24.8,+24.9,+24.9,+24.9,+27,ESTP,0,0,+0,+0,+0.0169,+0,+0.0414,+0,+0,+0,15:13:01 27.03.2020
10300,+25.6,+15.1,+21,+20.9,+20.9,+25.4,+24.8,+24.9,+24.9,+24.8,+27,ESTP,0,0,+0,+0,+0.0169,+0,+0.0414,+0,+0,+0,15:14:01 27.03.2020
10301,+25.6,+15.1,+21,+20.9,+20.9,+25.4,+24.8,+24.9,+24.9,+24.8,+27,ESTP,0,0,+0,+0,+0.0169,+0,+0.0414,+0,+0,+0,15:15:01 27.03.2020
10302,+25.6,+15.1,+21,+20.9,+20.9,+25.4,+24.8,+24.9,+24.9,+24.8,+27,ESTP,0,0,+0,+0,+0.0169,+0,+0.0413,+0,+0,+0,15:16:01 27.03.2020
10303,+25.6,+15.1,+21,+20.9,+20.9,+25.4,+24.8,+24.9,+24.9,+24.8,+27,ESTP,0,0,+0,+0,+0.0169,+0,+0.0412,+0,+0,+0,15:17:01 27.03.2020
10304,+25.6,+15.1,+21,+20.9,+20.9,+25.4,+24.8,+24.9,+24.9,+24.8,+27,ESTP,0,0,+0,+0,+0.0169,+0,+0.0412,+0,+0,+0,15:18:01 27.03.2020
10305,+25.7,+15.1,+21,+20.9,+20.9,+25.4,+24.8,+24.9,+24.9,+24.8,+27,ESTP,0,0,+0,+0,+0.0169,+0,+0.0412,+0,+0,+0,15:19:01 27.03.2020
10306,+25.7,+15.1,+21,+20.9,+20.9,+25.4,+24.8,+24.9,+24.9,+24.8,+27,ESTP,0,0,+0,+0,+0.0169,+0,+0.0412,+0,+0,+0,15:20:01 27.03.2020
10307,+25.7,+15.1,+21,+20.9,+20.9,+25.4,+24.8,+24.9,+24.9,+24.8,+27,ESTP,0,0,+0,+0,+0.0169,+0,+0.0414,+0,+0,+0,15:21:01 27.03.2020
10308,+25.7,+15.1,+21,+20.9,+20.9,+25.4,+24.8,+24.9,+24.9,+24.8,+27,ESTP,0,0,+0,+0,+0.0169,+0,+0.0414,+0,+0,+0,15:22:01 27.03.2020
10309,+25.7,+15.1,+21,+20.9,+20.9,+25.4,+24.8,+24.9,+24.9,+24.8,+27,ESTP,0,0,+0,+0,+0.0169,+0,+0.0414,+0,+0,+0,15:23:01 27.03.2020
10310,+25.7,+15.2,+21,+20.9,+20.9,+25.4,+24.8,+24.9,+24.9,+24.8,+27,ESTP,0,0,+0,+0,+0.0169,+0,+0.0414,+0,+0,+0,15:24:01 27.03.2020
10311,+25.7,+15.2,+21,+20.9,+20.9,+25.4,+24.8,+24.9,+24.9,+24.9,+27,ESTP,0,0,+0,+0,+0.0169,+0,+0.0414,+0,+0,+0,15:25:01 27.03.2020
10312,+25.7,+15.2,+21,+20.9,+20.9,+25.4,+24.8,+24.9,+24.9,+24.9,+27,ESTP,0,0,+0,+0,+0.0169,+0,+0.0414,+0,+0,+0,15:26:01 27.03.2020
10313,+25.6,+15.2,+21,+20.9,+20.9,+25.4,+24.8,+24.9,+24.9,+24.9,+27,ESTP,0,0,+0,+0,+0.0169,+0,+0.0414,+0,+0,+0,15:27:01 27.03.2020
10314,+25.6,+15.2,+21,+20.9,+20.9,+25.4,+24.8,+24.9,+24.9,+24.9,+27,ESTP,0,0,+0,+0,+0.0169,+0,+0.0414,+0,+0,+0,15:28:01 27.03.2020
10315,+25.6,+15.2,+21,+20.9,+20.9,+25.4,+24.8,+24.9,+24.9,+24.9,+27,ESTP,0,0,+0,+0,+0.0169,+0,+0.0414,+0,+0,+0,15:29:01 27.03.2020
10316,+25.6,+15.2,+21,+20.9,+20.9,+25.4,+24.8,+24.9,+24.9,+24.8,+27,ESTP,0,0,+0,+0,+0.0169,+0,+0.0412,+0,+0,+0,15:30:01 27.03.2020
10317,+25.6,+15.2,+21,+20.9,+20.9,+25.4,+24.8,+24.9,+24.9,+24.8,+27,ESTP,0,0,+0,+0,+0.0169,+0,+0.0412,+0,+0,+0,15:31:01 27.03.2020
10318,+25.6,+15.2,+21,+20.9,+20.9,+25.4,+24.8,+24.9,+24.9,+24.8,+27,ESTP,0,0,+0,+0,+0.0169,+0,+0.0412,+0,+0,+0,15:32:01 27.03.2020
10319,+25.6,+15.2,+21,+20.9,+20.9,+25.4,+24.8,+24.9,+24.9,+24.9,+27,ESTP,0,0,+0,+0,+0.0169,+0,+0.0412,+0,+0,+0,15:33:01 27.03.2020
10320,+25.7,+15.2,+21,+20.9,+20.9,+25.4,+24.8,+24.9,+24.9,+24.9,+27,ESTP,0,0,+0,+0,+0.0169,+0,+0.0412,+0,+0,+0,15:34:01 27.03.2020
10321,+25.7,+15.2,+21,+20.9,+20.9,+25.4,+24.8,+24.9,+24.9,+24.9,+27,ESTP,0,0,+0,+0,+0.0169,+0,+0.0412,+0,+0,+0,15:35:01 27.03.2020
10322,+25.7,+15.2,+21,+20.9,+20.9,+25.4,+24.8,+24.9,+24.9,+24.8,+27,ESTP,0,0,+0,+0,+0.0169,+0,+0.0413,+0,+0,+0,15:36:01 27.03.2020
10323,+25.7,+15.2,+21,+20.9,+20.9,+25.4,+24.8,+24.9,+24.9,+24.8,+27,ESTP,0,0,+0,+0,+0.0169,+0,+0.0414,+0,+0,+0,15:37:01 27.03.2020
10324,+25.7,+15.2,+21,+20.9,+20.9,+25.4,+24.8,+24.9,+24.9,+24.8,+27,ESTP,0,0,+0,+0,+0.0169,+0,+0.0414,+0,+0,+0,15:38:01 27.03.2020
10325,+25.7,+15.2,+21,+20.9,+20.9,+25.4,+24.8,+24.9,+24.9,+24.9,+27,ESTP,0,0,+0,+0,+0.0169,+0,+0.0414,+0,+0,+0,15:39:01 27.03.2020
10326,+25.7,+15.2,+21,+20.9,+20.9,+25.4,+24.8,+24.9,+24.9,+24.9,+27,ESTP,0,0,+0,+0,+0.0169,+0,+0.0414,+0,+0,+0,15:40:01 27.03.2020
10327,+25.7,+15.2,+21,+20.9,+20.9,+25.4,+24.8,+24.9,+24.9,+24.9,+27,ESTP,0,0,+0,+0,+0.0169,+0,+0.0414,+0,+0,+0,15:41:01 27.03.2020
10328,+25.7,+15.2,+21,+20.9,+20.9,+25.4,+24.8,+24.9,+24.9,+24.9,+27,ESTP,0,0,+0,+0,+0.0169,+0,+0.0414,+0,+0,+0,15:42:01 27.03.2020
10329,+25.6,+15.2,+21,+20.9,+20.9,+25.4,+24.8,+24.9,+24.9,+24.9,+27,ESTP,0,0,+0,+0,+0.0169,+0,+0.0414,+0,+0,+0,15:43:01 27.03.2020
10330,+25.6,+15.2,+21,+20.9,+20.9,+25.4,+24.8,+24.9,+24.9,+24.9,+27,ESTP,0,0,+0,+0,+0.0169,+0,+0.0414,+0,+0,+0,15:44:01 27.03.2020
10331,+25.6,+15.2,+21,+20.9,+20.9,+25.4,+24.8,+24.9,+24.9,+24.9,+27,ESTP,0,0,+0,+0,+0.0169,+0,+0.0414,+0,+0,+0,15:45:01 27.03.2020
10332,+25.6,+15.2,+21,+20.9,+20.9,+25.4,+24.8,+24.9,+24.9,+24.9,+27,ESTP,0,0,+0,+0,+0.0169,+0,+0.0414,+0,+0,+0,15:46:01 27.03.2020
10333,+25.6,+15.2,+21,+20.9,+20.9,+25.4,+24.8,+24.9,+24.9,+24.9,+27,ESTP,0,0,+0,+0,+0.0169,+0,+0.0412,+0,+0,+0,15:47:01 27.03.2020
10334,+25.6,+15.2,+21,+20.9,+20.9,+25.4,+24.8,+24.9,+24.9,+24.9,+27,ESTP,0,0,+0,+0,+0.0169,+0,+0.0412,+0,+0,+0,15:48:01 27.03.2020
10335,+25.7,+15.2,+21,+20.9,+20.9,+25.4,+24.8,+24.9,+24.9,+24.8,+27,ESTP,0,0,+0,+0,+0.0169,+0,+0.0412,+0,+0,+0,15:49:01 27.03.2020
10336,+25.7,+15.2,+21,+20.9,+20.9,+25.4,+24.8,+24.9,+24.9,+24.9,+27,ESTP,0,0,+0,+0,+0.0169,+0,+0.0412,+0,+0,+0,15:50:01 27.03.2020
10337,+25.7,+15.2,+21,+20.9,+20.9,+25.4,+24.8,+24.9,+24.9,+24.8,+27,ESTP,0,0,+0,+0,+0.0169,+0,+0.0414,+0,+0,+0,15:51:01 27.03.2020
10338,+25.7,+15.2,+21,+20.9,+20.9,+25.4,+24.8,+24.9,+24.9,+24.9,+27,ESTP,0,0,+0,+0,+0.0169,+0,+0.0414,+0,+0,+0,15:52:01 27.03.2020
10339,+25.7,+15.2,+21,+20.9,+20.9,+25.4,+24.8,+24.9,+24.9,+24.9,+27,ESTP,0,0,+0,+0,+0.0169,+0,+0.0414,+0,+0,+0,15:53:01 27.03.2020
10340,+25.7,+15.2,+21,+20.9,+20.9,+25.4,+24.8,+24.9,+24.9,+24.9,+27,ESTP,0,0,+0,+0,+0.0169,+0,+0.0414,+0,+0,+0,15:54:01 27.03.2020
10341,+25.7,+15.2,+21,+20.9,+20.9,+25.4,+24.8,+24.9,+24.9,+24.9,+27,ESTP,0,0,+0,+0,+0.0169,+0,+0.0414,+0,+0,+0,15:55:01 27.03.2020
10342,+25.7,+15.2,+21,+20.9,+20.9,+25.4,+24.8,+24.9,+24.9,+24.9,+27,ESTP,0,0,+0,+0,+0.0169,+0,+0.0414,+0,+0,+0,15:56:01 27.03.2020
10343,+25.7,+15.2,+21,+20.9,+20.9,+25.4,+24.8,+24.9,+24.9,+24.9,+27,ESTP,0,0,+0,+0,+0.0169,+0,+0.0414,+0,+0,+0,15:57:01 27.03.2020
10344,+25.6,+15.2,+21,+20.9,+20.9,+25.4,+24.8,+24.9,+24.9,+24.9,+27,ESTP,0,0,+0,+0,+0.0169,+0,+0.0414,+0,+0,+0,15:58:01 27.03.2020
10345,+25.6,+15.2,+21,+20.9,+20.9,+25.4,+24.8,+24.9,+24.9,+24.9,+27,ESTP,0,0,+0,+0,+0.0169,+0,+0.0414,+0,+0,+0,15:59:01 27.03.2020
10346,+25.6,+15.2,+21,+20.9,+20.9,+25.4,+24.8,+24.9,+24.9,+24.9,+27,ESTP,0,0,+0,+0,+0.0169,+0,+0.0414,+0,+0,+0,16:00:01 27.03.2020
10347,+25.6,+15.2,+21,+20.9,+20.9,+25.4,+24.8,+24.9,+24.9,+24.9,+27,ESTP,0,0,+0,+0,+0.0169,+0,+0.0414,+0,+0,+0,16:01:01 27.03.2020
10348,+25.6,+15.2,+21,+20.9,+20.9,+25.4,+24.8,+24.9,+24.9,+24.9,+27,ESTP,0,0,+0,+0,+0.0169,+0,+0.0412,+0,+0,+0,16:02:01 27.03.2020
10349,+25.7,+15.2,+21,+20.9,+20.9,+25.4,+24.8,+24.9,+24.9,+24.9,+27,ESTP,0,0,+0,+0,+0.0169,+0,+0.0414,+0,+0,+0,16:03:01 27.03.2020
10350,+25.7,+15.2,+21,+20.9,+20.9,+25.4,+24.8,+24.9,+24.9,+24.9,+27,ESTP,0,0,+0,+0,+0.0169,+0,+0.0414,+0,+0,+0,16:04:01 27.03.2020
10351,+25.7,+15.2,+21,+20.9,+20.9,+25.4,+24.8,+24.9,+24.9,+24.9,+27,ESTP,0,0,+0,+0,+0.0169,+0,+0.0414,+0,+0,+0,16:05:01 27.03.2020
10352,+25.7,+15.2,+21,+20.9,+20.9,+25.4,+24.8,+24.9,+24.9,+24.9,+27,ESTP,0,0,+0,+0,+0.0169,+0,+0.0414,+0,+0,+0,16:06:01 27.03.2020
10353,+25.7,+15.2,+21,+20.9,+20.9,+25.4,+24.8,+24.9,+24.9,+24.9,+27,ESTP,0,0,+0,+0,+0.0169,+0,+0.0414,+0,+0,+0,16:07:01 27.03.2020
10354,+25.7,+15.2,+21,+20.9,+20.9,+25.4,+24.8,+24.9,+24.9,+24.9,+27,ESTP,0,0,+0,+0,+0.0169,+0,+0.0414,+0,+0,+0,16:08:01 27.03.2020
10355,+25.7,+15.2,+21,+20.9,+20.9,+25.4,+24.8,+24.9,+24.9,+24.9,+27,ESTP,0,0,+0,+0,+0.0169,+0,+0.0414,+0,+0,+0,16:09:01 27.03.2020
10356,+25.7,+15.2,+21,+20.9,+20.9,+25.4,+24.8,+24.9,+24.9,+24.9,+27,ESTP,0,0,+0,+0,+0.0169,+0,+0.0414,+0,+0,+0,16:10:01 27.03.2020
10357,+25.7,+15.2,+21,+20.9,+20.9,+25.4,+24.8,+24.9,+24.9,+24.9,+27,ESTP,0,0,+0,+0,+0.0169,+0,+0.0414,+0,+0,+0,16:11:01 27.03.2020
10358,+25.6,+15.2,+21,+20.9,+20.9,+25.4,+24.8,+24.9,+24.9,+24.9,+27,ESTP,0,0,+0,+0,+0.0169,+0,+0.0414,+0,+0,+0,16:12:01 27.03.2020
10359,+25.6,+15.3,+21,+20.9,+20.9,+25.4,+24.8,+24.9,+24.9,+24.9,+27,ESTP,0,0,+0,+0,+0.0169,+0,+0.0414,+0,+0,+0,16:13:01 27.03.2020
10360,+25.6,+15.3,+21,+20.9,+20.9,+25.4,+24.8,+24.9,+24.9,+24.9,+27,ESTP,0,0,+0,+0,+0.0169,+0,+0.0414,+0,+0,+0,16:14:01 27.03.2020
10361,+25.6,+15.3,+21,+20.9,+20.9,+25.4,+24.8,+24.9,+24.9,+24.9,+27,ESTP,0,0,+0,+0,+0.0169,+0,+0.0414,+0,+0,+0,16:15:01 27.03.2020
10362,+25.6,+15.3,+21,+20.9,+20.9,+25.4,+24.8,+24.9,+24.9,+24.9,+27,ESTP,0,0,+0,+0,+0.0169,+0,+0.0414,+0,+0,+0,16:16:01 27.03.2020
10363,+25.6,+15.3,+21,+20.9,+20.9,+25.4,+24.8,+24.9,+24.9,+24.9,+27,ESTP,0,0,+0,+0,+0.0169,+0,+0.0412,+0,+0,+0,16:17:01 27.03.2020
10364,+25.6,+15.3,+21,+20.9,+20.9,+25.4,+24.8,+24.9,+24.9,+24.9,+27,ESTP,0,0,+0,+0,+0.0169,+0,+0.0413,+0,+0,+0,16:18:01 27.03.2020
10365,+25.7,+15.3,+21,+20.9,+20.9,+25.4,+24.8,+24.9,+24.9,+24.9,+27,ESTP,0,0,+0,+0,+0.0169,+0,+0.0414,+0,+0,+0,16:19:01 27.03.2020
10366,+25.7,+15.3,+21,+20.9,+20.9,+25.4,+24.8,+24.9,+24.9,+24.9,+27,ESTP,0,0,+0,+0,+0.0169,+0,+0.0414,+0,+0,+0,16:20:01 27.03.2020
10367,+25.7,+15.3,+21,+20.9,+20.9,+25.4,+24.8,+24.9,+24.9,+24.9,+27,ESTP,0,0,+0,+0,+0.0169,+0,+0.0414,+0,+0,+0,16:21:01 27.03.2020
10368,+25.7,+15.3,+21,+20.9,+20.9,+25.4,+24.8,+24.9,+24.9,+24.9,+27,ESTP,0,0,+0,+0,+0.0169,+0,+0.0414,+0,+0,+0,16:22:01 27.03.2020
10369,+25.7,+15.3,+21,+20.9,+20.9,+25.4,+24.8,+24.9,+24.9,+24.9,+27,ESTP,0,0,+0,+0,+0.0169,+0,+0.0414,+0,+0,+0,16:23:01 27.03.2020
10370,+25.7,+15.3,+21,+20.9,+20.9,+25.4,+24.8,+24.9,+24.9,+24.9,+27,ESTP,0,0,+0,+0,+0.0169,+0,+0.0414,+0,+0,+0,16:24:01 27.03.2020
10371,+25.7,+15.3,+21,+20.9,+20.9,+25.4,+24.8,+24.9,+24.9,+24.9,+27,ESTP,0,0,+0,+0,+0.0169,+0,+0.0414,+0,+0,+0,16:25:01 27.03.2020
10372,+25.7,+15.3,+21,+20.9,+20.9,+25.4,+24.8,+24.9,+24.9,+24.9,+27,ESTP,0,0,+0,+0,+0.0169,+0,+0.0414,+0,+0,+0,16:26:01 27.03.2020
10373,+25.7,+15.3,+21,+20.9,+20.9,+25.4,+24.8,+24.9,+24.9,+24.9,+27,ESTP,0,0,+0,+0,+0.0169,+0,+0.0414,+0,+0,+0,16:27:01 27.03.2020
10374,+25.6,+15.3,+21,+20.9,+20.9,+25.4,+24.8,+24.9,+24.9,+24.9,+27,ESTP,0,0,+0,+0,+0.0169,+0,+0.0414,+0,+0,+0,16:28:01 27.03.2020
10375,+25.6,+15.3,+21,+20.9,+20.9,+25.4,+24.8,+24.9,+24.9,+24.9,+27,ESTP,0,0,+0,+0,+0.0169,+0,+0.0414,+0,+0,+0,16:29:01 27.03.2020
10376,+25.6,+15.3,+21,+20.9,+20.9,+25.4,+24.8,+24.9,+24.9,+24.9,+27,ESTP,0,0,+0,+0,+0.0169,+0,+0.0414,+0,+0,+0,16:30:01 27.03.2020
10377,+25.6,+15.3,+21,+20.9,+20.9,+25.4,+24.8,+24.9,+24.9,+24.9,+27,ESTP,0,0,+0,+0,+0.0169,+0,+0.0414,+0,+0,+0,16:31:01 27.03.2020
10378,+25.6,+15.3,+21,+20.9,+20.9,+25.4,+24.8,+24.9,+24.9,+24.9,+27,ESTP,0,0,+0,+0,+0.0169,+0,+0.0414,+0,+0,+0,16:32:01 27.03.2020
10379,+25.7,+15.3,+21,+20.9,+20.9,+25.4,+24.8,+24.9,+24.9,+24.9,+27,ESTP,0,0,+0,+0,+0.0169,+0,+0.0414,+0,+0,+0,16:33:01 27.03.2020
10380,+25.7,+15.3,+21,+20.9,+20.9,+25.4,+24.8,+24.9,+24.9,+24.9,+27,ESTP,0,0,+0,+0,+0.0169,+0,+0.0414,+0,+0,+0,16:34:01 27.03.2020
10381,+25.7,+15.3,+21,+20.9,+20.9,+25.4,+24.8,+24.9,+24.9,+24.9,+27,ESTP,0,0,+0,+0,+0.0169,+0,+0.0414,+0,+0,+0,16:35:01 27.03.2020
10382,+25.7,+15.3,+21,+20.9,+20.9,+25.4,+24.8,+24.9,+24.9,+24.9,+27,ESTP,0,0,+0,+0,+0.0169,+0,+0.0414,+0,+0,+0,16:36:01 27.03.2020
10383,+25.7,+15.3,+21,+20.9,+20.9,+25.4,+24.8,+24.9,+24.9,+24.9,+27,ESTP,0,0,+0,+0,+0.0169,+0,+0.0414,+0,+0,+0,16:37:01 27.03.2020
10384,+25.7,+15.3,+21,+20.9,+20.9,+25.4,+24.8,+24.9,+24.9,+24.9,+27,ESTP,0,0,+0,+0,+0.0169,+0,+0.0414,+0,+0,+0,16:38:01 27.03.2020
10385,+25.7,+15.3,+21,+20.9,+20.9,+25.4,+24.8,+24.9,+24.9,+24.9,+27,ESTP,0,0,+0,+0,+0.0169,+0,+0.0414,+0,+0,+0,16:39:01 27.03.2020
10386,+25.7,+15.3,+21,+20.9,+20.9,+25.4,+24.8,+24.9,+24.9,+24.9,+27,ESTP,0,0,+0,+0,+0.0169,+0,+0.0414,+0,+0,+0,16:40:01 27.03.2020
10387,+25.7,+15.3,+21,+20.9,+20.9,+25.4,+24.8,+24.9,+24.9,+24.9,+27,ESTP,0,0,+0,+0,+0.0169,+0,+0.0414,+0,+0,+0,16:41:01 27.03.2020
10388,+25.7,+15.3,+21,+20.9,+20.9,+25.4,+24.8,+24.9,+24.9,+24.9,+27,ESTP,0,0,+0,+0,+0.0169,+0,+0.0414,+0,+0,+0,16:42:01 27.03.2020
10389,+25.7,+15.3,+21,+20.9,+20.9,+25.4,+24.8,+24.9,+24.9,+24.9,+27,ESTP,0,0,+0,+0,+0.0169,+0,+0.0414,+0,+0,+0,16:43:01 27.03.2020
10390,+25.6,+15.3,+21,+20.9,+20.9,+25.4,+24.8,+24.9,+24.9,+24.9,+27,ESTP,0,0,+0,+0,+0.0169,+0,+0.0414,+0,+0,+0,16:44:01 27.03.2020
10391,+25.6,+15.3,+21,+20.9,+20.9,+25.4,+24.8,+24.9,+24.9,+24.9,+27,ESTP,0,0,+0,+0,+0.0169,+0,+0.0414,+0,+0,+0,16:45:01 27.03.2020
10392,+25.6,+15.3,+21,+20.9,+20.9,+25.4,+24.8,+24.9,+24.9,+24.9,+27,ESTP,0,0,+0,+0,+0.0169,+0,+0.0414,+0,+0,+0,16:46:01 27.03.2020
10393,+25.6,+15.3,+21,+20.9,+20.9,+25.4,+24.8,+24.9,+24.9,+24.9,+27,ESTP,0,0,+0,+0,+0.0169,+0,+0.0414,+0,+0,+0,16:47:01 27.03.2020
10394,+25.7,+15.3,+21,+20.9,+20.9,+25.4,+24.8,+24.9,+24.9,+24.9,+27,ESTP,0,0,+0,+0,+0.0169,+0,+0.0414,+0,+0,+0,16:48:01 27.03.2020
10395,+25.7,+15.3,+21,+20.9,+20.9,+25.4,+24.8,+24.9,+24.9,+24.9,+27,ESTP,0,0,+0,+0,+0.0169,+0,+0.0414,+0,+0,+0,16:49:01 27.03.2020
10396,+25.7,+15.3,+21,+20.9,+20.9,+25.4,+24.8,+24.9,+24.9,+24.9,+27,ESTP,0,0,+0,+0,+0.0169,+0,+0.0414,+0,+0,+0,16:50:01 27.03.2020
10397,+25.7,+15.3,+21,+20.9,+20.9,+25.4,+24.8,+24.9,+24.9,+24.9,+27,ESTP,0,0,+0,+0,+0.0169,+0,+0.0414,+0,+0,+0,16:51:01 27.03.2020
10398,+25.7,+15.3,+21,+20.9,+20.9,+25.4,+24.8,+24.9,+24.9,+24.9,+27,ESTP,0,0,+0,+0,+0.0169,+0,+0.0414,+0,+0,+0,16:52:01 27.03.2020
10399,+25.7,+15.3,+21,+20.9,+20.9,+25.4,+24.8,+24.9,+24.9,+24.9,+27,ESTP,0,0,+0,+0,+0.0169,+0,+0.0414,+0,+0,+0,16:53:01 27.03.2020
10400,+25.7,+15.3,+21,+20.9,+20.9,+25.4,+24.8,+24.9,+24.9,+24.9,+27,ESTP,0,0,+0,+0,+0.0169,+0,+0.0414,+0,+0,+0,16:54:01 27.03.2020
10401,+25.7,+15.3,+21,+20.9,+20.9,+25.4,+24.8,+24.9,+24.9,+24.9,+27,ESTP,0,0,+0,+0,+0.0169,+0,+0.0414,+0,+0,+0,16:55:01 27.03.2020
10402,+25.7,+15.3,+21,+20.9,+20.9,+25.4,+24.8,+24.9,+24.9,+24.9,+27,ESTP,0,0,+0,+0,+0.0169,+0,+0.0414,+0,+0,+0,16:56:01 27.03.2020
10403,+25.6,+15.3,+21,+20.9,+20.9,+25.4,+24.8,+24.9,+24.9,+24.9,+27,ESTP,0,0,+0,+0,+0.0169,+0,+0.0414,+0,+0,+0,16:57:01 27.03.2020
10404,+25.6,+15.4,+21,+20.9,+20.9,+25.4,+24.8,+24.9,+24.9,+24.9,+27,ESTP,0,0,+0,+0,+0.0169,+0,+0.0414,+0,+0,+0,16:58:01 27.03.2020
10405,+25.6,+15.4,+21,+20.9,+20.9,+25.4,+24.8,+24.9,+24.9,+24.9,+27,ESTP,0,0,+0,+0,+0.0169,+0,+0.0414,+0,+0,+0,16:59:01 27.03.2020
10406,+25.6,+15.4,+21,+20.9,+20.9,+25.4,+24.8,+24.9,+24.9,+24.9,+27,ESTP,0,0,+0,+0,+0.0169,+0,+0.0414,+0,+0,+0,17:00:01 27.03.2020
10407,+25.6,+15.4,+21,+20.9,+20.9,+25.4,+24.8,+24.9,+24.9,+24.9,+27,ESTP,0,0,+0,+0,+0.0169,+0,+0.0414,+0,+0,+0,17:01:01 27.03.2020
10408,+25.6,+15.4,+21,+20.9,+20.9,+25.4,+24.8,+24.9,+24.9,+24.9,+27,ESTP,0,0,+0,+0,+0.0169,+0,+0.0414,+0,+0,+0,17:02:01 27.03.2020
10409,+25.7,+15.4,+21,+20.9,+20.9,+25.4,+24.8,+24.9,+24.9,+24.9,+27,ESTP,0,0,+0,+0,+0.0169,+0,+0.0414,+0,+0,+0,17:03:01 27.03.2020
10410,+25.7,+15.4,+21,+20.9,+20.9,+25.4,+24.8,+24.9,+24.9,+24.9,+27,ESTP,0,0,+0,+0,+0.0169,+0,+0.0414,+0,+0,+0,17:04:01 27.03.2020
10411,+25.7,+15.4,+21,+20.9,+20.9,+25.4,+24.8,+24.9,+24.9,+24.9,+27,ESTP,0,0,+0,+0,+0.0169,+0,+0.0414,+0,+0,+0,17:05:01 27.03.2020
10412,+25.8,+15.4,+21,+20.9,+20.9,+25.4,+24.8,+24.9,+24.9,+24.9,+27,ESTP,0,0,+0,+0,+0.0169,+0,+0.0414,+0,+0,+0,17:06:01 27.03.2020
10413,+25.7,+15.4,+21,+20.9,+20.9,+25.4,+24.8,+24.9,+24.9,+24.9,+27,ESTP,0,0,+0,+0,+0.0169,+0,+0.0414,+0,+0,+0,17:07:01 27.03.2020
10414,+25.7,+15.4,+21,+20.9,+20.9,+25.4,+24.8,+24.9,+24.9,+24.9,+27,ESTP,0,0,+0,+0,+0.0169,+0,+0.0414,+0,+0,+0,17:08:01 27.03.2020
10415,+25.7,+15.4,+21,+20.9,+20.9,+25.4,+24.8,+24.9,+24.9,+24.9,+27,ESTP,0,0,+0,+0,+0.0169,+0,+0.0414,+0,+0,+0,17:09:01 27.03.2020
10416,+25.7,+15.4,+21,+20.9,+20.9,+25.4,+24.8,+24.9,+24.9,+24.9,+27,ESTP,0,0,+0,+0,+0.0169,+0,+0.0414,+0,+0,+0,17:10:01 27.03.2020
10417,+25.7,+15.4,+21,+20.9,+20.9,+25.4,+24.8,+24.9,+24.9,+24.9,+27,ESTP,0,0,+0,+0,+0.0169,+0,+0.0414,+0,+0,+0,17:11:01 27.03.2020
10418,+25.7,+15.4,+21,+20.9,+20.9,+25.4,+24.8,+24.9,+24.9,+24.9,+27,ESTP,0,0,+0,+0,+0.0169,+0,+0.0414,+0,+0,+0,17:12:01 27.03.2020
10419,+25.6,+15.4,+21,+20.9,+20.9,+25.4,+24.8,+24.9,+24.9,+24.9,+27,ESTP,0,0,+0,+0,+0.0169,+0,+0.0414,+0,+0,+0,17:13:01 27.03.2020
10420,+25.6,+15.4,+21,+20.9,+20.9,+25.4,+24.8,+24.9,+24.9,+24.9,+27,ESTP,0,0,+0,+0,+0.0169,+0,+0.0414,+0,+0,+0,17:14:01 27.03.2020
10421,+25.6,+15.4,+21,+20.9,+20.9,+25.4,+24.8,+24.9,+24.9,+24.9,+27,ESTP,0,0,+0,+0,+0.0169,+0,+0.0414,+0,+0,+0,17:15:01 27.03.2020
10422,+25.6,+15.4,+21,+20.9,+20.9,+25.4,+24.8,+24.9,+24.9,+24.9,+27,ESTP,0,0,+0,+0,+0.0169,+0,+0.0414,+0,+0,+0,17:16:01 27.03.2020
10423,+25.6,+15.4,+21,+20.9,+20.9,+25.4,+24.8,+24.9,+24.9,+24.9,+27,ESTP,0,0,+0,+0,+0.0169,+0,+0.0414,+0,+0,+0,17:17:01 27.03.2020
10424,+25.7,+15.4,+21,+20.9,+20.9,+25.4,+24.8,+24.9,+24.9,+24.9,+27,ESTP,0,0,+0,+0,+0.0169,+0,+0.0414,+0,+0,+0,17:18:01 27.03.2020
10425,+25.7,+15.4,+21,+20.9,+20.9,+25.4,+24.8,+24.9,+24.9,+24.9,+27,ESTP,0,0,+0,+0,+0.0169,+0,+0.0414,+0,+0,+0,17:19:01 27.03.2020
10426,+25.7,+15.4,+21,+20.9,+20.9,+25.4,+24.8,+24.9,+24.9,+24.9,+27,ESTP,0,0,+0,+0,+0.0169,+0,+0.0414,+0,+0,+0,17:20:01 27.03.2020
10427,+25.8,+15.4,+21,+20.9,+20.9,+25.4,+24.8,+24.9,+24.9,+24.9,+27,ESTP,0,0,+0,+0,+0.0169,+0,+0.0414,+0,+0,+0,17:21:01 27.03.2020
10428,+25.7,+15.4,+21,+20.9,+20.9,+25.4,+24.8,+24.9,+24.9,+24.9,+27,ESTP,0,0,+0,+0,+0.0169,+0,+0.0414,+0,+0,+0,17:22:01 27.03.2020
10429,+25.7,+15.4,+21,+20.9,+20.9,+25.4,+24.8,+24.9,+24.9,+24.9,+27,ESTP,0,0,+0,+0,+0.0169,+0,+0.0414,+0,+0,+0,17:23:01 27.03.2020
10430,+25.7,+15.4,+21,+20.9,+20.9,+25.4,+24.8,+24.9,+24.9,+24.9,+27,ESTP,0,0,+0,+0,+0.0169,+0,+0.0414,+0,+0,+0,17:24:01 27.03.2020
10431,+25.7,+15.4,+21,+20.9,+20.9,+25.4,+24.8,+24.9,+24.9,+24.9,+27,ESTP,0,0,+0,+0,+0.0169,+0,+0.0414,+0,+0,+0,17:25:01 27.03.2020
10432,+25.7,+15.4,+21,+20.9,+20.9,+25.4,+24.8,+24.9,+24.9,+24.9,+27,ESTP,0,0,+0,+0,+0.0169,+0,+0.0414,+0,+0,+0,17:26:01 27.03.2020
10433,+25.7,+15.4,+21,+20.9,+20.9,+25.4,+24.8,+24.9,+24.9,+24.9,+27,ESTP,0,0,+0,+0,+0.0169,+0,+0.0414,+0,+0,+0,17:27:01 27.03.2020
10434,+25.6,+15.4,+21,+20.9,+20.9,+25.4,+24.8,+24.9,+24.9,+24.9,+27,ESTP,0,0,+0,+0,+0.0169,+0,+0.0414,+0,+0,+0,17:28:01 27.03.2020
10435,+25.6,+15.4,+21,+20.9,+20.9,+25.4,+24.8,+24.9,+24.9,+24.9,+27,ESTP,0,0,+0,+0,+0.0169,+0,+0.0414,+0,+0,+0,17:29:01 27.03.2020
10436,+25.6,+15.4,+21,+20.9,+20.9,+25.4,+24.8,+24.9,+24.9,+24.9,+27,ESTP,0,0,+0,+0,+0.0169,+0,+0.0414,+0,+0,+0,17:30:01 27.03.2020
10437,+25.6,+15.4,+21,+20.9,+20.9,+25.4,+24.8,+24.9,+24.9,+24.9,+27,ESTP,0,0,+0,+0,+0.0169,+0,+0.0414,+0,+0,+0,17:31:01 27.03.2020
10438,+25.6,+15.4,+21,+20.9,+20.9,+25.4,+24.8,+24.9,+24.9,+24.9,+27,ESTP,0,0,+0,+0,+0.0169,+0,+0.0414,+0,+0,+0,17:32:01 27.03.2020
10439,+25.7,+15.4,+21,+20.9,+20.9,+25.4,+24.8,+24.9,+24.9,+24.9,+27,ESTP,0,0,+0,+0,+0.0169,+0,+0.0414,+0,+0,+0,17:33:01 27.03.2020
10440,+25.7,+15.4,+21,+20.9,+20.9,+25.4,+24.8,+24.9,+24.9,+24.9,+27,ESTP,0,0,+0,+0,+0.0169,+0,+0.0414,+0,+0,+0,17:34:01 27.03.2020
10441,+25.7,+15.4,+21,+20.9,+20.9,+25.4,+24.8,+24.9,+24.9,+24.9,+27,ESTP,0,0,+0,+0,+0.0169,+0,+0.0414,+0,+0,+0,17:35:01 27.03.2020
10442,+25.7,+15.4,+21,+20.9,+20.9,+25.4,+24.8,+24.9,+24.9,+24.9,+27,ESTP,0,0,+0,+0,+0.0169,+0,+0.0414,+0,+0,+0,17:36:01 27.03.2020
10443,+25.7,+15.4,+21,+20.9,+20.9,+25.4,+24.8,+24.9,+24.9,+24.9,+27,ESTP,0,0,+0,+0,+0.0169,+0,+0.0414,+0,+0,+0,17:37:01 27.03.2020
10444,+25.7,+15.4,+21,+20.9,+20.9,+25.4,+24.8,+24.9,+24.9,+24.9,+27,ESTP,0,0,+0,+0,+0.0169,+0,+0.0414,+0,+0,+0,17:38:01 27.03.2020
10445,+25.7,+15.4,+21,+20.9,+20.9,+25.4,+24.8,+25,+24.9,+24.9,+27,ESTP,0,0,+0,+0,+0.0169,+0,+0.0414,+0,+0,+0,17:39:01 27.03.2020
10446,+25.7,+15.5,+21,+20.9,+20.9,+25.4,+24.8,+25,+24.9,+24.9,+27,ESTP,0,0,+0,+0,+0.0169,+0,+0.0414,+0,+0,+0,17:40:01 27.03.2020
10447,+25.7,+15.5,+21,+20.9,+20.9,+25.4,+24.8,+25,+24.9,+24.9,+27,ESTP,0,0,+0,+0,+0.0169,+0,+0.0414,+0,+0,+0,17:41:01 27.03.2020
10448,+25.7,+15.4,+21,+20.9,+20.9,+25.4,+24.8,+25,+24.9,+24.9,+27,ESTP,0,0,+0,+0,+0.0169,+0,+0.0414,+0,+0,+0,17:42:01 27.03.2020
10449,+25.6,+15.5,+21,+20.9,+20.9,+25.4,+24.8,+25,+24.9,+24.9,+27,ESTP,0,0,+0,+0,+0.0169,+0,+0.0414,+0,+0,+0,17:43:01 27.03.2020
10450,+25.6,+15.5,+21,+20.9,+20.9,+25.4,+24.8,+24.9,+24.9,+24.9,+27,ESTP,0,0,+0,+0,+0.0169,+0,+0.0414,+0,+0,+0,17:44:01 27.03.2020
10451,+25.6,+15.5,+21,+20.9,+20.9,+25.4,+24.8,+24.9,+24.9,+24.9,+27,ESTP,0,0,+0,+0,+0.0169,+0,+0.0414,+0,+0,+0,17:45:01 27.03.2020
10452,+25.6,+15.5,+21,+20.9,+20.9,+25.4,+24.8,+25,+24.9,+24.9,+27,ESTP,0,0,+0,+0,+0.0169,+0,+0.0414,+0,+0,+0,17:46:01 27.03.2020
10453,+25.6,+15.5,+21,+20.9,+20.9,+25.4,+24.8,+25,+24.9,+24.9,+27,ESTP,0,0,+0,+0,+0.0169,+0,+0.0414,+0,+0,+0,17:47:01 27.03.2020
10454,+25.6,+15.5,+21,+20.9,+20.9,+25.4,+24.8,+24.9,+24.9,+24.9,+27,ESTP,0,0,+0,+0,+0.0169,+0,+0.0414,+0,+0,+0,17:48:01 27.03.2020
10455,+25.7,+15.5,+21,+20.9,+20.9,+25.4,+24.8,+24.9,+24.9,+24.9,+27,ESTP,0,0,+0,+0,+0.0169,+0,+0.0414,+0,+0,+0,17:49:01 27.03.2020
10456,+25.7,+15.5,+21,+20.9,+20.9,+25.4,+24.8,+24.9,+24.9,+24.9,+27,ESTP,0,0,+0,+0,+0.0169,+0,+0.0414,+0,+0,+0,17:50:01 27.03.2020
10457,+25.7,+15.5,+21,+20.9,+20.9,+25.4,+24.8,+25,+24.9,+24.9,+27,ESTP,0,0,+0,+0,+0.0169,+0,+0.0414,+0,+0,+0,17:51:01 27.03.2020
10458,+25.7,+15.5,+21,+20.9,+20.9,+25.4,+24.8,+24.9,+24.9,+24.9,+27,ESTP,0,0,+0,+0,+0.0169,+0,+0.0414,+0,+0,+0,17:52:01 27.03.2020
10459,+25.7,+15.5,+21,+20.9,+20.9,+25.4,+24.8,+24.9,+24.9,+24.9,+27,ESTP,0,0,+0,+0,+0.0169,+0,+0.0414,+0,+0,+0,17:53:01 27.03.2020
10460,+25.7,+15.5,+21,+20.9,+20.9,+25.4,+24.8,+25,+24.9,+24.9,+27,ESTP,0,0,+0,+0,+0.0169,+0,+0.0414,+0,+0,+0,17:54:01 27.03.2020
10461,+25.7,+15.5,+21,+20.9,+20.9,+25.4,+24.8,+24.9,+24.9,+24.9,+27,ESTP,0,0,+0,+0,+0.0169,+0,+0.0414,+0,+0,+0,17:55:01 27.03.2020
10462,+25.7,+15.5,+21,+20.9,+20.9,+25.4,+24.8,+25,+24.9,+24.9,+27,ESTP,0,0,+0,+0,+0.0169,+0,+0.0414,+0,+0,+0,17:56:01 27.03.2020
10463,+25.7,+15.5,+21,+20.9,+20.9,+25.4,+24.8,+25,+24.9,+24.9,+27,ESTP,0,0,+0,+0,+0.0169,+0,+0.0414,+0,+0,+0,17:57:01 27.03.2020
10464,+25.6,+15.5,+21,+20.9,+20.9,+25.4,+24.8,+25,+24.9,+24.9,+27,ESTP,0,0,+0,+0,+0.0169,+0,+0.0414,+0,+0,+0,17:58:01 27.03.2020
10465,+25.6,+15.5,+21,+20.9,+20.9,+25.4,+24.8,+24.9,+24.9,+24.9,+27,ESTP,0,0,+0,+0,+0.0169,+0,+0.0414,+0,+0,+0,17:59:01 27.03.2020
10466,+25.6,+15.5,+21,+20.9,+20.9,+25.4,+24.8,+25,+24.9,+24.9,+27,ESTP,0,0,+0,+0,+0.0169,+0,+0.0414,+0,+0,+0,18:00:01 27.03.2020
10467,+25.6,+15.5,+21,+20.9,+20.9,+25.4,+24.8,+25,+24.9,+24.9,+27,ESTP,0,0,+0,+0,+0.0169,+0,+0.0414,+0,+0,+0,18:01:01 27.03.2020
10468,+25.6,+15.5,+21,+20.9,+20.9,+25.4,+24.8,+24.9,+24.9,+24.9,+27,ESTP,0,0,+0,+0,+0.0169,+0,+0.0414,+0,+0,+0,18:02:01 27.03.2020
10469,+25.7,+15.5,+21,+20.9,+20.9,+25.4,+24.8,+24.9,+24.9,+24.9,+27,ESTP,0,0,+0,+0,+0.0169,+0,+0.0414,+0,+0,+0,18:03:01 27.03.2020
10470,+25.7,+15.5,+21,+20.9,+20.9,+25.4,+24.8,+24.9,+24.9,+24.9,+27,ESTP,0,0,+0,+0,+0.0169,+0,+0.0414,+0,+0,+0,18:04:01 27.03.2020
10471,+25.7,+15.5,+21,+20.9,+20.9,+25.4,+24.8,+24.9,+24.9,+24.9,+27,ESTP,0,0,+0,+0,+0.0169,+0,+0.0414,+0,+0,+0,18:05:01 27.03.2020
10472,+25.7,+15.5,+21,+20.9,+20.9,+25.4,+24.8,+24.9,+24.9,+24.9,+27,ESTP,0,0,+0,+0,+0.0169,+0,+0.0414,+0,+0,+0,18:06:01 27.03.2020
10473,+25.7,+15.5,+21,+20.9,+20.9,+25.4,+24.8,+24.9,+24.9,+24.9,+27,ESTP,0,0,+0,+0,+0.0169,+0,+0.0414,+0,+0,+0,18:07:01 27.03.2020
10474,+25.7,+15.5,+21,+20.9,+20.9,+25.4,+24.8,+25,+24.9,+24.9,+27,ESTP,0,0,+0,+0,+0.0169,+0,+0.0414,+0,+0,+0,18:08:01 27.03.2020
10475,+25.7,+15.5,+21,+20.9,+20.9,+25.4,+24.8,+25,+24.9,+24.9,+27,ESTP,0,0,+0,+0,+0.0169,+0,+0.0414,+0,+0,+0,18:09:01 27.03.2020
10476,+25.6,+15.5,+21,+20.9,+20.9,+25.4,+24.8,+25,+24.9,+24.9,+27,ESTP,0,0,+0,+0,+0.0169,+0,+0.0414,+0,+0,+0,18:10:01 27.03.2020
10477,+25.6,+15.5,+21,+20.9,+20.9,+25.4,+24.8,+25,+24.9,+24.9,+27,ESTP,0,0,+0,+0,+0.0169,+0,+0.0414,+0,+0,+0,18:11:01 27.03.2020
10478,+25.6,+15.5,+21,+20.9,+20.9,+25.4,+24.8,+25,+24.9,+24.9,+27,ESTP,0,0,+0,+0,+0.0169,+0,+0.0414,+0,+0,+0,18:12:01 27.03.2020
10479,+25.6,+15.5,+21,+20.9,+20.9,+25.4,+24.8,+25,+24.9,+24.9,+27,ESTP,0,0,+0,+0,+0.0169,+0,+0.0414,+0,+0,+0,18:13:01 27.03.2020
10480,+25.6,+15.5,+21,+20.9,+20.9,+25.4,+24.8,+25,+24.9,+24.9,+27,ESTP,0,0,+0,+0,+0.0169,+0,+0.0414,+0,+0,+0,18:14:01 27.03.2020
10481,+25.6,+15.5,+21,+20.9,+20.9,+25.4,+24.8,+24.9,+24.9,+24.9,+27,ESTP,0,0,+0,+0,+0.0169,+0,+0.0414,+0,+0,+0,18:15:01 27.03.2020
10482,+25.6,+15.5,+21,+20.9,+20.9,+25.4,+24.8,+24.9,+24.9,+24.9,+27,ESTP,0,0,+0,+0,+0.0169,+0,+0.0414,+0,+0,+0,18:16:01 27.03.2020
10483,+25.7,+15.5,+21,+20.9,+20.9,+25.4,+24.8,+24.9,+24.9,+24.9,+27,ESTP,0,0,+0,+0,+0.0169,+0,+0.0414,+0,+0,+0,18:17:01 27.03.2020
10484,+25.7,+15.5,+21,+20.9,+20.9,+25.4,+24.8,+24.9,+24.9,+24.9,+27,ESTP,0,0,+0,+0,+0.0169,+0,+0.0414,+0,+0,+0,18:18:01 27.03.2020
10485,+25.7,+15.5,+21,+20.9,+20.9,+25.4,+24.8,+24.9,+24.9,+24.9,+27,ESTP,0,0,+0,+0,+0.0169,+0,+0.0414,+0,+0,+0,18:19:01 27.03.2020
10486,+25.7,+15.5,+21,+20.9,+20.9,+25.4,+24.8,+25,+24.9,+24.9,+27,ESTP,0,0,+0,+0,+0.0169,+0,+0.0414,+0,+0,+0,18:20:01 27.03.2020
10487,+25.7,+15.5,+21,+20.9,+20.9,+25.4,+24.8,+25,+24.9,+24.9,+27,ESTP,0,0,+0,+0,+0.0169,+0,+0.0414,+0,+0,+0,18:21:01 27.03.2020
10488,+25.7,+15.5,+21,+20.9,+20.9,+25.4,+24.8,+25,+24.9,+24.9,+27,ESTP,0,0,+0,+0,+0.0169,+0,+0.0414,+0,+0,+0,18:22:01 27.03.2020
10489,+25.7,+15.5,+21,+20.9,+20.9,+25.4,+24.8,+25,+24.9,+24.9,+27,ESTP,0,0,+0,+0,+0.0169,+0,+0.0414,+0,+0,+0,18:23:01 27.03.2020
10490,+25.7,+15.5,+21,+20.9,+20.9,+25.4,+24.8,+25,+24.9,+24.9,+27,ESTP,0,0,+0,+0,+0.0169,+0,+0.0414,+0,+0,+0,18:24:01 27.03.2020
10491,+25.6,+15.5,+21,+20.9,+20.9,+25.4,+24.8,+25,+24.9,+24.9,+27,ESTP,0,0,+0,+0,+0.0169,+0,+0.0414,+0,+0,+0,18:25:01 27.03.2020
10492,+25.6,+15.5,+21,+20.9,+20.9,+25.4,+24.8,+25,+24.9,+24.9,+27,ESTP,0,0,+0,+0,+0.0169,+0,+0.0414,+0,+0,+0,18:26:01 27.03.2020
10493,+25.6,+15.5,+21,+20.9,+20.9,+25.4,+24.8,+25,+24.9,+24.9,+27,ESTP,0,0,+0,+0,+0.0169,+0,+0.0414,+0,+0,+0,18:27:01 27.03.2020
10494,+25.6,+15.5,+21,+20.9,+20.9,+25.4,+24.8,+25,+24.9,+24.9,+27,ESTP,0,0,+0,+0,+0.0169,+0,+0.0414,+0,+0,+0,18:28:01 27.03.2020
10495,+25.6,+15.5,+21,+20.9,+20.9,+25.4,+24.8,+25,+24.9,+24.9,+27,ESTP,0,0,+0,+0,+0.0169,+0,+0.0414,+0,+0,+0,18:29:01 27.03.2020
10496,+25.6,+15.5,+21,+20.9,+20.9,+25.4,+24.8,+25,+24.9,+24.9,+27,ESTP,0,0,+0,+0,+0.0169,+0,+0.0414,+0,+0,+0,18:30:01 27.03.2020
10497,+25.6,+15.5,+21,+20.9,+20.9,+25.4,+24.8,+25,+24.9,+24.9,+27,ESTP,0,0,+0,+0,+0.0169,+0,+0.0414,+0,+0,+0,18:31:01 27.03.2020
10498,+25.7,+15.5,+21,+20.9,+20.9,+25.4,+24.8,+24.9,+24.9,+24.9,+27,ESTP,0,0,+0,+0,+0.0169,+0,+0.0414,+0,+0,+0,18:32:01 27.03.2020
10499,+25.7,+15.5,+21,+20.9,+20.9,+25.4,+24.8,+25,+24.9,+24.9,+27,ESTP,0,0,+0,+0,+0.0169,+0,+0.0414,+0,+0,+0,18:33:01 27.03.2020
10500,+25.7,+15.5,+21,+20.9,+20.9,+25.4,+24.8,+25,+24.9,+24.9,+27,ESTP,0,0,+0,+0,+0.0169,+0,+0.0414,+0,+0,+0,18:34:01 27.03.2020
10501,+25.7,+15.5,+21,+20.9,+20.9,+25.4,+24.8,+25,+24.9,+24.9,+27,ESTP,0,0,+0,+0,+0.0169,+0,+0.0414,+0,+0,+0,18:35:01 27.03.2020
10502,+25.7,+15.5,+21,+20.9,+20.9,+25.4,+24.8,+25,+24.9,+24.9,+27,ESTP,0,0,+0,+0,+0.0169,+0,+0.0414,+0,+0,+0,18:36:01 27.03.2020
10503,+25.7,+15.5,+21,+20.9,+20.9,+25.4,+24.8,+25,+24.9,+24.9,+27,ESTP,0,0,+0,+0,+0.0169,+0,+0.0414,+0,+0,+0,18:37:01 27.03.2020
10504,+25.7,+15.5,+21,+20.9,+20.9,+25.4,+24.8,+25,+24.9,+24.9,+27,ESTP,0,0,+0,+0,+0.0169,+0,+0.0414,+0,+0,+0,18:38:01 27.03.2020
10505,+25.7,+15.5,+21,+20.9,+20.9,+25.4,+24.8,+25,+24.9,+24.9,+27,ESTP,0,0,+0,+0,+0.0169,+0,+0.0414,+0,+0,+0,18:39:01 27.03.2020
10506,+25.7,+15.5,+21,+20.9,+20.9,+25.4,+24.8,+25,+24.9,+24.9,+27,ESTP,0,0,+0,+0,+0.0169,+0,+0.0414,+0,+0,+0,18:40:01 27.03.2020
10507,+25.6,+15.5,+21,+20.9,+20.9,+25.4,+24.9,+25,+24.9,+24.9,+27,ESTP,0,0,+0,+0,+0.0169,+0,+0.0414,+0,+0,+0,18:41:01 27.03.2020
10508,+25.6,+15.5,+21,+20.9,+20.9,+25.4,+24.8,+25,+24.9,+24.9,+27,ESTP,0,0,+0,+0,+0.0169,+0,+0.0414,+0,+0,+0,18:42:01 27.03.2020
10509,+25.6,+15.5,+21,+20.9,+20.9,+25.4,+24.8,+25,+24.9,+24.9,+27,ESTP,0,0,+0,+0,+0.0169,+0,+0.0414,+0,+0,+0,18:43:01 27.03.2020
10510,+25.6,+15.5,+21,+20.9,+20.9,+25.4,+24.8,+25,+24.9,+24.9,+27,ESTP,0,0,+0,+0,+0.0169,+0,+0.0414,+0,+0,+0,18:44:01 27.03.2020
10511,+25.6,+15.5,+21,+20.9,+20.9,+25.4,+24.8,+25,+24.9,+24.9,+27,ESTP,0,0,+0,+0,+0.0169,+0,+0.0414,+0,+0,+0,18:45:01 27.03.2020
10512,+25.6,+15.5,+21,+20.9,+20.9,+25.4,+24.9,+25,+24.9,+24.9,+27,ESTP,0,0,+0,+0,+0.0169,+0,+0.0414,+0,+0,+0,18:46:01 27.03.2020
10513,+25.7,+15.5,+21,+20.9,+20.9,+25.4,+24.8,+25,+24.9,+24.9,+27,ESTP,0,0,+0,+0,+0.0169,+0,+0.0414,+0,+0,+0,18:47:01 27.03.2020
10514,+25.7,+15.5,+21,+20.9,+20.9,+25.4,+24.8,+25,+24.9,+24.9,+27,ESTP,0,0,+0,+0,+0.0169,+0,+0.0414,+0,+0,+0,18:48:01 27.03.2020
10515,+25.7,+15.5,+21,+20.9,+20.9,+25.4,+24.8,+24.9,+24.9,+24.9,+27,ESTP,0,0,+0,+0,+0.0169,+0,+0.0414,+0,+0,+0,18:49:01 27.03.2020
10516,+25.7,+15.5,+21,+20.9,+20.9,+25.4,+24.8,+25,+24.9,+24.9,+27,ESTP,0,0,+0,+0,+0.0169,+0,+0.0414,+0,+0,+0,18:50:01 27.03.2020
10517,+25.7,+15.5,+21,+20.9,+20.9,+25.4,+24.8,+25,+24.9,+24.9,+27,ESTP,0,0,+0,+0,+0.0169,+0,+0.0414,+0,+0,+0,18:51:01 27.03.2020
10518,+25.7,+15.5,+21,+20.9,+20.9,+25.4,+24.8,+25,+24.9,+24.9,+27,ESTP,0,0,+0,+0,+0.0169,+0,+0.0414,+0,+0,+0,18:52:01 27.03.2020
10519,+25.7,+15.5,+21,+20.9,+20.9,+25.4,+24.8,+25,+24.9,+24.9,+27,ESTP,0,0,+0,+0,+0.0169,+0,+0.0414,+0,+0,+0,18:53:01 27.03.2020
10520,+25.7,+15.5,+21,+20.9,+20.9,+25.4,+24.8,+25,+24.9,+24.9,+27,ESTP,0,0,+0,+0,+0.0169,+0,+0.0414,+0,+0,+0,18:54:01 27.03.2020
10521,+25.6,+15.5,+21,+20.9,+20.9,+25.4,+24.8,+25,+24.9,+24.9,+27,ESTP,0,0,+0,+0,+0.0169,+0,+0.0414,+0,+0,+0,18:55:01 27.03.2020
10522,+25.6,+15.5,+21,+20.9,+20.9,+25.4,+24.8,+25,+24.9,+24.9,+27,ESTP,0,0,+0,+0,+0.0169,+0,+0.0414,+0,+0,+0,18:56:01 27.03.2020
10523,+25.6,+15.5,+21,+20.9,+20.9,+25.4,+24.8,+25,+24.9,+24.9,+27,ESTP,0,0,+0,+0,+0.0169,+0,+0.0414,+0,+0,+0,18:57:01 27.03.2020
10524,+25.6,+15.5,+21,+20.9,+20.9,+25.4,+24.8,+25,+24.9,+24.9,+27,ESTP,0,0,+0,+0,+0.0169,+0,+0.0414,+0,+0,+0,18:58:01 27.03.2020
10525,+25.6,+15.5,+21,+20.9,+20.9,+25.4,+24.9,+25,+24.9,+24.9,+27,ESTP,0,0,+0,+0,+0.0169,+0,+0.0414,+0,+0,+0,18:59:01 27.03.2020
10526,+25.6,+15.5,+21,+20.9,+20.9,+25.4,+24.8,+25,+24.9,+24.9,+27,ESTP,0,0,+0,+0,+0.0169,+0,+0.0414,+0,+0,+0,19:00:01 27.03.2020
10527,+25.6,+15.5,+21,+20.9,+20.9,+25.4,+24.8,+25,+24.9,+24.9,+27,ESTP,0,0,+0,+0,+0.0169,+0,+0.0414,+0,+0,+0,19:01:01 27.03.2020
10528,+25.6,+15.5,+21,+20.9,+20.9,+25.4,+24.8,+25,+24.9,+24.9,+27,ESTP,0,0,+0,+0,+0.0169,+0,+0.0414,+0,+0,+0,19:02:01 27.03.2020
10529,+25.7,+15.5,+21,+20.9,+20.9,+25.4,+24.8,+25,+24.9,+24.9,+27,ESTP,0,0,+0,+0,+0.0169,+0,+0.0414,+0,+0,+0,19:03:01 27.03.2020
10530,+25.7,+15.5,+21,+20.9,+20.9,+25.4,+24.8,+25,+24.9,+24.9,+27,ESTP,0,0,+0,+0,+0.0169,+0,+0.0414,+0,+0,+0,19:04:01 27.03.2020
10531,+25.7,+15.5,+21,+20.9,+20.9,+25.4,+24.9,+25,+24.9,+24.9,+27,ESTP,0,0,+0,+0,+0.0169,+0,+0.0414,+0,+0,+0,19:05:01 27.03.2020
10532,+25.7,+15.5,+21,+20.9,+20.9,+25.4,+24.8,+25,+24.9,+24.9,+27,ESTP,0,0,+0,+0,+0.0169,+0,+0.0414,+0,+0,+0,19:06:01 27.03.2020
10533,+25.7,+15.5,+21,+20.9,+20.9,+25.4,+24.9,+25,+24.9,+24.9,+27,ESTP,0,0,+0,+0,+0.0169,+0,+0.0414,+0,+0,+0,19:07:01 27.03.2020
10534,+25.7,+15.5,+21,+20.9,+20.9,+25.4,+24.8,+25,+24.9,+24.9,+27,ESTP,0,0,+0,+0,+0.0169,+0,+0.0414,+0,+0,+0,19:08:01 27.03.2020
10535,+25.6,+15.5,+21,+20.9,+20.9,+25.4,+24.9,+25,+24.9,+24.9,+27,ESTP,0,0,+0,+0,+0.0169,+0,+0.0414,+0,+0,+0,19:09:01 27.03.2020
10536,+25.6,+15.5,+21,+20.9,+20.9,+25.4,+24.8,+25,+24.9,+24.9,+27,ESTP,0,0,+0,+0,+0.0169,+0,+0.0414,+0,+0,+0,19:10:01 27.03.2020
10537,+25.6,+15.5,+21,+20.9,+20.9,+25.4,+24.8,+25,+24.9,+24.9,+27,ESTP,0,0,+0,+0,+0.0169,+0,+0.0414,+0,+0,+0,19:11:01 27.03.2020
10538,+25.6,+15.5,+21,+20.9,+20.9,+25.4,+24.8,+25,+24.9,+24.9,+27,ESTP,0,0,+0,+0,+0.0169,+0,+0.0414,+0,+0,+0,19:12:01 27.03.2020
10539,+25.6,+15.5,+21,+20.9,+20.9,+25.4,+24.8,+25,+24.9,+24.9,+27,ESTP,0,0,+0,+0,+0.0169,+0,+0.0414,+0,+0,+0,19:13:01 27.03.2020
10540,+25.6,+15.5,+21,+20.9,+20.9,+25.4,+24.8,+25,+24.9,+24.9,+27,ESTP,0,0,+0,+0,+0.0169,+0,+0.0414,+0,+0,+0,19:14:01 27.03.2020
10541,+25.6,+15.5,+21,+20.9,+20.9,+25.4,+24.9,+24.9,+24.9,+24.9,+27,ESTP,0,0,+0,+0,+0.0169,+0,+0.0414,+0,+0,+0,19:15:01 27.03.2020
10542,+25.6,+15.5,+21,+20.9,+20.9,+25.4,+24.8,+25,+24.9,+24.9,+27,ESTP,0,0,+0,+0,+0.0169,+0,+0.0414,+0,+0,+0,19:16:01 27.03.2020
10543,+25.6,+15.5,+21,+20.9,+20.9,+25.4,+24.8,+25,+24.9,+24.9,+27,ESTP,0,0,+0,+0,+0.0169,+0,+0.0414,+0,+0,+0,19:17:01 27.03.2020
10544,+25.7,+15.5,+21,+20.9,+20.9,+25.4,+24.8,+25,+24.9,+24.9,+27,ESTP,0,0,+0,+0,+0.0169,+0,+0.0414,+0,+0,+0,19:18:01 27.03.2020
10545,+25.7,+15.5,+21,+20.9,+20.9,+25.4,+24.8,+25,+24.9,+24.9,+27,ESTP,0,0,+0,+0,+0.0169,+0,+0.0414,+0,+0,+0,19:19:01 27.03.2020
10546,+25.7,+15.5,+21,+20.9,+20.9,+25.4,+24.8,+25,+24.9,+24.9,+27,ESTP,0,0,+0,+0,+0.0169,+0,+0.0414,+0,+0,+0,19:20:01 27.03.2020
10547,+25.7,+15.5,+21,+20.9,+20.9,+25.4,+24.8,+25,+24.9,+24.9,+27,ESTP,0,0,+0,+0,+0.0169,+0,+0.0414,+0,+0,+0,19:21:01 27.03.2020
10548,+25.7,+15.5,+21,+20.9,+20.9,+25.4,+24.8,+25,+24.9,+24.9,+27,ESTP,0,0,+0,+0,+0.0169,+0,+0.0414,+0,+0,+0,19:22:01 27.03.2020
10549,+25.7,+15.5,+21,+20.9,+20.9,+25.4,+24.8,+25,+24.9,+24.9,+27,ESTP,0,0,+0,+0,+0.0169,+0,+0.0414,+0,+0,+0,19:23:01 27.03.2020
10550,+25.6,+15.5,+21,+20.9,+20.9,+25.4,+24.8,+25,+24.9,+24.9,+27,ESTP,0,0,+0,+0,+0.0169,+0,+0.0414,+0,+0,+0,19:24:01 27.03.2020
10551,+25.6,+15.5,+21,+20.9,+20.9,+25.4,+24.9,+25,+24.9,+24.9,+27,ESTP,0,0,+0,+0,+0.0169,+0,+0.0414,+0,+0,+0,19:25:01 27.03.2020
10552,+25.6,+15.5,+21,+20.9,+20.9,+25.4,+24.8,+25,+24.9,+24.9,+27,ESTP,0,0,+0,+0,+0.0169,+0,+0.0414,+0,+0,+0,19:26:01 27.03.2020
10553,+25.6,+15.5,+21,+20.9,+20.9,+25.4,+24.9,+25,+24.9,+24.9,+27,ESTP,0,0,+0,+0,+0.0169,+0,+0.0414,+0,+0,+0,19:27:01 27.03.2020
10554,+25.6,+15.5,+21,+20.9,+20.9,+25.4,+24.8,+25,+24.9,+24.9,+27,ESTP,0,0,+0,+0,+0.0169,+0,+0.0414,+0,+0,+0,19:28:01 27.03.2020
10555,+25.6,+15.5,+21,+20.9,+20.9,+25.4,+24.9,+25,+24.9,+24.9,+27,ESTP,0,0,+0,+0,+0.0169,+0,+0.0414,+0,+0,+0,19:29:01 27.03.2020
10556,+25.6,+15.5,+21,+20.9,+20.9,+25.4,+24.8,+25,+24.9,+24.9,+27,ESTP,0,0,+0,+0,+0.0169,+0,+0.0414,+0,+0,+0,19:30:01 27.03.2020
10557,+25.6,+15.5,+21,+20.9,+20.9,+25.4,+24.8,+25,+24.9,+24.9,+27,ESTP,0,0,+0,+0,+0.0169,+0,+0.0414,+0,+0,+0,19:31:01 27.03.2020
10558,+25.6,+15.5,+21,+20.9,+20.9,+25.4,+24.9,+25,+24.9,+24.9,+27,ESTP,0,0,+0,+0,+0.0169,+0,+0.0414,+0,+0,+0,19:32:01 27.03.2020
10559,+25.7,+15.5,+21,+20.9,+20.9,+25.4,+24.8,+25,+24.9,+24.9,+27,ESTP,0,0,+0,+0,+0.0169,+0,+0.0414,+0,+0,+0,19:33:01 27.03.2020
10560,+25.7,+15.5,+21,+20.9,+20.9,+25.4,+24.9,+25,+24.9,+24.9,+27,ESTP,0,0,+0,+0,+0.0169,+0,+0.0414,+0,+0,+0,19:34:01 27.03.2020
10561,+25.7,+15.5,+21,+20.9,+20.9,+25.4,+24.8,+25,+24.9,+24.9,+27,ESTP,0,0,+0,+0,+0.0169,+0,+0.0414,+0,+0,+0,19:35:01 27.03.2020
10562,+25.7,+15.5,+21,+20.9,+20.9,+25.4,+24.9,+25,+24.9,+24.9,+27,ESTP,0,0,+0,+0,+0.0169,+0,+0.0414,+0,+0,+0,19:36:01 27.03.2020
10563,+25.7,+15.5,+21,+20.9,+20.9,+25.4,+24.8,+25,+24.9,+24.9,+27,ESTP,0,0,+0,+0,+0.0169,+0,+0.0414,+0,+0,+0,19:37:01 27.03.2020
10564,+25.6,+15.5,+21,+20.9,+20.9,+25.4,+24.8,+25,+24.9,+24.9,+27,ESTP,0,0,+0,+0,+0.0169,+0,+0.0414,+0,+0,+0,19:38:01 27.03.2020
10565,+25.6,+15.5,+21,+20.9,+20.9,+25.4,+24.9,+25,+24.9,+24.9,+27,ESTP,0,0,+0,+0,+0.0169,+0,+0.0414,+0,+0,+0,19:39:01 27.03.2020
10566,+25.6,+15.5,+21,+20.9,+20.9,+25.4,+24.9,+25,+24.9,+24.9,+27,ESTP,0,0,+0,+0,+0.0169,+0,+0.0414,+0,+0,+0,19:40:01 27.03.2020
10567,+25.6,+15.5,+21,+20.9,+20.9,+25.4,+24.9,+25,+24.9,+24.9,+27,ESTP,0,0,+0,+0,+0.0169,+0,+0.0414,+0,+0,+0,19:41:01 27.03.2020
10568,+25.6,+15.5,+21,+20.9,+20.9,+25.4,+24.8,+25,+24.9,+24.9,+27,ESTP,0,0,+0,+0,+0.0169,+0,+0.0414,+0,+0,+0,19:42:01 27.03.2020
10569,+25.6,+15.5,+21,+20.9,+20.9,+25.4,+24.8,+25,+24.9,+24.9,+27,ESTP,0,0,+0,+0,+0.0169,+0,+0.0414,+0,+0,+0,19:43:01 27.03.2020
10570,+25.6,+15.5,+21,+20.9,+20.9,+25.4,+24.9,+25,+24.9,+24.9,+27,ESTP,0,0,+0,+0,+0.0169,+0,+0.0414,+0,+0,+0,19:44:01 27.03.2020
10571,+25.6,+15.5,+21,+20.9,+20.9,+25.4,+24.8,+25,+24.9,+24.9,+27,ESTP,0,0,+0,+0,+0.0169,+0,+0.0414,+0,+0,+0,19:45:01 27.03.2020
10572,+25.6,+15.5,+21,+20.9,+20.9,+25.4,+24.8,+25,+24.9,+24.9,+27,ESTP,0,0,+0,+0,+0.0169,+0,+0.0414,+0,+0,+0,19:46:01 27.03.2020
10573,+25.7,+15.5,+21,+20.9,+20.9,+25.4,+24.8,+25,+24.9,+24.9,+27,ESTP,0,0,+0,+0,+0.0169,+0,+0.0414,+0,+0,+0,19:47:01 27.03.2020
10574,+25.7,+15.5,+21,+20.9,+20.9,+25.4,+24.9,+25,+24.9,+24.9,+27,ESTP,0,0,+0,+0,+0.0169,+0,+0.0414,+0,+0,+0,19:48:01 27.03.2020
10575,+25.7,+15.5,+21,+20.9,+20.9,+25.4,+24.8,+25,+24.9,+24.9,+27,ESTP,0,0,+0,+0,+0.0169,+0,+0.0414,+0,+0,+0,19:49:01 27.03.2020
10576,+25.7,+15.5,+21,+20.9,+20.9,+25.4,+24.9,+25,+24.9,+24.9,+27,ESTP,0,0,+0,+0,+0.0169,+0,+0.0414,+0,+0,+0,19:50:01 27.03.2020
10577,+25.7,+15.5,+21,+20.9,+20.9,+25.4,+24.9,+25,+24.9,+24.9,+27,ESTP,0,0,+0,+0,+0.0169,+0,+0.0414,+0,+0,+0,19:51:01 27.03.2020
10578,+25.7,+15.5,+21,+20.9,+20.9,+25.4,+24.9,+25,+24.9,+24.9,+27,ESTP,0,0,+0,+0,+0.0169,+0,+0.0414,+0,+0,+0,19:52:01 27.03.2020
10579,+25.7,+15.5,+21,+20.9,+20.9,+25.4,+24.9,+25,+24.9,+24.9,+27,ESTP,0,0,+0,+0,+0.0169,+0,+0.0414,+0,+0,+0,19:53:01 27.03.2020
10580,+25.6,+15.5,+21,+20.9,+20.9,+25.4,+24.9,+25,+24.9,+24.9,+27,ESTP,0,0,+0,+0,+0.0169,+0,+0.0414,+0,+0,+0,19:54:01 27.03.2020
10581,+25.6,+15.5,+21,+20.9,+20.9,+25.4,+24.9,+25,+24.9,+24.9,+27,ESTP,0,0,+0,+0,+0.0169,+0,+0.0414,+0,+0,+0,19:55:01 27.03.2020
10582,+25.6,+15.5,+21,+20.9,+20.9,+25.4,+24.9,+25,+24.9,+24.9,+27,ESTP,0,0,+0,+0,+0.0169,+0,+0.0414,+0,+0,+0,19:56:01 27.03.2020
10583,+25.6,+15.5,+21,+20.9,+20.9,+25.4,+24.9,+25,+24.9,+24.9,+27,ESTP,0,0,+0,+0,+0.0169,+0,+0.0414,+0,+0,+0,19:57:01 27.03.2020
10584,+25.6,+15.5,+21,+20.9,+20.9,+25.4,+24.9,+25,+24.9,+24.9,+27,ESTP,0,0,+0,+0,+0.0169,+0,+0.0414,+0,+0,+0,19:58:01 27.03.2020
10585,+25.6,+15.5,+21,+20.9,+20.9,+25.4,+24.8,+25,+24.9,+24.9,+27,ESTP,0,0,+0,+0,+0.0169,+0,+0.0414,+0,+0,+0,19:59:01 27.03.2020
10586,+25.6,+15.5,+21,+20.9,+20.9,+25.4,+24.9,+25,+24.9,+24.9,+27,ESTP,0,0,+0,+0,+0.0169,+0,+0.0414,+0,+0,+0,20:00:01 27.03.2020
10587,+25.6,+15.5,+21,+20.9,+20.9,+25.4,+24.9,+25,+24.9,+24.9,+27,ESTP,0,0,+0,+0,+0.0169,+0,+0.0414,+0,+0,+0,20:01:01 27.03.2020
10588,+25.6,+15.5,+21,+20.9,+20.9,+25.4,+24.9,+25,+24.9,+24.9,+27,ESTP,0,0,+0,+0,+0.0169,+0,+0.0414,+0,+0,+0,20:02:01 27.03.2020
10589,+25.7,+15.5,+21,+20.9,+20.9,+25.4,+24.9,+25,+24.9,+24.9,+27,ESTP,0,0,+0,+0,+0.0169,+0,+0.0414,+0,+0,+0,20:03:01 27.03.2020
10590,+25.7,+15.5,+21,+20.9,+20.9,+25.4,+24.9,+25,+24.9,+24.9,+27,ESTP,0,0,+0,+0,+0.0169,+0,+0.0414,+0,+0,+0,20:04:01 27.03.2020
10591,+25.7,+15.5,+21,+20.9,+20.9,+25.4,+24.9,+25,+24.9,+24.9,+27,ESTP,0,0,+0,+0,+0.0169,+0,+0.0414,+0,+0,+0,20:05:01 27.03.2020
10592,+25.7,+15.5,+21,+20.9,+20.9,+25.4,+24.8,+25,+24.9,+24.9,+27,ESTP,0,0,+0,+0,+0.0169,+0,+0.0414,+0,+0,+0,20:06:01 27.03.2020
10593,+25.7,+15.5,+21,+20.9,+20.9,+25.4,+24.8,+25,+24.9,+24.9,+27,ESTP,0,0,+0,+0,+0.0169,+0,+0.0414,+0,+0,+0,20:07:01 27.03.2020
10594,+25.7,+15.5,+21,+20.9,+20.9,+25.4,+24.9,+25,+24.9,+24.9,+27,ESTP,0,0,+0,+0,+0.0169,+0,+0.0414,+0,+0,+0,20:08:01 27.03.2020
10595,+25.7,+15.5,+21,+20.9,+20.9,+25.4,+24.9,+25,+24.9,+24.9,+27,ESTP,0,0,+0,+0,+0.0169,+0,+0.0414,+0,+0,+0,20:09:01 27.03.2020
10596,+25.6,+15.5,+21,+20.9,+20.9,+25.4,+24.9,+25,+24.9,+24.9,+27,ESTP,0,0,+0,+0,+0.0169,+0,+0.0414,+0,+0,+0,20:10:01 27.03.2020
10597,+25.6,+15.5,+21,+20.9,+20.9,+25.4,+24.8,+25,+24.9,+24.9,+27,ESTP,0,0,+0,+0,+0.0169,+0,+0.0414,+0,+0,+0,20:11:01 27.03.2020
10598,+25.6,+15.5,+21,+20.9,+20.9,+25.4,+24.9,+25,+24.9,+24.9,+27,ESTP,0,0,+0,+0,+0.0169,+0,+0.0414,+0,+0,+0,20:12:01 27.03.2020
10599,+25.6,+15.5,+21,+20.9,+20.9,+25.4,+24.9,+25,+24.9,+24.9,+27,ESTP,0,0,+0,+0,+0.0169,+0,+0.0414,+0,+0,+0,20:13:01 27.03.2020
10600,+25.6,+15.5,+21,+20.9,+20.9,+25.4,+24.9,+25,+24.9,+24.9,+27,ESTP,0,0,+0,+0,+0.0169,+0,+0.0414,+0,+0,+0,20:14:01 27.03.2020
10601,+25.6,+15.5,+21,+20.9,+20.9,+25.4,+24.9,+25,+24.9,+24.9,+27,ESTP,0,0,+0,+0,+0.0169,+0,+0.0414,+0,+0,+0,20:15:01 27.03.2020
10602,+25.6,+15.5,+21,+20.9,+20.9,+25.4,+24.9,+25,+24.9,+24.9,+27,ESTP,0,0,+0,+0,+0.0169,+0,+0.0414,+0,+0,+0,20:16:01 27.03.2020
10603,+25.6,+15.5,+21,+20.9,+20.9,+25.4,+24.8,+25,+24.9,+24.9,+27,ESTP,0,0,+0,+0,+0.0169,+0,+0.0414,+0,+0,+0,20:17:01 27.03.2020
10604,+25.6,+15.5,+21,+20.9,+20.9,+25.4,+24.8,+25,+24.9,+24.9,+27,ESTP,0,0,+0,+0,+0.0169,+0,+0.0414,+0,+0,+0,20:18:01 27.03.2020
10605,+25.7,+15.5,+21,+20.9,+20.9,+25.4,+24.8,+25,+24.9,+24.9,+27,ESTP,0,0,+0,+0,+0.0169,+0,+0.0414,+0,+0,+0,20:19:01 27.03.2020
10606,+25.7,+15.5,+21,+20.9,+20.9,+25.4,+24.8,+25,+24.9,+24.9,+27,ESTP,0,0,+0,+0,+0.0169,+0,+0.0414,+0,+0,+0,20:20:01 27.03.2020
10607,+25.7,+15.5,+21,+20.9,+20.9,+25.4,+24.8,+25,+24.9,+24.9,+27,ESTP,0,0,+0,+0,+0.0169,+0,+0.0414,+0,+0,+0,20:21:01 27.03.2020
10608,+25.7,+15.5,+21,+20.9,+20.9,+25.4,+24.9,+25,+24.9,+24.9,+27,ESTP,0,0,+0,+0,+0.0169,+0,+0.0414,+0,+0,+0,20:22:01 27.03.2020
10609,+25.7,+15.5,+21,+20.9,+20.9,+25.4,+24.8,+25,+24.9,+24.9,+27,ESTP,0,0,+0,+0,+0.0169,+0,+0.0414,+0,+0,+0,20:23:01 27.03.2020
10610,+25.7,+15.5,+21,+20.9,+20.9,+25.4,+24.9,+25,+24.9,+24.9,+27,ESTP,0,0,+0,+0,+0.0169,+0,+0.0414,+0,+0,+0,20:24:01 27.03.2020
10611,+25.7,+15.5,+21,+20.9,+20.9,+25.4,+24.9,+25,+24.9,+24.9,+27,ESTP,0,0,+0,+0,+0.0169,+0,+0.0414,+0,+0,+0,20:25:01 27.03.2020
10612,+25.7,+15.5,+21,+20.9,+20.9,+25.4,+24.9,+25,+24.9,+24.9,+27,ESTP,0,0,+0,+0,+0.0169,+0,+0.0414,+0,+0,+0,20:26:01 27.03.2020
10613,+25.6,+15.5,+21,+20.9,+20.9,+25.4,+24.9,+25,+24.9,+24.9,+27,ESTP,0,0,+0,+0,+0.0169,+0,+0.0414,+0,+0,+0,20:27:01 27.03.2020
10614,+25.6,+15.5,+21,+20.9,+20.9,+25.4,+24.9,+25,+24.9,+24.9,+27,ESTP,0,0,+0,+0,+0.0169,+0,+0.0414,+0,+0,+0,20:28:01 27.03.2020
10615,+25.6,+15.5,+21,+20.9,+20.9,+25.4,+24.9,+25,+24.9,+24.9,+27,ESTP,0,0,+0,+0,+0.0169,+0,+0.0414,+0,+0,+0,20:29:01 27.03.2020
10616,+25.6,+15.5,+21,+20.9,+20.9,+25.4,+24.9,+25,+24.9,+24.9,+27,ESTP,0,0,+0,+0,+0.0169,+0,+0.0414,+0,+0,+0,20:30:01 27.03.2020
10617,+25.6,+15.5,+21,+20.9,+20.9,+25.4,+24.9,+25,+24.9,+24.9,+27,ESTP,0,0,+0,+0,+0.0169,+0,+0.0414,+0,+0,+0,20:31:01 27.03.2020
10618,+25.6,+15.5,+21,+20.9,+20.9,+25.4,+24.9,+25,+24.9,+24.9,+27,ESTP,0,0,+0,+0,+0.0169,+0,+0.0414,+0,+0,+0,20:32:01 27.03.2020
10619,+25.6,+15.5,+21,+20.9,+20.9,+25.4,+24.9,+25,+24.9,+24.9,+27,ESTP,0,0,+0,+0,+0.0169,+0,+0.0414,+0,+0,+0,20:33:01 27.03.2020
10620,+25.6,+15.5,+21,+20.9,+20.9,+25.4,+24.9,+25,+24.9,+24.9,+27,ESTP,0,0,+0,+0,+0.0169,+0,+0.0414,+0,+0,+0,20:34:01 27.03.2020
10621,+25.7,+15.5,+21,+20.9,+20.9,+25.4,+24.9,+25,+24.9,+24.9,+27,ESTP,0,0,+0,+0,+0.0169,+0,+0.0414,+0,+0,+0,20:35:01 27.03.2020
10622,+25.7,+15.5,+21,+20.9,+20.9,+25.4,+24.9,+25,+24.9,+24.9,+27,ESTP,0,0,+0,+0,+0.0169,+0,+0.0414,+0,+0,+0,20:36:01 27.03.2020
10623,+25.7,+15.5,+21,+20.9,+20.9,+25.4,+24.9,+25,+24.9,+24.9,+27,ESTP,0,0,+0,+0,+0.0169,+0,+0.0414,+0,+0,+0,20:37:01 27.03.2020
10624,+25.7,+15.5,+21,+20.9,+20.9,+25.4,+24.9,+25,+24.9,+24.9,+27,ESTP,0,0,+0,+0,+0.0169,+0,+0.0414,+0,+0,+0,20:38:01 27.03.2020
10625,+25.7,+15.5,+21,+20.9,+20.9,+25.4,+24.9,+25,+24.9,+24.9,+27,ESTP,0,0,+0,+0,+0.0169,+0,+0.0414,+0,+0,+0,20:39:01 27.03.2020
10626,+25.7,+15.5,+21,+20.9,+20.9,+25.4,+24.9,+25,+24.9,+24.9,+27,ESTP,0,0,+0,+0,+0.0169,+0,+0.0414,+0,+0,+0,20:40:01 27.03.2020
10627,+25.7,+15.5,+21,+20.9,+20.9,+25.4,+24.8,+25,+24.9,+24.9,+27,ESTP,0,0,+0,+0,+0.0169,+0,+0.0414,+0,+0,+0,20:41:01 27.03.2020
10628,+25.7,+15.5,+21,+20.9,+20.9,+25.4,+24.9,+25,+24.9,+24.9,+27,ESTP,0,0,+0,+0,+0.0169,+0,+0.0414,+0,+0,+0,20:42:01 27.03.2020
10629,+25.6,+15.5,+21,+20.9,+20.9,+25.4,+24.9,+25,+24.9,+24.9,+27,ESTP,0,0,+0,+0,+0.0169,+0,+0.0414,+0,+0,+0,20:43:01 27.03.2020
10630,+25.6,+15.5,+21,+20.9,+20.9,+25.4,+24.9,+25,+24.9,+24.9,+27,ESTP,0,0,+0,+0,+0.0169,+0,+0.0414,+0,+0,+0,20:44:01 27.03.2020
10631,+25.6,+15.5,+21,+20.9,+20.9,+25.4,+24.9,+25,+24.9,+24.9,+27,ESTP,0,0,+0,+0,+0.0169,+0,+0.0414,+0,+0,+0,20:45:01 27.03.2020
10632,+25.6,+15.5,+21,+20.9,+20.9,+25.4,+24.9,+25,+24.9,+24.9,+27,ESTP,0,0,+0,+0,+0.0169,+0,+0.0414,+0,+0,+0,20:46:01 27.03.2020
10633,+25.6,+15.5,+21,+20.9,+20.9,+25.4,+24.9,+25,+24.9,+24.9,+27,ESTP,0,0,+0,+0,+0.0169,+0,+0.0414,+0,+0,+0,20:47:01 27.03.2020
10634,+25.6,+15.5,+21,+20.9,+20.9,+25.4,+24.9,+25,+24.9,+24.9,+27,ESTP,0,0,+0,+0,+0.0169,+0,+0.0414,+0,+0,+0,20:48:01 27.03.2020
10635,+25.6,+15.5,+21,+20.9,+20.9,+25.4,+24.9,+25,+24.9,+24.9,+27,ESTP,0,0,+0,+0,+0.0169,+0,+0.0414,+0,+0,+0,20:49:01 27.03.2020
10636,+25.6,+15.5,+21,+20.9,+20.9,+25.4,+24.9,+25,+24.9,+24.9,+27,ESTP,0,0,+0,+0,+0.0169,+0,+0.0414,+0,+0,+0,20:50:01 27.03.2020
10637,+25.7,+15.5,+21,+20.9,+20.9,+25.4,+24.9,+25,+24.9,+24.9,+27,ESTP,0,0,+0,+0,+0.0169,+0,+0.0414,+0,+0,+0,20:51:01 27.03.2020
10638,+25.7,+15.5,+21,+20.9,+20.9,+25.4,+24.9,+25,+24.9,+24.9,+27,ESTP,0,0,+0,+0,+0.0169,+0,+0.0414,+0,+0,+0,20:52:01 27.03.2020
10639,+25.7,+15.5,+21,+20.9,+20.9,+25.4,+24.9,+25,+24.9,+24.9,+27,ESTP,0,0,+0,+0,+0.0169,+0,+0.0414,+0,+0,+0,20:53:01 27.03.2020
10640,+25.7,+15.5,+21,+20.9,+20.9,+25.4,+24.9,+25,+24.9,+24.9,+27,ESTP,0,0,+0,+0,+0.0169,+0,+0.0414,+0,+0,+0,20:54:01 27.03.2020
10641,+25.7,+15.5,+21,+20.9,+20.9,+25.4,+24.9,+25,+24.9,+24.9,+27,ESTP,0,0,+0,+0,+0.0169,+0,+0.0414,+0,+0,+0,20:55:01 27.03.2020
10642,+25.7,+15.5,+21,+20.9,+20.9,+25.4,+24.9,+25,+24.9,+24.9,+27,ESTP,0,0,+0,+0,+0.0169,+0,+0.0414,+0,+0,+0,20:56:01 27.03.2020
10643,+25.6,+15.5,+21,+20.9,+20.9,+25.4,+24.9,+25,+24.9,+24.9,+27,ESTP,0,0,+0,+0,+0.0169,+0,+0.0414,+0,+0,+0,20:57:01 27.03.2020
10644,+25.6,+15.5,+21,+20.9,+20.9,+25.4,+24.9,+25,+24.9,+24.9,+27,ESTP,0,0,+0,+0,+0.0169,+0,+0.0414,+0,+0,+0,20:58:01 27.03.2020
10645,+25.6,+15.5,+21,+20.9,+20.9,+25.4,+24.9,+25,+24.9,+24.9,+27,ESTP,0,0,+0,+0,+0.0169,+0,+0.0414,+0,+0,+0,20:59:01 27.03.2020
10646,+25.6,+15.5,+21,+20.9,+20.9,+25.4,+24.9,+25,+24.9,+24.9,+27,ESTP,0,0,+0,+0,+0.0169,+0,+0.0414,+0,+0,+0,21:00:01 27.03.2020
10647,+25.6,+15.6,+21,+20.9,+20.9,+25.4,+24.9,+25,+24.9,+24.9,+27,ESTP,0,0,+0,+0,+0.0169,+0,+0.0414,+0,+0,+0,21:01:01 27.03.2020
10648,+25.6,+15.5,+21,+20.9,+20.9,+25.4,+24.9,+25,+24.9,+24.9,+27,ESTP,0,0,+0,+0,+0.0169,+0,+0.0414,+0,+0,+0,21:02:01 27.03.2020
10649,+25.6,+15.5,+21,+20.9,+20.9,+25.4,+24.9,+25,+24.9,+24.9,+27,ESTP,0,0,+0,+0,+0.0169,+0,+0.0414,+0,+0,+0,21:03:01 27.03.2020
10650,+25.7,+15.5,+21,+20.9,+20.9,+25.4,+24.9,+25,+24.9,+24.9,+27,ESTP,0,0,+0,+0,+0.0169,+0,+0.0414,+0,+0,+0,21:04:01 27.03.2020
10651,+25.7,+15.5,+21,+20.9,+20.9,+25.4,+24.9,+25,+24.9,+24.9,+27,ESTP,0,0,+0,+0,+0.0169,+0,+0.0414,+0,+0,+0,21:05:01 27.03.2020
10652,+25.7,+15.5,+21,+20.9,+20.9,+25.4,+24.9,+25,+24.9,+24.9,+27,ESTP,0,0,+0,+0,+0.0169,+0,+0.0414,+0,+0,+0,21:06:01 27.03.2020
10653,+25.7,+15.5,+21,+20.9,+20.9,+25.4,+24.9,+25,+24.9,+24.9,+27,ESTP,0,0,+0,+0,+0.0169,+0,+0.0414,+0,+0,+0,21:07:01 27.03.2020
10654,+25.7,+15.5,+21,+20.9,+20.9,+25.4,+24.9,+25,+24.9,+24.9,+27,ESTP,0,0,+0,+0,+0.0169,+0,+0.0414,+0,+0,+0,21:08:01 27.03.2020
10655,+25.7,+15.5,+21,+20.9,+20.9,+25.5,+24.9,+25,+24.9,+24.9,+27,ESTP,0,0,+0,+0,+0.0169,+0,+0.0414,+0,+0,+0,21:09:01 27.03.2020
10656,+25.7,+15.5,+21,+20.9,+20.9,+25.4,+24.9,+25,+24.9,+24.9,+27,ESTP,0,0,+0,+0,+0.0169,+0,+0.0414,+0,+0,+0,21:10:01 27.03.2020
10657,+25.7,+15.5,+21,+20.9,+20.9,+25.5,+24.9,+25,+24.9,+24.9,+27,ESTP,0,0,+0,+0,+0.0169,+0,+0.0414,+0,+0,+0,21:11:01 27.03.2020
10658,+25.7,+15.5,+21,+20.9,+20.9,+25.4,+24.9,+25,+24.9,+24.9,+27,ESTP,0,0,+0,+0,+0.0169,+0,+0.0414,+0,+0,+0,21:12:01 27.03.2020
10659,+25.6,+15.5,+21,+20.9,+20.9,+25.4,+24.9,+25,+24.9,+24.9,+27,ESTP,0,0,+0,+0,+0.0169,+0,+0.0414,+0,+0,+0,21:13:01 27.03.2020
10660,+25.6,+15.5,+21,+20.9,+20.9,+25.4,+24.9,+25,+24.9,+24.9,+27,ESTP,0,0,+0,+0,+0.0169,+0,+0.0414,+0,+0,+0,21:14:01 27.03.2020
10661,+25.6,+15.5,+21,+20.9,+20.9,+25.4,+24.9,+25,+24.9,+24.9,+27,ESTP,0,0,+0,+0,+0.0169,+0,+0.0414,+0,+0,+0,21:15:01 27.03.2020
10662,+25.6,+15.5,+21,+20.9,+20.9,+25.4,+24.9,+25,+24.9,+24.9,+27,ESTP,0,0,+0,+0,+0.0169,+0,+0.0414,+0,+0,+0,21:16:01 27.03.2020
10663,+25.6,+15.5,+21,+20.9,+20.9,+25.4,+24.9,+25,+24.9,+24.9,+27,ESTP,0,0,+0,+0,+0.0169,+0,+0.0414,+0,+0,+0,21:17:01 27.03.2020
10664,+25.6,+15.5,+21,+20.9,+20.9,+25.4,+24.9,+25,+24.9,+24.9,+27,ESTP,0,0,+0,+0,+0.0169,+0,+0.0414,+0,+0,+0,21:18:01 27.03.2020
10665,+25.6,+15.5,+21,+20.9,+20.9,+25.4,+24.9,+25,+24.9,+24.9,+27,ESTP,0,0,+0,+0,+0.0169,+0,+0.0414,+0,+0,+0,21:19:01 27.03.2020
10666,+25.7,+15.5,+21,+20.9,+20.9,+25.4,+24.9,+25,+24.9,+24.9,+27,ESTP,0,0,+0,+0,+0.0169,+0,+0.0414,+0,+0,+0,21:20:01 27.03.2020
10667,+25.7,+15.5,+21,+20.9,+20.9,+25.4,+24.9,+25,+24.9,+24.9,+27,ESTP,0,0,+0,+0,+0.0169,+0,+0.0414,+0,+0,+0,21:21:01 27.03.2020
10668,+25.7,+15.5,+21,+20.9,+20.9,+25.4,+24.9,+25,+24.9,+24.9,+27,ESTP,0,0,+0,+0,+0.0169,+0,+0.0414,+0,+0,+0,21:22:01 27.03.2020
10669,+25.7,+15.5,+21,+20.9,+20.9,+25.4,+24.9,+25,+24.9,+24.9,+27,ESTP,0,0,+0,+0,+0.0169,+0,+0.0414,+0,+0,+0,21:23:01 27.03.2020
10670,+25.7,+15.5,+21,+20.9,+20.9,+25.4,+24.9,+25,+24.9,+24.9,+27,ESTP,0,0,+0,+0,+0.0169,+0,+0.0414,+0,+0,+0,21:24:01 27.03.2020
10671,+25.7,+15.5,+21,+20.9,+20.9,+25.4,+24.9,+25,+24.9,+24.9,+27,ESTP,0,0,+0,+0,+0.0169,+0,+0.0414,+0,+0,+0,21:25:01 27.03.2020
10672,+25.7,+15.5,+21,+20.9,+20.9,+25.4,+24.9,+25,+24.9,+24.9,+27,ESTP,0,0,+0,+0,+0.0169,+0,+0.0414,+0,+0,+0,21:26:01 27.03.2020
10673,+25.6,+15.5,+21,+20.9,+20.9,+25.4,+24.9,+25,+24.9,+24.9,+27,ESTP,0,0,+0,+0,+0.0169,+0,+0.0414,+0,+0,+0,21:27:01 27.03.2020
10674,+25.6,+15.5,+21,+20.9,+20.9,+25.4,+24.9,+25,+24.9,+24.9,+27,ESTP,0,0,+0,+0,+0.0169,+0,+0.0414,+0,+0,+0,21:28:01 27.03.2020
10675,+25.6,+15.5,+21,+20.9,+20.9,+25.4,+24.9,+25,+24.9,+24.9,+27,ESTP,0,0,+0,+0,+0.0169,+0,+0.0414,+0,+0,+0,21:29:01 27.03.2020
10676,+25.6,+15.6,+21,+20.9,+20.9,+25.4,+24.9,+25,+24.9,+24.9,+27,ESTP,0,0,+0,+0,+0.0169,+0,+0.0414,+0,+0,+0,21:30:01 27.03.2020
10677,+25.6,+15.6,+21,+20.9,+20.9,+25.4,+24.9,+25,+24.9,+24.9,+27,ESTP,0,0,+0,+0,+0.0169,+0,+0.0414,+0,+0,+0,21:31:01 27.03.2020
10678,+25.6,+15.5,+21,+20.9,+20.9,+25.4,+24.9,+25,+24.9,+24.9,+27,ESTP,0,0,+0,+0,+0.0169,+0,+0.0414,+0,+0,+0,21:32:01 27.03.2020
10679,+25.6,+15.5,+21,+20.9,+20.9,+25.4,+24.9,+25,+24.9,+24.9,+27,ESTP,0,0,+0,+0,+0.0169,+0,+0.0414,+0,+0,+0,21:33:01 27.03.2020
10680,+25.6,+15.5,+21,+20.9,+20.9,+25.4,+24.9,+25,+24.9,+24.9,+27,ESTP,0,0,+0,+0,+0.0169,+0,+0.0414,+0,+0,+0,21:34:01 27.03.2020
10681,+25.7,+15.5,+21,+20.9,+20.9,+25.4,+24.9,+25,+24.9,+24.9,+27,ESTP,0,0,+0,+0,+0.0169,+0,+0.0414,+0,+0,+0,21:35:01 27.03.2020
10682,+25.7,+15.5,+21,+20.9,+20.9,+25.4,+24.9,+25,+24.9,+24.9,+27,ESTP,0,0,+0,+0,+0.0169,+0,+0.0414,+0,+0,+0,21:36:01 27.03.2020
10683,+25.7,+15.5,+21,+20.9,+20.9,+25.4,+24.9,+25,+24.9,+24.9,+27,ESTP,0,0,+0,+0,+0.0169,+0,+0.0414,+0,+0,+0,21:37:01 27.03.2020
10684,+25.7,+15.5,+21,+20.9,+20.9,+25.4,+24.9,+25,+24.9,+24.9,+27,ESTP,0,0,+0,+0,+0.0169,+0,+0.0414,+0,+0,+0,21:38:01 27.03.2020
10685,+25.7,+15.5,+21,+20.9,+20.9,+25.5,+24.9,+25,+24.9,+24.9,+27,ESTP,0,0,+0,+0,+0.0169,+0,+0.0414,+0,+0,+0,21:39:01 27.03.2020
10686,+25.7,+15.5,+21,+20.9,+20.9,+25.5,+24.9,+25,+24.9,+24.9,+27,ESTP,0,0,+0,+0,+0.0169,+0,+0.0414,+0,+0,+0,21:40:01 27.03.2020
10687,+25.7,+15.5,+21,+20.9,+20.9,+25.5,+24.9,+25,+24.9,+24.9,+27,ESTP,0,0,+0,+0,+0.0169,+0,+0.0414,+0,+0,+0,21:41:01 27.03.2020
10688,+25.7,+15.5,+21,+20.9,+20.9,+25.4,+24.9,+25,+24.9,+24.9,+27,ESTP,0,0,+0,+0,+0.0169,+0,+0.0414,+0,+0,+0,21:42:01 27.03.2020
10689,+25.6,+15.5,+21,+20.9,+20.9,+25.4,+24.9,+25,+24.9,+24.9,+27,ESTP,0,0,+0,+0,+0.0169,+0,+0.0414,+0,+0,+0,21:43:01 27.03.2020
10690,+25.6,+15.5,+21,+20.9,+20.9,+25.4,+24.9,+25,+24.9,+24.9,+27,ESTP,0,0,+0,+0,+0.0169,+0,+0.0414,+0,+0,+0,21:44:01 27.03.2020
10691,+25.6,+15.5,+21,+20.9,+20.9,+25.4,+24.9,+25,+24.9,+24.9,+27,ESTP,0,0,+0,+0,+0.0169,+0,+0.0414,+0,+0,+0,21:45:01 27.03.2020
10692,+25.6,+15.5,+21,+20.9,+20.9,+25.4,+24.9,+25,+24.9,+24.9,+27,ESTP,0,0,+0,+0,+0.0169,+0,+0.0414,+0,+0,+0,21:46:01 27.03.2020
10693,+25.6,+15.5,+21,+20.9,+20.9,+25.4,+24.9,+25,+24.9,+24.9,+27,ESTP,0,0,+0,+0,+0.0169,+0,+0.0414,+0,+0,+0,21:47:01 27.03.2020
10694,+25.6,+15.5,+21,+20.9,+20.9,+25.4,+24.9,+25,+24.9,+24.9,+27,ESTP,0,0,+0,+0,+0.0169,+0,+0.0414,+0,+0,+0,21:48:01 27.03.2020
10695,+25.6,+15.5,+21,+20.9,+20.9,+25.4,+24.9,+25,+24.9,+24.9,+27,ESTP,0,0,+0,+0,+0.0169,+0,+0.0414,+0,+0,+0,21:49:01 27.03.2020
10696,+25.6,+15.5,+21,+20.9,+20.9,+25.4,+24.9,+25,+24.9,+24.9,+27,ESTP,0,0,+0,+0,+0.0169,+0,+0.0414,+0,+0,+0,21:50:01 27.03.2020
10697,+25.6,+15.5,+21,+20.9,+20.9,+25.4,+24.9,+25,+24.9,+24.9,+27,ESTP,0,0,+0,+0,+0.0169,+0,+0.0414,+0,+0,+0,21:51:01 27.03.2020
10698,+25.7,+15.5,+21,+20.9,+20.9,+25.4,+24.9,+25,+24.9,+24.9,+27,ESTP,0,0,+0,+0,+0.0169,+0,+0.0414,+0,+0,+0,21:52:01 27.03.2020
10699,+25.7,+15.5,+21,+20.9,+20.9,+25.4,+24.9,+25,+24.9,+24.9,+27,ESTP,0,0,+0,+0,+0.0169,+0,+0.0414,+0,+0,+0,21:53:01 27.03.2020
10700,+25.7,+15.5,+21,+20.9,+20.9,+25.4,+24.9,+25,+24.9,+24.9,+27,ESTP,0,0,+0,+0,+0.0169,+0,+0.0414,+0,+0,+0,21:54:01 27.03.2020
10701,+25.7,+15.5,+21,+20.9,+20.9,+25.4,+24.9,+25,+24.9,+24.9,+27,ESTP,0,0,+0,+0,+0.0169,+0,+0.0414,+0,+0,+0,21:55:01 27.03.2020
10702,+25.7,+15.5,+21,+20.9,+20.9,+25.4,+24.9,+25,+24.9,+24.9,+27,ESTP,0,0,+0,+0,+0.0169,+0,+0.0414,+0,+0,+0,21:56:01 27.03.2020
10703,+25.7,+15.5,+21,+20.9,+20.9,+25.4,+24.9,+25,+24.9,+24.9,+27,ESTP,0,0,+0,+0,+0.0169,+0,+0.0414,+0,+0,+0,21:57:01 27.03.2020
10704,+25.7,+15.5,+21,+20.9,+20.9,+25.4,+24.9,+25,+24.9,+24.9,+27,ESTP,0,0,+0,+0,+0.0169,+0,+0.0414,+0,+0,+0,21:58:01 27.03.2020
10705,+25.6,+15.5,+21,+20.9,+20.9,+25.4,+24.9,+25,+24.9,+24.9,+27,ESTP,0,0,+0,+0,+0.0169,+0,+0.0414,+0,+0,+0,21:59:01 27.03.2020
10706,+25.6,+15.5,+21,+20.9,+20.9,+25.4,+24.9,+25,+24.9,+24.9,+27,ESTP,0,0,+0,+0,+0.0169,+0,+0.0414,+0,+0,+0,22:00:01 27.03.2020
10707,+25.6,+15.5,+21,+20.9,+20.9,+25.4,+24.9,+25,+24.9,+24.9,+27,ESTP,0,0,+0,+0,+0.0169,+0,+0.0414,+0,+0,+0,22:01:01 27.03.2020
10708,+25.6,+15.5,+21,+20.9,+20.9,+25.4,+24.9,+25,+24.9,+24.9,+27,ESTP,0,0,+0,+0,+0.0169,+0,+0.0414,+0,+0,+0,22:02:01 27.03.2020
10709,+25.6,+15.5,+21,+20.9,+20.9,+25.4,+24.9,+25,+24.9,+24.9,+27,ESTP,0,0,+0,+0,+0.0169,+0,+0.0414,+0,+0,+0,22:03:01 27.03.2020
10710,+25.6,+15.5,+21,+20.9,+20.9,+25.4,+24.9,+25,+24.9,+24.9,+27,ESTP,0,0,+0,+0,+0.0169,+0,+0.0414,+0,+0,+0,22:04:01 27.03.2020
10711,+25.6,+15.5,+21,+20.9,+20.9,+25.4,+24.9,+25,+24.9,+24.9,+27,ESTP,0,0,+0,+0,+0.0169,+0,+0.0414,+0,+0,+0,22:05:01 27.03.2020
10712,+25.6,+15.5,+21,+20.9,+20.9,+25.4,+24.9,+25,+24.9,+24.9,+27,ESTP,0,0,+0,+0,+0.0169,+0,+0.0414,+0,+0,+0,22:06:01 27.03.2020
10713,+25.6,+15.5,+21,+20.9,+20.9,+25.4,+24.9,+25,+24.9,+24.9,+27,ESTP,0,0,+0,+0,+0.0169,+0,+0.0414,+0,+0,+0,22:07:01 27.03.2020
10714,+25.6,+15.5,+21,+20.9,+20.9,+25.4,+24.9,+25,+24.9,+24.9,+27,ESTP,0,0,+0,+0,+0.0169,+0,+0.0414,+0,+0,+0,22:08:01 27.03.2020
10715,+25.7,+15.5,+21,+20.9,+20.9,+25.4,+24.9,+25,+24.9,+24.9,+27,ESTP,0,0,+0,+0,+0.0169,+0,+0.0414,+0,+0,+0,22:09:01 27.03.2020
10716,+25.7,+15.5,+21,+20.9,+20.9,+25.4,+24.9,+25,+24.9,+24.9,+27,ESTP,0,0,+0,+0,+0.0169,+0,+0.0414,+0,+0,+0,22:10:01 27.03.2020
10717,+25.7,+15.5,+21,+20.9,+20.9,+25.4,+24.9,+25,+24.9,+24.9,+27,ESTP,0,0,+0,+0,+0.0169,+0,+0.0414,+0,+0,+0,22:11:01 27.03.2020
10718,+25.7,+15.5,+21,+20.9,+20.9,+25.4,+24.9,+25,+24.9,+24.9,+27,ESTP,0,0,+0,+0,+0.0169,+0,+0.0414,+0,+0,+0,22:12:01 27.03.2020
10719,+25.7,+15.5,+21,+20.9,+20.9,+25.4,+24.9,+25,+24.9,+24.9,+27,ESTP,0,0,+0,+0,+0.0169,+0,+0.0414,+0,+0,+0,22:13:01 27.03.2020
10720,+25.6,+15.5,+21,+20.9,+20.9,+25.4,+24.9,+25,+24.9,+24.9,+27,ESTP,0,0,+0,+0,+0.0169,+0,+0.0414,+0,+0,+0,22:14:01 27.03.2020
10721,+25.6,+15.5,+21,+20.9,+20.9,+25.4,+24.9,+25,+24.9,+24.9,+27,ESTP,0,0,+0,+0,+0.0169,+0,+0.0414,+0,+0,+0,22:15:01 27.03.2020
10722,+25.6,+15.5,+21,+20.9,+20.9,+25.4,+24.9,+25,+24.9,+24.9,+27,ESTP,0,0,+0,+0,+0.0169,+0,+0.0414,+0,+0,+0,22:16:01 27.03.2020
10723,+25.6,+15.5,+21,+20.9,+20.9,+25.4,+24.9,+25,+24.9,+24.9,+27,ESTP,0,0,+0,+0,+0.0169,+0,+0.0414,+0,+0,+0,22:17:01 27.03.2020
10724,+25.6,+15.5,+21,+20.9,+20.9,+25.4,+24.9,+25,+24.9,+24.9,+27,ESTP,0,0,+0,+0,+0.0169,+0,+0.0414,+0,+0,+0,22:18:01 27.03.2020
10725,+25.6,+15.5,+21,+20.9,+20.9,+25.4,+24.9,+25,+24.9,+24.9,+27,ESTP,0,0,+0,+0,+0.0169,+0,+0.0414,+0,+0,+0,22:19:01 27.03.2020
10726,+25.6,+15.5,+21,+20.9,+20.9,+25.4,+24.9,+25,+24.9,+24.9,+27,ESTP,0,0,+0,+0,+0.0169,+0,+0.0414,+0,+0,+0,22:20:01 27.03.2020
10727,+25.6,+15.5,+21,+20.9,+20.9,+25.4,+24.9,+25,+24.9,+24.9,+27,ESTP,0,0,+0,+0,+0.0169,+0,+0.0414,+0,+0,+0,22:21:01 27.03.2020
10728,+25.6,+15.5,+21,+20.9,+20.9,+25.4,+24.9,+25,+24.9,+24.9,+27,ESTP,0,0,+0,+0,+0.0169,+0,+0.0414,+0,+0,+0,22:22:01 27.03.2020
10729,+25.7,+15.5,+21,+20.9,+20.9,+25.4,+24.9,+25,+24.9,+24.9,+27,ESTP,0,0,+0,+0,+0.0169,+0,+0.0414,+0,+0,+0,22:23:01 27.03.2020
10730,+25.7,+15.5,+21,+20.9,+20.9,+25.4,+24.9,+25,+24.9,+24.9,+27,ESTP,0,0,+0,+0,+0.0169,+0,+0.0414,+0,+0,+0,22:24:01 27.03.2020
10731,+25.7,+15.5,+21,+20.9,+20.9,+25.4,+24.9,+25,+24.9,+24.9,+27,ESTP,0,0,+0,+0,+0.0169,+0,+0.0414,+0,+0,+0,22:25:01 27.03.2020
10732,+25.7,+15.5,+21,+20.9,+20.9,+25.4,+24.9,+25,+24.9,+24.9,+27,ESTP,0,0,+0,+0,+0.0169,+0,+0.0414,+0,+0,+0,22:26:01 27.03.2020
10733,+25.6,+15.5,+21,+20.9,+20.9,+25.4,+24.9,+25,+24.9,+24.9,+27,ESTP,0,0,+0,+0,+0.0169,+0,+0.0414,+0,+0,+0,22:27:01 27.03.2020
10734,+25.6,+15.5,+21,+20.9,+20.9,+25.4,+24.9,+25,+24.9,+24.9,+27,ESTP,0,0,+0,+0,+0.0169,+0,+0.0414,+0,+0,+0,22:28:01 27.03.2020
10735,+25.6,+15.5,+21,+20.9,+20.9,+25.4,+24.9,+25,+24.9,+24.9,+27,ESTP,0,0,+0,+0,+0.0169,+0,+0.0414,+0,+0,+0,22:29:01 27.03.2020
10736,+25.6,+15.5,+21,+20.9,+20.9,+25.4,+24.9,+25,+24.9,+24.9,+27,ESTP,0,0,+0,+0,+0.0169,+0,+0.0414,+0,+0,+0,22:30:01 27.03.2020
10737,+25.6,+15.5,+21,+20.9,+20.9,+25.4,+24.9,+25,+24.9,+24.9,+27,ESTP,0,0,+0,+0,+0.0169,+0,+0.0414,+0,+0,+0,22:31:01 27.03.2020
10738,+25.6,+15.5,+21,+20.9,+20.9,+25.4,+24.9,+25,+24.9,+24.9,+27,ESTP,0,0,+0,+0,+0.0169,+0,+0.0414,+0,+0,+0,22:32:01 27.03.2020
10739,+25.6,+15.5,+21,+20.9,+20.9,+25.4,+24.9,+25,+24.9,+24.9,+27,ESTP,0,0,+0,+0,+0.0169,+0,+0.0414,+0,+0,+0,22:33:01 27.03.2020
10740,+25.6,+15.5,+21,+20.9,+20.9,+25.4,+24.9,+25,+24.9,+24.9,+27,ESTP,0,0,+0,+0,+0.0169,+0,+0.0414,+0,+0,+0,22:34:01 27.03.2020
10741,+25.6,+15.5,+21,+20.9,+20.9,+25.4,+24.9,+25,+24.9,+24.9,+27,ESTP,0,0,+0,+0,+0.0169,+0,+0.0414,+0,+0,+0,22:35:01 27.03.2020
10742,+25.6,+15.5,+21,+20.9,+20.9,+25.4,+24.9,+25,+24.9,+24.9,+27,ESTP,0,0,+0,+0,+0.0169,+0,+0.0414,+0,+0,+0,22:36:01 27.03.2020
10743,+25.7,+15.5,+21,+20.9,+20.9,+25.4,+24.9,+25,+24.9,+24.9,+27,ESTP,0,0,+0,+0,+0.0169,+0,+0.0414,+0,+0,+0,22:37:01 27.03.2020
10744,+25.7,+15.5,+21,+20.9,+20.9,+25.4,+24.9,+25,+24.9,+24.9,+27,ESTP,0,0,+0,+0,+0.0169,+0,+0.0414,+0,+0,+0,22:38:01 27.03.2020
10745,+25.7,+15.5,+21,+20.9,+20.9,+25.4,+24.9,+25,+24.9,+24.9,+27,ESTP,0,0,+0,+0,+0.0169,+0,+0.0414,+0,+0,+0,22:39:01 27.03.2020
10746,+25.7,+15.5,+21,+20.9,+20.9,+25.4,+24.9,+25,+24.9,+24.9,+27,ESTP,0,0,+0,+0,+0.0169,+0,+0.0414,+0,+0,+0,22:40:01 27.03.2020
10747,+25.7,+15.5,+21,+20.9,+20.9,+25.4,+24.9,+25,+24.9,+24.9,+27,ESTP,0,0,+0,+0,+0.0169,+0,+0.0414,+0,+0,+0,22:41:01 27.03.2020
10748,+25.6,+15.5,+21,+20.9,+20.9,+25.4,+24.9,+25,+24.9,+24.9,+27,ESTP,0,0,+0,+0,+0.0169,+0,+0.0414,+0,+0,+0,22:42:01 27.03.2020
10749,+25.6,+15.5,+21,+20.9,+20.9,+25.4,+24.9,+25,+24.9,+24.9,+27,ESTP,0,0,+0,+0,+0.0169,+0,+0.0414,+0,+0,+0,22:43:01 27.03.2020
10750,+25.6,+15.5,+21,+20.9,+20.9,+25.4,+24.9,+25,+24.9,+24.9,+27,ESTP,0,0,+0,+0,+0.0169,+0,+0.0414,+0,+0,+0,22:44:01 27.03.2020
10751,+25.6,+15.5,+21,+20.9,+20.9,+25.4,+24.9,+25,+24.9,+24.9,+27,ESTP,0,0,+0,+0,+0.0169,+0,+0.0414,+0,+0,+0,22:45:01 27.03.2020
10752,+25.6,+15.5,+21,+20.9,+20.9,+25.4,+24.9,+25,+24.9,+24.9,+27,ESTP,0,0,+0,+0,+0.0169,+0,+0.0414,+0,+0,+0,22:46:01 27.03.2020
10753,+25.6,+15.5,+21,+20.9,+20.9,+25.4,+24.9,+25,+24.9,+24.9,+27,ESTP,0,0,+0,+0,+0.0169,+0,+0.0414,+0,+0,+0,22:47:01 27.03.2020
10754,+25.6,+15.5,+21,+20.9,+20.9,+25.4,+24.8,+25,+24.9,+24.9,+27,ESTP,0,0,+0,+0,+0.0169,+0,+0.0414,+0,+0,+0,22:48:01 27.03.2020
10755,+25.6,+15.5,+21,+20.9,+20.9,+25.4,+24.9,+25,+24.9,+24.9,+27,ESTP,0,0,+0,+0,+0.0169,+0,+0.0414,+0,+0,+0,22:49:01 27.03.2020
10756,+25.6,+15.5,+21,+20.9,+20.9,+25.4,+24.9,+25,+24.9,+24.9,+27,ESTP,0,0,+0,+0,+0.0169,+0,+0.0414,+0,+0,+0,22:50:01 27.03.2020
10757,+25.6,+15.5,+21,+20.9,+20.9,+25.4,+24.9,+25,+24.9,+24.9,+27,ESTP,0,0,+0,+0,+0.0169,+0,+0.0414,+0,+0,+0,22:51:01 27.03.2020
10758,+25.7,+15.5,+21,+20.9,+20.9,+25.4,+24.9,+25,+24.9,+24.9,+27,ESTP,0,0,+0,+0,+0.0169,+0,+0.0414,+0,+0,+0,22:52:01 27.03.2020
10759,+25.7,+15.5,+21,+20.9,+20.9,+25.4,+24.9,+25,+24.9,+24.9,+27,ESTP,0,0,+0,+0,+0.0169,+0,+0.0414,+0,+0,+0,22:53:01 27.03.2020
10760,+25.7,+15.5,+21,+20.9,+20.9,+25.4,+24.9,+25,+24.9,+24.9,+27,ESTP,0,0,+0,+0,+0.0169,+0,+0.0414,+0,+0,+0,22:54:01 27.03.2020
10761,+25.7,+15.5,+21,+20.9,+20.9,+25.4,+24.8,+25,+24.9,+24.9,+27,ESTP,0,0,+0,+0,+0.0169,+0,+0.0414,+0,+0,+0,22:55:01 27.03.2020
10762,+25.7,+15.5,+21,+20.9,+20.9,+25.4,+24.9,+25,+24.9,+24.9,+27,ESTP,0,0,+0,+0,+0.0169,+0,+0.0414,+0,+0,+0,22:56:01 27.03.2020
10763,+25.7,+15.5,+21,+20.9,+20.9,+25.5,+24.9,+25,+24.9,+24.9,+27,ESTP,0,0,+0,+0,+0.0169,+0,+0.0414,+0,+0,+0,22:57:01 27.03.2020
10764,+25.7,+15.5,+21,+20.9,+20.9,+25.4,+24.9,+25,+24.9,+24.9,+27,ESTP,0,0,+0,+0,+0.0169,+0,+0.0414,+0,+0,+0,22:58:01 27.03.2020
10765,+25.6,+15.5,+21,+20.9,+20.9,+25.5,+24.9,+25,+24.9,+24.9,+27,ESTP,0,0,+0,+0,+0.0169,+0,+0.0414,+0,+0,+0,22:59:01 27.03.2020
10766,+25.6,+15.5,+21,+20.9,+20.9,+25.4,+24.9,+25,+24.9,+24.9,+27,ESTP,0,0,+0,+0,+0.0169,+0,+0.0414,+0,+0,+0,23:00:01 27.03.2020
10767,+25.6,+15.5,+21,+20.9,+20.9,+25.4,+24.9,+25,+24.9,+24.9,+27,ESTP,0,0,+0,+0,+0.0169,+0,+0.0414,+0,+0,+0,23:01:01 27.03.2020
10768,+25.6,+15.5,+21,+20.9,+20.9,+25.4,+24.9,+25,+24.9,+24.9,+27,ESTP,0,0,+0,+0,+0.0169,+0,+0.0414,+0,+0,+0,23:02:01 27.03.2020
10769,+25.6,+15.5,+21,+20.9,+20.9,+25.4,+24.9,+25,+24.9,+24.9,+27,ESTP,0,0,+0,+0,+0.0169,+0,+0.0414,+0,+0,+0,23:03:01 27.03.2020
10770,+25.6,+15.5,+21,+20.9,+20.9,+25.4,+24.9,+25,+24.9,+24.9,+27,ESTP,0,0,+0,+0,+0.0169,+0,+0.0414,+0,+0,+0,23:04:01 27.03.2020
10771,+25.6,+15.5,+21,+20.9,+20.9,+25.4,+24.9,+25,+24.9,+24.9,+27,ESTP,0,0,+0,+0,+0.0169,+0,+0.0414,+0,+0,+0,23:05:01 27.03.2020
10772,+25.6,+15.5,+21,+20.9,+20.9,+25.4,+24.9,+25,+24.9,+24.9,+27,ESTP,0,0,+0,+0,+0.0169,+0,+0.0414,+0,+0,+0,23:06:01 27.03.2020
10773,+25.6,+15.5,+21,+20.9,+20.9,+25.4,+24.9,+25,+24.9,+24.9,+27,ESTP,0,0,+0,+0,+0.0169,+0,+0.0414,+0,+0,+0,23:07:01 27.03.2020
10774,+25.6,+15.5,+21,+20.9,+20.9,+25.4,+24.9,+25,+24.9,+24.9,+27,ESTP,0,0,+0,+0,+0.0169,+0,+0.0414,+0,+0,+0,23:08:01 27.03.2020
10775,+25.7,+15.5,+21,+20.9,+20.9,+25.4,+24.8,+25,+24.9,+24.9,+27,ESTP,0,0,+0,+0,+0.0169,+0,+0.0414,+0,+0,+0,23:09:01 27.03.2020
10776,+25.7,+15.5,+21,+20.9,+20.9,+25.4,+24.9,+25,+24.9,+24.9,+27,ESTP,0,0,+0,+0,+0.0169,+0,+0.0414,+0,+0,+0,23:10:01 27.03.2020
10777,+25.7,+15.5,+21,+20.9,+20.9,+25.4,+24.9,+25,+24.9,+24.9,+27,ESTP,0,0,+0,+0,+0.0169,+0,+0.0414,+0,+0,+0,23:11:01 27.03.2020
10778,+25.7,+15.5,+21,+20.9,+20.9,+25.4,+24.8,+25,+24.9,+24.9,+27,ESTP,0,0,+0,+0,+0.0169,+0,+0.0414,+0,+0,+0,23:12:01 27.03.2020
10779,+25.7,+15.5,+21,+20.9,+20.9,+25.5,+24.9,+25,+24.9,+24.9,+27,ESTP,0,0,+0,+0,+0.0169,+0,+0.0414,+0,+0,+0,23:13:01 27.03.2020
10780,+25.7,+15.5,+21,+20.9,+20.9,+25.5,+24.9,+25,+24.9,+24.9,+27,ESTP,0,0,+0,+0,+0.0169,+0,+0.0414,+0,+0,+0,23:14:01 27.03.2020
10781,+25.7,+15.5,+21,+20.9,+20.9,+25.4,+24.9,+25,+24.9,+24.9,+27,ESTP,0,0,+0,+0,+0.0169,+0,+0.0414,+0,+0,+0,23:15:01 27.03.2020
10782,+25.6,+15.5,+21,+20.9,+20.9,+25.4,+24.9,+25,+24.9,+24.9,+27,ESTP,0,0,+0,+0,+0.0169,+0,+0.0414,+0,+0,+0,23:16:01 27.03.2020
10783,+25.6,+15.5,+21,+20.9,+20.9,+25.4,+24.9,+25,+24.9,+24.9,+27,ESTP,0,0,+0,+0,+0.0169,+0,+0.0414,+0,+0,+0,23:17:01 27.03.2020
10784,+25.6,+15.5,+21,+20.9,+20.9,+25.4,+24.9,+25,+24.9,+24.9,+27,ESTP,0,0,+0,+0,+0.0169,+0,+0.0414,+0,+0,+0,23:18:01 27.03.2020
10785,+25.6,+15.5,+21,+20.9,+20.9,+25.4,+24.9,+25,+24.9,+24.9,+27,ESTP,0,0,+0,+0,+0.0169,+0,+0.0414,+0,+0,+0,23:19:01 27.03.2020
10786,+25.6,+15.5,+21,+20.9,+20.9,+25.4,+24.9,+25,+24.9,+24.9,+27,ESTP,0,0,+0,+0,+0.0169,+0,+0.0414,+0,+0,+0,23:20:01 27.03.2020
10787,+25.6,+15.5,+21,+20.9,+20.9,+25.4,+24.9,+25,+24.9,+24.9,+27,ESTP,0,0,+0,+0,+0.0169,+0,+0.0414,+0,+0,+0,23:21:01 27.03.2020
10788,+25.6,+15.5,+21,+20.9,+20.9,+25.4,+24.9,+25,+24.9,+24.9,+27,ESTP,0,0,+0,+0,+0.0169,+0,+0.0414,+0,+0,+0,23:22:01 27.03.2020
10789,+25.6,+15.5,+21,+20.9,+20.9,+25.4,+24.9,+25,+24.9,+24.9,+27,ESTP,0,0,+0,+0,+0.0169,+0,+0.0414,+0,+0,+0,23:23:01 27.03.2020
10790,+25.7,+15.5,+21,+20.9,+20.9,+25.4,+24.9,+25,+24.9,+24.9,+27,ESTP,0,0,+0,+0,+0.0169,+0,+0.0414,+0,+0,+0,23:24:01 27.03.2020
10791,+25.7,+15.5,+21,+20.9,+20.9,+25.4,+24.9,+25,+24.9,+24.9,+27,ESTP,0,0,+0,+0,+0.0169,+0,+0.0414,+0,+0,+0,23:25:01 27.03.2020
10792,+25.7,+15.5,+21,+20.9,+20.9,+25.4,+24.9,+25,+24.9,+24.9,+27,ESTP,0,0,+0,+0,+0.0169,+0,+0.0414,+0,+0,+0,23:26:01 27.03.2020
10793,+25.7,+15.5,+21,+20.9,+20.9,+25.4,+24.9,+25,+24.9,+24.9,+27,ESTP,0,0,+0,+0,+0.0169,+0,+0.0414,+0,+0,+0,23:27:01 27.03.2020
10794,+25.7,+15.5,+21,+20.9,+20.9,+25.5,+24.9,+25,+24.9,+24.9,+27,ESTP,0,0,+0,+0,+0.0169,+0,+0.0414,+0,+0,+0,23:28:01 27.03.2020
10795,+25.7,+15.5,+21,+20.9,+20.9,+25.5,+24.9,+25,+24.9,+24.9,+27,ESTP,0,0,+0,+0,+0.0169,+0,+0.0414,+0,+0,+0,23:29:01 27.03.2020
10796,+25.6,+15.5,+21,+20.9,+20.9,+25.5,+24.9,+25,+24.9,+24.9,+27,ESTP,0,0,+0,+0,+0.0169,+0,+0.0414,+0,+0,+0,23:30:01 27.03.2020
10797,+25.6,+15.5,+21,+20.9,+20.9,+25.4,+24.9,+25,+24.9,+24.9,+27,ESTP,0,0,+0,+0,+0.0169,+0,+0.0414,+0,+0,+0,23:31:01 27.03.2020
10798,+25.6,+15.5,+21,+20.9,+20.9,+25.4,+24.9,+25,+24.9,+24.9,+27,ESTP,0,0,+0,+0,+0.0169,+0,+0.0414,+0,+0,+0,23:32:01 27.03.2020
10799,+25.6,+15.5,+21,+20.9,+20.9,+25.4,+24.9,+25,+24.9,+24.9,+27,ESTP,0,0,+0,+0,+0.0169,+0,+0.0414,+0,+0,+0,23:33:01 27.03.2020
10800,+25.6,+15.5,+21,+20.9,+20.9,+25.4,+24.9,+25,+24.9,+24.9,+27,ESTP,0,0,+0,+0,+0.0169,+0,+0.0414,+0,+0,+0,23:34:01 27.03.2020
10801,+25.6,+15.5,+21,+20.9,+20.9,+25.4,+24.9,+25,+24.9,+24.9,+27,ESTP,0,0,+0,+0,+0.0169,+0,+0.0414,+0,+0,+0,23:35:01 27.03.2020
10802,+25.6,+15.5,+21,+20.9,+20.9,+25.4,+24.9,+25,+24.9,+24.9,+27,ESTP,0,0,+0,+0,+0.0169,+0,+0.0414,+0,+0,+0,23:36:01 27.03.2020
10803,+25.6,+15.5,+21,+20.9,+20.9,+25.4,+24.9,+25,+24.9,+24.9,+27,ESTP,0,0,+0,+0,+0.0169,+0,+0.0414,+0,+0,+0,23:37:01 27.03.2020
10804,+25.6,+15.5,+21,+20.9,+20.9,+25.4,+24.9,+25,+24.9,+24.9,+27,ESTP,0,0,+0,+0,+0.0169,+0,+0.0414,+0,+0,+0,23:38:01 27.03.2020
10805,+25.7,+15.5,+21,+20.9,+20.9,+25.4,+24.9,+25,+24.9,+24.9,+27,ESTP,0,0,+0,+0,+0.0169,+0,+0.0414,+0,+0,+0,23:39:01 27.03.2020
10806,+25.7,+15.5,+21,+20.9,+20.9,+25.4,+24.9,+25,+24.9,+24.9,+27,ESTP,0,0,+0,+0,+0.0169,+0,+0.0414,+0,+0,+0,23:40:01 27.03.2020
10807,+25.7,+15.5,+21,+20.9,+20.9,+25.4,+24.8,+25,+24.9,+24.9,+27,ESTP,0,0,+0,+0,+0.0169,+0,+0.0414,+0,+0,+0,23:41:01 27.03.2020
10808,+25.7,+15.5,+21,+20.9,+20.9,+25.5,+24.9,+25,+24.9,+24.9,+27,ESTP,0,0,+0,+0,+0.0169,+0,+0.0414,+0,+0,+0,23:42:01 27.03.2020
10809,+25.7,+15.5,+21,+20.9,+20.9,+25.5,+24.9,+25,+24.9,+24.9,+27,ESTP,0,0,+0,+0,+0.0169,+0,+0.0414,+0,+0,+0,23:43:01 27.03.2020
10810,+25.7,+15.5,+21,+20.9,+20.9,+25.5,+24.9,+25,+24.9,+24.9,+27,ESTP,0,0,+0,+0,+0.0169,+0,+0.0414,+0,+0,+0,23:44:01 27.03.2020
10811,+25.6,+15.5,+21,+20.9,+20.9,+25.4,+24.9,+25,+24.9,+24.9,+27,ESTP,0,0,+0,+0,+0.0169,+0,+0.0414,+0,+0,+0,23:45:01 27.03.2020
10812,+25.6,+15.5,+21,+20.9,+20.9,+25.4,+24.9,+25,+24.9,+24.9,+27,ESTP,0,0,+0,+0,+0.0169,+0,+0.0414,+0,+0,+0,23:46:01 27.03.2020
10813,+25.6,+15.5,+21,+20.9,+20.9,+25.4,+24.9,+25,+24.9,+24.9,+27,ESTP,0,0,+0,+0,+0.0169,+0,+0.0414,+0,+0,+0,23:47:01 27.03.2020
10814,+25.6,+15.5,+21,+20.9,+20.9,+25.4,+24.9,+25,+24.9,+24.9,+27,ESTP,0,0,+0,+0,+0.0169,+0,+0.0414,+0,+0,+0,23:48:01 27.03.2020
10815,+25.6,+15.5,+21,+20.9,+20.9,+25.4,+24.9,+25,+24.9,+24.9,+27,ESTP,0,0,+0,+0,+0.0169,+0,+0.0414,+0,+0,+0,23:49:01 27.03.2020
10816,+25.6,+15.5,+21,+20.9,+20.9,+25.4,+24.9,+25,+24.9,+24.9,+27,ESTP,0,0,+0,+0,+0.0169,+0,+0.0414,+0,+0,+0,23:50:01 27.03.2020
10817,+25.6,+15.5,+21,+20.9,+20.9,+25.4,+24.9,+25,+24.9,+24.9,+27,ESTP,0,0,+0,+0,+0.0169,+0,+0.0414,+0,+0,+0,23:51:01 27.03.2020
10818,+25.6,+15.5,+21,+20.9,+20.9,+25.4,+24.9,+25,+24.9,+24.9,+27,ESTP,0,0,+0,+0,+0.0169,+0,+0.0414,+0,+0,+0,23:52:01 27.03.2020
10819,+25.6,+15.5,+21,+20.9,+20.9,+25.4,+24.9,+25,+24.9,+24.9,+27,ESTP,0,0,+0,+0,+0.0169,+0,+0.0414,+0,+0,+0,23:53:01 27.03.2020
10820,+25.6,+15.5,+21,+20.9,+20.9,+25.4,+24.9,+25,+24.9,+24.9,+27,ESTP,0,0,+0,+0,+0.0169,+0,+0.0414,+0,+0,+0,23:54:01 27.03.2020
10821,+25.7,+15.5,+21,+20.9,+20.9,+25.4,+24.9,+25,+24.9,+24.9,+27,ESTP,0,0,+0,+0,+0.0169,+0,+0.0414,+0,+0,+0,23:55:01 27.03.2020
10822,+25.7,+15.5,+21,+20.9,+20.9,+25.4,+24.9,+25,+24.9,+24.9,+27,ESTP,0,0,+0,+0,+0.0169,+0,+0.0414,+0,+0,+0,23:56:01 27.03.2020
10823,+25.7,+15.5,+21,+20.9,+20.9,+25.4,+24.9,+25,+24.9,+24.9,+27,ESTP,0,0,+0,+0,+0.0169,+0,+0.0414,+0,+0,+0,23:57:01 27.03.2020
10824,+25.7,+15.5,+21,+20.9,+20.9,+25.4,+24.9,+25,+24.9,+24.9,+27,ESTP,0,0,+0,+0,+0.0169,+0,+0.0414,+0,+0,+0,23:58:01 27.03.2020
10825,+25.7,+15.5,+21,+20.9,+20.9,+25.4,+24.9,+25,+24.9,+24.9,+27,ESTP,0,0,+0,+0,+0.0169,+0,+0.0414,+0,+0,+0,23:59:01 27.03.2020
10826,+25.6,+15.5,+21,+20.9,+20.9,+25.4,+24.9,+25,+24.9,+24.9,+27,ESTP,0,0,+0,+0,+0.0169,+0,+0.0414,+0,+0,+0,00:00:01 28.03.2020
10827,+25.6,+15.5,+21,+20.9,+20.9,+25.4,+24.9,+25,+24.9,+24.9,+27,ESTP,0,0,+0,+0,+0.0169,+0,+0.0414,+0,+0,+0,00:01:01 28.03.2020
10828,+25.6,+15.5,+21,+20.9,+20.9,+25.4,+24.9,+25,+24.9,+24.9,+27,ESTP,0,0,+0,+0,+0.0169,+0,+0.0414,+0,+0,+0,00:02:01 28.03.2020
10829,+25.6,+15.5,+21,+20.9,+20.9,+25.4,+24.9,+25,+24.9,+24.9,+27,ESTP,0,0,+0,+0,+0.0169,+0,+0.0414,+0,+0,+0,00:03:01 28.03.2020
10830,+25.6,+15.5,+21,+20.9,+20.9,+25.4,+24.9,+25,+24.9,+24.9,+27,ESTP,0,0,+0,+0,+0.0169,+0,+0.0414,+0,+0,+0,00:04:01 28.03.2020
10831,+25.6,+15.5,+21,+20.9,+20.9,+25.4,+24.9,+25,+24.9,+24.9,+27,ESTP,0,0,+0,+0,+0.0169,+0,+0.0414,+0,+0,+0,00:05:01 28.03.2020
10832,+25.6,+15.5,+21,+20.9,+20.9,+25.4,+24.9,+25,+24.9,+24.9,+27,ESTP,0,0,+0,+0,+0.0169,+0,+0.0414,+0,+0,+0,00:06:01 28.03.2020
10833,+25.6,+15.5,+21,+20.9,+20.9,+25.4,+24.9,+25,+24.9,+24.9,+27,ESTP,0,0,+0,+0,+0.0169,+0,+0.0414,+0,+0,+0,00:07:01 28.03.2020
10834,+25.6,+15.5,+21,+20.9,+20.9,+25.4,+24.8,+25,+24.9,+24.9,+27,ESTP,0,0,+0,+0,+0.0169,+0,+0.0414,+0,+0,+0,00:08:01 28.03.2020
10835,+25.6,+15.5,+21,+20.9,+20.9,+25.4,+24.9,+25,+24.9,+24.9,+27,ESTP,0,0,+0,+0,+0.0169,+0,+0.0414,+0,+0,+0,00:09:01 28.03.2020
10836,+25.6,+15.5,+21,+20.9,+20.9,+25.4,+24.9,+25,+24.9,+24.9,+27,ESTP,0,0,+0,+0,+0.0169,+0,+0.0414,+0,+0,+0,00:10:01 28.03.2020
10837,+25.7,+15.5,+21,+20.9,+20.9,+25.4,+24.9,+25,+24.9,+24.9,+27,ESTP,0,0,+0,+0,+0.0169,+0,+0.0414,+0,+0,+0,00:11:01 28.03.2020
10838,+25.7,+15.5,+21,+20.9,+20.9,+25.4,+24.8,+25,+24.9,+24.9,+27,ESTP,0,0,+0,+0,+0.0169,+0,+0.0414,+0,+0,+0,00:12:01 28.03.2020
10839,+25.7,+15.5,+21,+20.9,+20.9,+25.5,+24.9,+25,+24.9,+24.9,+27,ESTP,0,0,+0,+0,+0.0169,+0,+0.0414,+0,+0,+0,00:13:01 28.03.2020
10840,+25.7,+15.5,+21,+20.9,+20.9,+25.5,+24.8,+25,+24.9,+24.9,+27,ESTP,0,0,+0,+0,+0.0169,+0,+0.0414,+0,+0,+0,00:14:01 28.03.2020
10841,+25.6,+15.5,+21,+20.9,+20.9,+25.5,+24.9,+25,+24.9,+24.9,+27,ESTP,0,0,+0,+0,+0.0169,+0,+0.0414,+0,+0,+0,00:15:01 28.03.2020
10842,+25.6,+15.5,+21,+20.9,+20.9,+25.4,+24.9,+25,+24.9,+24.9,+27,ESTP,0,0,+0,+0,+0.0169,+0,+0.0414,+0,+0,+0,00:16:01 28.03.2020
10843,+25.6,+15.5,+21,+20.9,+20.9,+25.4,+24.9,+25,+24.9,+24.9,+27,ESTP,0,0,+0,+0,+0.0169,+0,+0.0414,+0,+0,+0,00:17:01 28.03.2020
10844,+25.6,+15.5,+21,+20.9,+20.9,+25.4,+24.8,+25,+24.9,+24.9,+27,ESTP,0,0,+0,+0,+0.0169,+0,+0.0414,+0,+0,+0,00:18:01 28.03.2020
10845,+25.6,+15.5,+21,+20.9,+20.9,+25.4,+24.9,+25,+24.9,+24.9,+27,ESTP,0,0,+0,+0,+0.0169,+0,+0.0414,+0,+0,+0,00:19:01 28.03.2020
10846,+25.6,+15.5,+21,+20.9,+20.9,+25.4,+24.9,+25,+24.9,+24.9,+27,ESTP,0,0,+0,+0,+0.0169,+0,+0.0414,+0,+0,+0,00:20:01 28.03.2020
10847,+25.6,+15.5,+21,+20.9,+20.9,+25.4,+24.9,+25,+24.9,+24.9,+27,ESTP,0,0,+0,+0,+0.0169,+0,+0.0414,+0,+0,+0,00:21:01 28.03.2020
10848,+25.6,+15.5,+21,+20.9,+20.9,+25.4,+24.8,+25,+24.9,+24.9,+27,ESTP,0,0,+0,+0,+0.0169,+0,+0.0414,+0,+0,+0,00:22:01 28.03.2020
10849,+25.6,+15.5,+21,+20.9,+20.9,+25.4,+24.9,+25,+24.9,+24.9,+27,ESTP,0,0,+0,+0,+0.0169,+0,+0.0414,+0,+0,+0,00:23:01 28.03.2020
10850,+25.6,+15.5,+21,+20.9,+20.9,+25.4,+24.9,+25,+24.9,+24.9,+27,ESTP,0,0,+0,+0,+0.0169,+0,+0.0414,+0,+0,+0,00:24:01 28.03.2020
10851,+25.6,+15.5,+21,+20.9,+20.9,+25.4,+24.8,+25,+24.9,+24.9,+27,ESTP,0,0,+0,+0,+0.0169,+0,+0.0414,+0,+0,+0,00:25:01 28.03.2020
10852,+25.6,+15.5,+21,+20.9,+20.9,+25.4,+24.9,+25,+24.9,+24.9,+27,ESTP,0,0,+0,+0,+0.0169,+0,+0.0414,+0,+0,+0,00:26:01 28.03.2020
10853,+25.7,+15.5,+21,+20.9,+20.9,+25.4,+24.8,+25,+24.9,+24.9,+27,ESTP,0,0,+0,+0,+0.0169,+0,+0.0414,+0,+0,+0,00:27:01 28.03.2020
10854,+25.7,+15.5,+21,+20.9,+20.9,+25.4,+24.8,+25,+24.9,+24.9,+27,ESTP,0,0,+0,+0,+0.0169,+0,+0.0414,+0,+0,+0,00:28:01 28.03.2020
10855,+25.7,+15.5,+21,+20.9,+20.9,+25.4,+24.9,+25,+24.9,+24.9,+27,ESTP,0,0,+0,+0,+0.0169,+0,+0.0414,+0,+0,+0,00:29:01 28.03.2020
10856,+25.7,+15.5,+21,+20.9,+20.9,+25.5,+24.8,+25,+24.9,+24.9,+27,ESTP,0,0,+0,+0,+0.0169,+0,+0.0414,+0,+0,+0,00:30:01 28.03.2020
10857,+25.7,+15.5,+21,+20.9,+20.9,+25.5,+24.8,+25,+24.9,+24.9,+27,ESTP,0,0,+0,+0,+0.0169,+0,+0.0414,+0,+0,+0,00:31:01 28.03.2020
10858,+25.6,+15.5,+21,+20.9,+20.9,+25.5,+24.9,+25,+24.9,+24.9,+27,ESTP,0,0,+0,+0,+0.0169,+0,+0.0414,+0,+0,+0,00:32:01 28.03.2020
10859,+25.6,+15.5,+21,+20.9,+20.9,+25.5,+24.8,+25,+24.9,+24.9,+27,ESTP,0,0,+0,+0,+0.0169,+0,+0.0414,+0,+0,+0,00:33:01 28.03.2020
10860,+25.6,+15.5,+21,+20.9,+20.9,+25.4,+24.8,+25,+24.9,+24.9,+27,ESTP,0,0,+0,+0,+0.0169,+0,+0.0414,+0,+0,+0,00:34:01 28.03.2020
10861,+25.6,+15.5,+21,+20.9,+20.9,+25.4,+24.8,+25,+24.9,+24.9,+27,ESTP,0,0,+0,+0,+0.0169,+0,+0.0414,+0,+0,+0,00:35:01 28.03.2020
10862,+25.6,+15.5,+21,+20.9,+20.9,+25.4,+24.8,+25,+24.9,+24.9,+27,ESTP,0,0,+0,+0,+0.0169,+0,+0.0414,+0,+0,+0,00:36:01 28.03.2020
10863,+25.6,+15.5,+21,+20.9,+20.9,+25.4,+24.9,+25,+24.9,+24.9,+27,ESTP,0,0,+0,+0,+0.0169,+0,+0.0414,+0,+0,+0,00:37:01 28.03.2020
10864,+25.6,+15.5,+21,+20.9,+20.9,+25.4,+24.9,+25,+24.9,+24.9,+27,ESTP,0,0,+0,+0,+0.0169,+0,+0.0414,+0,+0,+0,00:38:01 28.03.2020
10865,+25.6,+15.5,+21,+20.9,+20.9,+25.4,+24.8,+25,+24.9,+24.9,+27,ESTP,0,0,+0,+0,+0.0169,+0,+0.0414,+0,+0,+0,00:39:01 28.03.2020
10866,+25.6,+15.5,+21,+20.9,+20.9,+25.4,+24.9,+25,+24.9,+24.9,+27,ESTP,0,0,+0,+0,+0.0169,+0,+0.0414,+0,+0,+0,00:40:01 28.03.2020
10867,+25.6,+15.5,+21,+20.9,+20.9,+25.4,+24.9,+25,+24.9,+24.9,+27,ESTP,0,0,+0,+0,+0.0169,+0,+0.0414,+0,+0,+0,00:41:01 28.03.2020
10868,+25.7,+15.5,+21,+20.9,+20.9,+25.4,+24.8,+25,+24.9,+24.9,+27,ESTP,0,0,+0,+0,+0.0169,+0,+0.0414,+0,+0,+0,00:42:01 28.03.2020
10869,+25.7,+15.5,+21,+20.9,+20.9,+25.4,+24.9,+25,+24.9,+24.9,+27,ESTP,0,0,+0,+0,+0.0169,+0,+0.0414,+0,+0,+0,00:43:01 28.03.2020
10870,+25.7,+15.5,+21,+20.9,+20.9,+25.4,+24.8,+25,+24.9,+24.9,+27,ESTP,0,0,+0,+0,+0.0169,+0,+0.0414,+0,+0,+0,00:44:01 28.03.2020
10871,+25.7,+15.5,+21,+20.9,+20.9,+25.4,+24.8,+25,+24.9,+24.9,+27,ESTP,0,0,+0,+0,+0.0169,+0,+0.0414,+0,+0,+0,00:45:01 28.03.2020
10872,+25.6,+15.5,+21,+20.9,+20.9,+25.4,+24.8,+25,+24.9,+24.9,+27,ESTP,0,0,+0,+0,+0.0169,+0,+0.0414,+0,+0,+0,00:46:01 28.03.2020
10873,+25.6,+15.5,+21,+20.9,+20.9,+25.4,+24.9,+25,+24.9,+24.9,+27,ESTP,0,0,+0,+0,+0.0169,+0,+0.0414,+0,+0,+0,00:47:01 28.03.2020
10874,+25.6,+15.5,+21,+20.9,+20.9,+25.4,+24.9,+25,+24.9,+24.9,+27,ESTP,0,0,+0,+0,+0.0169,+0,+0.0414,+0,+0,+0,00:48:01 28.03.2020
10875,+25.6,+15.5,+21,+20.9,+20.9,+25.4,+24.9,+25,+24.9,+24.9,+27,ESTP,0,0,+0,+0,+0.0169,+0,+0.0414,+0,+0,+0,00:49:01 28.03.2020
10876,+25.6,+15.5,+21,+20.9,+20.9,+25.4,+24.9,+25,+24.9,+24.9,+27,ESTP,0,0,+0,+0,+0.0169,+0,+0.0414,+0,+0,+0,00:50:01 28.03.2020
10877,+25.6,+15.5,+21,+20.9,+20.9,+25.4,+24.9,+25,+24.9,+24.9,+27,ESTP,0,0,+0,+0,+0.0169,+0,+0.0414,+0,+0,+0,00:51:01 28.03.2020
10878,+25.6,+15.5,+21,+20.9,+20.9,+25.4,+24.9,+25,+24.9,+24.9,+27,ESTP,0,0,+0,+0,+0.0169,+0,+0.0414,+0,+0,+0,00:52:01 28.03.2020
10879,+25.6,+15.5,+21,+20.9,+20.9,+25.4,+24.9,+25,+24.9,+24.9,+27,ESTP,0,0,+0,+0,+0.0169,+0,+0.0414,+0,+0,+0,00:53:01 28.03.2020
10880,+25.6,+15.5,+21,+20.9,+20.9,+25.4,+24.8,+25,+24.9,+24.9,+27,ESTP,0,0,+0,+0,+0.0169,+0,+0.0414,+0,+0,+0,00:54:01 28.03.2020
10881,+25.6,+15.5,+21,+20.9,+20.9,+25.4,+24.8,+25,+24.9,+24.9,+27,ESTP,0,0,+0,+0,+0.0169,+0,+0.0414,+0,+0,+0,00:55:01 28.03.2020
10882,+25.6,+15.5,+21,+20.9,+20.9,+25.4,+24.9,+25,+24.9,+24.9,+27,ESTP,0,0,+0,+0,+0.0169,+0,+0.0414,+0,+0,+0,00:56:01 28.03.2020
10883,+25.6,+15.5,+21,+20.9,+20.9,+25.4,+24.8,+25,+24.9,+24.9,+27,ESTP,0,0,+0,+0,+0.0169,+0,+0.0414,+0,+0,+0,00:57:01 28.03.2020
10884,+25.7,+15.5,+21,+20.9,+20.9,+25.4,+24.8,+25,+24.9,+24.9,+27,ESTP,0,0,+0,+0,+0.0169,+0,+0.0414,+0,+0,+0,00:58:01 28.03.2020
10885,+25.7,+15.5,+21,+20.9,+20.9,+25.4,+24.8,+25,+24.9,+24.9,+27,ESTP,0,0,+0,+0,+0.0169,+0,+0.0414,+0,+0,+0,00:59:01 28.03.2020
10886,+25.7,+15.5,+21,+20.9,+20.9,+25.4,+24.8,+25,+24.9,+24.9,+27,ESTP,0,0,+0,+0,+0.0169,+0,+0.0414,+0,+0,+0,01:00:01 28.03.2020
10887,+25.7,+15.5,+21,+20.9,+20.9,+25.4,+24.8,+25,+24.9,+24.9,+27,ESTP,0,0,+0,+0,+0.0169,+0,+0.0414,+0,+0,+0,01:01:01 28.03.2020
10888,+25.6,+15.5,+21,+20.9,+20.9,+25.4,+24.8,+25,+24.9,+24.9,+27,ESTP,0,0,+0,+0,+0.0169,+0,+0.0414,+0,+0,+0,01:02:01 28.03.2020
10889,+25.6,+15.5,+21,+20.9,+20.9,+25.4,+24.9,+25,+24.9,+24.9,+27,ESTP,0,0,+0,+0,+0.0169,+0,+0.0414,+0,+0,+0,01:03:01 28.03.2020
10890,+25.6,+15.5,+21,+20.9,+20.9,+25.4,+24.9,+25,+24.9,+24.9,+27,ESTP,0,0,+0,+0,+0.0169,+0,+0.0414,+0,+0,+0,01:04:01 28.03.2020
10891,+25.6,+15.5,+21,+20.9,+20.9,+25.4,+24.8,+25,+24.9,+24.9,+27,ESTP,0,0,+0,+0,+0.0169,+0,+0.0414,+0,+0,+0,01:05:01 28.03.2020
10892,+25.6,+15.5,+21,+20.9,+20.9,+25.4,+24.8,+25,+24.9,+24.9,+27,ESTP,0,0,+0,+0,+0.0169,+0,+0.0414,+0,+0,+0,01:06:01 28.03.2020
10893,+25.6,+15.5,+21,+20.9,+20.9,+25.4,+24.8,+25,+24.9,+24.9,+27,ESTP,0,0,+0,+0,+0.0169,+0,+0.0414,+0,+0,+0,01:07:01 28.03.2020
10894,+25.6,+15.5,+21,+20.9,+20.9,+25.4,+24.8,+25,+24.9,+24.9,+27,ESTP,0,0,+0,+0,+0.0169,+0,+0.0414,+0,+0,+0,01:08:01 28.03.2020
10895,+25.6,+15.5,+21,+20.9,+20.9,+25.4,+24.9,+25,+24.9,+24.9,+27,ESTP,0,0,+0,+0,+0.0169,+0,+0.0414,+0,+0,+0,01:09:01 28.03.2020
10896,+25.6,+15.5,+21,+20.9,+20.9,+25.4,+24.8,+25,+24.9,+24.9,+27,ESTP,0,0,+0,+0,+0.0169,+0,+0.0414,+0,+0,+0,01:10:01 28.03.2020
10897,+25.6,+15.5,+21,+20.9,+20.9,+25.4,+24.8,+25,+24.9,+24.9,+27,ESTP,0,0,+0,+0,+0.0169,+0,+0.0414,+0,+0,+0,01:11:01 28.03.2020
10898,+25.7,+15.5,+21,+20.9,+20.9,+25.4,+24.8,+25,+24.9,+24.9,+27,ESTP,0,0,+0,+0,+0.0169,+0,+0.0414,+0,+0,+0,01:12:01 28.03.2020
10899,+25.7,+15.5,+21,+20.9,+20.9,+25.4,+24.8,+25,+24.9,+24.9,+27,ESTP,0,0,+0,+0,+0.0169,+0,+0.0414,+0,+0,+0,01:13:01 28.03.2020
10900,+25.7,+15.5,+21,+20.9,+20.9,+25.4,+24.8,+25,+24.9,+24.9,+27,ESTP,0,0,+0,+0,+0.0169,+0,+0.0414,+0,+0,+0,01:14:01 28.03.2020
10901,+25.7,+15.5,+21,+20.9,+20.9,+25.4,+24.8,+25,+24.9,+24.9,+27,ESTP,0,0,+0,+0,+0.0169,+0,+0.0414,+0,+0,+0,01:15:01 28.03.2020
10902,+25.6,+15.5,+21,+20.9,+20.9,+25.4,+24.9,+25,+24.9,+24.9,+27,ESTP,0,0,+0,+0,+0.0169,+0,+0.0414,+0,+0,+0,01:16:01 28.03.2020
10903,+25.6,+15.5,+21,+20.9,+20.9,+25.4,+24.8,+25,+24.9,+24.9,+27,ESTP,0,0,+0,+0,+0.0169,+0,+0.0414,+0,+0,+0,01:17:01 28.03.2020
10904,+25.6,+15.5,+21,+20.9,+20.9,+25.4,+24.8,+25,+24.9,+24.9,+27,ESTP,0,0,+0,+0,+0.0169,+0,+0.0414,+0,+0,+0,01:18:01 28.03.2020
10905,+25.6,+15.5,+21,+20.9,+20.9,+25.4,+24.8,+25,+24.9,+24.9,+27,ESTP,0,0,+0,+0,+0.0169,+0,+0.0414,+0,+0,+0,01:19:01 28.03.2020
10906,+25.6,+15.5,+21,+20.9,+20.9,+25.4,+24.8,+25,+24.9,+24.9,+27,ESTP,0,0,+0,+0,+0.0169,+0,+0.0414,+0,+0,+0,01:20:01 28.03.2020
10907,+25.6,+15.5,+21,+20.9,+20.9,+25.4,+24.9,+25,+24.9,+24.9,+27,ESTP,0,0,+0,+0,+0.0169,+0,+0.0414,+0,+0,+0,01:21:01 28.03.2020
10908,+25.6,+15.5,+21,+20.9,+20.9,+25.4,+24.8,+25,+24.9,+24.9,+27,ESTP,0,0,+0,+0,+0.0169,+0,+0.0414,+0,+0,+0,01:22:01 28.03.2020
10909,+25.6,+15.5,+21,+20.9,+20.9,+25.4,+24.8,+25,+24.9,+24.9,+27,ESTP,0,0,+0,+0,+0.0169,+0,+0.0414,+0,+0,+0,01:23:01 28.03.2020
10910,+25.6,+15.5,+21,+20.9,+20.9,+25.4,+24.8,+25,+24.9,+24.9,+27,ESTP,0,0,+0,+0,+0.0169,+0,+0.0414,+0,+0,+0,01:24:01 28.03.2020
10911,+25.6,+15.5,+21,+20.9,+20.9,+25.4,+24.8,+25,+24.9,+24.9,+27,ESTP,0,0,+0,+0,+0.0169,+0,+0.0414,+0,+0,+0,01:25:01 28.03.2020
10912,+25.6,+15.5,+21,+20.9,+20.9,+25.4,+24.8,+25,+24.9,+24.9,+27,ESTP,0,0,+0,+0,+0.0169,+0,+0.0414,+0,+0,+0,01:26:01 28.03.2020
10913,+25.7,+15.5,+21,+20.9,+20.9,+25.4,+24.8,+25,+24.9,+24.9,+27,ESTP,0,0,+0,+0,+0.0169,+0,+0.0414,+0,+0,+0,01:27:01 28.03.2020
10914,+25.7,+15.5,+21,+20.9,+20.9,+25.4,+24.8,+25,+24.9,+24.9,+27,ESTP,0,0,+0,+0,+0.0169,+0,+0.0414,+0,+0,+0,01:28:01 28.03.2020
10915,+25.7,+15.5,+21,+20.9,+20.9,+25.4,+24.8,+25,+24.9,+24.9,+27,ESTP,0,0,+0,+0,+0.0169,+0,+0.0414,+0,+0,+0,01:29:01 28.03.2020
10916,+25.6,+15.4,+21,+20.9,+20.9,+25.4,+24.8,+25,+24.9,+24.9,+27,ESTP,0,0,+0,+0,+0.0169,+0,+0.0414,+0,+0,+0,01:30:01 28.03.2020
10917,+25.6,+15.5,+21,+20.9,+20.9,+25.4,+24.8,+25,+24.9,+24.9,+27,ESTP,0,0,+0,+0,+0.0169,+0,+0.0414,+0,+0,+0,01:31:01 28.03.2020
10918,+25.6,+15.4,+21,+20.9,+20.9,+25.4,+24.8,+25,+24.9,+24.9,+27,ESTP,0,0,+0,+0,+0.0169,+0,+0.0414,+0,+0,+0,01:32:01 28.03.2020
10919,+25.6,+15.4,+21,+20.9,+20.9,+25.4,+24.8,+25,+24.9,+24.9,+27,ESTP,0,0,+0,+0,+0.0169,+0,+0.0414,+0,+0,+0,01:33:01 28.03.2020
10920,+25.6,+15.4,+21,+20.9,+20.9,+25.4,+24.8,+25,+24.9,+24.9,+27,ESTP,0,0,+0,+0,+0.0169,+0,+0.0414,+0,+0,+0,01:34:01 28.03.2020
10921,+25.6,+15.4,+21,+20.9,+20.9,+25.4,+24.8,+25,+24.9,+24.9,+27,ESTP,0,0,+0,+0,+0.0169,+0,+0.0414,+0,+0,+0,01:35:01 28.03.2020
10922,+25.6,+15.4,+21,+20.9,+20.9,+25.4,+24.8,+25,+24.9,+24.9,+27,ESTP,0,0,+0,+0,+0.0169,+0,+0.0414,+0,+0,+0,01:36:01 28.03.2020
10923,+25.6,+15.4,+21,+20.9,+20.9,+25.4,+24.8,+25,+24.9,+24.9,+27,ESTP,0,0,+0,+0,+0.0169,+0,+0.0414,+0,+0,+0,01:37:01 28.03.2020
10924,+25.6,+15.4,+21,+20.9,+20.9,+25.4,+24.8,+25,+24.9,+24.9,+27,ESTP,0,0,+0,+0,+0.0169,+0,+0.0414,+0,+0,+0,01:38:01 28.03.2020
10925,+25.6,+15.4,+21,+20.9,+20.9,+25.4,+24.8,+25,+24.9,+24.9,+27,ESTP,0,0,+0,+0,+0.0169,+0,+0.0414,+0,+0,+0,01:39:01 28.03.2020
10926,+25.6,+15.4,+21,+20.9,+20.9,+25.4,+24.8,+25,+24.9,+24.9,+27,ESTP,0,0,+0,+0,+0.0169,+0,+0.0414,+0,+0,+0,01:40:01 28.03.2020
10927,+25.6,+15.4,+21,+20.9,+20.9,+25.4,+24.8,+25,+24.9,+24.9,+27,ESTP,0,0,+0,+0,+0.0169,+0,+0.0414,+0,+0,+0,01:41:01 28.03.2020
10928,+25.7,+15.4,+21,+20.9,+20.9,+25.4,+24.8,+25,+24.9,+24.9,+27,ESTP,0,0,+0,+0,+0.0169,+0,+0.0414,+0,+0,+0,01:42:01 28.03.2020
10929,+25.7,+15.4,+21,+20.9,+20.9,+25.4,+24.8,+25,+24.9,+24.9,+27,ESTP,0,0,+0,+0,+0.0169,+0,+0.0414,+0,+0,+0,01:43:01 28.03.2020
10930,+25.7,+15.4,+21,+20.9,+20.9,+25.4,+24.8,+25,+24.9,+24.9,+27,ESTP,0,0,+0,+0,+0.0169,+0,+0.0414,+0,+0,+0,01:44:01 28.03.2020
10931,+25.6,+15.4,+21,+20.9,+20.9,+25.4,+24.8,+25,+24.9,+24.9,+27,ESTP,0,0,+0,+0,+0.0169,+0,+0.0414,+0,+0,+0,01:45:01 28.03.2020
10932,+25.6,+15.4,+21,+20.9,+20.9,+25.4,+24.8,+25,+24.9,+24.9,+27,ESTP,0,0,+0,+0,+0.0169,+0,+0.0414,+0,+0,+0,01:46:01 28.03.2020
10933,+25.6,+15.4,+21,+20.9,+20.9,+25.4,+24.8,+25,+24.9,+24.9,+27,ESTP,0,0,+0,+0,+0.0169,+0,+0.0414,+0,+0,+0,01:47:01 28.03.2020
10934,+25.6,+15.4,+21,+20.9,+20.9,+25.4,+24.8,+25,+24.9,+24.9,+27,ESTP,0,0,+0,+0,+0.0169,+0,+0.0414,+0,+0,+0,01:48:01 28.03.2020
10935,+25.6,+15.4,+21,+20.9,+20.9,+25.4,+24.8,+25,+24.9,+24.9,+27,ESTP,0,0,+0,+0,+0.0169,+0,+0.0414,+0,+0,+0,01:49:01 28.03.2020
10936,+25.6,+15.4,+21,+20.9,+20.9,+25.4,+24.8,+25,+24.9,+24.9,+27,ESTP,0,0,+0,+0,+0.0169,+0,+0.0414,+0,+0,+0,01:50:01 28.03.2020
10937,+25.6,+15.4,+21,+20.9,+20.9,+25.4,+24.8,+25,+24.9,+24.9,+27,ESTP,0,0,+0,+0,+0.0169,+0,+0.0414,+0,+0,+0,01:51:01 28.03.2020
10938,+25.6,+15.4,+21,+20.9,+20.9,+25.4,+24.8,+25,+24.9,+24.9,+27,ESTP,0,0,+0,+0,+0.0169,+0,+0.0414,+0,+0,+0,01:52:01 28.03.2020
10939,+25.6,+15.4,+21,+20.9,+20.9,+25.4,+24.8,+25,+24.9,+24.9,+27,ESTP,0,0,+0,+0,+0.0169,+0,+0.0414,+0,+0,+0,01:53:01 28.03.2020
10940,+25.6,+15.4,+21,+20.9,+20.9,+25.4,+24.8,+25,+24.9,+24.9,+27,ESTP,0,0,+0,+0,+0.0169,+0,+0.0414,+0,+0,+0,01:54:01 28.03.2020
10941,+25.6,+15.4,+21,+20.9,+20.9,+25.4,+24.8,+25,+24.9,+24.9,+27,ESTP,0,0,+0,+0,+0.0169,+0,+0.0414,+0,+0,+0,01:55:01 28.03.2020
10942,+25.6,+15.4,+21,+20.9,+20.9,+25.4,+24.8,+25,+24.9,+24.9,+27,ESTP,0,0,+0,+0,+0.0169,+0,+0.0414,+0,+0,+0,01:56:01 28.03.2020
10943,+25.6,+15.4,+21,+20.9,+20.9,+25.4,+24.8,+25,+24.9,+24.9,+27,ESTP,0,0,+0,+0,+0.0169,+0,+0.0414,+0,+0,+0,01:57:01 28.03.2020
10944,+25.7,+15.4,+21,+20.9,+20.9,+25.4,+24.8,+25,+24.9,+24.9,+27,ESTP,0,0,+0,+0,+0.0169,+0,+0.0414,+0,+0,+0,01:58:01 28.03.2020
10945,+25.7,+15.4,+21,+20.9,+20.9,+25.4,+24.8,+25,+24.9,+24.9,+27,ESTP,0,0,+0,+0,+0.0169,+0,+0.0414,+0,+0,+0,01:59:01 28.03.2020
10946,+25.7,+15.4,+21,+20.9,+20.9,+25.4,+24.8,+25,+24.9,+24.9,+27,ESTP,0,0,+0,+0,+0.0169,+0,+0.0414,+0,+0,+0,02:00:01 28.03.2020
10947,+25.6,+15.4,+21,+20.9,+20.9,+25.4,+24.8,+25,+24.9,+24.9,+27,ESTP,0,0,+0,+0,+0.0169,+0,+0.0414,+0,+0,+0,02:01:01 28.03.2020
10948,+25.6,+15.4,+21,+20.9,+20.9,+25.5,+24.8,+25,+24.9,+24.9,+27,ESTP,0,0,+0,+0,+0.0169,+0,+0.0414,+0,+0,+0,02:02:01 28.03.2020
10949,+25.6,+15.4,+21,+20.9,+20.9,+25.4,+24.8,+25,+24.9,+24.9,+27,ESTP,0,0,+0,+0,+0.0169,+0,+0.0414,+0,+0,+0,02:03:01 28.03.2020
10950,+25.6,+15.4,+21,+20.9,+20.9,+25.4,+24.8,+25,+24.9,+24.9,+27,ESTP,0,0,+0,+0,+0.0169,+0,+0.0414,+0,+0,+0,02:04:01 28.03.2020
10951,+25.6,+15.4,+21,+20.9,+20.9,+25.4,+24.8,+25,+24.9,+24.9,+27,ESTP,0,0,+0,+0,+0.0169,+0,+0.0414,+0,+0,+0,02:05:01 28.03.2020
10952,+25.6,+15.4,+21,+20.9,+20.9,+25.4,+24.8,+25,+24.9,+24.9,+27,ESTP,0,0,+0,+0,+0.0169,+0,+0.0414,+0,+0,+0,02:06:01 28.03.2020
10953,+25.6,+15.4,+21,+20.9,+20.9,+25.4,+24.8,+25,+24.9,+24.9,+27,ESTP,0,0,+0,+0,+0.0169,+0,+0.0414,+0,+0,+0,02:07:01 28.03.2020
10954,+25.6,+15.4,+21,+20.9,+20.9,+25.4,+24.8,+25,+24.9,+24.9,+27,ESTP,0,0,+0,+0,+0.0169,+0,+0.0414,+0,+0,+0,02:08:01 28.03.2020
10955,+25.6,+15.4,+21,+20.9,+20.9,+25.4,+24.8,+25,+24.9,+24.9,+27,ESTP,0,0,+0,+0,+0.0169,+0,+0.0414,+0,+0,+0,02:09:01 28.03.2020
10956,+25.6,+15.4,+21,+20.9,+20.9,+25.4,+24.8,+25,+24.9,+24.9,+27,ESTP,0,0,+0,+0,+0.0169,+0,+0.0414,+0,+0,+0,02:10:01 28.03.2020
10957,+25.6,+15.4,+21,+20.9,+20.9,+25.4,+24.8,+25,+24.9,+24.9,+27,ESTP,0,0,+0,+0,+0.0169,+0,+0.0414,+0,+0,+0,02:11:01 28.03.2020
10958,+25.6,+15.4,+21,+20.9,+20.9,+25.4,+24.8,+25,+24.9,+24.9,+27,ESTP,0,0,+0,+0,+0.0169,+0,+0.0414,+0,+0,+0,02:12:01 28.03.2020
10959,+25.6,+15.4,+21,+20.9,+20.9,+25.4,+24.8,+25,+24.9,+24.9,+27,ESTP,0,0,+0,+0,+0.0169,+0,+0.0414,+0,+0,+0,02:13:01 28.03.2020
10960,+25.6,+15.4,+21,+20.9,+20.9,+25.4,+24.8,+25,+24.9,+24.9,+27,ESTP,0,0,+0,+0,+0.0169,+0,+0.0414,+0,+0,+0,02:14:01 28.03.2020
10961,+25.7,+15.4,+21,+20.9,+20.9,+25.4,+24.8,+25,+24.9,+24.9,+27,ESTP,0,0,+0,+0,+0.0169,+0,+0.0414,+0,+0,+0,02:15:01 28.03.2020
10962,+25.6,+15.4,+21,+20.9,+20.9,+25.4,+24.8,+25,+24.9,+24.9,+27,ESTP,0,0,+0,+0,+0.0169,+0,+0.0414,+0,+0,+0,02:16:01 28.03.2020
10963,+25.6,+15.4,+21,+20.9,+20.9,+25.4,+24.8,+25,+24.9,+24.9,+27,ESTP,0,0,+0,+0,+0.0169,+0,+0.0414,+0,+0,+0,02:17:01 28.03.2020
10964,+25.6,+15.3,+21,+20.9,+20.9,+25.4,+24.8,+25,+24.9,+24.9,+27,ESTP,0,0,+0,+0,+0.0169,+0,+0.0414,+0,+0,+0,02:18:01 28.03.2020
10965,+25.6,+15.3,+21,+20.8,+20.9,+25.4,+24.8,+25,+24.9,+24.9,+27,ESTP,0,0,+0,+0,+0.0169,+0,+0.0414,+0,+0,+0,02:19:01 28.03.2020
10966,+25.6,+15.3,+21,+20.9,+20.9,+25.4,+24.8,+25,+24.9,+24.9,+27,ESTP,0,0,+0,+0,+0.0169,+0,+0.0414,+0,+0,+0,02:20:01 28.03.2020
10967,+25.6,+15.3,+21,+20.9,+20.9,+25.4,+24.8,+25,+24.9,+24.9,+27,ESTP,0,0,+0,+0,+0.0169,+0,+0.0414,+0,+0,+0,02:21:01 28.03.2020
10968,+25.6,+15.3,+21,+20.9,+20.9,+25.4,+24.8,+25,+24.9,+24.9,+27,ESTP,0,0,+0,+0,+0.0169,+0,+0.0414,+0,+0,+0,02:22:01 28.03.2020
10969,+25.6,+15.3,+21,+20.9,+20.9,+25.4,+24.8,+25,+24.9,+24.9,+27,ESTP,0,0,+0,+0,+0.0169,+0,+0.0414,+0,+0,+0,02:23:01 28.03.2020
10970,+25.6,+15.3,+21,+20.9,+20.9,+25.4,+24.8,+25,+24.9,+24.9,+27,ESTP,0,0,+0,+0,+0.0169,+0,+0.0414,+0,+0,+0,02:24:01 28.03.2020
10971,+25.6,+15.3,+21,+20.9,+20.9,+25.4,+24.8,+25,+24.9,+24.9,+27,ESTP,0,0,+0,+0,+0.0169,+0,+0.0414,+0,+0,+0,02:25:01 28.03.2020
10972,+25.6,+15.3,+21,+20.9,+20.9,+25.4,+24.8,+25,+24.9,+24.9,+27,ESTP,0,0,+0,+0,+0.0169,+0,+0.0414,+0,+0,+0,02:26:01 28.03.2020
10973,+25.6,+15.3,+21,+20.9,+20.9,+25.4,+24.8,+25,+24.9,+24.9,+27,ESTP,0,0,+0,+0,+0.0169,+0,+0.0414,+0,+0,+0,02:27:01 28.03.2020
10974,+25.6,+15.3,+21,+20.9,+20.9,+25.4,+24.8,+25,+24.9,+24.9,+27,ESTP,0,0,+0,+0,+0.0169,+0,+0.0414,+0,+0,+0,02:28:01 28.03.2020
10975,+25.6,+15.3,+21,+20.9,+20.9,+25.4,+24.8,+25,+24.9,+24.9,+27,ESTP,0,0,+0,+0,+0.0169,+0,+0.0414,+0,+0,+0,02:29:01 28.03.2020
10976,+25.6,+15.3,+21,+20.9,+20.9,+25.4,+24.8,+25,+24.9,+24.9,+27,ESTP,0,0,+0,+0,+0.0169,+0,+0.0414,+0,+0,+0,02:30:01 28.03.2020
10977,+25.6,+15.3,+21,+20.9,+20.9,+25.4,+24.8,+25,+24.9,+24.9,+27,ESTP,0,0,+0,+0,+0.0169,+0,+0.0414,+0,+0,+0,02:31:01 28.03.2020
10978,+25.6,+15.3,+21,+20.9,+20.9,+25.4,+24.8,+25,+24.9,+24.9,+27,ESTP,0,0,+0,+0,+0.0169,+0,+0.0414,+0,+0,+0,02:32:01 28.03.2020
10979,+25.6,+15.3,+21,+20.9,+20.9,+25.4,+24.8,+25,+24.9,+24.9,+27,ESTP,0,0,+0,+0,+0.0169,+0,+0.0414,+0,+0,+0,02:33:01 28.03.2020
10980,+25.6,+15.3,+21,+20.9,+20.9,+25.4,+24.8,+25,+24.9,+24.9,+27,ESTP,0,0,+0,+0,+0.0169,+0,+0.0414,+0,+0,+0,02:34:01 28.03.2020
10981,+25.6,+15.3,+21,+20.9,+20.9,+25.4,+24.8,+25,+24.9,+24.9,+27,ESTP,0,0,+0,+0,+0.0169,+0,+0.0414,+0,+0,+0,02:35:01 28.03.2020
10982,+25.6,+15.3,+21,+20.9,+20.9,+25.4,+24.8,+25,+24.9,+24.9,+27,ESTP,0,0,+0,+0,+0.0169,+0,+0.0414,+0,+0,+0,02:36:01 28.03.2020
10983,+25.6,+15.3,+21,+20.8,+20.9,+25.4,+24.8,+25,+24.9,+24.9,+27,ESTP,0,0,+0,+0,+0.0169,+0,+0.0414,+0,+0,+0,02:37:01 28.03.2020
10984,+25.6,+15.3,+21,+20.9,+20.9,+25.4,+24.8,+25,+24.9,+24.9,+27,ESTP,0,0,+0,+0,+0.0169,+0,+0.0414,+0,+0,+0,02:38:01 28.03.2020
10985,+25.6,+15.3,+21,+20.8,+20.9,+25.4,+24.8,+25,+24.9,+24.9,+27,ESTP,0,0,+0,+0,+0.0169,+0,+0.0414,+0,+0,+0,02:39:01 28.03.2020
10986,+25.6,+15.3,+21,+20.9,+20.9,+25.4,+24.8,+25,+24.9,+24.9,+27,ESTP,0,0,+0,+0,+0.0169,+0,+0.0414,+0,+0,+0,02:40:01 28.03.2020
10987,+25.6,+15.3,+21,+20.9,+20.9,+25.4,+24.8,+25,+24.9,+24.9,+27,ESTP,0,0,+0,+0,+0.0169,+0,+0.0414,+0,+0,+0,02:41:01 28.03.2020
10988,+25.6,+15.3,+21,+20.9,+20.9,+25.4,+24.8,+25,+24.9,+24.9,+27,ESTP,0,0,+0,+0,+0.0169,+0,+0.0414,+0,+0,+0,02:42:01 28.03.2020
10989,+25.6,+15.3,+21,+20.9,+20.9,+25.4,+24.8,+25,+24.9,+24.9,+27,ESTP,0,0,+0,+0,+0.0169,+0,+0.0414,+0,+0,+0,02:43:01 28.03.2020
10990,+25.6,+15.3,+21,+20.9,+20.9,+25.4,+24.8,+25,+24.9,+24.9,+27,ESTP,0,0,+0,+0,+0.0169,+0,+0.0414,+0,+0,+0,02:44:01 28.03.2020
10991,+25.7,+15.3,+21,+20.9,+20.9,+25.4,+24.8,+25,+24.9,+24.9,+27,ESTP,0,0,+0,+0,+0.0169,+0,+0.0414,+0,+0,+0,02:45:01 28.03.2020
10992,+25.6,+15.3,+21,+20.9,+20.9,+25.4,+24.8,+25,+24.9,+24.9,+27,ESTP,0,0,+0,+0,+0.0169,+0,+0.0414,+0,+0,+0,02:46:01 28.03.2020
10993,+25.6,+15.3,+21,+20.9,+20.9,+25.4,+24.8,+25,+24.9,+24.9,+27,ESTP,0,0,+0,+0,+0.0169,+0,+0.0414,+0,+0,+0,02:47:01 28.03.2020
10994,+25.6,+15.3,+21,+20.9,+20.9,+25.4,+24.8,+25,+24.9,+24.9,+27,ESTP,0,0,+0,+0,+0.0169,+0,+0.0414,+0,+0,+0,02:48:01 28.03.2020
10995,+25.6,+15.3,+21,+20.9,+20.9,+25.4,+24.8,+25,+24.9,+24.9,+27,ESTP,0,0,+0,+0,+0.0169,+0,+0.0414,+0,+0,+0,02:49:01 28.03.2020
10996,+25.6,+15.3,+21,+20.9,+20.9,+25.4,+24.8,+25,+24.9,+24.9,+27,ESTP,0,0,+0,+0,+0.0169,+0,+0.0414,+0,+0,+0,02:50:01 28.03.2020
10997,+25.6,+15.3,+21,+20.9,+20.9,+25.4,+24.8,+25,+24.9,+24.9,+27,ESTP,0,0,+0,+0,+0.0169,+0,+0.0414,+0,+0,+0,02:51:01 28.03.2020
10998,+25.6,+15.3,+21,+20.8,+20.9,+25.4,+24.8,+25,+24.9,+24.9,+27,ESTP,0,0,+0,+0,+0.0169,+0,+0.0414,+0,+0,+0,02:52:01 28.03.2020
10999,+25.6,+15.3,+21,+20.9,+20.9,+25.4,+24.8,+25,+24.9,+24.9,+27,ESTP,0,0,+0,+0,+0.0169,+0,+0.0414,+0,+0,+0,02:53:01 28.03.2020
11000,+25.6,+15.3,+21,+20.9,+20.9,+25.4,+24.8,+25,+24.9,+24.9,+27,ESTP,0,0,+0,+0,+0.0169,+0,+0.0414,+0,+0,+0,02:54:01 28.03.2020
11001,+25.6,+15.3,+21,+20.9,+20.9,+25.4,+24.8,+24.9,+24.9,+24.9,+27,ESTP,0,0,+0,+0,+0.0169,+0,+0.0414,+0,+0,+0,02:55:01 28.03.2020
11002,+25.6,+15.3,+21,+20.8,+20.9,+25.4,+24.8,+25,+24.9,+24.9,+27,ESTP,0,0,+0,+0,+0.0169,+0,+0.0414,+0,+0,+0,02:56:01 28.03.2020
11003,+25.6,+15.3,+21,+20.8,+20.9,+25.4,+24.8,+25,+24.9,+24.9,+27,ESTP,0,0,+0,+0,+0.0169,+0,+0.0414,+0,+0,+0,02:57:01 28.03.2020
11004,+25.6,+15.2,+21,+20.8,+20.9,+25.4,+24.8,+24.9,+24.9,+24.9,+27,ESTP,0,0,+0,+0,+0.0169,+0,+0.0414,+0,+0,+0,02:58:01 28.03.2020
11005,+25.6,+15.2,+21,+20.9,+20.9,+25.4,+24.8,+25,+24.9,+24.9,+27,ESTP,0,0,+0,+0,+0.0169,+0,+0.0414,+0,+0,+0,02:59:01 28.03.2020
11006,+25.7,+15.2,+21,+20.8,+20.9,+25.4,+24.8,+25,+24.9,+24.9,+27,ESTP,0,0,+0,+0,+0.0169,+0,+0.0414,+0,+0,+0,03:00:01 28.03.2020
11007,+25.6,+15.2,+21,+20.8,+20.9,+25.4,+24.8,+25,+24.9,+24.9,+27,ESTP,0,0,+0,+0,+0.0169,+0,+0.0414,+0,+0,+0,03:01:01 28.03.2020
11008,+25.6,+15.2,+21,+20.8,+20.9,+25.4,+24.8,+25,+24.9,+24.9,+27,ESTP,0,0,+0,+0,+0.0169,+0,+0.0414,+0,+0,+0,03:02:01 28.03.2020
11009,+25.6,+15.2,+21,+20.9,+20.9,+25.4,+24.8,+25,+24.9,+24.9,+27,ESTP,0,0,+0,+0,+0.0169,+0,+0.0414,+0,+0,+0,03:03:01 28.03.2020
11010,+25.6,+15.2,+21,+20.8,+20.9,+25.4,+24.8,+25,+24.9,+24.9,+27,ESTP,0,0,+0,+0,+0.0169,+0,+0.0414,+0,+0,+0,03:04:01 28.03.2020
11011,+25.6,+15.2,+21,+20.8,+20.9,+25.4,+24.8,+25,+24.9,+24.9,+27,ESTP,0,0,+0,+0,+0.0169,+0,+0.0414,+0,+0,+0,03:05:01 28.03.2020
11012,+25.6,+15.2,+21,+20.8,+20.9,+25.4,+24.8,+25,+24.9,+24.9,+27,ESTP,0,0,+0,+0,+0.0169,+0,+0.0414,+0,+0,+0,03:06:01 28.03.2020
11013,+25.6,+15.2,+21,+20.8,+20.9,+25.4,+24.8,+25,+24.9,+24.9,+27,ESTP,0,0,+0,+0,+0.0169,+0,+0.0414,+0,+0,+0,03:07:01 28.03.2020
11014,+25.6,+15.2,+21,+20.8,+20.9,+25.4,+24.8,+25,+24.9,+24.9,+27,ESTP,0,0,+0,+0,+0.0169,+0,+0.0414,+0,+0,+0,03:08:01 28.03.2020
11015,+25.6,+15.2,+21,+20.8,+20.9,+25.4,+24.8,+25,+24.9,+24.9,+27,ESTP,0,0,+0,+0,+0.0169,+0,+0.0414,+0,+0,+0,03:09:01 28.03.2020
11016,+25.6,+15.2,+21,+20.8,+20.9,+25.4,+24.8,+24.9,+24.9,+24.9,+27,ESTP,0,0,+0,+0,+0.0169,+0,+0.0414,+0,+0,+0,03:10:01 28.03.2020
11017,+25.6,+15.2,+21,+20.9,+20.9,+25.4,+24.8,+24.9,+24.9,+24.9,+27,ESTP,0,0,+0,+0,+0.0169,+0,+0.0414,+0,+0,+0,03:11:01 28.03.2020
11018,+25.6,+15.2,+21,+20.9,+20.9,+25.4,+24.8,+25,+24.9,+24.9,+27,ESTP,0,0,+0,+0,+0.0169,+0,+0.0414,+0,+0,+0,03:12:01 28.03.2020
11019,+25.6,+15.2,+21,+20.8,+20.9,+25.4,+24.8,+25,+24.9,+24.9,+27,ESTP,0,0,+0,+0,+0.0169,+0,+0.0414,+0,+0,+0,03:13:01 28.03.2020
11020,+25.7,+15.2,+21,+20.8,+20.9,+25.4,+24.8,+25,+24.9,+24.9,+27,ESTP,0,0,+0,+0,+0.0169,+0,+0.0414,+0,+0,+0,03:14:01 28.03.2020
11021,+25.7,+15.2,+21,+20.8,+20.9,+25.4,+24.8,+25,+24.9,+24.9,+27,ESTP,0,0,+0,+0,+0.0169,+0,+0.0414,+0,+0,+0,03:15:01 28.03.2020
11022,+25.6,+15.2,+21,+20.8,+20.9,+25.4,+24.8,+25,+24.9,+24.9,+27,ESTP,0,0,+0,+0,+0.0169,+0,+0.0414,+0,+0,+0,03:16:01 28.03.2020
11023,+25.6,+15.2,+21,+20.8,+20.9,+25.4,+24.8,+25,+24.9,+24.9,+27,ESTP,0,0,+0,+0,+0.0169,+0,+0.0414,+0,+0,+0,03:17:01 28.03.2020
11024,+25.6,+15.2,+21,+20.9,+20.9,+25.4,+24.8,+25,+24.9,+24.9,+27,ESTP,0,0,+0,+0,+0.0169,+0,+0.0414,+0,+0,+0,03:18:01 28.03.2020
11025,+25.6,+15.2,+21,+20.8,+20.9,+25.4,+24.8,+25,+24.9,+24.9,+27,ESTP,0,0,+0,+0,+0.0169,+0,+0.0414,+0,+0,+0,03:19:01 28.03.2020
11026,+25.6,+15.2,+21,+20.8,+20.9,+25.4,+24.8,+25,+24.9,+24.9,+27,ESTP,0,0,+0,+0,+0.0169,+0,+0.0414,+0,+0,+0,03:20:01 28.03.2020
11027,+25.6,+15.2,+21,+20.8,+20.9,+25.4,+24.8,+25,+24.9,+24.9,+27,ESTP,0,0,+0,+0,+0.0169,+0,+0.0414,+0,+0,+0,03:21:01 28.03.2020
11028,+25.6,+15.2,+21,+20.8,+20.9,+25.4,+24.8,+25,+24.9,+24.9,+27,ESTP,0,0,+0,+0,+0.0169,+0,+0.0414,+0,+0,+0,03:22:01 28.03.2020
11029,+25.6,+15.2,+21,+20.8,+20.9,+25.4,+24.8,+25,+24.9,+24.9,+27,ESTP,0,0,+0,+0,+0.0169,+0,+0.0414,+0,+0,+0,03:23:01 28.03.2020
11030,+25.6,+15.2,+21,+20.8,+20.9,+25.4,+24.8,+25,+24.9,+24.9,+27,ESTP,0,0,+0,+0,+0.0169,+0,+0.0414,+0,+0,+0,03:24:01 28.03.2020
11031,+25.6,+15.2,+21,+20.8,+20.9,+25.4,+24.8,+25,+24.9,+24.9,+27,ESTP,0,0,+0,+0,+0.0169,+0,+0.0414,+0,+0,+0,03:25:01 28.03.2020
11032,+25.6,+15.2,+21,+20.8,+20.9,+25.4,+24.8,+24.9,+24.9,+24.9,+27,ESTP,0,0,+0,+0,+0.0169,+0,+0.0414,+0,+0,+0,03:26:01 28.03.2020
11033,+25.6,+15.2,+21,+20.8,+20.9,+25.4,+24.8,+24.9,+24.9,+24.9,+27,ESTP,0,0,+0,+0,+0.0169,+0,+0.0414,+0,+0,+0,03:27:01 28.03.2020
11034,+25.6,+15.2,+21,+20.8,+20.9,+25.4,+24.8,+24.9,+24.9,+24.9,+27,ESTP,0,0,+0,+0,+0.0169,+0,+0.0414,+0,+0,+0,03:28:01 28.03.2020
11035,+25.7,+15.2,+21,+20.8,+20.9,+25.4,+24.8,+25,+24.9,+24.9,+27,ESTP,0,0,+0,+0,+0.0169,+0,+0.0414,+0,+0,+0,03:29:01 28.03.2020
11036,+25.6,+15.2,+21,+20.8,+20.9,+25.4,+24.8,+25,+24.9,+24.9,+27,ESTP,0,0,+0,+0,+0.0169,+0,+0.0414,+0,+0,+0,03:30:01 28.03.2020
11037,+25.6,+15.2,+21,+20.8,+20.9,+25.4,+24.8,+25,+24.9,+24.9,+27,ESTP,0,0,+0,+0,+0.0169,+0,+0.0414,+0,+0,+0,03:31:01 28.03.2020
11038,+25.6,+15.2,+21,+20.8,+20.9,+25.4,+24.8,+24.9,+24.9,+24.9,+27,ESTP,0,0,+0,+0,+0.0169,+0,+0.0414,+0,+0,+0,03:32:01 28.03.2020
11039,+25.6,+15.2,+21,+20.8,+20.9,+25.4,+24.8,+25,+24.9,+24.9,+27,ESTP,0,0,+0,+0,+0.0169,+0,+0.0414,+0,+0,+0,03:33:01 28.03.2020
11040,+25.6,+15.2,+21,+20.8,+20.9,+25.4,+24.8,+25,+24.9,+24.9,+27,ESTP,0,0,+0,+0,+0.0169,+0,+0.0414,+0,+0,+0,03:34:01 28.03.2020
11041,+25.6,+15.2,+21,+20.8,+20.9,+25.4,+24.8,+24.9,+24.9,+24.9,+27,ESTP,0,0,+0,+0,+0.0169,+0,+0.0414,+0,+0,+0,03:35:01 28.03.2020
11042,+25.6,+15.2,+21,+20.8,+20.9,+25.4,+24.8,+24.9,+24.9,+24.9,+27,ESTP,0,0,+0,+0,+0.0169,+0,+0.0414,+0,+0,+0,03:36:01 28.03.2020
11043,+25.6,+15.2,+21,+20.8,+20.9,+25.4,+24.8,+24.9,+24.9,+24.9,+27,ESTP,0,0,+0,+0,+0.0169,+0,+0.0414,+0,+0,+0,03:37:01 28.03.2020
11044,+25.6,+15.2,+21,+20.8,+20.9,+25.4,+24.8,+24.9,+24.9,+24.9,+27,ESTP,0,0,+0,+0,+0.0169,+0,+0.0414,+0,+0,+0,03:38:01 28.03.2020
11045,+25.6,+15.2,+21,+20.8,+20.9,+25.4,+24.8,+24.9,+24.9,+24.9,+27,ESTP,0,0,+0,+0,+0.0169,+0,+0.0414,+0,+0,+0,03:39:01 28.03.2020
11046,+25.6,+15.2,+21,+20.8,+20.9,+25.4,+24.8,+24.9,+24.9,+24.9,+27,ESTP,0,0,+0,+0,+0.0169,+0,+0.0414,+0,+0,+0,03:40:01 28.03.2020
11047,+25.6,+15.2,+21,+20.8,+20.9,+25.4,+24.8,+24.9,+24.9,+24.9,+27,ESTP,0,0,+0,+0,+0.0169,+0,+0.0414,+0,+0,+0,03:41:01 28.03.2020
11048,+25.6,+15.2,+21,+20.8,+20.9,+25.4,+24.8,+24.9,+24.9,+24.9,+27,ESTP,0,0,+0,+0,+0.0169,+0,+0.0414,+0,+0,+0,03:42:01 28.03.2020
11049,+25.6,+15.2,+21,+20.8,+20.9,+25.4,+24.8,+24.9,+24.9,+24.9,+27,ESTP,0,0,+0,+0,+0.0169,+0,+0.0414,+0,+0,+0,03:43:01 28.03.2020
11050,+25.6,+15.2,+21,+20.8,+20.9,+25.4,+24.8,+24.9,+24.9,+24.9,+27,ESTP,0,0,+0,+0,+0.0169,+0,+0.0414,+0,+0,+0,03:44:01 28.03.2020
11051,+25.6,+15.2,+21,+20.8,+20.9,+25.4,+24.8,+24.9,+24.9,+24.9,+27,ESTP,0,0,+0,+0,+0.0169,+0,+0.0414,+0,+0,+0,03:45:01 28.03.2020
11052,+25.6,+15.2,+21,+20.8,+20.9,+25.4,+24.8,+24.9,+24.9,+24.9,+27,ESTP,0,0,+0,+0,+0.0169,+0,+0.0414,+0,+0,+0,03:46:01 28.03.2020
11053,+25.6,+15.2,+21,+20.8,+20.9,+25.4,+24.8,+24.9,+24.9,+24.9,+27,ESTP,0,0,+0,+0,+0.0169,+0,+0.0414,+0,+0,+0,03:47:01 28.03.2020
11054,+25.6,+15.2,+21,+20.8,+20.9,+25.4,+24.8,+24.9,+24.9,+24.9,+27,ESTP,0,0,+0,+0,+0.0169,+0,+0.0414,+0,+0,+0,03:48:01 28.03.2020
11055,+25.6,+15.2,+21,+20.8,+20.9,+25.4,+24.8,+24.9,+24.9,+24.9,+27,ESTP,0,0,+0,+0,+0.0169,+0,+0.0414,+0,+0,+0,03:49:01 28.03.2020
11056,+25.6,+15.1,+21,+20.8,+20.9,+25.4,+24.8,+24.9,+24.9,+24.9,+27,ESTP,0,0,+0,+0,+0.0169,+0,+0.0414,+0,+0,+0,03:50:01 28.03.2020
11057,+25.6,+15.1,+21,+20.8,+20.9,+25.4,+24.8,+24.9,+24.9,+24.9,+27,ESTP,0,0,+0,+0,+0.0169,+0,+0.0414,+0,+0,+0,03:51:01 28.03.2020
11058,+25.6,+15.1,+21,+20.8,+20.9,+25.4,+24.8,+24.9,+24.9,+24.9,+27,ESTP,0,0,+0,+0,+0.0169,+0,+0.0414,+0,+0,+0,03:52:01 28.03.2020
11059,+25.6,+15.1,+21,+20.8,+20.9,+25.4,+24.8,+24.9,+24.9,+24.9,+27,ESTP,0,0,+0,+0,+0.0169,+0,+0.0414,+0,+0,+0,03:53:01 28.03.2020
11060,+25.6,+15.1,+21,+20.8,+20.9,+25.4,+24.8,+24.9,+24.9,+24.9,+27,ESTP,0,0,+0,+0,+0.0169,+0,+0.0414,+0,+0,+0,03:54:01 28.03.2020
11061,+25.6,+15.1,+21,+20.8,+20.9,+25.4,+24.8,+24.9,+24.9,+24.9,+27,ESTP,0,0,+0,+0,+0.0169,+0,+0.0414,+0,+0,+0,03:55:01 28.03.2020
11062,+25.6,+15.1,+21,+20.8,+20.9,+25.4,+24.8,+24.9,+24.9,+24.9,+27,ESTP,0,0,+0,+0,+0.0169,+0,+0.0414,+0,+0,+0,03:56:01 28.03.2020
11063,+25.6,+15.1,+21,+20.8,+20.9,+25.4,+24.8,+24.9,+24.9,+24.9,+27,ESTP,0,0,+0,+0,+0.0169,+0,+0.0414,+0,+0,+0,03:57:01 28.03.2020
11064,+25.7,+15.1,+21,+20.8,+20.9,+25.4,+24.8,+24.9,+24.9,+24.9,+27,ESTP,0,0,+0,+0,+0.0169,+0,+0.0414,+0,+0,+0,03:58:01 28.03.2020
11065,+25.6,+15.1,+21,+20.8,+20.9,+25.5,+24.8,+24.9,+24.9,+24.9,+27,ESTP,0,0,+0,+0,+0.0169,+0,+0.0414,+0,+0,+0,03:59:01 28.03.2020
11066,+25.6,+15.1,+21,+20.8,+20.9,+25.4,+24.8,+24.9,+24.9,+24.9,+27,ESTP,0,0,+0,+0,+0.0169,+0,+0.0414,+0,+0,+0,04:00:01 28.03.2020
11067,+25.6,+15.1,+21,+20.8,+20.9,+25.4,+24.8,+24.9,+24.9,+24.9,+27,ESTP,0,0,+0,+0,+0.0169,+0,+0.0414,+0,+0,+0,04:01:01 28.03.2020
11068,+25.6,+15.1,+21,+20.8,+20.9,+25.4,+24.8,+24.9,+24.9,+24.9,+27,ESTP,0,0,+0,+0,+0.0169,+0,+0.0414,+0,+0,+0,04:02:01 28.03.2020
11069,+25.6,+15.1,+21,+20.8,+20.9,+25.4,+24.8,+24.9,+24.9,+24.9,+27,ESTP,0,0,+0,+0,+0.0169,+0,+0.0414,+0,+0,+0,04:03:01 28.03.2020
11070,+25.6,+15.1,+21,+20.8,+20.9,+25.4,+24.8,+25,+24.9,+24.9,+27,ESTP,0,0,+0,+0,+0.0169,+0,+0.0414,+0,+0,+0,04:04:01 28.03.2020
11071,+25.6,+15.1,+21,+20.8,+20.9,+25.4,+24.8,+25,+24.9,+24.9,+27,ESTP,0,0,+0,+0,+0.0169,+0,+0.0414,+0,+0,+0,04:05:01 28.03.2020
11072,+25.5,+15.1,+21,+20.8,+20.9,+25.4,+24.8,+24.9,+24.9,+24.9,+27,ESTP,0,0,+0,+0,+0.0169,+0,+0.0414,+0,+0,+0,04:06:01 28.03.2020
11073,+25.5,+15.1,+21,+20.8,+20.9,+25.4,+24.8,+24.9,+24.9,+24.9,+27,ESTP,0,0,+0,+0,+0.0169,+0,+0.0414,+0,+0,+0,04:07:01 28.03.2020
11074,+25.5,+15.1,+21,+20.8,+20.9,+25.4,+24.8,+24.9,+24.9,+24.9,+27,ESTP,0,0,+0,+0,+0.0169,+0,+0.0414,+0,+0,+0,04:08:01 28.03.2020
11075,+25.6,+15.1,+21,+20.8,+20.9,+25.4,+24.8,+24.9,+24.9,+24.9,+27,ESTP,0,0,+0,+0,+0.0169,+0,+0.0414,+0,+0,+0,04:09:01 28.03.2020
11076,+25.6,+15.1,+21,+20.8,+20.9,+25.4,+24.8,+24.9,+24.9,+24.9,+27,ESTP,0,0,+0,+0,+0.0169,+0,+0.0414,+0,+0,+0,04:10:01 28.03.2020
11077,+25.6,+15.1,+21,+20.8,+20.9,+25.4,+24.8,+24.9,+24.9,+24.9,+27,ESTP,0,0,+0,+0,+0.0169,+0,+0.0414,+0,+0,+0,04:11:01 28.03.2020
11078,+25.6,+15.1,+21,+20.8,+20.9,+25.4,+24.8,+24.9,+24.9,+24.9,+27,ESTP,0,0,+0,+0,+0.0169,+0,+0.0414,+0,+0,+0,04:12:01 28.03.2020
11079,+25.6,+15.1,+21,+20.8,+20.9,+25.4,+24.8,+24.9,+24.9,+24.9,+27,ESTP,0,0,+0,+0,+0.0169,+0,+0.0414,+0,+0,+0,04:13:01 28.03.2020
11080,+25.6,+15.1,+21,+20.8,+20.9,+25.4,+24.8,+24.9,+24.9,+24.9,+27,ESTP,0,0,+0,+0,+0.0169,+0,+0.0414,+0,+0,+0,04:14:01 28.03.2020
11081,+25.7,+15.1,+21,+20.8,+20.9,+25.4,+24.8,+24.9,+24.9,+24.9,+27,ESTP,0,0,+0,+0,+0.0169,+0,+0.0414,+0,+0,+0,04:15:01 28.03.2020
11082,+25.6,+15.1,+21,+20.8,+20.9,+25.5,+24.8,+24.9,+24.9,+24.9,+27,ESTP,0,0,+0,+0,+0.0169,+0,+0.0414,+0,+0,+0,04:16:01 28.03.2020
11083,+25.6,+15.1,+21,+20.8,+20.9,+25.5,+24.8,+24.9,+24.9,+24.9,+27,ESTP,0,0,+0,+0,+0.0169,+0,+0.0414,+0,+0,+0,04:17:01 28.03.2020
11084,+25.6,+15.1,+21,+20.8,+20.9,+25.5,+24.8,+24.9,+24.9,+24.9,+27,ESTP,0,0,+0,+0,+0.0169,+0,+0.0414,+0,+0,+0,04:18:01 28.03.2020
11085,+25.6,+15.1,+21,+20.8,+20.9,+25.5,+24.8,+24.9,+24.9,+24.9,+27,ESTP,0,0,+0,+0,+0.0169,+0,+0.0414,+0,+0,+0,04:19:01 28.03.2020
11086,+25.6,+15.1,+21,+20.8,+20.9,+25.4,+24.8,+24.9,+24.9,+24.9,+27,ESTP,0,0,+0,+0,+0.0169,+0,+0.0414,+0,+0,+0,04:20:01 28.03.2020
11087,+25.6,+15,+21,+20.8,+20.9,+25.4,+24.8,+24.9,+24.9,+24.9,+27,ESTP,0,0,+0,+0,+0.0169,+0,+0.0414,+0,+0,+0,04:21:01 28.03.2020
11088,+25.6,+15,+21,+20.8,+20.9,+25.4,+24.8,+25,+24.9,+24.9,+27,ESTP,0,0,+0,+0,+0.0169,+0,+0.0414,+0,+0,+0,04:22:01 28.03.2020
11089,+25.6,+15,+21,+20.8,+20.9,+25.4,+24.8,+24.9,+24.9,+24.9,+27,ESTP,0,0,+0,+0,+0.0169,+0,+0.0414,+0,+0,+0,04:23:01 28.03.2020
11090,+25.6,+15,+21,+20.8,+20.9,+25.4,+24.8,+24.9,+24.9,+24.9,+27,ESTP,0,0,+0,+0,+0.0169,+0,+0.0414,+0,+0,+0,04:24:01 28.03.2020
11091,+25.6,+15,+21,+20.8,+20.9,+25.4,+24.8,+24.9,+24.9,+24.9,+27,ESTP,0,0,+0,+0,+0.0169,+0,+0.0414,+0,+0,+0,04:25:01 28.03.2020
11092,+25.6,+15,+21,+20.8,+20.9,+25.4,+24.8,+24.9,+24.9,+24.9,+27,ESTP,0,0,+0,+0,+0.0169,+0,+0.0414,+0,+0,+0,04:26:01 28.03.2020
11093,+25.6,+15,+21,+20.8,+20.9,+25.4,+24.8,+24.9,+24.9,+24.9,+27,ESTP,0,0,+0,+0,+0.0169,+0,+0.0414,+0,+0,+0,04:27:01 28.03.2020
11094,+25.6,+15,+21,+20.8,+20.9,+25.4,+24.8,+24.9,+24.9,+24.9,+27,ESTP,0,0,+0,+0,+0.0169,+0,+0.0414,+0,+0,+0,04:28:01 28.03.2020
11095,+25.6,+15,+21,+20.8,+20.9,+25.4,+24.8,+24.9,+24.9,+24.9,+27,ESTP,0,0,+0,+0,+0.0169,+0,+0.0414,+0,+0,+0,04:29:01 28.03.2020
11096,+25.6,+15,+21,+20.8,+20.9,+25.4,+24.8,+24.9,+24.9,+24.9,+27,ESTP,0,0,+0,+0,+0.0169,+0,+0.0414,+0,+0,+0,04:30:01 28.03.2020
11097,+25.6,+15,+21,+20.8,+20.9,+25.4,+24.8,+24.9,+24.9,+24.9,+27,ESTP,0,0,+0,+0,+0.0169,+0,+0.0414,+0,+0,+0,04:31:01 28.03.2020
11098,+25.6,+15,+21,+20.8,+20.9,+25.4,+24.8,+24.9,+24.9,+24.9,+27,ESTP,0,0,+0,+0,+0.0169,+0,+0.0414,+0,+0,+0,04:32:01 28.03.2020
11099,+25.6,+15,+21,+20.8,+20.9,+25.4,+24.8,+24.9,+24.9,+24.9,+27,ESTP,0,0,+0,+0,+0.0169,+0,+0.0414,+0,+0,+0,04:33:01 28.03.2020
11100,+25.6,+15,+21,+20.8,+20.9,+25.4,+24.8,+24.9,+24.9,+24.9,+27,ESTP,0,0,+0,+0,+0.0169,+0,+0.0414,+0,+0,+0,04:34:01 28.03.2020
11101,+25.6,+15,+21,+20.8,+20.9,+25.4,+24.8,+24.9,+24.9,+24.9,+27,ESTP,0,0,+0,+0,+0.0169,+0,+0.0414,+0,+0,+0,04:35:01 28.03.2020
11102,+25.6,+15,+21,+20.8,+20.9,+25.4,+24.8,+24.9,+24.9,+24.9,+27,ESTP,0,0,+0,+0,+0.0169,+0,+0.0414,+0,+0,+0,04:36:01 28.03.2020
11103,+25.6,+15,+21,+20.8,+20.9,+25.4,+24.8,+24.9,+24.9,+24.9,+27,ESTP,0,0,+0,+0,+0.0169,+0,+0.0414,+0,+0,+0,04:37:01 28.03.2020
11104,+25.5,+15,+21,+20.8,+20.9,+25.4,+24.8,+24.9,+24.9,+24.9,+27,ESTP,0,0,+0,+0,+0.0169,+0,+0.0414,+0,+0,+0,04:38:01 28.03.2020
11105,+25.5,+15,+21,+20.8,+20.9,+25.4,+24.8,+24.9,+24.9,+24.9,+27,ESTP,0,0,+0,+0,+0.0169,+0,+0.0414,+0,+0,+0,04:39:01 28.03.2020
11106,+25.5,+15,+21,+20.8,+20.9,+25.4,+24.8,+24.9,+24.9,+24.9,+27,ESTP,0,0,+0,+0,+0.0169,+0,+0.0414,+0,+0,+0,04:40:01 28.03.2020
11107,+25.6,+15,+21,+20.8,+20.9,+25.4,+24.8,+24.9,+24.9,+24.9,+27,ESTP,0,0,+0,+0,+0.0169,+0,+0.0414,+0,+0,+0,04:41:01 28.03.2020
11108,+25.6,+15,+21,+20.8,+20.9,+25.4,+24.8,+24.9,+24.9,+24.9,+27,ESTP,0,0,+0,+0,+0.0169,+0,+0.0414,+0,+0,+0,04:42:01 28.03.2020
11109,+25.6,+15,+21,+20.8,+20.9,+25.4,+24.8,+24.9,+24.9,+24.9,+27,ESTP,0,0,+0,+0,+0.0169,+0,+0.0414,+0,+0,+0,04:43:01 28.03.2020
11110,+25.6,+15,+21,+20.8,+20.9,+25.4,+24.8,+24.9,+24.9,+24.9,+27,ESTP,0,0,+0,+0,+0.0169,+0,+0.0414,+0,+0,+0,04:44:01 28.03.2020
11111,+25.6,+15,+21,+20.8,+20.9,+25.4,+24.8,+24.9,+24.9,+24.9,+27,ESTP,0,0,+0,+0,+0.0169,+0,+0.0414,+0,+0,+0,04:45:01 28.03.2020
11112,+25.6,+15,+21,+20.8,+20.9,+25.4,+24.8,+24.9,+24.9,+24.9,+27,ESTP,0,0,+0,+0,+0.0169,+0,+0.0414,+0,+0,+0,04:46:01 28.03.2020
11113,+25.6,+15,+21,+20.8,+20.9,+25.4,+24.8,+24.9,+24.9,+24.9,+27,ESTP,0,0,+0,+0,+0.0169,+0,+0.0414,+0,+0,+0,04:47:01 28.03.2020
11114,+25.6,+15,+21,+20.8,+20.9,+25.4,+24.8,+24.9,+24.9,+24.9,+27,ESTP,0,0,+0,+0,+0.0169,+0,+0.0414,+0,+0,+0,04:48:01 28.03.2020
11115,+25.6,+15,+21,+20.8,+20.9,+25.4,+24.8,+24.9,+24.9,+24.9,+27,ESTP,0,0,+0,+0,+0.0169,+0,+0.0414,+0,+0,+0,04:49:01 28.03.2020
11116,+25.6,+15,+21,+20.8,+20.9,+25.4,+24.8,+24.9,+24.9,+24.9,+27,ESTP,0,0,+0,+0,+0.0169,+0,+0.0414,+0,+0,+0,04:50:01 28.03.2020
11117,+25.6,+15,+21,+20.8,+20.9,+25.4,+24.8,+24.9,+24.9,+24.9,+27,ESTP,0,0,+0,+0,+0.0169,+0,+0.0414,+0,+0,+0,04:51:01 28.03.2020
11118,+25.6,+15,+21,+20.8,+20.9,+25.4,+24.8,+24.9,+24.9,+24.9,+27,ESTP,0,0,+0,+0,+0.0169,+0,+0.0414,+0,+0,+0,04:52:01 28.03.2020
11119,+25.6,+15,+21,+20.8,+20.9,+25.4,+24.8,+24.9,+24.9,+24.9,+27,ESTP,0,0,+0,+0,+0.0169,+0,+0.0414,+0,+0,+0,04:53:01 28.03.2020
11120,+25.5,+15,+21,+20.8,+20.9,+25.4,+24.8,+24.9,+24.9,+24.9,+27,ESTP,0,0,+0,+0,+0.0169,+0,+0.0414,+0,+0,+0,04:54:01 28.03.2020
11121,+25.5,+15,+21,+20.8,+20.9,+25.4,+24.8,+24.9,+24.9,+24.9,+27,ESTP,0,0,+0,+0,+0.0169,+0,+0.0414,+0,+0,+0,04:55:01 28.03.2020
11122,+25.5,+15,+21,+20.8,+20.9,+25.4,+24.8,+24.9,+24.9,+24.9,+27,ESTP,0,0,+0,+0,+0.0169,+0,+0.0414,+0,+0,+0,04:56:01 28.03.2020
11123,+25.5,+15,+21,+20.8,+20.9,+25.4,+24.8,+24.9,+24.9,+24.9,+27,ESTP,0,0,+0,+0,+0.0169,+0,+0.0414,+0,+0,+0,04:57:01 28.03.2020
11124,+25.6,+15,+21,+20.8,+20.9,+25.4,+24.8,+24.9,+24.9,+24.9,+27,ESTP,0,0,+0,+0,+0.0169,+0,+0.0414,+0,+0,+0,04:58:01 28.03.2020
11125,+25.6,+15,+21,+20.8,+20.9,+25.4,+24.8,+24.9,+24.9,+24.9,+27,ESTP,0,0,+0,+0,+0.0169,+0,+0.0414,+0,+0,+0,04:59:01 28.03.2020
11126,+25.6,+15,+21,+20.8,+20.9,+25.4,+24.8,+24.9,+24.9,+24.9,+27,ESTP,0,0,+0,+0,+0.0169,+0,+0.0414,+0,+0,+0,05:00:01 28.03.2020
11127,+25.6,+14.9,+21,+20.8,+20.9,+25.4,+24.8,+24.9,+24.9,+24.9,+27,ESTP,0,0,+0,+0,+0.0169,+0,+0.0414,+0,+0,+0,05:01:01 28.03.2020
11128,+25.6,+14.9,+21,+20.8,+20.9,+25.4,+24.8,+24.9,+24.9,+24.9,+27,ESTP,0,0,+0,+0,+0.0169,+0,+0.0414,+0,+0,+0,05:02:01 28.03.2020
11129,+25.6,+14.9,+21,+20.8,+20.9,+25.4,+24.8,+24.9,+24.9,+24.9,+27,ESTP,0,0,+0,+0,+0.0169,+0,+0.0414,+0,+0,+0,05:03:01 28.03.2020
11130,+25.6,+14.9,+21,+20.8,+20.9,+25.4,+24.8,+24.9,+24.9,+24.9,+27,ESTP,0,0,+0,+0,+0.0169,+0,+0.0414,+0,+0,+0,05:04:01 28.03.2020
11131,+25.6,+14.9,+21,+20.8,+20.9,+25.4,+24.8,+24.9,+24.9,+24.9,+27,ESTP,0,0,+0,+0,+0.0169,+0,+0.0414,+0,+0,+0,05:05:01 28.03.2020
11132,+25.6,+14.9,+21,+20.8,+20.9,+25.4,+24.8,+24.9,+24.9,+24.9,+27,ESTP,0,0,+0,+0,+0.0169,+0,+0.0414,+0,+0,+0,05:06:01 28.03.2020
11133,+25.6,+14.9,+21,+20.8,+20.9,+25.4,+24.8,+24.9,+24.9,+24.9,+27,ESTP,0,0,+0,+0,+0.0169,+0,+0.0414,+0,+0,+0,05:07:01 28.03.2020
11134,+25.6,+14.9,+21,+20.8,+20.9,+25.4,+24.8,+24.9,+24.9,+24.9,+27,ESTP,0,0,+0,+0,+0.0169,+0,+0.0414,+0,+0,+0,05:08:01 28.03.2020
11135,+25.5,+14.9,+21,+20.8,+20.9,+25.4,+24.8,+24.9,+24.9,+24.9,+27,ESTP,0,0,+0,+0,+0.0169,+0,+0.0414,+0,+0,+0,05:09:01 28.03.2020
11136,+25.5,+14.9,+21,+20.8,+20.9,+25.4,+24.8,+24.9,+24.9,+24.9,+27,ESTP,0,0,+0,+0,+0.0169,+0,+0.0414,+0,+0,+0,05:10:01 28.03.2020
11137,+25.5,+14.9,+21,+20.8,+20.9,+25.4,+24.8,+24.9,+24.9,+24.9,+27,ESTP,0,0,+0,+0,+0.0169,+0,+0.0414,+0,+0,+0,05:11:01 28.03.2020
11138,+25.5,+14.9,+21,+20.8,+20.9,+25.4,+24.8,+24.9,+24.9,+24.9,+27,ESTP,0,0,+0,+0,+0.0169,+0,+0.0414,+0,+0,+0,05:12:01 28.03.2020
11139,+25.5,+14.9,+21,+20.8,+20.9,+25.4,+24.8,+24.9,+24.9,+24.9,+27,ESTP,0,0,+0,+0,+0.0169,+0,+0.0414,+0,+0,+0,05:13:01 28.03.2020
11140,+25.5,+14.9,+21,+20.8,+20.9,+25.4,+24.8,+24.9,+24.9,+24.9,+27,ESTP,0,0,+0,+0,+0.0169,+0,+0.0414,+0,+0,+0,05:14:01 28.03.2020
11141,+25.6,+14.9,+21,+20.8,+20.9,+25.4,+24.8,+24.9,+24.9,+24.9,+27,ESTP,0,0,+0,+0,+0.0169,+0,+0.0414,+0,+0,+0,05:15:01 28.03.2020
11142,+25.6,+14.9,+21,+20.8,+20.9,+25.4,+24.8,+24.9,+24.9,+24.9,+27,ESTP,0,0,+0,+0,+0.0169,+0,+0.0414,+0,+0,+0,05:16:01 28.03.2020
11143,+25.6,+14.9,+21,+20.8,+20.9,+25.4,+24.8,+24.9,+24.9,+24.9,+27,ESTP,0,0,+0,+0,+0.0169,+0,+0.0414,+0,+0,+0,05:17:01 28.03.2020
11144,+25.6,+14.9,+21,+20.8,+20.9,+25.4,+24.8,+24.9,+24.9,+24.9,+27,ESTP,0,0,+0,+0,+0.0169,+0,+0.0414,+0,+0,+0,05:18:01 28.03.2020
11145,+25.6,+14.9,+21,+20.8,+20.9,+25.4,+24.8,+24.9,+24.9,+24.9,+27,ESTP,0,0,+0,+0,+0.0169,+0,+0.0414,+0,+0,+0,05:19:01 28.03.2020
11146,+25.6,+14.9,+21,+20.8,+20.9,+25.4,+24.8,+24.9,+24.9,+24.9,+27,ESTP,0,0,+0,+0,+0.0169,+0,+0.0414,+0,+0,+0,05:20:01 28.03.2020
11147,+25.6,+14.9,+21,+20.8,+20.9,+25.4,+24.8,+24.9,+24.9,+24.9,+27,ESTP,0,0,+0,+0,+0.0169,+0,+0.0414,+0,+0,+0,05:21:01 28.03.2020
11148,+25.6,+14.9,+21,+20.8,+20.9,+25.4,+24.8,+24.9,+24.9,+24.9,+27,ESTP,0,0,+0,+0,+0.0169,+0,+0.0414,+0,+0,+0,05:22:01 28.03.2020
11149,+25.6,+14.9,+21,+20.8,+20.9,+25.4,+24.8,+24.9,+24.9,+24.9,+27,ESTP,0,0,+0,+0,+0.0169,+0,+0.0414,+0,+0,+0,05:23:01 28.03.2020
11150,+25.6,+14.9,+21,+20.8,+20.9,+25.4,+24.8,+24.9,+24.9,+24.9,+27,ESTP,0,0,+0,+0,+0.0169,+0,+0.0414,+0,+0,+0,05:24:01 28.03.2020
11151,+25.6,+14.9,+21,+20.8,+20.9,+25.4,+24.8,+24.9,+24.9,+24.9,+27,ESTP,0,0,+0,+0,+0.0169,+0,+0.0414,+0,+0,+0,05:25:01 28.03.2020
11152,+25.5,+14.9,+21,+20.8,+20.9,+25.4,+24.8,+24.9,+24.9,+24.9,+27,ESTP,0,0,+0,+0,+0.0169,+0,+0.0414,+0,+0,+0,05:26:01 28.03.2020
11153,+25.5,+14.9,+21,+20.8,+20.9,+25.4,+24.8,+24.9,+24.9,+24.9,+27,ESTP,0,0,+0,+0,+0.0169,+0,+0.0414,+0,+0,+0,05:27:01 28.03.2020
11154,+25.5,+14.9,+20.9,+20.8,+20.9,+25.4,+24.8,+24.9,+24.9,+24.9,+27,ESTP,0,0,+0,+0,+0.0169,+0,+0.0414,+0,+0,+0,05:28:01 28.03.2020
11155,+25.5,+14.8,+21,+20.8,+20.9,+25.4,+24.8,+24.9,+24.9,+24.9,+27,ESTP,0,0,+0,+0,+0.0169,+0,+0.0414,+0,+0,+0,05:29:01 28.03.2020
11156,+25.6,+14.8,+21,+20.8,+20.9,+25.4,+24.8,+24.9,+24.9,+24.9,+27,ESTP,0,0,+0,+0,+0.0169,+0,+0.0414,+0,+0,+0,05:30:01 28.03.2020
11157,+25.6,+14.9,+21,+20.8,+20.9,+25.4,+24.8,+24.9,+24.9,+24.9,+27,ESTP,0,0,+0,+0,+0.0169,+0,+0.0414,+0,+0,+0,05:31:01 28.03.2020
11158,+25.6,+14.8,+21,+20.8,+20.9,+25.4,+24.8,+24.9,+24.9,+24.9,+27,ESTP,0,0,+0,+0,+0.0169,+0,+0.0414,+0,+0,+0,05:32:01 28.03.2020
11159,+25.6,+14.8,+21,+20.8,+20.9,+25.4,+24.8,+24.9,+24.9,+24.9,+27,ESTP,0,0,+0,+0,+0.0169,+0,+0.0414,+0,+0,+0,05:33:01 28.03.2020
11160,+25.6,+14.8,+21,+20.8,+20.9,+25.4,+24.8,+24.9,+24.9,+24.9,+27,ESTP,0,0,+0,+0,+0.0169,+0,+0.0414,+0,+0,+0,05:34:01 28.03.2020
11161,+25.6,+14.8,+21,+20.8,+20.9,+25.4,+24.8,+24.9,+24.9,+24.9,+27,ESTP,0,0,+0,+0,+0.0169,+0,+0.0414,+0,+0,+0,05:35:01 28.03.2020
11162,+25.6,+14.8,+21,+20.8,+20.9,+25.4,+24.8,+24.9,+24.9,+24.9,+27,ESTP,0,0,+0,+0,+0.0169,+0,+0.0414,+0,+0,+0,05:36:01 28.03.2020
11163,+25.6,+14.8,+21,+20.8,+20.9,+25.4,+24.8,+24.9,+24.9,+24.9,+27,ESTP,0,0,+0,+0,+0.0169,+0,+0.0414,+0,+0,+0,05:37:01 28.03.2020
11164,+25.6,+14.8,+21,+20.8,+20.9,+25.4,+24.8,+24.9,+24.9,+24.9,+27,ESTP,0,0,+0,+0,+0.0169,+0,+0.0414,+0,+0,+0,05:38:01 28.03.2020
11165,+25.6,+14.8,+21,+20.8,+20.9,+25.4,+24.8,+24.9,+24.9,+24.9,+27,ESTP,0,0,+0,+0,+0.0169,+0,+0.0414,+0,+0,+0,05:39:01 28.03.2020
11166,+25.6,+14.8,+20.9,+20.8,+20.9,+25.4,+24.8,+24.9,+24.9,+24.9,+27,ESTP,0,0,+0,+0,+0.0169,+0,+0.0414,+0,+0,+0,05:40:01 28.03.2020
11167,+25.5,+14.8,+20.9,+20.8,+20.9,+25.4,+24.8,+24.9,+24.9,+24.9,+27,ESTP,0,0,+0,+0,+0.0169,+0,+0.0414,+0,+0,+0,05:41:01 28.03.2020
11168,+25.5,+14.8,+20.9,+20.8,+20.9,+25.4,+24.8,+24.9,+24.9,+24.9,+27,ESTP,0,0,+0,+0,+0.0169,+0,+0.0414,+0,+0,+0,05:42:01 28.03.2020
11169,+25.5,+14.8,+21,+20.8,+20.9,+25.4,+24.8,+24.9,+24.9,+24.9,+27,ESTP,0,0,+0,+0,+0.0169,+0,+0.0414,+0,+0,+0,05:43:01 28.03.2020
11170,+25.5,+14.8,+20.9,+20.8,+20.9,+25.4,+24.8,+24.9,+24.9,+24.9,+27,ESTP,0,0,+0,+0,+0.0169,+0,+0.0414,+0,+0,+0,05:44:01 28.03.2020
11171,+25.5,+14.8,+20.9,+20.8,+20.9,+25.4,+24.8,+24.9,+24.9,+24.9,+27,ESTP,0,0,+0,+0,+0.0169,+0,+0.0414,+0,+0,+0,05:45:01 28.03.2020
11172,+25.5,+14.8,+21,+20.8,+20.9,+25.4,+24.7,+24.9,+24.9,+24.9,+27,ESTP,0,0,+0,+0,+0.0169,+0,+0.0414,+0,+0,+0,05:46:01 28.03.2020
11173,+25.6,+14.8,+21,+20.8,+20.9,+25.4,+24.8,+24.9,+24.9,+24.9,+27,ESTP,0,0,+0,+0,+0.0169,+0,+0.0414,+0,+0,+0,05:47:01 28.03.2020
11174,+25.6,+14.8,+20.9,+20.8,+20.9,+25.4,+24.8,+24.9,+24.9,+24.9,+27,ESTP,0,0,+0,+0,+0.0169,+0,+0.0414,+0,+0,+0,05:48:01 28.03.2020
11175,+25.6,+14.8,+21,+20.8,+20.9,+25.4,+24.8,+24.9,+24.9,+24.9,+27,ESTP,0,0,+0,+0,+0.0169,+0,+0.0414,+0,+0,+0,05:49:01 28.03.2020
11176,+25.6,+14.8,+20.9,+20.8,+20.9,+25.4,+24.8,+24.9,+24.9,+24.9,+27,ESTP,0,0,+0,+0,+0.0169,+0,+0.0414,+0,+0,+0,05:50:01 28.03.2020
11177,+25.6,+14.8,+20.9,+20.8,+20.9,+25.4,+24.8,+24.9,+24.9,+24.9,+27,ESTP,0,0,+0,+0,+0.0169,+0,+0.0414,+0,+0,+0,05:51:01 28.03.2020
11178,+25.6,+14.8,+21,+20.8,+20.9,+25.4,+24.7,+24.9,+24.9,+24.9,+27,ESTP,0,0,+0,+0,+0.0169,+0,+0.0414,+0,+0,+0,05:52:01 28.03.2020
11179,+25.6,+14.8,+20.9,+20.8,+20.9,+25.4,+24.8,+24.9,+24.9,+24.9,+27,ESTP,0,0,+0,+0,+0.0169,+0,+0.0414,+0,+0,+0,05:53:01 28.03.2020
11180,+25.6,+14.8,+21,+20.8,+20.9,+25.4,+24.8,+24.9,+24.9,+24.9,+27,ESTP,0,0,+0,+0,+0.0169,+0,+0.0414,+0,+0,+0,05:54:01 28.03.2020
11181,+25.6,+14.8,+20.9,+20.8,+20.9,+25.4,+24.8,+24.9,+24.9,+24.9,+27,ESTP,0,0,+0,+0,+0.0169,+0,+0.0414,+0,+0,+0,05:55:01 28.03.2020
11182,+25.5,+14.7,+20.9,+20.8,+20.9,+25.4,+24.8,+24.9,+24.9,+24.9,+27,ESTP,0,0,+0,+0,+0.0169,+0,+0.0414,+0,+0,+0,05:56:01 28.03.2020
11183,+25.5,+14.8,+20.9,+20.8,+20.9,+25.4,+24.7,+24.9,+24.9,+24.9,+27,ESTP,0,0,+0,+0,+0.0169,+0,+0.0414,+0,+0,+0,05:57:01 28.03.2020
11184,+25.5,+14.7,+20.9,+20.8,+20.9,+25.4,+24.8,+24.9,+24.9,+24.9,+27,ESTP,0,0,+0,+0,+0.0169,+0,+0.0414,+0,+0,+0,05:58:01 28.03.2020
11185,+25.5,+14.7,+20.9,+20.8,+20.9,+25.4,+24.7,+24.9,+24.9,+24.9,+27,ESTP,0,0,+0,+0,+0.0169,+0,+0.0414,+0,+0,+0,05:59:01 28.03.2020
11186,+25.5,+14.7,+20.9,+20.8,+20.9,+25.4,+24.8,+24.9,+24.9,+24.9,+27,ESTP,0,0,+0,+0,+0.0169,+0,+0.0414,+0,+0,+0,06:00:01 28.03.2020
11187,+25.5,+14.7,+20.9,+20.8,+20.9,+25.4,+24.7,+24.9,+24.9,+24.9,+27,ESTP,0,0,+0,+0,+0.0169,+0,+0.0414,+0,+0,+0,06:01:01 28.03.2020
11188,+25.5,+14.7,+20.9,+20.8,+20.9,+25.4,+24.7,+24.9,+24.9,+24.9,+27,ESTP,0,0,+0,+0,+0.0169,+0,+0.0414,+0,+0,+0,06:02:01 28.03.2020
11189,+25.6,+14.7,+20.9,+20.8,+20.9,+25.4,+24.7,+24.9,+24.9,+24.9,+27,ESTP,0,0,+0,+0,+0.0169,+0,+0.0414,+0,+0,+0,06:03:01 28.03.2020
11190,+25.6,+14.7,+20.9,+20.8,+20.9,+25.4,+24.7,+24.9,+24.9,+24.9,+27,ESTP,0,0,+0,+0,+0.0169,+0,+0.0414,+0,+0,+0,06:04:01 28.03.2020
11191,+25.6,+14.7,+20.9,+20.8,+20.9,+25.4,+24.7,+24.9,+24.9,+24.9,+27,ESTP,0,0,+0,+0,+0.0169,+0,+0.0414,+0,+0,+0,06:05:01 28.03.2020
11192,+25.6,+14.7,+20.9,+20.8,+20.9,+25.4,+24.7,+24.9,+24.9,+24.9,+27,ESTP,0,0,+0,+0,+0.0169,+0,+0.0414,+0,+0,+0,06:06:01 28.03.2020
11193,+25.6,+14.7,+20.9,+20.8,+20.9,+25.4,+24.7,+24.9,+24.9,+24.9,+27,ESTP,0,0,+0,+0,+0.0169,+0,+0.0414,+0,+0,+0,06:07:01 28.03.2020
11194,+25.6,+14.7,+20.9,+20.8,+20.9,+25.4,+24.7,+24.9,+24.9,+24.9,+27,ESTP,0,0,+0,+0,+0.0169,+0,+0.0414,+0,+0,+0,06:08:01 28.03.2020
11195,+25.6,+14.7,+20.9,+20.8,+20.9,+25.4,+24.7,+24.9,+24.9,+24.9,+27,ESTP,0,0,+0,+0,+0.0169,+0,+0.0414,+0,+0,+0,06:09:01 28.03.2020
11196,+25.6,+14.7,+20.9,+20.8,+20.9,+25.4,+24.7,+24.9,+24.9,+24.9,+27,ESTP,0,0,+0,+0,+0.0169,+0,+0.0414,+0,+0,+0,06:10:01 28.03.2020
11197,+25.6,+14.7,+20.9,+20.8,+20.9,+25.4,+24.7,+24.9,+24.9,+24.9,+27,ESTP,0,0,+0,+0,+0.0169,+0,+0.0414,+0,+0,+0,06:11:01 28.03.2020
11198,+25.6,+14.7,+20.9,+20.8,+20.9,+25.4,+24.7,+24.9,+24.9,+24.9,+27,ESTP,0,0,+0,+0,+0.0169,+0,+0.0414,+0,+0,+0,06:12:01 28.03.2020
11199,+25.5,+14.7,+20.9,+20.8,+20.9,+25.4,+24.7,+24.9,+24.9,+24.9,+27,ESTP,0,0,+0,+0,+0.0169,+0,+0.0414,+0,+0,+0,06:13:01 28.03.2020
11200,+25.5,+14.7,+20.9,+20.8,+20.9,+25.4,+24.7,+24.9,+24.9,+24.9,+27,ESTP,0,0,+0,+0,+0.0169,+0,+0.0414,+0,+0,+0,06:14:01 28.03.2020
11201,+25.5,+14.7,+20.9,+20.8,+20.9,+25.4,+24.7,+24.9,+24.9,+24.9,+27,ESTP,0,0,+0,+0,+0.0169,+0,+0.0414,+0,+0,+0,06:15:01 28.03.2020
11202,+25.5,+14.7,+20.9,+20.8,+20.9,+25.4,+24.7,+24.9,+24.9,+24.9,+27,ESTP,0,0,+0,+0,+0.0169,+0,+0.0414,+0,+0,+0,06:16:01 28.03.2020
11203,+25.5,+14.7,+20.9,+20.8,+20.9,+25.4,+24.7,+24.9,+24.9,+24.9,+27,ESTP,0,0,+0,+0,+0.0169,+0,+0.0414,+0,+0,+0,06:17:01 28.03.2020
11204,+25.5,+14.7,+20.9,+20.8,+20.9,+25.4,+24.7,+24.9,+24.9,+24.9,+27,ESTP,0,0,+0,+0,+0.0169,+0,+0.0414,+0,+0,+0,06:18:01 28.03.2020
11205,+25.6,+14.7,+20.9,+20.8,+20.9,+25.4,+24.7,+24.9,+24.9,+24.9,+27,ESTP,0,0,+0,+0,+0.0169,+0,+0.0414,+0,+0,+0,06:19:01 28.03.2020
11206,+25.6,+14.7,+20.9,+20.8,+20.9,+25.4,+24.7,+24.9,+24.9,+24.9,+27,ESTP,0,0,+0,+0,+0.0169,+0,+0.0414,+0,+0,+0,06:20:01 28.03.2020
11207,+25.6,+14.7,+20.9,+20.8,+20.9,+25.4,+24.7,+24.9,+24.9,+24.9,+27,ESTP,0,0,+0,+0,+0.0169,+0,+0.0414,+0,+0,+0,06:21:01 28.03.2020
11208,+25.6,+14.7,+20.9,+20.8,+20.9,+25.4,+24.7,+24.9,+24.9,+24.9,+27,ESTP,0,0,+0,+0,+0.0169,+0,+0.0414,+0,+0,+0,06:22:01 28.03.2020
11209,+25.6,+14.7,+20.9,+20.8,+20.9,+25.4,+24.7,+24.9,+24.9,+24.9,+27,ESTP,0,0,+0,+0,+0.0169,+0,+0.0414,+0,+0,+0,06:23:01 28.03.2020
11210,+25.6,+14.7,+20.9,+20.8,+20.9,+25.4,+24.7,+24.9,+24.9,+24.9,+27,ESTP,0,0,+0,+0,+0.0169,+0,+0.0414,+0,+0,+0,06:24:01 28.03.2020
11211,+25.6,+14.7,+20.9,+20.8,+20.9,+25.4,+24.7,+24.9,+24.9,+24.9,+27,ESTP,0,0,+0,+0,+0.0169,+0,+0.0414,+0,+0,+0,06:25:01 28.03.2020
11212,+25.6,+14.7,+20.9,+20.8,+20.9,+25.4,+24.7,+24.9,+24.9,+24.9,+27,ESTP,0,0,+0,+0,+0.0169,+0,+0.0414,+0,+0,+0,06:26:01 28.03.2020
11213,+25.6,+14.7,+20.9,+20.8,+20.9,+25.4,+24.7,+24.9,+24.9,+24.9,+27,ESTP,0,0,+0,+0,+0.0169,+0,+0.0414,+0,+0,+0,06:27:01 28.03.2020
11214,+25.6,+14.7,+20.9,+20.8,+20.9,+25.4,+24.7,+24.9,+24.9,+24.9,+27,ESTP,0,0,+0,+0,+0.0169,+0,+0.0414,+0,+0,+0,06:28:01 28.03.2020
11215,+25.6,+14.7,+20.9,+20.8,+20.9,+25.4,+24.7,+24.9,+24.9,+24.9,+27,ESTP,0,0,+0,+0,+0.0169,+0,+0.0414,+0,+0,+0,06:29:01 28.03.2020
11216,+25.6,+14.7,+20.9,+20.8,+20.9,+25.4,+24.7,+24.9,+24.9,+24.9,+27,ESTP,0,0,+0,+0,+0.0169,+0,+0.0414,+0,+0,+0,06:30:01 28.03.2020
11217,+25.6,+14.7,+20.9,+20.8,+20.9,+25.4,+24.7,+24.9,+24.9,+24.9,+27,ESTP,0,0,+0,+0,+0.0169,+0,+0.0414,+0,+0,+0,06:31:01 28.03.2020
11218,+25.5,+14.7,+20.9,+20.8,+20.9,+25.4,+24.7,+24.9,+24.9,+24.9,+27,ESTP,0,0,+0,+0,+0.0169,+0,+0.0414,+0,+0,+0,06:32:01 28.03.2020
11219,+25.5,+14.7,+20.9,+20.8,+20.9,+25.4,+24.7,+24.9,+24.9,+24.9,+27,ESTP,0,0,+0,+0,+0.0169,+0,+0.0414,+0,+0,+0,06:33:01 28.03.2020
11220,+25.5,+14.7,+20.9,+20.8,+20.9,+25.4,+24.7,+24.9,+24.9,+24.9,+27,ESTP,0,0,+0,+0,+0.0169,+0,+0.0414,+0,+0,+0,06:34:01 28.03.2020
11221,+25.5,+14.7,+20.9,+20.8,+20.9,+25.4,+24.7,+24.9,+24.9,+24.9,+27,ESTP,0,0,+0,+0,+0.0169,+0,+0.0414,+0,+0,+0,06:35:01 28.03.2020
11222,+25.5,+14.7,+20.9,+20.8,+20.9,+25.4,+24.7,+24.9,+24.9,+24.9,+27,ESTP,0,0,+0,+0,+0.0169,+0,+0.0414,+0,+0,+0,06:36:01 28.03.2020
11223,+25.6,+14.7,+20.9,+20.8,+20.9,+25.4,+24.7,+24.9,+24.9,+24.9,+27,ESTP,0,0,+0,+0,+0.0169,+0,+0.0414,+0,+0,+0,06:37:01 28.03.2020
11224,+25.6,+14.6,+20.9,+20.8,+20.9,+25.4,+24.7,+24.9,+24.9,+24.9,+27,ESTP,0,0,+0,+0,+0.0169,+0,+0.0414,+0,+0,+0,06:38:01 28.03.2020
11225,+25.6,+14.7,+20.9,+20.8,+20.9,+25.4,+24.7,+24.9,+24.9,+24.9,+27,ESTP,0,0,+0,+0,+0.0169,+0,+0.0414,+0,+0,+0,06:39:01 28.03.2020
11226,+25.6,+14.6,+20.9,+20.8,+20.9,+25.4,+24.7,+24.9,+24.9,+24.9,+27,ESTP,0,0,+0,+0,+0.0169,+0,+0.0414,+0,+0,+0,06:40:01 28.03.2020
11227,+25.6,+14.6,+20.9,+20.8,+20.9,+25.4,+24.7,+24.9,+24.9,+24.9,+27,ESTP,0,0,+0,+0,+0.0169,+0,+0.0414,+0,+0,+0,06:41:01 28.03.2020
11228,+25.6,+14.6,+20.9,+20.8,+20.9,+25.4,+24.7,+24.9,+24.9,+24.9,+27,ESTP,0,0,+0,+0,+0.0169,+0,+0.0414,+0,+0,+0,06:42:01 28.03.2020
11229,+25.6,+14.6,+20.9,+20.8,+20.9,+25.4,+24.7,+24.9,+24.9,+24.9,+27,ESTP,0,0,+0,+0,+0.0169,+0,+0.0414,+0,+0,+0,06:43:01 28.03.2020
11230,+25.6,+14.6,+20.9,+20.8,+20.9,+25.4,+24.7,+24.9,+24.9,+24.9,+27,ESTP,0,0,+0,+0,+0.0169,+0,+0.0414,+0,+0,+0,06:44:01 28.03.2020
11231,+25.6,+14.6,+20.9,+20.8,+20.9,+25.4,+24.7,+24.9,+24.9,+24.9,+27,ESTP,0,0,+0,+0,+0.0169,+0,+0.0414,+0,+0,+0,06:45:01 28.03.2020
11232,+25.5,+14.6,+20.9,+20.8,+20.9,+25.4,+24.7,+24.9,+24.9,+24.9,+27,ESTP,0,0,+0,+0,+0.0169,+0,+0.0414,+0,+0,+0,06:46:01 28.03.2020
11233,+25.5,+14.6,+20.9,+20.8,+20.9,+25.4,+24.7,+24.9,+24.9,+24.9,+27,ESTP,0,0,+0,+0,+0.0169,+0,+0.0414,+0,+0,+0,06:47:01 28.03.2020
11234,+25.5,+14.6,+20.9,+20.8,+20.9,+25.4,+24.7,+24.9,+24.9,+24.9,+27,ESTP,0,0,+0,+0,+0.0169,+0,+0.0414,+0,+0,+0,06:48:01 28.03.2020
11235,+25.5,+14.6,+20.9,+20.8,+20.9,+25.4,+24.7,+24.9,+24.9,+24.9,+27,ESTP,0,0,+0,+0,+0.0169,+0,+0.0414,+0,+0,+0,06:49:01 28.03.2020
11236,+25.5,+14.6,+20.9,+20.8,+20.9,+25.4,+24.7,+24.9,+24.9,+24.9,+27,ESTP,0,0,+0,+0,+0.0169,+0,+0.0414,+0,+0,+0,06:50:01 28.03.2020
11237,+25.5,+14.6,+20.9,+20.8,+20.9,+25.4,+24.7,+24.9,+24.9,+24.9,+27,ESTP,0,0,+0,+0,+0.0169,+0,+0.0414,+0,+0,+0,06:51:01 28.03.2020
11238,+25.5,+14.6,+20.9,+20.8,+20.9,+25.4,+24.7,+24.9,+24.9,+24.9,+27,ESTP,0,0,+0,+0,+0.0169,+0,+0.0414,+0,+0,+0,06:52:01 28.03.2020
11239,+25.6,+14.6,+20.9,+20.8,+20.9,+25.4,+24.7,+24.9,+24.9,+24.9,+27,ESTP,0,0,+0,+0,+0.0169,+0,+0.0414,+0,+0,+0,06:53:01 28.03.2020
11240,+25.6,+14.6,+20.9,+20.8,+20.9,+25.4,+24.7,+24.9,+24.9,+24.9,+27,ESTP,0,0,+0,+0,+0.0169,+0,+0.0414,+0,+0,+0,06:54:01 28.03.2020
11241,+25.6,+14.6,+20.9,+20.8,+20.9,+25.4,+24.7,+24.9,+24.9,+24.9,+27,ESTP,0,0,+0,+0,+0.0169,+0,+0.0414,+0,+0,+0,06:55:01 28.03.2020
11242,+25.6,+14.6,+20.9,+20.8,+20.9,+25.4,+24.7,+24.9,+24.9,+24.9,+27,ESTP,0,0,+0,+0,+0.0169,+0,+0.0414,+0,+0,+0,06:56:01 28.03.2020
11243,+25.6,+14.6,+20.9,+20.8,+20.9,+25.4,+24.7,+24.9,+24.9,+24.9,+27,ESTP,0,0,+0,+0,+0.0169,+0,+0.0414,+0,+0,+0,06:57:01 28.03.2020
11244,+25.6,+14.6,+20.9,+20.8,+20.9,+25.4,+24.7,+24.9,+24.9,+24.9,+27,ESTP,0,0,+0,+0,+0.0169,+0,+0.0414,+0,+0,+0,06:58:01 28.03.2020
11245,+25.6,+14.6,+20.9,+20.8,+20.9,+25.4,+24.7,+24.9,+24.9,+24.9,+27,ESTP,0,0,+0,+0,+0.0169,+0,+0.0414,+0,+0,+0,06:59:01 28.03.2020
11246,+25.6,+14.6,+20.9,+20.8,+20.9,+25.4,+24.7,+24.9,+24.9,+24.9,+27,ESTP,0,0,+0,+0,+0.0169,+0,+0.0414,+0,+0,+0,07:00:01 28.03.2020
11247,+25.6,+14.6,+20.9,+20.8,+20.9,+25.4,+24.7,+24.9,+24.9,+24.9,+27,ESTP,0,0,+0,+0,+0.0169,+0,+0.0414,+0,+0,+0,07:01:01 28.03.2020
11248,+25.5,+14.6,+20.9,+20.8,+20.9,+25.4,+24.7,+24.9,+24.9,+24.9,+27,ESTP,0,0,+0,+0,+0.0169,+0,+0.0414,+0,+0,+0,07:02:01 28.03.2020
11249,+25.5,+14.6,+20.9,+20.8,+20.9,+25.4,+24.7,+24.9,+24.9,+24.9,+27,ESTP,0,0,+0,+0,+0.0169,+0,+0.0414,+0,+0,+0,07:03:01 28.03.2020
11250,+25.5,+14.6,+20.9,+20.8,+20.9,+25.4,+24.7,+24.9,+24.9,+24.9,+27,ESTP,0,0,+0,+0,+0.0169,+0,+0.0414,+0,+0,+0,07:04:01 28.03.2020
11251,+25.5,+14.6,+20.9,+20.8,+20.9,+25.4,+24.7,+24.9,+24.9,+24.9,+27,ESTP,0,0,+0,+0,+0.0169,+0,+0.0414,+0,+0,+0,07:05:01 28.03.2020
11252,+25.5,+14.6,+20.9,+20.8,+20.9,+25.4,+24.7,+24.9,+24.9,+24.9,+27,ESTP,0,0,+0,+0,+0.0169,+0,+0.0414,+0,+0,+0,07:06:01 28.03.2020
11253,+25.5,+14.6,+20.9,+20.8,+20.9,+25.4,+24.7,+24.9,+24.9,+24.9,+27,ESTP,0,0,+0,+0,+0.0169,+0,+0.0414,+0,+0,+0,07:07:01 28.03.2020
11254,+25.5,+14.6,+20.9,+20.8,+20.9,+25.4,+24.7,+24.9,+24.9,+24.9,+27,ESTP,0,0,+0,+0,+0.0169,+0,+0.0414,+0,+0,+0,07:08:01 28.03.2020
11255,+25.5,+14.6,+20.9,+20.8,+20.9,+25.4,+24.7,+24.9,+24.8,+24.9,+27,ESTP,0,0,+0,+0,+0.0169,+0,+0.0414,+0,+0,+0,07:09:01 28.03.2020
11256,+25.6,+14.5,+20.9,+20.8,+20.9,+25.4,+24.7,+24.9,+24.8,+24.9,+27,ESTP,0,0,+0,+0,+0.0169,+0,+0.0414,+0,+0,+0,07:10:01 28.03.2020
11257,+25.6,+14.5,+20.9,+20.8,+20.9,+25.4,+24.7,+24.9,+24.8,+24.9,+27,ESTP,0,0,+0,+0,+0.0169,+0,+0.0414,+0,+0,+0,07:11:01 28.03.2020
11258,+25.6,+14.5,+20.9,+20.8,+20.9,+25.4,+24.7,+24.9,+24.8,+24.8,+27,ESTP,0,0,+0,+0,+0.0169,+0,+0.0414,+0,+0,+0,07:12:01 28.03.2020
11259,+25.6,+14.5,+20.9,+20.8,+20.9,+25.4,+24.7,+24.9,+24.9,+24.8,+27,ESTP,0,0,+0,+0,+0.0169,+0,+0.0414,+0,+0,+0,07:13:01 28.03.2020
11260,+25.6,+14.5,+20.9,+20.8,+20.9,+25.4,+24.7,+24.9,+24.9,+24.8,+27,ESTP,0,0,+0,+0,+0.0169,+0,+0.0414,+0,+0,+0,07:14:01 28.03.2020
11261,+25.6,+14.5,+20.9,+20.8,+20.9,+25.4,+24.7,+24.9,+24.8,+24.9,+27,ESTP,0,0,+0,+0,+0.0169,+0,+0.0414,+0,+0,+0,07:15:01 28.03.2020
11262,+25.6,+14.5,+20.9,+20.8,+20.9,+25.4,+24.7,+24.9,+24.9,+24.9,+27,ESTP,0,0,+0,+0,+0.0169,+0,+0.0414,+0,+0,+0,07:16:01 28.03.2020
11263,+25.6,+14.5,+20.9,+20.8,+20.9,+25.4,+24.7,+24.9,+24.9,+24.9,+27,ESTP,0,0,+0,+0,+0.0169,+0,+0.0414,+0,+0,+0,07:17:01 28.03.2020
11264,+25.6,+14.5,+20.9,+20.8,+20.9,+25.4,+24.7,+24.9,+24.8,+24.9,+27,ESTP,0,0,+0,+0,+0.0169,+0,+0.0414,+0,+0,+0,07:18:01 28.03.2020
11265,+25.5,+14.5,+20.9,+20.8,+20.9,+25.4,+24.7,+24.9,+24.9,+24.9,+27,ESTP,0,0,+0,+0,+0.0169,+0,+0.0414,+0,+0,+0,07:19:01 28.03.2020
11266,+25.5,+14.5,+20.9,+20.8,+20.9,+25.4,+24.7,+24.9,+24.9,+24.9,+27,ESTP,0,0,+0,+0,+0.0169,+0,+0.0414,+0,+0,+0,07:20:01 28.03.2020
11267,+25.5,+14.5,+20.9,+20.8,+20.9,+25.4,+24.7,+24.9,+24.9,+24.9,+27,ESTP,0,0,+0,+0,+0.0169,+0,+0.0414,+0,+0,+0,07:21:01 28.03.2020
11268,+25.5,+14.5,+20.9,+20.8,+20.9,+25.4,+24.7,+24.9,+24.8,+24.9,+27,ESTP,0,0,+0,+0,+0.0169,+0,+0.0414,+0,+0,+0,07:22:01 28.03.2020
11269,+25.5,+14.5,+20.9,+20.8,+20.9,+25.4,+24.7,+24.9,+24.9,+24.8,+27,ESTP,0,0,+0,+0,+0.0169,+0,+0.0414,+0,+0,+0,07:23:01 28.03.2020
11270,+25.5,+14.5,+20.9,+20.8,+20.9,+25.4,+24.7,+24.9,+24.8,+24.8,+27,ESTP,0,0,+0,+0,+0.0169,+0,+0.0414,+0,+0,+0,07:24:01 28.03.2020
11271,+25.5,+14.5,+20.9,+20.8,+20.9,+25.4,+24.7,+24.9,+24.8,+24.9,+27,ESTP,0,0,+0,+0,+0.0169,+0,+0.0414,+0,+0,+0,07:25:01 28.03.2020
11272,+25.5,+14.5,+20.9,+20.8,+20.9,+25.4,+24.7,+24.9,+24.8,+24.8,+27,ESTP,0,0,+0,+0,+0.0169,+0,+0.0414,+0,+0,+0,07:26:01 28.03.2020
11273,+25.6,+14.5,+20.9,+20.8,+20.9,+25.4,+24.7,+24.9,+24.8,+24.9,+27,ESTP,0,0,+0,+0,+0.0169,+0,+0.0414,+0,+0,+0,07:27:01 28.03.2020
11274,+25.6,+14.5,+20.9,+20.8,+20.9,+25.4,+24.7,+24.9,+24.8,+24.8,+27,ESTP,0,0,+0,+0,+0.0169,+0,+0.0414,+0,+0,+0,07:28:01 28.03.2020
11275,+25.6,+14.5,+20.9,+20.8,+20.9,+25.4,+24.7,+24.9,+24.8,+24.8,+27,ESTP,0,0,+0,+0,+0.0169,+0,+0.0414,+0,+0,+0,07:29:01 28.03.2020
11276,+25.6,+14.5,+20.9,+20.8,+20.9,+25.4,+24.7,+24.9,+24.8,+24.8,+27,ESTP,0,0,+0,+0,+0.0169,+0,+0.0414,+0,+0,+0,07:30:01 28.03.2020
11277,+25.6,+14.5,+20.9,+20.8,+20.9,+25.4,+24.7,+24.9,+24.8,+24.9,+27,ESTP,0,0,+0,+0,+0.0169,+0,+0.0414,+0,+0,+0,07:31:01 28.03.2020
11278,+25.6,+14.5,+20.9,+20.8,+20.9,+25.4,+24.7,+24.9,+24.8,+24.9,+27,ESTP,0,0,+0,+0,+0.0169,+0,+0.0414,+0,+0,+0,07:32:01 28.03.2020
11279,+25.6,+14.5,+20.9,+20.8,+20.9,+25.4,+24.7,+24.9,+24.8,+24.9,+27,ESTP,0,0,+0,+0,+0.0169,+0,+0.0414,+0,+0,+0,07:33:01 28.03.2020
11280,+25.6,+14.5,+20.9,+20.8,+20.9,+25.4,+24.7,+24.9,+24.8,+24.9,+27,ESTP,0,0,+0,+0,+0.0169,+0,+0.0414,+0,+0,+0,07:34:01 28.03.2020
11281,+25.6,+14.5,+20.9,+20.8,+20.9,+25.4,+24.7,+24.9,+24.8,+24.9,+27,ESTP,0,0,+0,+0,+0.0169,+0,+0.0414,+0,+0,+0,07:35:01 28.03.2020
11282,+25.5,+14.5,+20.9,+20.8,+20.8,+25.4,+24.7,+24.9,+24.8,+24.9,+27,ESTP,0,0,+0,+0,+0.0169,+0,+0.0414,+0,+0,+0,07:36:01 28.03.2020
11283,+25.5,+14.5,+20.9,+20.8,+20.9,+25.4,+24.7,+24.9,+24.8,+24.8,+27,ESTP,0,0,+0,+0,+0.0169,+0,+0.0414,+0,+0,+0,07:37:01 28.03.2020
11284,+25.5,+14.5,+20.9,+20.8,+20.9,+25.4,+24.7,+24.9,+24.8,+24.9,+27,ESTP,0,0,+0,+0,+0.0169,+0,+0.0414,+0,+0,+0,07:38:01 28.03.2020
11285,+25.5,+14.5,+20.9,+20.8,+20.9,+25.4,+24.7,+24.9,+24.8,+24.9,+27,ESTP,0,0,+0,+0,+0.0169,+0,+0.0414,+0,+0,+0,07:39:01 28.03.2020
11286,+25.5,+14.5,+20.9,+20.8,+20.9,+25.4,+24.7,+24.9,+24.8,+24.9,+27,ESTP,0,0,+0,+0,+0.0169,+0,+0.0414,+0,+0,+0,07:40:01 28.03.2020
11287,+25.5,+14.5,+20.9,+20.8,+20.9,+25.4,+24.7,+24.9,+24.8,+24.8,+27,ESTP,0,0,+0,+0,+0.0169,+0,+0.0414,+0,+0,+0,07:41:01 28.03.2020
11288,+25.5,+14.5,+20.9,+20.8,+20.9,+25.4,+24.7,+24.9,+24.8,+24.8,+27,ESTP,0,0,+0,+0,+0.0169,+0,+0.0414,+0,+0,+0,07:42:01 28.03.2020
11289,+25.6,+14.5,+20.9,+20.8,+20.8,+25.4,+24.7,+24.9,+24.8,+24.8,+27,ESTP,0,0,+0,+0,+0.0169,+0,+0.0414,+0,+0,+0,07:43:01 28.03.2020
11290,+25.6,+14.5,+20.9,+20.8,+20.9,+25.4,+24.7,+24.9,+24.8,+24.8,+27,ESTP,0,0,+0,+0,+0.0169,+0,+0.0414,+0,+0,+0,07:44:01 28.03.2020
11291,+25.6,+14.5,+20.9,+20.8,+20.9,+25.4,+24.7,+24.9,+24.8,+24.8,+27,ESTP,0,0,+0,+0,+0.0169,+0,+0.0414,+0,+0,+0,07:45:01 28.03.2020
11292,+25.6,+14.5,+20.9,+20.8,+20.9,+25.4,+24.7,+24.9,+24.8,+24.8,+27,ESTP,0,0,+0,+0,+0.0169,+0,+0.0414,+0,+0,+0,07:46:01 28.03.2020
11293,+25.6,+14.5,+20.9,+20.8,+20.9,+25.4,+24.7,+24.9,+24.8,+24.8,+27,ESTP,0,0,+0,+0,+0.0169,+0,+0.0414,+0,+0,+0,07:47:01 28.03.2020
11294,+25.6,+14.5,+20.9,+20.8,+20.8,+25.4,+24.7,+24.9,+24.8,+24.8,+27,ESTP,0,0,+0,+0,+0.0169,+0,+0.0414,+0,+0,+0,07:48:01 28.03.2020
11295,+25.6,+14.5,+20.9,+20.8,+20.9,+25.4,+24.7,+24.9,+24.8,+24.9,+27,ESTP,0,0,+0,+0,+0.0169,+0,+0.0414,+0,+0,+0,07:49:01 28.03.2020
11296,+25.6,+14.5,+20.9,+20.8,+20.9,+25.4,+24.7,+24.9,+24.8,+24.9,+27,ESTP,0,0,+0,+0,+0.0169,+0,+0.0414,+0,+0,+0,07:50:01 28.03.2020
11297,+25.6,+14.5,+20.9,+20.8,+20.8,+25.4,+24.7,+24.9,+24.8,+24.9,+27,ESTP,0,0,+0,+0,+0.0169,+0,+0.0414,+0,+0,+0,07:51:01 28.03.2020
11298,+25.6,+14.5,+20.9,+20.8,+20.9,+25.4,+24.7,+24.9,+24.8,+24.9,+27,ESTP,0,0,+0,+0,+0.0169,+0,+0.0414,+0,+0,+0,07:52:01 28.03.2020
11299,+25.5,+14.5,+20.9,+20.8,+20.9,+25.4,+24.7,+24.9,+24.8,+24.9,+27,ESTP,0,0,+0,+0,+0.0169,+0,+0.0414,+0,+0,+0,07:53:01 28.03.2020
11300,+25.5,+14.5,+20.9,+20.8,+20.9,+25.4,+24.7,+24.9,+24.8,+24.9,+27,ESTP,0,0,+0,+0,+0.0169,+0,+0.0414,+0,+0,+0,07:54:01 28.03.2020
11301,+25.5,+14.5,+20.9,+20.8,+20.9,+25.4,+24.7,+24.9,+24.8,+24.9,+27,ESTP,0,0,+0,+0,+0.0169,+0,+0.0414,+0,+0,+0,07:55:01 28.03.2020
11302,+25.6,+14.5,+20.9,+20.8,+20.8,+25.4,+24.7,+24.9,+24.8,+24.9,+27,ESTP,0,0,+0,+0,+0.0169,+0,+0.0414,+0,+0,+0,07:56:01 28.03.2020
11303,+25.6,+14.5,+20.9,+20.8,+20.9,+25.4,+24.7,+24.9,+24.8,+24.8,+27,ESTP,0,0,+0,+0,+0.0169,+0,+0.0414,+0,+0,+0,07:57:01 28.03.2020
11304,+25.6,+14.5,+20.9,+20.8,+20.9,+25.4,+24.7,+24.9,+24.8,+24.9,+27,ESTP,0,0,+0,+0,+0.0169,+0,+0.0414,+0,+0,+0,07:58:01 28.03.2020
11305,+25.6,+14.5,+20.9,+20.8,+20.9,+25.4,+24.7,+24.9,+24.8,+24.9,+27,ESTP,0,0,+0,+0,+0.0169,+0,+0.0414,+0,+0,+0,07:59:01 28.03.2020
11306,+25.6,+14.5,+20.9,+20.8,+20.9,+25.4,+24.7,+24.9,+24.8,+24.9,+27,ESTP,0,0,+0,+0,+0.0169,+0,+0.0414,+0,+0,+0,08:00:01 28.03.2020
11307,+25.6,+14.5,+20.9,+20.8,+20.8,+25.4,+24.7,+24.9,+24.8,+24.8,+27,ESTP,0,0,+0,+0,+0.0169,+0,+0.0414,+0,+0,+0,08:01:01 28.03.2020
11308,+25.6,+14.5,+20.9,+20.8,+20.8,+25.4,+24.7,+24.9,+24.8,+24.9,+27,ESTP,0,0,+0,+0,+0.0169,+0,+0.0414,+0,+0,+0,08:02:01 28.03.2020
11309,+25.6,+14.5,+20.9,+20.8,+20.8,+25.4,+24.7,+24.9,+24.8,+24.9,+27,ESTP,0,0,+0,+0,+0.0169,+0,+0.0414,+0,+0,+0,08:03:01 28.03.2020
11310,+25.6,+14.5,+20.9,+20.8,+20.8,+25.4,+24.7,+24.9,+24.9,+24.9,+27,ESTP,0,0,+0,+0,+0.0169,+0,+0.0414,+0,+0,+0,08:04:01 28.03.2020
11311,+25.6,+14.5,+20.9,+20.8,+20.8,+25.4,+24.7,+24.9,+24.8,+24.9,+27,ESTP,0,0,+0,+0,+0.0169,+0,+0.0414,+0,+0,+0,08:05:01 28.03.2020
11312,+25.5,+14.5,+20.9,+20.8,+20.8,+25.4,+24.7,+24.9,+24.8,+24.9,+27,ESTP,0,0,+0,+0,+0.0169,+0,+0.0414,+0,+0,+0,08:06:01 28.03.2020
11313,+25.5,+14.5,+20.9,+20.8,+20.8,+25.4,+24.7,+24.9,+24.8,+24.9,+27,ESTP,0,0,+0,+0,+0.0169,+0,+0.0414,+0,+0,+0,08:07:01 28.03.2020
11314,+25.5,+14.5,+20.9,+20.8,+20.8,+25.4,+24.7,+24.9,+24.8,+24.9,+27,ESTP,0,0,+0,+0,+0.0169,+0,+0.0414,+0,+0,+0,08:08:01 28.03.2020
11315,+25.5,+14.5,+20.9,+20.8,+20.8,+25.4,+24.7,+24.9,+24.8,+24.9,+27,ESTP,0,0,+0,+0,+0.0169,+0,+0.0414,+0,+0,+0,08:09:01 28.03.2020
11316,+25.5,+14.5,+20.9,+20.8,+20.8,+25.4,+24.7,+24.9,+24.8,+24.9,+27,ESTP,0,0,+0,+0,+0.0169,+0,+0.0414,+0,+0,+0,08:10:01 28.03.2020
11317,+25.6,+14.5,+20.9,+20.8,+20.8,+25.4,+24.7,+24.9,+24.8,+24.9,+27,ESTP,0,0,+0,+0,+0.0169,+0,+0.0414,+0,+0,+0,08:11:01 28.03.2020
11318,+25.6,+14.5,+20.9,+20.8,+20.8,+25.4,+24.7,+24.9,+24.8,+24.8,+27,ESTP,0,0,+0,+0,+0.0169,+0,+0.0414,+0,+0,+0,08:12:01 28.03.2020
11319,+25.6,+14.5,+20.9,+20.8,+20.8,+25.4,+24.7,+24.9,+24.8,+24.8,+27,ESTP,0,0,+0,+0,+0.0169,+0,+0.0414,+0,+0,+0,08:13:01 28.03.2020
11320,+25.6,+14.5,+20.9,+20.8,+20.8,+25.4,+24.7,+24.9,+24.8,+24.8,+27,ESTP,0,0,+0,+0,+0.0169,+0,+0.0414,+0,+0,+0,08:14:01 28.03.2020
11321,+25.6,+14.5,+20.9,+20.8,+20.8,+25.4,+24.7,+24.9,+24.8,+24.8,+27,ESTP,0,0,+0,+0,+0.0169,+0,+0.0414,+0,+0,+0,08:15:01 28.03.2020
11322,+25.6,+14.5,+20.9,+20.8,+20.8,+25.4,+24.7,+24.9,+24.8,+24.9,+27,ESTP,0,0,+0,+0,+0.0169,+0,+0.0414,+0,+0,+0,08:16:01 28.03.2020
11323,+25.6,+14.5,+20.9,+20.8,+20.8,+25.4,+24.7,+24.9,+24.8,+24.9,+27,ESTP,0,0,+0,+0,+0.0169,+0,+0.0414,+0,+0,+0,08:17:01 28.03.2020
11324,+25.6,+14.5,+20.9,+20.8,+20.8,+25.4,+24.7,+24.9,+24.8,+24.9,+27,ESTP,0,0,+0,+0,+0.0169,+0,+0.0414,+0,+0,+0,08:18:01 28.03.2020
11325,+25.6,+14.5,+20.9,+20.8,+20.8,+25.4,+24.7,+24.9,+24.8,+24.8,+27,ESTP,0,0,+0,+0,+0.0169,+0,+0.0414,+0,+0,+0,08:19:01 28.03.2020
11326,+25.6,+14.5,+20.9,+20.8,+20.8,+25.4,+24.7,+24.9,+24.8,+24.9,+27,ESTP,0,0,+0,+0,+0.0169,+0,+0.0414,+0,+0,+0,08:20:01 28.03.2020
11327,+25.5,+14.5,+20.9,+20.8,+20.8,+25.4,+24.7,+24.9,+24.8,+24.9,+27,ESTP,0,0,+0,+0,+0.0169,+0,+0.0414,+0,+0,+0,08:21:01 28.03.2020
11328,+25.5,+14.5,+20.9,+20.8,+20.8,+25.4,+24.7,+24.9,+24.8,+24.9,+27,ESTP,0,0,+0,+0,+0.0169,+0,+0.0414,+0,+0,+0,08:22:01 28.03.2020
11329,+25.5,+14.5,+20.9,+20.8,+20.8,+25.4,+24.7,+24.9,+24.8,+24.9,+27,ESTP,0,0,+0,+0,+0.0169,+0,+0.0414,+0,+0,+0,08:23:01 28.03.2020
11330,+25.5,+14.5,+20.9,+20.8,+20.8,+25.4,+24.7,+24.9,+24.8,+24.9,+27,ESTP,0,0,+0,+0,+0.0169,+0,+0.0414,+0,+0,+0,08:24:01 28.03.2020
11331,+25.6,+14.5,+20.9,+20.8,+20.8,+25.4,+24.7,+24.9,+24.8,+24.9,+27,ESTP,0,0,+0,+0,+0.0169,+0,+0.0414,+0,+0,+0,08:25:01 28.03.2020
11332,+25.6,+14.5,+20.9,+20.8,+20.8,+25.4,+24.7,+24.9,+24.8,+24.8,+27,ESTP,0,0,+0,+0,+0.0169,+0,+0.0414,+0,+0,+0,08:26:01 28.03.2020
11333,+25.6,+14.5,+20.9,+20.8,+20.8,+25.4,+24.7,+24.9,+24.8,+24.8,+27,ESTP,0,0,+0,+0,+0.0169,+0,+0.0414,+0,+0,+0,08:27:01 28.03.2020
11334,+25.6,+14.5,+20.9,+20.8,+20.8,+25.4,+24.7,+24.9,+24.8,+24.8,+27,ESTP,0,0,+0,+0,+0.0169,+0,+0.0414,+0,+0,+0,08:28:01 28.03.2020
11335,+25.6,+14.5,+20.9,+20.8,+20.8,+25.4,+24.7,+24.9,+24.8,+24.8,+27,ESTP,0,0,+0,+0,+0.0169,+0,+0.0414,+0,+0,+0,08:29:01 28.03.2020
11336,+25.6,+14.5,+20.9,+20.8,+20.8,+25.4,+24.7,+24.9,+24.8,+24.8,+27,ESTP,0,0,+0,+0,+0.0169,+0,+0.0414,+0,+0,+0,08:30:01 28.03.2020
11337,+25.6,+14.5,+20.9,+20.8,+20.8,+25.4,+24.7,+24.9,+24.8,+24.8,+27,ESTP,0,0,+0,+0,+0.0169,+0,+0.0414,+0,+0,+0,08:31:01 28.03.2020
11338,+25.6,+14.5,+20.9,+20.8,+20.8,+25.4,+24.7,+24.9,+24.8,+24.9,+27,ESTP,0,0,+0,+0,+0.0169,+0,+0.0414,+0,+0,+0,08:32:01 28.03.2020
11339,+25.6,+14.5,+20.9,+20.8,+20.8,+25.4,+24.7,+24.9,+24.8,+24.9,+27,ESTP,0,0,+0,+0,+0.0169,+0,+0.0414,+0,+0,+0,08:33:01 28.03.2020
11340,+25.6,+14.5,+20.9,+20.8,+20.8,+25.4,+24.7,+24.9,+24.8,+24.9,+27,ESTP,0,0,+0,+0,+0.0169,+0,+0.0414,+0,+0,+0,08:34:01 28.03.2020
11341,+25.6,+14.5,+20.9,+20.8,+20.8,+25.4,+24.7,+24.9,+24.9,+24.9,+27,ESTP,0,0,+0,+0,+0.0169,+0,+0.0414,+0,+0,+0,08:35:01 28.03.2020
11342,+25.6,+14.5,+20.9,+20.8,+20.8,+25.4,+24.7,+24.9,+24.8,+24.9,+27,ESTP,0,0,+0,+0,+0.0169,+0,+0.0414,+0,+0,+0,08:36:01 28.03.2020
11343,+25.6,+14.5,+20.9,+20.8,+20.8,+25.4,+24.7,+24.9,+24.8,+24.9,+27,ESTP,0,0,+0,+0,+0.0169,+0,+0.0414,+0,+0,+0,08:37:01 28.03.2020
11344,+25.6,+14.5,+20.9,+20.8,+20.8,+25.4,+24.7,+24.9,+24.8,+24.9,+27,ESTP,0,0,+0,+0,+0.0169,+0,+0.0414,+0,+0,+0,08:38:01 28.03.2020
11345,+25.6,+14.5,+20.9,+20.8,+20.8,+25.4,+24.7,+24.9,+24.8,+24.9,+27,ESTP,0,0,+0,+0,+0.0169,+0,+0.0414,+0,+0,+0,08:39:01 28.03.2020
11346,+25.6,+14.5,+20.9,+20.8,+20.8,+25.4,+24.7,+24.9,+24.8,+24.9,+27,ESTP,0,0,+0,+0,+0.0169,+0,+0.0414,+0,+0,+0,08:40:01 28.03.2020
11347,+25.6,+14.5,+20.9,+20.8,+20.8,+25.4,+24.7,+24.9,+24.8,+24.9,+27,ESTP,0,0,+0,+0,+0.0169,+0,+0.0414,+0,+0,+0,08:41:01 28.03.2020
11348,+25.6,+14.5,+20.9,+20.8,+20.8,+25.4,+24.7,+24.9,+24.8,+24.9,+27,ESTP,0,0,+0,+0,+0.0169,+0,+0.0414,+0,+0,+0,08:42:01 28.03.2020
11349,+25.6,+14.5,+20.9,+20.8,+20.8,+25.4,+24.7,+24.9,+24.8,+24.9,+27,ESTP,0,0,+0,+0,+0.0169,+0,+0.0414,+0,+0,+0,08:43:01 28.03.2020
11350,+25.6,+14.5,+20.9,+20.8,+20.8,+25.4,+24.7,+24.9,+24.8,+24.9,+27,ESTP,0,0,+0,+0,+0.0169,+0,+0.0414,+0,+0,+0,08:44:01 28.03.2020
11351,+25.6,+14.5,+20.9,+20.8,+20.8,+25.4,+24.7,+24.9,+24.8,+24.8,+27,ESTP,0,0,+0,+0,+0.0169,+0,+0.0414,+0,+0,+0,08:45:01 28.03.2020
11352,+25.6,+14.5,+20.9,+20.8,+20.8,+25.4,+24.7,+24.9,+24.8,+24.9,+27,ESTP,0,0,+0,+0,+0.0169,+0,+0.0414,+0,+0,+0,08:46:01 28.03.2020
11353,+25.6,+14.5,+20.9,+20.8,+20.8,+25.4,+24.7,+24.9,+24.8,+24.9,+27,ESTP,0,0,+0,+0,+0.0169,+0,+0.0414,+0,+0,+0,08:47:01 28.03.2020
11354,+25.6,+14.5,+20.9,+20.8,+20.8,+25.4,+24.7,+24.9,+24.9,+24.9,+27,ESTP,0,0,+0,+0,+0.0169,+0,+0.0414,+0,+0,+0,08:48:01 28.03.2020
11355,+25.6,+14.5,+20.9,+20.8,+20.8,+25.4,+24.7,+24.9,+24.9,+24.9,+27,ESTP,0,0,+0,+0,+0.0169,+0,+0.0414,+0,+0,+0,08:49:01 28.03.2020
11356,+25.6,+14.5,+20.9,+20.8,+20.8,+25.4,+24.7,+24.9,+24.9,+24.9,+27,ESTP,0,0,+0,+0,+0.0169,+0,+0.0414,+0,+0,+0,08:50:01 28.03.2020
11357,+25.6,+14.5,+20.9,+20.8,+20.8,+25.4,+24.7,+24.9,+24.8,+24.9,+27,ESTP,0,0,+0,+0,+0.0169,+0,+0.0414,+0,+0,+0,08:51:01 28.03.2020
11358,+25.6,+14.5,+20.9,+20.8,+20.8,+25.4,+24.7,+24.9,+24.8,+24.9,+27,ESTP,0,0,+0,+0,+0.0169,+0,+0.0414,+0,+0,+0,08:52:01 28.03.2020
11359,+25.5,+14.5,+20.9,+20.8,+20.8,+25.4,+24.7,+24.9,+24.9,+24.9,+27,ESTP,0,0,+0,+0,+0.0169,+0,+0.0414,+0,+0,+0,08:53:01 28.03.2020
11360,+25.5,+14.5,+20.9,+20.8,+20.8,+25.4,+24.7,+24.9,+24.8,+24.9,+27,ESTP,0,0,+0,+0,+0.0169,+0,+0.0414,+0,+0,+0,08:54:01 28.03.2020
11361,+25.6,+14.5,+20.9,+20.8,+20.8,+25.4,+24.7,+24.9,+24.8,+24.9,+27,ESTP,0,0,+0,+0,+0.0169,+0,+0.0414,+0,+0,+0,08:55:01 28.03.2020
11362,+25.6,+14.5,+20.9,+20.8,+20.8,+25.4,+24.7,+24.9,+24.8,+24.9,+27,ESTP,0,0,+0,+0,+0.0169,+0,+0.0414,+0,+0,+0,08:56:01 28.03.2020
11363,+25.6,+14.5,+20.9,+20.8,+20.8,+25.4,+24.7,+24.9,+24.8,+24.8,+27,ESTP,0,0,+0,+0,+0.0169,+0,+0.0414,+0,+0,+0,08:57:01 28.03.2020
11364,+25.6,+14.5,+20.9,+20.8,+20.8,+25.4,+24.7,+24.9,+24.8,+24.9,+27,ESTP,0,0,+0,+0,+0.0169,+0,+0.0414,+0,+0,+0,08:58:01 28.03.2020
11365,+25.6,+14.5,+20.9,+20.8,+20.8,+25.4,+24.7,+24.9,+24.8,+24.8,+27,ESTP,0,0,+0,+0,+0.0169,+0,+0.0414,+0,+0,+0,08:59:01 28.03.2020
11366,+25.7,+14.5,+20.9,+20.8,+20.8,+25.4,+24.7,+24.9,+24.8,+24.9,+27,ESTP,0,0,+0,+0,+0.0169,+0,+0.0414,+0,+0,+0,09:00:01 28.03.2020
11367,+25.7,+14.5,+20.9,+20.8,+20.8,+25.4,+24.7,+24.9,+24.8,+24.9,+27,ESTP,0,0,+0,+0,+0.0169,+0,+0.0414,+0,+0,+0,09:01:01 28.03.2020
11368,+25.7,+14.5,+20.9,+20.8,+20.8,+25.4,+24.7,+24.9,+24.8,+24.9,+27,ESTP,0,0,+0,+0,+0.0169,+0,+0.0414,+0,+0,+0,09:02:01 28.03.2020
11369,+25.6,+14.5,+20.9,+20.8,+20.8,+25.4,+24.7,+24.9,+24.8,+24.9,+27,ESTP,0,0,+0,+0,+0.0169,+0,+0.0414,+0,+0,+0,09:03:01 28.03.2020
11370,+25.6,+14.5,+20.9,+20.8,+20.8,+25.4,+24.7,+24.9,+24.9,+24.9,+27,ESTP,0,0,+0,+0,+0.0169,+0,+0.0414,+0,+0,+0,09:04:01 28.03.2020
11371,+25.6,+14.5,+20.9,+20.8,+20.8,+25.4,+24.7,+24.9,+24.9,+24.9,+27,ESTP,0,0,+0,+0,+0.0169,+0,+0.0414,+0,+0,+0,09:05:01 28.03.2020
11372,+25.6,+14.5,+20.9,+20.8,+20.8,+25.4,+24.7,+24.9,+24.9,+24.9,+27,ESTP,0,0,+0,+0,+0.0169,+0,+0.0414,+0,+0,+0,09:06:01 28.03.2020
11373,+25.6,+14.5,+20.9,+20.8,+20.8,+25.4,+24.7,+24.9,+24.9,+24.9,+27,ESTP,0,0,+0,+0,+0.0169,+0,+0.0414,+0,+0,+0,09:07:01 28.03.2020
11374,+25.6,+14.5,+20.9,+20.8,+20.8,+25.4,+24.7,+24.9,+24.9,+24.9,+27,ESTP,0,0,+0,+0,+0.0169,+0,+0.0414,+0,+0,+0,09:08:01 28.03.2020
11375,+25.6,+14.5,+20.9,+20.8,+20.8,+25.4,+24.7,+24.9,+24.9,+24.9,+27,ESTP,0,0,+0,+0,+0.0169,+0,+0.0414,+0,+0,+0,09:09:01 28.03.2020
11376,+25.6,+14.5,+20.9,+20.8,+20.8,+25.4,+24.7,+24.9,+24.8,+24.9,+27,ESTP,0,0,+0,+0,+0.0169,+0,+0.0414,+0,+0,+0,09:10:01 28.03.2020
11377,+25.6,+14.5,+20.9,+20.8,+20.8,+25.4,+24.7,+24.9,+24.9,+24.9,+27,ESTP,0,0,+0,+0,+0.0169,+0,+0.0414,+0,+0,+0,09:11:01 28.03.2020
11378,+25.6,+14.5,+20.9,+20.8,+20.8,+25.4,+24.7,+24.9,+24.9,+24.9,+27,ESTP,0,0,+0,+0,+0.0169,+0,+0.0414,+0,+0,+0,09:12:01 28.03.2020
11379,+25.6,+14.5,+20.9,+20.8,+20.8,+25.4,+24.7,+24.9,+24.8,+24.9,+27,ESTP,0,0,+0,+0,+0.0169,+0,+0.0414,+0,+0,+0,09:13:01 28.03.2020
11380,+25.6,+14.5,+20.9,+20.7,+20.8,+25.4,+24.7,+24.9,+24.8,+24.9,+27,ESTP,0,0,+0,+0,+0.0169,+0,+0.0414,+0,+0,+0,09:14:01 28.03.2020
11381,+25.7,+14.5,+20.9,+20.7,+20.8,+25.4,+24.7,+24.9,+24.9,+24.9,+27,ESTP,0,0,+0,+0,+0.0169,+0,+0.0414,+0,+0,+0,09:15:01 28.03.2020
11382,+25.7,+14.5,+20.9,+20.8,+20.8,+25.4,+24.7,+24.9,+24.9,+24.9,+27,ESTP,0,0,+0,+0,+0.0169,+0,+0.0414,+0,+0,+0,09:16:01 28.03.2020
11383,+25.6,+14.5,+20.9,+20.8,+20.8,+25.4,+24.7,+24.9,+24.9,+24.9,+27,ESTP,0,0,+0,+0,+0.0169,+0,+0.0414,+0,+0,+0,09:17:01 28.03.2020
11384,+25.6,+14.5,+20.9,+20.8,+20.8,+25.4,+24.7,+24.9,+24.9,+24.9,+27,ESTP,0,0,+0,+0,+0.0169,+0,+0.0414,+0,+0,+0,09:18:01 28.03.2020
11385,+25.6,+14.5,+20.9,+20.8,+20.8,+25.4,+24.7,+24.9,+24.9,+24.9,+27,ESTP,0,0,+0,+0,+0.0169,+0,+0.0414,+0,+0,+0,09:19:01 28.03.2020
11386,+25.6,+14.5,+20.9,+20.8,+20.8,+25.4,+24.7,+24.9,+24.9,+24.9,+27,ESTP,0,0,+0,+0,+0.0169,+0,+0.0414,+0,+0,+0,09:20:01 28.03.2020
11387,+25.6,+14.5,+20.9,+20.8,+20.8,+25.4,+24.7,+24.9,+24.9,+24.9,+27,ESTP,0,0,+0,+0,+0.0169,+0,+0.0414,+0,+0,+0,09:21:01 28.03.2020
11388,+25.6,+14.5,+20.9,+20.8,+20.8,+25.4,+24.7,+24.9,+24.9,+24.9,+27,ESTP,0,0,+0,+0,+0.0169,+0,+0.0414,+0,+0,+0,09:22:01 28.03.2020
11389,+25.6,+14.5,+20.9,+20.8,+20.8,+25.4,+24.7,+24.9,+24.9,+24.9,+27,ESTP,0,0,+0,+0,+0.0169,+0,+0.0414,+0,+0,+0,09:23:01 28.03.2020
11390,+25.6,+14.5,+20.9,+20.8,+20.8,+25.4,+24.7,+24.9,+24.9,+24.9,+27,ESTP,0,0,+0,+0,+0.0169,+0,+0.0414,+0,+0,+0,09:24:01 28.03.2020
11391,+25.6,+14.5,+20.9,+20.8,+20.8,+25.4,+24.7,+24.9,+24.9,+24.9,+27,ESTP,0,0,+0,+0,+0.0169,+0,+0.0414,+0,+0,+0,09:25:01 28.03.2020
11392,+25.6,+14.5,+20.9,+20.8,+20.8,+25.4,+24.7,+24.9,+24.8,+24.9,+27,ESTP,0,0,+0,+0,+0.0169,+0,+0.0414,+0,+0,+0,09:26:01 28.03.2020
11393,+25.6,+14.5,+20.9,+20.8,+20.8,+25.4,+24.7,+24.9,+24.9,+24.9,+27,ESTP,0,0,+0,+0,+0.0169,+0,+0.0414,+0,+0,+0,09:27:01 28.03.2020
11394,+25.7,+14.5,+20.9,+20.8,+20.8,+25.4,+24.7,+24.9,+24.9,+24.9,+27,ESTP,0,0,+0,+0,+0.0169,+0,+0.0414,+0,+0,+0,09:28:01 28.03.2020
11395,+25.7,+14.5,+20.9,+20.7,+20.8,+25.4,+24.7,+24.9,+24.9,+24.8,+27,ESTP,0,0,+0,+0,+0.0169,+0,+0.0414,+0,+0,+0,09:29:01 28.03.2020
11396,+25.7,+14.5,+20.9,+20.8,+20.8,+25.4,+24.7,+24.9,+24.9,+24.9,+27,ESTP,0,0,+0,+0,+0.0169,+0,+0.0414,+0,+0,+0,09:30:01 28.03.2020
11397,+25.7,+14.5,+20.9,+20.8,+20.8,+25.4,+24.7,+24.9,+24.9,+24.9,+27,ESTP,0,0,+0,+0,+0.0169,+0,+0.0414,+0,+0,+0,09:31:01 28.03.2020
11398,+25.7,+14.5,+20.9,+20.8,+20.8,+25.4,+24.7,+24.9,+24.9,+24.9,+27,ESTP,0,0,+0,+0,+0.0169,+0,+0.0414,+0,+0,+0,09:32:01 28.03.2020
11399,+25.6,+14.5,+20.9,+20.8,+20.8,+25.4,+24.7,+24.9,+24.9,+24.9,+27,ESTP,0,0,+0,+0,+0.0169,+0,+0.0414,+0,+0,+0,09:33:01 28.03.2020
11400,+25.6,+14.5,+20.9,+20.7,+20.8,+25.4,+24.7,+24.9,+24.9,+24.9,+27,ESTP,0,0,+0,+0,+0.0169,+0,+0.0414,+0,+0,+0,09:34:01 28.03.2020
11401,+25.6,+14.5,+20.9,+20.7,+20.8,+25.4,+24.7,+24.9,+24.9,+24.9,+27,ESTP,0,0,+0,+0,+0.0169,+0,+0.0414,+0,+0,+0,09:35:01 28.03.2020
11402,+25.6,+14.5,+20.9,+20.8,+20.8,+25.4,+24.7,+24.9,+24.9,+24.9,+27,ESTP,0,0,+0,+0,+0.0169,+0,+0.0414,+0,+0,+0,09:36:01 28.03.2020
11403,+25.6,+14.5,+20.9,+20.8,+20.8,+25.4,+24.7,+24.9,+24.9,+24.9,+27,ESTP,0,0,+0,+0,+0.0169,+0,+0.0414,+0,+0,+0,09:37:01 28.03.2020
11404,+25.6,+14.5,+20.9,+20.8,+20.8,+25.4,+24.7,+24.9,+24.9,+24.9,+27,ESTP,0,0,+0,+0,+0.0169,+0,+0.0414,+0,+0,+0,09:38:01 28.03.2020
11405,+25.6,+14.5,+20.9,+20.7,+20.8,+25.4,+24.7,+24.9,+24.9,+24.9,+27,ESTP,0,0,+0,+0,+0.0169,+0,+0.0414,+0,+0,+0,09:39:01 28.03.2020
11406,+25.6,+14.5,+20.9,+20.7,+20.8,+25.4,+24.7,+24.9,+24.9,+24.9,+27,ESTP,0,0,+0,+0,+0.0169,+0,+0.0414,+0,+0,+0,09:40:01 28.03.2020
11407,+25.6,+14.6,+20.9,+20.8,+20.8,+25.4,+24.7,+24.9,+24.9,+24.9,+27,ESTP,0,0,+0,+0,+0.0169,+0,+0.0414,+0,+0,+0,09:41:01 28.03.2020
11408,+25.6,+14.6,+20.9,+20.7,+20.8,+25.4,+24.7,+24.9,+24.9,+24.9,+27,ESTP,0,0,+0,+0,+0.0169,+0,+0.0414,+0,+0,+0,09:42:01 28.03.2020
11409,+25.7,+14.6,+20.9,+20.7,+20.8,+25.4,+24.7,+24.9,+24.9,+24.9,+27,ESTP,0,0,+0,+0,+0.0169,+0,+0.0414,+0,+0,+0,09:43:01 28.03.2020
11410,+25.7,+14.6,+20.9,+20.7,+20.8,+25.4,+24.7,+24.9,+24.9,+24.9,+27,ESTP,0,0,+0,+0,+0.0169,+0,+0.0414,+0,+0,+0,09:44:01 28.03.2020
11411,+25.7,+14.6,+20.9,+20.7,+20.8,+25.4,+24.7,+24.9,+24.9,+24.9,+27,ESTP,0,0,+0,+0,+0.0169,+0,+0.0414,+0,+0,+0,09:45:01 28.03.2020
11412,+25.7,+14.6,+20.9,+20.7,+20.8,+25.4,+24.7,+24.9,+24.9,+24.9,+27,ESTP,0,0,+0,+0,+0.0169,+0,+0.0414,+0,+0,+0,09:46:01 28.03.2020
11413,+25.7,+14.6,+20.9,+20.7,+20.8,+25.4,+24.7,+24.9,+24.9,+24.9,+27,ESTP,0,0,+0,+0,+0.0169,+0,+0.0414,+0,+0,+0,09:47:01 28.03.2020
11414,+25.6,+14.6,+20.9,+20.8,+20.8,+25.4,+24.7,+24.9,+24.9,+24.9,+27,ESTP,0,0,+0,+0,+0.0169,+0,+0.0414,+0,+0,+0,09:48:01 28.03.2020
11415,+25.6,+14.6,+20.9,+20.7,+20.8,+25.4,+24.7,+24.9,+24.9,+24.9,+27,ESTP,0,0,+0,+0,+0.0169,+0,+0.0414,+0,+0,+0,09:49:01 28.03.2020
11416,+25.6,+14.6,+20.9,+20.7,+20.8,+25.4,+24.7,+24.9,+24.9,+24.9,+27,ESTP,0,0,+0,+0,+0.0169,+0,+0.0414,+0,+0,+0,09:50:01 28.03.2020
11417,+25.6,+14.6,+20.9,+20.7,+20.8,+25.4,+24.7,+24.9,+24.9,+24.9,+27,ESTP,0,0,+0,+0,+0.0169,+0,+0.0414,+0,+0,+0,09:51:01 28.03.2020
11418,+25.6,+14.6,+20.9,+20.7,+20.8,+25.4,+24.7,+24.9,+24.9,+24.9,+27,ESTP,0,0,+0,+0,+0.0169,+0,+0.0414,+0,+0,+0,09:52:01 28.03.2020
11419,+25.6,+14.6,+20.9,+20.7,+20.8,+25.4,+24.7,+24.9,+24.9,+24.9,+27,ESTP,0,0,+0,+0,+0.0169,+0,+0.0414,+0,+0,+0,09:53:01 28.03.2020
11420,+25.6,+14.6,+20.9,+20.7,+20.8,+25.4,+24.7,+24.9,+24.9,+24.9,+27,ESTP,0,0,+0,+0,+0.0169,+0,+0.0414,+0,+0,+0,09:54:01 28.03.2020
11421,+25.6,+14.6,+20.9,+20.7,+20.8,+25.4,+24.7,+24.9,+24.9,+24.9,+27,ESTP,0,0,+0,+0,+0.0169,+0,+0.0414,+0,+0,+0,09:55:01 28.03.2020
11422,+25.6,+14.6,+20.9,+20.7,+20.8,+25.4,+24.7,+24.9,+24.9,+24.9,+27,ESTP,0,0,+0,+0,+0.0169,+0,+0.0414,+0,+0,+0,09:56:01 28.03.2020
11423,+25.7,+14.6,+20.9,+20.7,+20.8,+25.4,+24.7,+24.9,+24.9,+24.9,+27,ESTP,0,0,+0,+0,+0.0169,+0,+0.0414,+0,+0,+0,09:57:01 28.03.2020
11424,+25.7,+14.6,+20.9,+20.7,+20.8,+25.4,+24.7,+24.9,+24.9,+24.9,+27,ESTP,0,0,+0,+0,+0.0169,+0,+0.0414,+0,+0,+0,09:58:01 28.03.2020
11425,+25.7,+14.6,+20.9,+20.7,+20.8,+25.4,+24.7,+24.9,+24.9,+24.9,+27,ESTP,0,0,+0,+0,+0.0169,+0,+0.0414,+0,+0,+0,09:59:01 28.03.2020
11426,+25.7,+14.6,+20.9,+20.7,+20.8,+25.4,+24.7,+24.9,+24.9,+24.9,+27,ESTP,0,0,+0,+0,+0.0169,+0,+0.0414,+0,+0,+0,10:00:01 28.03.2020
11427,+25.7,+14.6,+20.9,+20.7,+20.8,+25.4,+24.7,+24.9,+24.9,+24.9,+27,ESTP,0,0,+0,+0,+0.0169,+0,+0.0414,+0,+0,+0,10:01:01 28.03.2020
11428,+25.7,+14.6,+20.9,+20.7,+20.8,+25.4,+24.7,+24.9,+24.9,+24.9,+27,ESTP,0,0,+0,+0,+0.0169,+0,+0.0414,+0,+0,+0,10:02:01 28.03.2020
11429,+25.7,+14.6,+20.9,+20.7,+20.8,+25.4,+24.7,+24.9,+24.9,+24.9,+27,ESTP,0,0,+0,+0,+0.0169,+0,+0.0414,+0,+0,+0,10:03:01 28.03.2020
11430,+25.7,+14.6,+20.9,+20.7,+20.8,+25.4,+24.7,+24.9,+24.9,+24.9,+27,ESTP,0,0,+0,+0,+0.0169,+0,+0.0414,+0,+0,+0,10:04:01 28.03.2020
11431,+25.6,+14.7,+20.9,+20.7,+20.8,+25.4,+24.7,+24.9,+24.9,+24.9,+27,ESTP,0,0,+0,+0,+0.0169,+0,+0.0414,+0,+0,+0,10:05:01 28.03.2020
11432,+25.6,+14.7,+20.9,+20.7,+20.8,+25.4,+24.7,+24.9,+24.9,+24.9,+27,ESTP,0,0,+0,+0,+0.0169,+0,+0.0414,+0,+0,+0,10:06:01 28.03.2020
11433,+25.6,+14.7,+20.9,+20.7,+20.8,+25.4,+24.7,+24.9,+24.9,+24.9,+27,ESTP,0,0,+0,+0,+0.0169,+0,+0.0414,+0,+0,+0,10:07:01 28.03.2020
11434,+25.6,+14.7,+20.9,+20.7,+20.8,+25.4,+24.7,+24.9,+24.9,+24.9,+27,ESTP,0,0,+0,+0,+0.0169,+0,+0.0414,+0,+0,+0,10:08:01 28.03.2020
11435,+25.6,+14.7,+20.9,+20.7,+20.8,+25.4,+24.7,+24.9,+24.9,+24.9,+27,ESTP,0,0,+0,+0,+0.0169,+0,+0.0414,+0,+0,+0,10:09:01 28.03.2020
11436,+25.6,+14.7,+20.9,+20.7,+20.8,+25.4,+24.7,+24.9,+24.9,+24.9,+27,ESTP,0,0,+0,+0,+0.0169,+0,+0.0414,+0,+0,+0,10:10:01 28.03.2020
11437,+25.6,+14.7,+20.9,+20.7,+20.8,+25.4,+24.7,+24.9,+24.9,+24.9,+27,ESTP,0,0,+0,+0,+0.0169,+0,+0.0414,+0,+0,+0,10:11:01 28.03.2020
11438,+25.6,+14.7,+20.9,+20.7,+20.8,+25.4,+24.7,+24.9,+24.9,+24.9,+27,ESTP,0,0,+0,+0,+0.0169,+0,+0.0414,+0,+0,+0,10:12:01 28.03.2020
11439,+25.7,+14.7,+20.9,+20.7,+20.8,+25.4,+24.7,+24.9,+24.9,+24.9,+27,ESTP,0,0,+0,+0,+0.0169,+0,+0.0414,+0,+0,+0,10:13:01 28.03.2020
11440,+25.7,+14.7,+20.9,+20.7,+20.8,+25.4,+24.7,+24.9,+24.9,+24.9,+27,ESTP,0,0,+0,+0,+0.0169,+0,+0.0414,+0,+0,+0,10:14:01 28.03.2020
11441,+25.7,+14.7,+20.9,+20.7,+20.8,+25.4,+24.7,+24.9,+24.9,+24.9,+27,ESTP,0,0,+0,+0,+0.0169,+0,+0.0414,+0,+0,+0,10:15:01 28.03.2020
11442,+25.7,+14.7,+20.9,+20.7,+20.8,+25.4,+24.7,+24.9,+24.9,+24.9,+27,ESTP,0,0,+0,+0,+0.0169,+0,+0.0414,+0,+0,+0,10:16:01 28.03.2020
11443,+25.7,+14.7,+20.9,+20.7,+20.8,+25.4,+24.7,+24.9,+24.9,+24.9,+27,ESTP,0,0,+0,+0,+0.0169,+0,+0.0414,+0,+0,+0,10:17:01 28.03.2020
11444,+25.7,+14.7,+20.9,+20.7,+20.8,+25.4,+24.7,+24.9,+24.9,+24.9,+27,ESTP,0,0,+0,+0,+0.0169,+0,+0.0414,+0,+0,+0,10:18:01 28.03.2020
11445,+25.7,+14.7,+20.9,+20.7,+20.8,+25.4,+24.7,+24.9,+24.9,+24.9,+27,ESTP,0,0,+0,+0,+0.0169,+0,+0.0414,+0,+0,+0,10:19:01 28.03.2020
11446,+25.6,+14.7,+20.9,+20.7,+20.8,+25.4,+24.7,+24.9,+24.9,+24.9,+27,ESTP,0,0,+0,+0,+0.0169,+0,+0.0414,+0,+0,+0,10:20:01 28.03.2020
11447,+25.6,+14.7,+20.9,+20.7,+20.8,+25.4,+24.7,+24.9,+24.9,+24.9,+27,ESTP,0,0,+0,+0,+0.0169,+0,+0.0414,+0,+0,+0,10:21:01 28.03.2020
11448,+25.6,+14.7,+20.9,+20.7,+20.8,+25.4,+24.7,+24.9,+24.9,+24.9,+27,ESTP,0,0,+0,+0,+0.0169,+0,+0.0414,+0,+0,+0,10:22:01 28.03.2020
11449,+25.6,+14.7,+20.9,+20.7,+20.8,+25.4,+24.7,+24.9,+24.9,+24.9,+27,ESTP,0,0,+0,+0,+0.0169,+0,+0.0414,+0,+0,+0,10:23:01 28.03.2020
11450,+25.6,+14.7,+20.9,+20.7,+20.8,+25.4,+24.8,+24.9,+24.9,+24.9,+27,ESTP,0,0,+0,+0,+0.0169,+0,+0.0414,+0,+0,+0,10:24:01 28.03.2020
11451,+25.6,+14.7,+20.9,+20.7,+20.8,+25.4,+24.8,+24.9,+24.9,+24.9,+27,ESTP,0,0,+0,+0,+0.0169,+0,+0.0414,+0,+0,+0,10:25:01 28.03.2020
11452,+25.6,+14.7,+20.9,+20.7,+20.8,+25.4,+24.7,+24.9,+24.9,+24.9,+27,ESTP,0,0,+0,+0,+0.0169,+0,+0.0414,+0,+0,+0,10:26:01 28.03.2020
11453,+25.6,+14.7,+20.9,+20.7,+20.8,+25.4,+24.7,+24.9,+24.9,+24.9,+27,ESTP,0,0,+0,+0,+0.0169,+0,+0.0414,+0,+0,+0,10:27:01 28.03.2020
11454,+25.7,+14.7,+20.9,+20.7,+20.8,+25.4,+24.8,+24.9,+24.9,+24.9,+27,ESTP,0,0,+0,+0,+0.0169,+0,+0.0414,+0,+0,+0,10:28:01 28.03.2020
11455,+25.7,+14.7,+20.9,+20.7,+20.8,+25.4,+24.8,+24.9,+24.9,+24.9,+27,ESTP,0,0,+0,+0,+0.0169,+0,+0.0414,+0,+0,+0,10:29:01 28.03.2020
11456,+25.7,+14.8,+20.9,+20.7,+20.8,+25.4,+24.8,+24.9,+24.9,+24.9,+27,ESTP,0,0,+0,+0,+0.0169,+0,+0.0414,+0,+0,+0,10:30:01 28.03.2020
11457,+25.7,+14.7,+20.9,+20.7,+20.8,+25.4,+24.8,+24.9,+24.9,+24.9,+27,ESTP,0,0,+0,+0,+0.0169,+0,+0.0414,+0,+0,+0,10:31:01 28.03.2020
11458,+25.7,+14.7,+20.9,+20.7,+20.8,+25.4,+24.8,+24.9,+24.9,+24.9,+27,ESTP,0,0,+0,+0,+0.0169,+0,+0.0414,+0,+0,+0,10:32:01 28.03.2020
11459,+25.7,+14.7,+20.9,+20.7,+20.8,+25.4,+24.7,+24.9,+24.9,+24.9,+27,ESTP,0,0,+0,+0,+0.0169,+0,+0.0414,+0,+0,+0,10:33:01 28.03.2020
11460,+25.7,+14.7,+20.9,+20.7,+20.8,+25.4,+24.7,+24.9,+24.9,+24.9,+27,ESTP,0,0,+0,+0,+0.0169,+0,+0.0414,+0,+0,+0,10:34:01 28.03.2020
11461,+25.6,+14.8,+20.9,+20.7,+20.8,+25.4,+24.8,+24.9,+24.9,+24.9,+27,ESTP,0,0,+0,+0,+0.0169,+0,+0.0414,+0,+0,+0,10:35:01 28.03.2020
11462,+25.6,+14.8,+20.9,+20.7,+20.8,+25.4,+24.8,+24.9,+24.9,+24.9,+27,ESTP,0,0,+0,+0,+0.0169,+0,+0.0414,+0,+0,+0,10:36:01 28.03.2020
11463,+25.6,+14.8,+20.9,+20.7,+20.8,+25.4,+24.8,+24.9,+24.9,+24.9,+27,ESTP,0,0,+0,+0,+0.0169,+0,+0.0414,+0,+0,+0,10:37:01 28.03.2020
11464,+25.6,+14.8,+20.9,+20.7,+20.8,+25.4,+24.8,+24.9,+24.9,+24.9,+27,ESTP,0,0,+0,+0,+0.0169,+0,+0.0414,+0,+0,+0,10:38:01 28.03.2020
11465,+25.6,+14.8,+20.9,+20.7,+20.8,+25.4,+24.8,+24.9,+24.9,+24.9,+27,ESTP,0,0,+0,+0,+0.0169,+0,+0.0414,+0,+0,+0,10:39:01 28.03.2020
11466,+25.6,+14.8,+20.9,+20.7,+20.8,+25.4,+24.8,+24.9,+24.9,+24.9,+27,ESTP,0,0,+0,+0,+0.0169,+0,+0.0414,+0,+0,+0,10:40:01 28.03.2020
11467,+25.7,+14.8,+20.9,+20.7,+20.8,+25.4,+24.8,+24.9,+24.9,+24.9,+27,ESTP,0,0,+0,+0,+0.0169,+0,+0.0414,+0,+0,+0,10:41:01 28.03.2020
11468,+25.7,+14.8,+20.9,+20.7,+20.8,+25.4,+24.8,+24.9,+24.9,+24.9,+27,ESTP,0,0,+0,+0,+0.0169,+0,+0.0414,+0,+0,+0,10:42:01 28.03.2020
11469,+25.7,+14.8,+20.9,+20.7,+20.8,+25.4,+24.8,+24.9,+24.9,+24.9,+27,ESTP,0,0,+0,+0,+0.0169,+0,+0.0414,+0,+0,+0,10:43:01 28.03.2020
11470,+25.7,+14.8,+20.9,+20.7,+20.8,+25.4,+24.8,+24.9,+24.9,+24.9,+27,ESTP,0,0,+0,+0,+0.0169,+0,+0.0414,+0,+0,+0,10:44:01 28.03.2020
11471,+25.7,+14.8,+20.9,+20.7,+20.8,+25.4,+24.8,+24.9,+24.9,+24.9,+27,ESTP,0,0,+0,+0,+0.0169,+0,+0.0414,+0,+0,+0,10:45:01 28.03.2020
11472,+25.7,+14.8,+20.9,+20.7,+20.8,+25.4,+24.8,+24.9,+24.9,+24.9,+27,ESTP,0,0,+0,+0,+0.0169,+0,+0.0414,+0,+0,+0,10:46:01 28.03.2020
11473,+25.7,+14.8,+20.9,+20.7,+20.8,+25.4,+24.8,+24.9,+24.9,+24.9,+27,ESTP,0,0,+0,+0,+0.0169,+0,+0.0414,+0,+0,+0,10:47:01 28.03.2020
11474,+25.7,+14.8,+20.9,+20.7,+20.8,+25.4,+24.8,+24.9,+24.9,+24.9,+27,ESTP,0,0,+0,+0,+0.0169,+0,+0.0414,+0,+0,+0,10:48:01 28.03.2020
11475,+25.7,+14.9,+20.9,+20.7,+20.8,+25.4,+24.8,+24.9,+24.9,+24.9,+27,ESTP,0,0,+0,+0,+0.0169,+0,+0.0414,+0,+0,+0,10:49:01 28.03.2020
11476,+25.6,+14.9,+20.9,+20.7,+20.8,+25.4,+24.8,+24.9,+24.9,+24.9,+27,ESTP,0,0,+0,+0,+0.0169,+0,+0.0414,+0,+0,+0,10:50:01 28.03.2020
11477,+25.6,+14.9,+20.9,+20.7,+20.8,+25.4,+24.8,+24.9,+24.9,+24.9,+27,ESTP,0,0,+0,+0,+0.0169,+0,+0.0414,+0,+0,+0,10:51:01 28.03.2020
11478,+25.6,+14.9,+20.9,+20.7,+20.8,+25.4,+24.8,+24.9,+24.9,+24.9,+27,ESTP,0,0,+0,+0,+0.0169,+0,+0.0414,+0,+0,+0,10:52:01 28.03.2020
11479,+25.6,+14.9,+20.9,+20.7,+20.8,+25.4,+24.8,+24.9,+24.9,+24.9,+27,ESTP,0,0,+0,+0,+0.0169,+0,+0.0414,+0,+0,+0,10:53:01 28.03.2020
11480,+25.6,+14.9,+20.9,+20.7,+20.8,+25.4,+24.8,+24.9,+24.9,+24.9,+27,ESTP,0,0,+0,+0,+0.0169,+0,+0.0414,+0,+0,+0,10:54:01 28.03.2020
11481,+25.7,+14.9,+20.9,+20.7,+20.8,+25.4,+24.8,+24.9,+24.9,+24.9,+27,ESTP,0,0,+0,+0,+0.0169,+0,+0.0414,+0,+0,+0,10:55:01 28.03.2020
11482,+25.7,+14.9,+20.9,+20.7,+20.8,+25.4,+24.8,+24.9,+24.9,+24.9,+27,ESTP,0,0,+0,+0,+0.0169,+0,+0.0414,+0,+0,+0,10:56:01 28.03.2020
11483,+25.7,+14.9,+20.9,+20.7,+20.8,+25.4,+24.8,+24.9,+24.9,+24.9,+27,ESTP,0,0,+0,+0,+0.0169,+0,+0.0414,+0,+0,+0,10:57:01 28.03.2020
11484,+25.8,+14.9,+20.9,+20.7,+20.8,+25.4,+24.8,+24.9,+24.9,+24.9,+27,ESTP,0,0,+0,+0,+0.0169,+0,+0.0414,+0,+0,+0,10:58:01 28.03.2020
11485,+25.7,+14.9,+20.9,+20.7,+20.8,+25.4,+24.8,+24.9,+24.9,+24.9,+27,ESTP,0,0,+0,+0,+0.0169,+0,+0.0414,+0,+0,+0,10:59:01 28.03.2020
11486,+25.7,+14.9,+20.9,+20.7,+20.8,+25.4,+24.8,+24.9,+24.9,+24.9,+27,ESTP,0,0,+0,+0,+0.0169,+0,+0.0414,+0,+0,+0,11:00:01 28.03.2020
11487,+25.7,+14.9,+20.9,+20.7,+20.8,+25.4,+24.8,+24.9,+24.9,+24.9,+27,ESTP,0,0,+0,+0,+0.0169,+0,+0.0414,+0,+0,+0,11:01:01 28.03.2020
11488,+25.7,+14.9,+20.9,+20.7,+20.8,+25.4,+24.8,+24.9,+24.9,+24.9,+27,ESTP,0,0,+0,+0,+0.0169,+0,+0.0414,+0,+0,+0,11:02:01 28.03.2020
11489,+25.7,+14.9,+20.9,+20.7,+20.8,+25.4,+24.8,+24.9,+24.9,+24.9,+27,ESTP,0,0,+0,+0,+0.0169,+0,+0.0414,+0,+0,+0,11:03:01 28.03.2020
11490,+25.7,+15,+20.9,+20.7,+20.8,+25.4,+24.8,+24.9,+24.9,+24.9,+27,ESTP,0,0,+0,+0,+0.0169,+0,+0.0414,+0,+0,+0,11:04:01 28.03.2020
11491,+25.7,+15,+20.9,+20.7,+20.8,+25.4,+24.8,+24.9,+24.9,+24.9,+27,ESTP,0,0,+0,+0,+0.0169,+0,+0.0414,+0,+0,+0,11:05:01 28.03.2020
11492,+25.7,+15,+20.9,+20.7,+20.8,+25.4,+24.8,+24.9,+24.9,+24.9,+27,ESTP,0,0,+0,+0,+0.0169,+0,+0.0414,+0,+0,+0,11:06:01 28.03.2020
11493,+25.7,+15,+20.9,+20.7,+20.8,+25.4,+24.8,+24.9,+24.9,+24.9,+27,ESTP,0,0,+0,+0,+0.0169,+0,+0.0414,+0,+0,+0,11:07:01 28.03.2020
11494,+25.7,+15,+20.9,+20.7,+20.8,+25.4,+24.8,+24.9,+24.9,+24.9,+27,ESTP,0,0,+0,+0,+0.0169,+0,+0.0414,+0,+0,+0,11:08:01 28.03.2020
11495,+25.7,+15,+20.9,+20.7,+20.8,+25.4,+24.8,+24.9,+24.9,+24.9,+27,ESTP,0,0,+0,+0,+0.0169,+0,+0.0414,+0,+0,+0,11:09:01 28.03.2020
11496,+25.7,+15,+20.9,+20.7,+20.8,+25.4,+24.8,+24.9,+24.9,+24.9,+27,ESTP,0,0,+0,+0,+0.0169,+0,+0.0414,+0,+0,+0,11:10:01 28.03.2020
11497,+25.7,+15,+20.9,+20.7,+20.8,+25.4,+24.8,+24.9,+24.9,+24.9,+27,ESTP,0,0,+0,+0,+0.0169,+0,+0.0414,+0,+0,+0,11:11:01 28.03.2020
11498,+25.8,+15,+20.9,+20.7,+20.8,+25.4,+24.8,+24.9,+24.9,+24.9,+27,ESTP,0,0,+0,+0,+0.0169,+0,+0.0414,+0,+0,+0,11:12:01 28.03.2020
11499,+25.8,+15,+20.9,+20.7,+20.8,+25.4,+24.8,+24.9,+24.9,+24.9,+27,ESTP,0,0,+0,+0,+0.0169,+0,+0.0414,+0,+0,+0,11:13:01 28.03.2020
11500,+25.8,+15,+20.9,+20.7,+20.8,+25.4,+24.8,+24.9,+24.9,+24.9,+27,ESTP,0,0,+0,+0,+0.0169,+0,+0.0414,+0,+0,+0,11:14:01 28.03.2020
11501,+25.8,+15,+20.9,+20.7,+20.8,+25.4,+24.8,+24.9,+24.9,+24.9,+27,ESTP,0,0,+0,+0,+0.0169,+0,+0.0414,+0,+0,+0,11:15:01 28.03.2020
11502,+25.8,+15,+20.9,+20.7,+20.8,+25.4,+24.8,+24.9,+24.9,+24.9,+27,ESTP,0,0,+0,+0,+0.0169,+0,+0.0414,+0,+0,+0,11:16:01 28.03.2020
11503,+25.7,+15,+20.9,+20.7,+20.8,+25.4,+24.8,+24.9,+24.9,+24.9,+27,ESTP,0,0,+0,+0,+0.0169,+0,+0.0414,+0,+0,+0,11:17:01 28.03.2020
11504,+25.7,+15,+20.9,+20.7,+20.8,+25.4,+24.8,+24.9,+24.9,+24.9,+27,ESTP,0,0,+0,+0,+0.0169,+0,+0.0414,+0,+0,+0,11:18:01 28.03.2020
11505,+25.7,+15,+20.9,+20.7,+20.8,+25.4,+24.8,+24.9,+24.9,+24.9,+27,ESTP,0,0,+0,+0,+0.0169,+0,+0.0414,+0,+0,+0,11:19:01 28.03.2020
11506,+25.7,+15,+20.9,+20.7,+20.8,+25.4,+24.8,+24.9,+24.9,+24.9,+27,ESTP,0,0,+0,+0,+0.0169,+0,+0.0414,+0,+0,+0,11:20:01 28.03.2020
11507,+25.7,+15.1,+20.9,+20.7,+20.8,+25.4,+24.8,+24.9,+24.9,+24.9,+27,ESTP,0,0,+0,+0,+0.0169,+0,+0.0414,+0,+0,+0,11:21:01 28.03.2020
11508,+25.7,+15.1,+20.9,+20.7,+20.8,+25.4,+24.8,+24.9,+24.9,+24.9,+27,ESTP,0,0,+0,+0,+0.0169,+0,+0.0414,+0,+0,+0,11:22:01 28.03.2020
11509,+25.7,+15.1,+20.9,+20.7,+20.8,+25.4,+24.8,+24.9,+24.9,+24.9,+27,ESTP,0,0,+0,+0,+0.0169,+0,+0.0414,+0,+0,+0,11:23:01 28.03.2020
11510,+25.7,+15.1,+20.9,+20.7,+20.8,+25.4,+24.8,+24.9,+24.9,+24.9,+27,ESTP,0,0,+0,+0,+0.0169,+0,+0.0414,+0,+0,+0,11:24:01 28.03.2020
11511,+25.7,+15.1,+20.9,+20.7,+20.8,+25.4,+24.8,+24.9,+24.9,+24.9,+27,ESTP,0,0,+0,+0,+0.0169,+0,+0.0414,+0,+0,+0,11:25:01 28.03.2020
11512,+25.7,+15.1,+20.9,+20.7,+20.8,+25.4,+24.8,+24.9,+24.9,+24.9,+27,ESTP,0,0,+0,+0,+0.0169,+0,+0.0414,+0,+0,+0,11:26:01 28.03.2020
11513,+25.7,+15.1,+20.9,+20.7,+20.8,+25.4,+24.8,+24.9,+24.9,+24.9,+27,ESTP,0,0,+0,+0,+0.0169,+0,+0.0414,+0,+0,+0,11:27:01 28.03.2020
11514,+25.8,+15.1,+20.9,+20.7,+20.8,+25.4,+24.8,+24.9,+24.9,+24.9,+27,ESTP,0,0,+0,+0,+0.0169,+0,+0.0414,+0,+0,+0,11:28:01 28.03.2020
11515,+25.8,+15.1,+20.9,+20.7,+20.8,+25.4,+24.8,+24.9,+24.9,+24.9,+27,ESTP,0,0,+0,+0,+0.0169,+0,+0.0414,+0,+0,+0,11:29:01 28.03.2020
11516,+25.8,+15.1,+20.9,+20.7,+20.8,+25.4,+24.8,+24.9,+24.9,+24.9,+27,ESTP,0,0,+0,+0,+0.0169,+0,+0.0414,+0,+0,+0,11:30:01 28.03.2020
11517,+25.8,+15.1,+20.9,+20.7,+20.8,+25.4,+24.8,+24.9,+24.9,+24.9,+27,ESTP,0,0,+0,+0,+0.0169,+0,+0.0414,+0,+0,+0,11:31:01 28.03.2020
11518,+25.8,+15.1,+20.9,+20.7,+20.8,+25.4,+24.8,+24.9,+24.9,+24.9,+27,ESTP,0,0,+0,+0,+0.0169,+0,+0.0414,+0,+0,+0,11:32:01 28.03.2020
11519,+25.7,+15.1,+20.9,+20.7,+20.8,+25.4,+24.8,+24.9,+24.9,+24.9,+27,ESTP,0,0,+0,+0,+0.0169,+0,+0.0414,+0,+0,+0,11:33:01 28.03.2020
11520,+25.7,+15.1,+20.9,+20.7,+20.8,+25.4,+24.8,+24.9,+24.9,+24.9,+27,ESTP,0,0,+0,+0,+0.0169,+0,+0.0414,+0,+0,+0,11:34:01 28.03.2020
11521,+25.7,+15.1,+20.9,+20.7,+20.8,+25.4,+24.8,+24.9,+24.9,+24.9,+27,ESTP,0,0,+0,+0,+0.0169,+0,+0.0414,+0,+0,+0,11:35:01 28.03.2020
11522,+25.7,+15.2,+20.9,+20.7,+20.8,+25.4,+24.8,+24.9,+24.9,+24.9,+27,ESTP,0,0,+0,+0,+0.0169,+0,+0.0414,+0,+0,+0,11:36:01 28.03.2020
11523,+25.7,+15.2,+20.9,+20.7,+20.8,+25.4,+24.8,+24.9,+24.9,+24.9,+27,ESTP,0,0,+0,+0,+0.0169,+0,+0.0414,+0,+0,+0,11:37:01 28.03.2020
11524,+25.7,+15.2,+20.9,+20.7,+20.8,+25.4,+24.8,+24.9,+24.9,+24.9,+27,ESTP,0,0,+0,+0,+0.0169,+0,+0.0414,+0,+0,+0,11:38:01 28.03.2020
11525,+25.7,+15.2,+20.9,+20.7,+20.8,+25.4,+24.8,+24.9,+24.9,+24.9,+27,ESTP,0,0,+0,+0,+0.0169,+0,+0.0414,+0,+0,+0,11:39:01 28.03.2020
11526,+25.7,+15.2,+20.9,+20.7,+20.8,+25.4,+24.8,+24.9,+24.9,+24.9,+27,ESTP,0,0,+0,+0,+0.0169,+0,+0.0414,+0,+0,+0,11:40:01 28.03.2020
11527,+25.8,+15.2,+20.9,+20.7,+20.8,+25.4,+24.8,+24.9,+24.9,+24.9,+27,ESTP,0,0,+0,+0,+0.0169,+0,+0.0414,+0,+0,+0,11:41:01 28.03.2020
11528,+25.8,+15.2,+20.9,+20.7,+20.8,+25.4,+24.8,+24.9,+24.9,+24.9,+27,ESTP,0,0,+0,+0,+0.0169,+0,+0.0414,+0,+0,+0,11:42:01 28.03.2020
11529,+25.8,+15.2,+20.9,+20.7,+20.8,+25.4,+24.8,+24.9,+24.9,+24.9,+27,ESTP,0,0,+0,+0,+0.0169,+0,+0.0414,+0,+0,+0,11:43:01 28.03.2020
11530,+25.8,+15.2,+20.9,+20.7,+20.8,+25.4,+24.8,+24.9,+24.9,+24.9,+27,ESTP,0,0,+0,+0,+0.0169,+0,+0.0414,+0,+0,+0,11:44:01 28.03.2020
11531,+25.8,+15.2,+20.9,+20.7,+20.8,+25.4,+24.8,+24.9,+24.9,+24.9,+27,ESTP,0,0,+0,+0,+0.0169,+0,+0.0414,+0,+0,+0,11:45:01 28.03.2020
11532,+25.8,+15.2,+20.9,+20.7,+20.8,+25.4,+24.8,+24.9,+24.9,+24.9,+27,ESTP,0,0,+0,+0,+0.0169,+0,+0.0414,+0,+0,+0,11:46:01 28.03.2020
11533,+25.7,+15.2,+20.9,+20.7,+20.8,+25.4,+24.8,+25,+24.9,+24.9,+27,ESTP,0,0,+0,+0,+0.0169,+0,+0.0414,+0,+0,+0,11:47:01 28.03.2020
11534,+25.7,+15.2,+20.9,+20.7,+20.8,+25.4,+24.8,+24.9,+24.9,+24.9,+27,ESTP,0,0,+0,+0,+0.0169,+0,+0.0414,+0,+0,+0,11:48:01 28.03.2020
11535,+25.7,+15.2,+20.9,+20.7,+20.8,+25.4,+24.8,+24.9,+24.9,+24.9,+27,ESTP,0,0,+0,+0,+0.0169,+0,+0.0414,+0,+0,+0,11:49:01 28.03.2020
11536,+25.7,+15.2,+20.9,+20.7,+20.8,+25.4,+24.8,+24.9,+24.9,+24.9,+27,ESTP,0,0,+0,+0,+0.0169,+0,+0.0414,+0,+0,+0,11:50:01 28.03.2020
11537,+25.7,+15.2,+20.9,+20.7,+20.8,+25.4,+24.8,+24.9,+24.9,+24.9,+27,ESTP,0,0,+0,+0,+0.0169,+0,+0.0414,+0,+0,+0,11:51:01 28.03.2020
11538,+25.7,+15.3,+20.9,+20.7,+20.8,+25.4,+24.8,+25,+24.9,+24.9,+27,ESTP,0,0,+0,+0,+0.0169,+0,+0.0414,+0,+0,+0,11:52:01 28.03.2020
11539,+25.7,+15.3,+20.9,+20.7,+20.8,+25.4,+24.8,+25,+24.9,+24.9,+27,ESTP,0,0,+0,+0,+0.0169,+0,+0.0414,+0,+0,+0,11:53:01 28.03.2020
11540,+25.7,+15.3,+20.9,+20.7,+20.8,+25.4,+24.8,+25,+24.9,+24.9,+27,ESTP,0,0,+0,+0,+0.0169,+0,+0.0414,+0,+0,+0,11:54:01 28.03.2020
11541,+25.7,+15.3,+20.9,+20.7,+20.8,+25.4,+24.8,+24.9,+24.9,+24.9,+27,ESTP,0,0,+0,+0,+0.0169,+0,+0.0414,+0,+0,+0,11:55:01 28.03.2020
11542,+25.7,+15.3,+20.9,+20.7,+20.8,+25.4,+24.8,+24.9,+24.9,+24.9,+27,ESTP,0,0,+0,+0,+0.0169,+0,+0.0414,+0,+0,+0,11:56:01 28.03.2020
11543,+25.8,+15.3,+20.9,+20.7,+20.8,+25.4,+24.8,+24.9,+24.9,+24.9,+27,ESTP,0,0,+0,+0,+0.0169,+0,+0.0414,+0,+0,+0,11:57:01 28.03.2020
11544,+25.8,+15.3,+20.9,+20.7,+20.8,+25.4,+24.8,+24.9,+24.9,+24.9,+27,ESTP,0,0,+0,+0,+0.0169,+0,+0.0414,+0,+0,+0,11:58:01 28.03.2020
11545,+25.8,+15.3,+20.9,+20.7,+20.8,+25.4,+24.8,+24.9,+24.9,+24.9,+27,ESTP,0,0,+0,+0,+0.0169,+0,+0.0414,+0,+0,+0,11:59:01 28.03.2020
11546,+25.8,+15.3,+20.9,+20.7,+20.8,+25.4,+24.8,+25,+24.9,+24.9,+27,ESTP,0,0,+0,+0,+0.0169,+0,+0.0414,+0,+0,+0,12:00:01 28.03.2020
11547,+25.8,+15.3,+20.9,+20.7,+20.8,+25.4,+24.8,+24.9,+24.9,+24.9,+27,ESTP,0,0,+0,+0,+0.0169,+0,+0.0414,+0,+0,+0,12:01:01 28.03.2020
11548,+25.8,+15.3,+20.9,+20.7,+20.8,+25.4,+24.8,+25,+24.9,+24.9,+27,ESTP,0,0,+0,+0,+0.0169,+0,+0.0414,+0,+0,+0,12:02:01 28.03.2020
11549,+25.8,+15.4,+20.9,+20.7,+20.8,+25.4,+24.8,+25,+24.9,+24.9,+27,ESTP,0,0,+0,+0,+0.0169,+0,+0.0414,+0,+0,+0,12:03:01 28.03.2020
11550,+25.8,+15.4,+20.9,+20.7,+20.8,+25.4,+24.8,+25,+24.9,+24.9,+27,ESTP,0,0,+0,+0,+0.0169,+0,+0.0414,+0,+0,+0,12:04:01 28.03.2020
11551,+25.8,+15.4,+20.9,+20.7,+20.8,+25.4,+24.8,+25,+24.9,+24.9,+27,ESTP,0,0,+0,+0,+0.0169,+0,+0.0414,+0,+0,+0,12:05:01 28.03.2020
11552,+25.8,+15.4,+20.9,+20.7,+20.8,+25.4,+24.8,+25,+24.9,+24.9,+27,ESTP,0,0,+0,+0,+0.0169,+0,+0.0414,+0,+0,+0,12:06:01 28.03.2020
11553,+25.8,+15.4,+20.9,+20.7,+20.8,+25.4,+24.8,+25,+24.9,+24.9,+27,ESTP,0,0,+0,+0,+0.0169,+0,+0.0414,+0,+0,+0,12:07:01 28.03.2020
11554,+25.7,+15.4,+20.9,+20.7,+20.8,+25.4,+24.8,+25,+24.9,+24.9,+27,ESTP,0,0,+0,+0,+0.0169,+0,+0.0414,+0,+0,+0,12:08:01 28.03.2020
11555,+25.7,+15.4,+20.9,+20.7,+20.8,+25.4,+24.8,+25,+24.9,+24.9,+27,ESTP,0,0,+0,+0,+0.0169,+0,+0.0414,+0,+0,+0,12:09:01 28.03.2020
11556,+25.7,+15.4,+20.9,+20.7,+20.8,+25.4,+24.8,+25,+24.9,+24.9,+27,ESTP,0,0,+0,+0,+0.0169,+0,+0.0414,+0,+0,+0,12:10:01 28.03.2020
11557,+25.7,+15.4,+20.9,+20.7,+20.8,+25.4,+24.8,+25,+24.9,+24.9,+27,ESTP,0,0,+0,+0,+0.0169,+0,+0.0414,+0,+0,+0,12:11:01 28.03.2020
11558,+25.7,+15.4,+20.9,+20.7,+20.8,+25.4,+24.8,+25,+24.9,+24.9,+27,ESTP,0,0,+0,+0,+0.0169,+0,+0.0414,+0,+0,+0,12:12:01 28.03.2020
11559,+25.7,+15.5,+20.9,+20.7,+20.8,+25.4,+24.8,+25,+24.9,+24.9,+27,ESTP,0,0,+0,+0,+0.0169,+0,+0.0414,+0,+0,+0,12:13:01 28.03.2020
11560,+25.7,+15.5,+20.9,+20.7,+20.8,+25.4,+24.8,+25,+24.9,+24.9,+27,ESTP,0,0,+0,+0,+0.0169,+0,+0.0414,+0,+0,+0,12:14:01 28.03.2020
11561,+25.7,+15.5,+20.9,+20.7,+20.8,+25.4,+24.8,+25,+24.9,+24.9,+27,ESTP,0,0,+0,+0,+0.0169,+0,+0.0414,+0,+0,+0,12:15:01 28.03.2020
11562,+25.8,+15.5,+20.9,+20.7,+20.8,+25.4,+24.8,+25,+24.9,+24.9,+27,ESTP,0,0,+0,+0,+0.0169,+0,+0.0414,+0,+0,+0,12:16:01 28.03.2020
11563,+25.8,+15.5,+20.9,+20.7,+20.8,+25.4,+24.8,+25,+24.9,+24.9,+27,ESTP,0,0,+0,+0,+0.0169,+0,+0.0414,+0,+0,+0,12:17:01 28.03.2020
11564,+25.9,+15.5,+20.9,+20.7,+20.8,+25.4,+24.8,+25,+24.9,+24.9,+27,ESTP,0,0,+0,+0,+0.0169,+0,+0.0414,+0,+0,+0,12:18:01 28.03.2020
11565,+25.8,+15.5,+20.9,+20.7,+20.8,+25.4,+24.8,+25,+24.9,+24.9,+27,ESTP,0,0,+0,+0,+0.0169,+0,+0.0414,+0,+0,+0,12:19:01 28.03.2020
11566,+25.8,+15.5,+20.9,+20.7,+20.8,+25.4,+24.8,+25,+24.9,+24.9,+27,ESTP,0,0,+0,+0,+0.0169,+0,+0.0414,+0,+0,+0,12:20:01 28.03.2020
11567,+25.8,+15.5,+20.9,+20.7,+20.8,+25.4,+24.8,+25,+24.9,+24.9,+27,ESTP,0,0,+0,+0,+0.0169,+0,+0.0414,+0,+0,+0,12:21:01 28.03.2020
11568,+25.8,+15.5,+20.9,+20.7,+20.8,+25.4,+24.8,+25,+24.9,+24.9,+27,ESTP,0,0,+0,+0,+0.0169,+0,+0.0414,+0,+0,+0,12:22:01 28.03.2020
11569,+25.8,+15.5,+20.9,+20.7,+20.8,+25.4,+24.8,+25,+24.9,+24.9,+27,ESTP,0,0,+0,+0,+0.0169,+0,+0.0414,+0,+0,+0,12:23:01 28.03.2020
11570,+25.8,+15.5,+20.9,+20.7,+20.8,+25.4,+24.8,+25,+24.9,+24.9,+27,ESTP,0,0,+0,+0,+0.0169,+0,+0.0414,+0,+0,+0,12:24:01 28.03.2020
11571,+25.8,+15.5,+20.9,+20.7,+20.8,+25.4,+24.8,+25,+24.9,+24.9,+27,ESTP,0,0,+0,+0,+0.0169,+0,+0.0414,+0,+0,+0,12:25:01 28.03.2020
11572,+25.8,+15.6,+20.9,+20.7,+20.8,+25.4,+24.8,+25,+24.9,+24.9,+27,ESTP,0,0,+0,+0,+0.0169,+0,+0.0414,+0,+0,+0,12:26:01 28.03.2020
11573,+25.8,+15.6,+20.9,+20.7,+20.8,+25.4,+24.8,+25,+24.9,+24.9,+27,ESTP,0,0,+0,+0,+0.0169,+0,+0.0414,+0,+0,+0,12:27:01 28.03.2020
11574,+25.8,+15.6,+20.9,+20.7,+20.8,+25.4,+24.8,+25,+24.9,+24.9,+27,ESTP,0,0,+0,+0,+0.0169,+0,+0.0414,+0,+0,+0,12:28:01 28.03.2020
11575,+25.7,+15.6,+20.9,+20.7,+20.8,+25.4,+24.8,+25,+24.9,+24.9,+27,ESTP,0,0,+0,+0,+0.0169,+0,+0.0414,+0,+0,+0,12:29:01 28.03.2020
11576,+25.7,+15.6,+20.9,+20.7,+20.8,+25.4,+24.8,+25,+24.9,+24.9,+27,ESTP,0,0,+0,+0,+0.0169,+0,+0.0414,+0,+0,+0,12:30:01 28.03.2020
11577,+25.7,+15.6,+20.9,+20.7,+20.8,+25.4,+24.8,+25,+24.9,+24.9,+27,ESTP,0,0,+0,+0,+0.0169,+0,+0.0414,+0,+0,+0,12:31:01 28.03.2020
11578,+25.7,+15.6,+20.9,+20.7,+20.8,+25.4,+24.8,+25,+24.9,+24.9,+27,ESTP,0,0,+0,+0,+0.0169,+0,+0.0414,+0,+0,+0,12:32:01 28.03.2020
11579,+25.7,+15.7,+20.9,+20.7,+20.8,+25.4,+24.9,+25,+24.9,+24.9,+27,ESTP,0,0,+0,+0,+0.0169,+0,+0.0414,+0,+0,+0,12:33:01 28.03.2020
11580,+25.7,+15.7,+20.9,+20.7,+20.8,+25.4,+24.8,+25,+24.9,+24.9,+27,ESTP,0,0,+0,+0,+0.0169,+0,+0.0414,+0,+0,+0,12:34:01 28.03.2020
11581,+25.8,+15.7,+20.9,+20.7,+20.8,+25.4,+24.9,+25,+24.9,+24.9,+27,ESTP,0,0,+0,+0,+0.0169,+0,+0.0414,+0,+0,+0,12:35:01 28.03.2020
11582,+25.8,+15.7,+20.9,+20.7,+20.8,+25.4,+24.8,+25,+24.9,+24.9,+27,ESTP,0,0,+0,+0,+0.0169,+0,+0.0414,+0,+0,+0,12:36:01 28.03.2020
11583,+25.8,+15.7,+20.9,+20.7,+20.8,+25.4,+24.9,+25,+24.9,+24.9,+27,ESTP,0,0,+0,+0,+0.0169,+0,+0.0414,+0,+0,+0,12:37:01 28.03.2020
11584,+25.9,+15.7,+20.9,+20.7,+20.8,+25.4,+24.9,+25,+24.9,+24.9,+27,ESTP,0,0,+0,+0,+0.0169,+0,+0.0414,+0,+0,+0,12:38:01 28.03.2020
11585,+25.8,+15.7,+20.9,+20.7,+20.8,+25.4,+24.9,+25,+24.9,+24.9,+27,ESTP,0,0,+0,+0,+0.0169,+0,+0.0414,+0,+0,+0,12:39:01 28.03.2020
11586,+25.8,+15.7,+20.9,+20.7,+20.8,+25.4,+24.9,+25,+24.9,+24.9,+27,ESTP,0,0,+0,+0,+0.0169,+0,+0.0414,+0,+0,+0,12:40:01 28.03.2020
11587,+25.8,+15.7,+20.9,+20.7,+20.8,+25.4,+24.9,+25,+24.9,+24.9,+27,ESTP,0,0,+0,+0,+0.0169,+0,+0.0414,+0,+0,+0,12:41:01 28.03.2020
11588,+25.8,+15.7,+20.9,+20.7,+20.8,+25.4,+24.9,+25,+24.9,+24.9,+27,ESTP,0,0,+0,+0,+0.0169,+0,+0.0414,+0,+0,+0,12:42:01 28.03.2020
11589,+25.8,+15.7,+20.9,+20.7,+20.8,+25.4,+24.9,+25,+24.9,+24.9,+27,ESTP,0,0,+0,+0,+0.0169,+0,+0.0414,+0,+0,+0,12:43:01 28.03.2020
11590,+25.8,+15.7,+20.9,+20.7,+20.8,+25.4,+24.9,+25,+24.9,+24.9,+27,ESTP,0,0,+0,+0,+0.0169,+0,+0.0414,+0,+0,+0,12:44:01 28.03.2020
11591,+25.8,+15.7,+20.9,+20.7,+20.8,+25.4,+24.9,+25,+24.9,+24.9,+27,ESTP,0,0,+0,+0,+0.0169,+0,+0.0414,+0,+0,+0,12:45:01 28.03.2020
11592,+25.8,+15.7,+20.9,+20.7,+20.8,+25.4,+24.9,+25,+24.9,+24.9,+27,ESTP,0,0,+0,+0,+0.0169,+0,+0.0414,+0,+0,+0,12:46:01 28.03.2020
11593,+25.8,+15.7,+20.9,+20.7,+20.8,+25.4,+24.9,+25,+24.9,+24.9,+27,ESTP,0,0,+0,+0,+0.0169,+0,+0.0414,+0,+0,+0,12:47:01 28.03.2020
11594,+25.8,+15.7,+20.9,+20.7,+20.8,+25.4,+24.9,+25,+24.9,+24.9,+27,ESTP,0,0,+0,+0,+0.0169,+0,+0.0414,+0,+0,+0,12:48:01 28.03.2020
11595,+25.8,+15.7,+20.9,+20.7,+20.8,+25.4,+24.9,+25,+24.9,+24.9,+27,ESTP,0,0,+0,+0,+0.0169,+0,+0.0414,+0,+0,+0,12:49:01 28.03.2020
11596,+25.7,+15.7,+20.9,+20.7,+20.8,+25.4,+24.9,+25,+24.9,+24.9,+27,ESTP,0,0,+0,+0,+0.0169,+0,+0.0414,+0,+0,+0,12:50:01 28.03.2020
11597,+25.7,+15.7,+20.9,+20.7,+20.8,+25.4,+24.9,+25,+24.9,+24.9,+27,ESTP,0,0,+0,+0,+0.0169,+0,+0.0414,+0,+0,+0,12:51:01 28.03.2020
11598,+25.7,+15.7,+20.9,+20.7,+20.8,+25.4,+24.9,+25,+24.9,+24.9,+27,ESTP,0,0,+0,+0,+0.0169,+0,+0.0414,+0,+0,+0,12:52:01 28.03.2020
11599,+25.7,+15.7,+20.9,+20.7,+20.8,+25.4,+24.9,+25,+24.9,+24.9,+27,ESTP,0,0,+0,+0,+0.0169,+0,+0.0414,+0,+0,+0,12:53:01 28.03.2020
11600,+25.7,+15.7,+20.9,+20.7,+20.8,+25.4,+24.9,+25,+24.9,+24.9,+27,ESTP,0,0,+0,+0,+0.0169,+0,+0.0414,+0,+0,+0,12:54:01 28.03.2020
11601,+25.7,+15.7,+20.9,+20.7,+20.8,+25.4,+24.9,+25,+24.9,+24.9,+27,ESTP,0,0,+0,+0,+0.0169,+0,+0.0414,+0,+0,+0,12:55:01 28.03.2020
11602,+25.7,+15.8,+20.9,+20.7,+20.8,+25.4,+24.9,+25,+24.9,+24.9,+27,ESTP,0,0,+0,+0,+0.0169,+0,+0.0414,+0,+0,+0,12:56:01 28.03.2020
11603,+25.8,+15.8,+20.9,+20.7,+20.8,+25.4,+24.9,+25,+24.9,+24.9,+27,ESTP,0,0,+0,+0,+0.0169,+0,+0.0414,+0,+0,+0,12:57:01 28.03.2020
11604,+25.8,+15.8,+20.9,+20.7,+20.8,+25.4,+24.9,+25,+24.9,+24.9,+27,ESTP,0,0,+0,+0,+0.0169,+0,+0.0414,+0,+0,+0,12:58:01 28.03.2020
11605,+25.8,+15.8,+20.9,+20.7,+20.8,+25.4,+24.9,+25,+24.9,+24.9,+27,ESTP,0,0,+0,+0,+0.0169,+0,+0.0414,+0,+0,+0,12:59:01 28.03.2020
11606,+25.8,+15.8,+20.9,+20.7,+20.8,+25.4,+24.9,+25,+24.9,+24.9,+27,ESTP,0,0,+0,+0,+0.0169,+0,+0.0414,+0,+0,+0,13:00:01 28.03.2020
11607,+25.8,+15.8,+20.9,+20.7,+20.8,+25.4,+24.9,+25,+24.9,+24.9,+27,ESTP,0,0,+0,+0,+0.0169,+0,+0.0414,+0,+0,+0,13:01:01 28.03.2020
11608,+25.8,+15.8,+20.9,+20.7,+20.8,+25.4,+24.9,+25,+24.9,+24.9,+27,ESTP,0,0,+0,+0,+0.0169,+0,+0.0414,+0,+0,+0,13:02:01 28.03.2020
11609,+25.8,+15.8,+20.9,+20.7,+20.8,+25.4,+24.9,+25,+24.9,+24.9,+27,ESTP,0,0,+0,+0,+0.0169,+0,+0.0414,+0,+0,+0,13:03:01 28.03.2020
11610,+25.8,+15.8,+20.9,+20.7,+20.8,+25.4,+24.9,+25,+24.9,+24.9,+27,ESTP,0,0,+0,+0,+0.0169,+0,+0.0414,+0,+0,+0,13:04:01 28.03.2020
11611,+25.8,+15.8,+20.9,+20.7,+20.8,+25.4,+24.9,+25,+24.9,+24.9,+27,ESTP,0,0,+0,+0,+0.0169,+0,+0.0414,+0,+0,+0,13:05:01 28.03.2020
11612,+25.8,+15.8,+20.9,+20.7,+20.8,+25.4,+24.9,+25,+24.9,+24.9,+27,ESTP,0,0,+0,+0,+0.0169,+0,+0.0414,+0,+0,+0,13:06:01 28.03.2020
11613,+25.8,+15.8,+20.9,+20.7,+20.8,+25.4,+24.9,+25,+24.9,+24.9,+27,ESTP,0,0,+0,+0,+0.0169,+0,+0.0414,+0,+0,+0,13:07:01 28.03.2020
11614,+25.8,+15.8,+20.9,+20.7,+20.8,+25.4,+24.9,+25,+24.9,+24.9,+27,ESTP,0,0,+0,+0,+0.0169,+0,+0.0414,+0,+0,+0,13:08:01 28.03.2020
11615,+25.8,+15.8,+20.9,+20.7,+20.8,+25.4,+24.9,+25,+24.9,+24.9,+27,ESTP,0,0,+0,+0,+0.0169,+0,+0.0414,+0,+0,+0,13:09:01 28.03.2020
11616,+25.8,+15.9,+20.9,+20.7,+20.8,+25.4,+24.9,+25,+24.9,+24.9,+27,ESTP,0,0,+0,+0,+0.0169,+0,+0.0414,+0,+0,+0,13:10:01 28.03.2020
11617,+25.7,+15.9,+20.9,+20.7,+20.8,+25.4,+24.9,+25,+24.9,+24.9,+27,ESTP,0,0,+0,+0,+0.0169,+0,+0.0414,+0,+0,+0,13:11:01 28.03.2020
11618,+25.7,+15.9,+20.9,+20.7,+20.8,+25.4,+24.9,+25,+24.9,+24.9,+27,ESTP,0,0,+0,+0,+0.0169,+0,+0.0414,+0,+0,+0,13:12:01 28.03.2020
11619,+25.7,+15.9,+20.9,+20.7,+20.8,+25.4,+24.9,+25,+24.9,+24.9,+27,ESTP,0,0,+0,+0,+0.0169,+0,+0.0414,+0,+0,+0,13:13:01 28.03.2020
11620,+25.7,+15.9,+20.9,+20.7,+20.8,+25.4,+24.9,+25,+24.9,+24.9,+27,ESTP,0,0,+0,+0,+0.0169,+0,+0.0414,+0,+0,+0,13:14:01 28.03.2020
11621,+25.7,+15.9,+20.9,+20.7,+20.8,+25.4,+24.9,+25,+24.9,+24.9,+27,ESTP,0,0,+0,+0,+0.0169,+0,+0.0414,+0,+0,+0,13:15:01 28.03.2020
11622,+25.7,+15.9,+20.9,+20.7,+20.8,+25.4,+24.9,+25,+24.9,+24.9,+27,ESTP,0,0,+0,+0,+0.0169,+0,+0.0414,+0,+0,+0,13:16:01 28.03.2020
11623,+25.7,+15.9,+20.9,+20.7,+20.8,+25.4,+24.9,+25,+24.9,+24.9,+27,ESTP,0,0,+0,+0,+0.0169,+0,+0.0414,+0,+0,+0,13:17:01 28.03.2020
11624,+25.7,+15.9,+20.9,+20.7,+20.8,+25.4,+24.9,+25,+24.9,+24.9,+27,ESTP,0,0,+0,+0,+0.0169,+0,+0.0414,+0,+0,+0,13:18:01 28.03.2020
11625,+25.7,+15.9,+20.9,+20.7,+20.8,+25.4,+24.9,+25,+24.9,+24.9,+27,ESTP,0,0,+0,+0,+0.0169,+0,+0.0414,+0,+0,+0,13:19:01 28.03.2020
11626,+25.7,+15.9,+20.9,+20.7,+20.8,+25.4,+24.9,+25,+24.9,+24.9,+27,ESTP,0,0,+0,+0,+0.0169,+0,+0.0414,+0,+0,+0,13:20:01 28.03.2020
11627,+25.8,+15.9,+20.9,+20.7,+20.8,+25.4,+24.9,+25,+24.9,+24.9,+27,ESTP,0,0,+0,+0,+0.0169,+0,+0.0414,+0,+0,+0,13:21:01 28.03.2020
11628,+25.8,+15.9,+20.9,+20.7,+20.8,+25.4,+24.9,+25,+24.9,+24.9,+27,ESTP,0,0,+0,+0,+0.0169,+0,+0.0414,+0,+0,+0,13:22:01 28.03.2020
11629,+25.8,+16,+20.9,+20.7,+20.8,+25.4,+24.9,+25,+24.9,+24.9,+27,ESTP,0,0,+0,+0,+0.0169,+0,+0.0414,+0,+0,+0,13:23:01 28.03.2020
11630,+25.8,+16,+20.9,+20.7,+20.8,+25.4,+24.9,+25,+24.9,+24.9,+27,ESTP,0,0,+0,+0,+0.0169,+0,+0.0414,+0,+0,+0,13:24:01 28.03.2020
11631,+25.8,+16,+20.9,+20.7,+20.8,+25.4,+24.9,+25,+24.9,+24.9,+27,ESTP,0,0,+0,+0,+0.0169,+0,+0.0414,+0,+0,+0,13:25:01 28.03.2020
11632,+25.8,+16,+20.9,+20.7,+20.8,+25.4,+24.9,+25,+24.9,+24.9,+27,ESTP,0,0,+0,+0,+0.0169,+0,+0.0414,+0,+0,+0,13:26:01 28.03.2020
11633,+25.8,+16,+20.9,+20.7,+20.8,+25.4,+24.9,+25,+24.9,+24.9,+27,ESTP,0,0,+0,+0,+0.0169,+0,+0.0414,+0,+0,+0,13:27:01 28.03.2020
11634,+25.8,+16,+20.9,+20.7,+20.8,+25.4,+24.9,+25,+24.9,+24.9,+27,ESTP,0,0,+0,+0,+0.0169,+0,+0.0414,+0,+0,+0,13:28:01 28.03.2020
11635,+25.8,+16,+20.9,+20.7,+20.8,+25.4,+24.9,+25,+24.9,+24.9,+27,ESTP,0,0,+0,+0,+0.0169,+0,+0.0414,+0,+0,+0,13:29:01 28.03.2020
11636,+25.8,+16,+20.9,+20.7,+20.8,+25.4,+24.9,+25,+24.9,+24.9,+27,ESTP,0,0,+0,+0,+0.0169,+0,+0.0414,+0,+0,+0,13:30:01 28.03.2020
11637,+25.8,+16,+20.9,+20.7,+20.8,+25.4,+24.9,+25,+24.9,+24.9,+27,ESTP,0,0,+0,+0,+0.0169,+0,+0.0414,+0,+0,+0,13:31:01 28.03.2020
11638,+25.8,+16,+20.9,+20.7,+20.8,+25.4,+24.9,+25,+24.9,+24.9,+27,ESTP,0,0,+0,+0,+0.0169,+0,+0.0414,+0,+0,+0,13:32:01 28.03.2020
11639,+25.8,+16,+20.9,+20.7,+20.8,+25.4,+24.9,+25,+24.9,+24.9,+27,ESTP,0,0,+0,+0,+0.0169,+0,+0.0414,+0,+0,+0,13:33:01 28.03.2020
11640,+25.8,+16,+20.9,+20.7,+20.8,+25.4,+24.9,+25,+24.9,+24.9,+27,ESTP,0,0,+0,+0,+0.0169,+0,+0.0414,+0,+0,+0,13:34:01 28.03.2020
11641,+25.8,+16,+20.9,+20.7,+20.8,+25.4,+24.9,+25,+24.9,+24.9,+27,ESTP,0,0,+0,+0,+0.0169,+0,+0.0414,+0,+0,+0,13:35:01 28.03.2020
11642,+25.7,+16,+20.9,+20.7,+20.8,+25.4,+24.9,+25,+24.9,+24.9,+27,ESTP,0,0,+0,+0,+0.0169,+0,+0.0414,+0,+0,+0,13:36:01 28.03.2020
11643,+25.7,+16,+20.9,+20.7,+20.8,+25.4,+24.9,+25,+24.9,+24.9,+27,ESTP,0,0,+0,+0,+0.0169,+0,+0.0414,+0,+0,+0,13:37:01 28.03.2020
11644,+25.7,+16,+20.9,+20.7,+20.8,+25.4,+24.9,+25,+24.9,+24.9,+27,ESTP,0,0,+0,+0,+0.0169,+0,+0.0414,+0,+0,+0,13:38:01 28.03.2020
11645,+25.7,+16,+20.9,+20.7,+20.8,+25.4,+24.9,+25,+24.9,+24.9,+27,ESTP,0,0,+0,+0,+0.0169,+0,+0.0414,+0,+0,+0,13:39:01 28.03.2020
11646,+25.7,+16,+20.9,+20.8,+20.8,+25.4,+24.9,+25,+24.9,+24.9,+27,ESTP,0,0,+0,+0,+0.0169,+0,+0.0414,+0,+0,+0,13:40:01 28.03.2020
11647,+25.7,+16,+20.9,+20.7,+20.8,+25.4,+24.9,+25,+24.9,+24.9,+27,ESTP,0,0,+0,+0,+0.0169,+0,+0.0414,+0,+0,+0,13:41:01 28.03.2020
11648,+25.7,+16,+20.9,+20.7,+20.8,+25.4,+24.9,+25,+24.9,+24.9,+27,ESTP,0,0,+0,+0,+0.0169,+0,+0.0414,+0,+0,+0,13:42:01 28.03.2020
11649,+25.7,+16,+20.9,+20.7,+20.8,+25.4,+24.9,+25,+24.9,+24.9,+27,ESTP,0,0,+0,+0,+0.0169,+0,+0.0414,+0,+0,+0,13:43:01 28.03.2020
11650,+25.7,+16,+20.9,+20.7,+20.8,+25.4,+24.9,+25,+24.9,+24.9,+27,ESTP,0,0,+0,+0,+0.0169,+0,+0.0414,+0,+0,+0,13:44:01 28.03.2020
11651,+25.7,+16,+20.9,+20.7,+20.8,+25.4,+24.9,+25,+24.9,+24.9,+27,ESTP,0,0,+0,+0,+0.0169,+0,+0.0414,+0,+0,+0,13:45:01 28.03.2020
11652,+25.7,+16,+20.9,+20.7,+20.8,+25.4,+24.9,+25,+24.9,+24.9,+27,ESTP,0,0,+0,+0,+0.0169,+0,+0.0414,+0,+0,+0,13:46:01 28.03.2020
11653,+25.7,+16,+20.9,+20.7,+20.8,+25.4,+24.9,+25,+24.9,+24.9,+27,ESTP,0,0,+0,+0,+0.0169,+0,+0.0414,+0,+0,+0,13:47:01 28.03.2020
11654,+25.8,+16.1,+20.9,+20.8,+20.8,+25.4,+24.9,+25,+24.9,+24.9,+27,ESTP,0,0,+0,+0,+0.0169,+0,+0.0414,+0,+0,+0,13:48:01 28.03.2020
11655,+25.8,+16.1,+20.9,+20.7,+20.8,+25.4,+24.9,+25,+24.9,+24.9,+27,ESTP,0,0,+0,+0,+0.0169,+0,+0.0414,+0,+0,+0,13:49:01 28.03.2020
11656,+25.8,+16.1,+20.9,+20.7,+20.8,+25.4,+24.9,+25,+25,+24.9,+27,ESTP,0,0,+0,+0,+0.017,+0,+0.0414,+0,+0,+0,13:50:01 28.03.2020
11657,+25.8,+16.1,+20.9,+20.8,+20.8,+25.4,+24.9,+25,+25,+24.9,+27,ESTP,0,0,+0,+0,+0.017,+0,+0.0414,+0,+0,+0,13:51:01 28.03.2020
11658,+25.8,+16.1,+20.9,+20.7,+20.8,+25.4,+24.9,+25,+25,+24.9,+27,ESTP,0,0,+0,+0,+0.017,+0,+0.0414,+0,+0,+0,13:52:01 28.03.2020
11659,+25.8,+16.1,+20.9,+20.8,+20.8,+25.4,+24.9,+25,+25,+24.9,+27,ESTP,0,0,+0,+0,+0.017,+0,+0.0414,+0,+0,+0,13:53:01 28.03.2020
11660,+25.8,+16.1,+20.9,+20.8,+20.8,+25.4,+24.9,+25,+25,+24.9,+27,ESTP,0,0,+0,+0,+0.017,+0,+0.0414,+0,+0,+0,13:54:01 28.03.2020
11661,+25.8,+16.1,+20.9,+20.7,+20.8,+25.4,+24.9,+25,+25,+24.9,+27,ESTP,0,0,+0,+0,+0.017,+0,+0.0414,+0,+0,+0,13:55:01 28.03.2020
11662,+25.8,+16.1,+20.9,+20.7,+20.8,+25.4,+24.9,+25,+25,+24.9,+27,ESTP,0,0,+0,+0,+0.017,+0,+0.0414,+0,+0,+0,13:56:01 28.03.2020
11663,+25.8,+16.1,+20.9,+20.8,+20.8,+25.4,+24.9,+25,+25,+24.9,+27,ESTP,0,0,+0,+0,+0.017,+0,+0.0414,+0,+0,+0,13:57:01 28.03.2020
11664,+25.8,+16.1,+20.9,+20.8,+20.8,+25.4,+24.9,+25,+25,+24.9,+27,ESTP,0,0,+0,+0,+0.017,+0,+0.0414,+0,+0,+0,13:58:01 28.03.2020
11665,+25.7,+16.1,+20.9,+20.8,+20.8,+25.4,+24.9,+25,+25,+24.9,+27,ESTP,0,0,+0,+0,+0.017,+0,+0.0414,+0,+0,+0,13:59:01 28.03.2020
11666,+25.7,+16.1,+20.9,+20.8,+20.8,+25.4,+24.9,+25.1,+25,+24.9,+27,ESTP,0,0,+0,+0,+0.017,+0,+0.0414,+0,+0,+0,14:00:01 28.03.2020
11667,+25.7,+16.1,+20.9,+20.8,+20.8,+25.4,+24.9,+25.1,+25,+24.9,+27,ESTP,0,0,+0,+0,+0.017,+0,+0.0414,+0,+0,+0,14:01:01 28.03.2020
11668,+25.7,+16.1,+20.9,+20.8,+20.8,+25.4,+24.9,+25.1,+25,+24.9,+27,ESTP,0,0,+0,+0,+0.017,+0,+0.0414,+0,+0,+0,14:02:01 28.03.2020
11669,+25.7,+16.1,+20.9,+20.8,+20.8,+25.4,+24.9,+25,+25,+24.9,+27,ESTP,0,0,+0,+0,+0.017,+0,+0.0414,+0,+0,+0,14:03:01 28.03.2020
11670,+25.7,+16.2,+20.9,+20.8,+20.8,+25.4,+24.9,+25.1,+25,+24.9,+27,ESTP,0,0,+0,+0,+0.017,+0,+0.0414,+0,+0,+0,14:04:01 28.03.2020
11671,+25.7,+16.2,+20.9,+20.8,+20.8,+25.4,+24.9,+25.1,+25,+24.9,+27,ESTP,0,0,+0,+0,+0.017,+0,+0.0414,+0,+0,+0,14:05:01 28.03.2020
11672,+25.7,+16.2,+20.9,+20.8,+20.8,+25.4,+24.9,+25.1,+25,+24.9,+27,ESTP,0,0,+0,+0,+0.017,+0,+0.0414,+0,+0,+0,14:06:01 28.03.2020
11673,+25.7,+16.2,+20.9,+20.8,+20.8,+25.4,+24.9,+25.1,+25,+24.9,+27,ESTP,0,0,+0,+0,+0.017,+0,+0.0414,+0,+0,+0,14:07:01 28.03.2020
11674,+25.7,+16.2,+20.9,+20.8,+20.8,+25.4,+24.9,+25,+25,+24.9,+27,ESTP,0,0,+0,+0,+0.017,+0,+0.0414,+0,+0,+0,14:08:01 28.03.2020
11675,+25.7,+16.2,+20.9,+20.8,+20.8,+25.4,+24.9,+25,+25,+24.9,+27,ESTP,0,0,+0,+0,+0.017,+0,+0.0414,+0,+0,+0,14:09:01 28.03.2020
11676,+25.7,+16.2,+20.9,+20.8,+20.8,+25.4,+24.9,+25,+25,+24.9,+27,ESTP,0,0,+0,+0,+0.017,+0,+0.0414,+0,+0,+0,14:10:01 28.03.2020
11677,+25.7,+16.2,+20.9,+20.8,+20.8,+25.4,+24.9,+25,+25,+24.9,+27,ESTP,0,0,+0,+0,+0.017,+0,+0.0414,+0,+0,+0,14:11:01 28.03.2020
11678,+25.7,+16.2,+20.9,+20.8,+20.8,+25.4,+24.9,+25.1,+25,+24.9,+27,ESTP,0,0,+0,+0,+0.017,+0,+0.0414,+0,+0,+0,14:12:01 28.03.2020
11679,+25.7,+16.2,+20.9,+20.8,+20.8,+25.4,+24.9,+25,+25,+24.9,+27,ESTP,0,0,+0,+0,+0.017,+0,+0.0414,+0,+0,+0,14:13:01 28.03.2020
11680,+25.7,+16.2,+20.9,+20.8,+20.8,+25.4,+24.9,+25.1,+25,+24.9,+27,ESTP,0,0,+0,+0,+0.017,+0,+0.0414,+0,+0,+0,14:14:01 28.03.2020
11681,+25.7,+16.2,+20.9,+20.8,+20.8,+25.4,+24.9,+25.1,+25,+24.9,+27,ESTP,0,0,+0,+0,+0.017,+0,+0.0414,+0,+0,+0,14:15:01 28.03.2020
11682,+25.7,+16.2,+20.9,+20.8,+20.8,+25.4,+24.9,+25,+25,+24.9,+27,ESTP,0,0,+0,+0,+0.017,+0,+0.0414,+0,+0,+0,14:16:01 28.03.2020
11683,+25.7,+16.2,+20.9,+20.8,+20.8,+25.4,+24.9,+25,+25,+24.9,+27,ESTP,0,0,+0,+0,+0.017,+0,+0.0414,+0,+0,+0,14:17:01 28.03.2020
11684,+25.7,+16.2,+20.9,+20.8,+20.8,+25.4,+24.9,+25,+25,+24.9,+27,ESTP,0,0,+0,+0,+0.017,+0,+0.0414,+0,+0,+0,14:18:01 28.03.2020
11685,+25.7,+16.2,+20.9,+20.8,+20.8,+25.4,+24.9,+25,+25,+24.9,+27,ESTP,0,0,+0,+0,+0.017,+0,+0.0414,+0,+0,+0,14:19:01 28.03.2020
11686,+25.7,+16.2,+20.9,+20.8,+20.8,+25.4,+24.9,+25,+25,+24.9,+27,ESTP,0,0,+0,+0,+0.017,+0,+0.0414,+0,+0,+0,14:20:01 28.03.2020
11687,+25.7,+16.2,+20.9,+20.8,+20.8,+25.4,+24.9,+25.1,+25,+24.9,+27,ESTP,0,0,+0,+0,+0.017,+0,+0.0414,+0,+0,+0,14:21:01 28.03.2020
11688,+25.7,+16.2,+20.9,+20.8,+20.8,+25.4,+24.9,+25.1,+25,+24.9,+27,ESTP,0,0,+0,+0,+0.017,+0,+0.0414,+0,+0,+0,14:22:01 28.03.2020
11689,+25.7,+16.2,+20.9,+20.8,+20.8,+25.4,+24.9,+25,+25,+24.9,+27,ESTP,0,0,+0,+0,+0.017,+0,+0.0414,+0,+0,+0,14:23:01 28.03.2020
11690,+25.7,+16.2,+20.9,+20.8,+20.8,+25.4,+24.9,+25,+25,+24.9,+27,ESTP,0,0,+0,+0,+0.017,+0,+0.0414,+0,+0,+0,14:24:01 28.03.2020
11691,+25.8,+16.3,+20.9,+20.8,+20.8,+25.4,+24.9,+25.1,+25,+24.9,+27,ESTP,0,0,+0,+0,+0.017,+0,+0.0414,+0,+0,+0,14:25:01 28.03.2020
11692,+25.7,+16.3,+20.9,+20.8,+20.8,+25.4,+24.9,+25.1,+25,+24.9,+27,ESTP,0,0,+0,+0,+0.017,+0,+0.0414,+0,+0,+0,14:26:01 28.03.2020
11693,+25.7,+16.3,+20.9,+20.8,+20.8,+25.4,+24.9,+25.1,+25,+24.9,+27,ESTP,0,0,+0,+0,+0.017,+0,+0.0414,+0,+0,+0,14:27:01 28.03.2020
11694,+25.7,+16.3,+20.9,+20.8,+20.8,+25.4,+24.9,+25.1,+25,+24.9,+27,ESTP,0,0,+0,+0,+0.017,+0,+0.0414,+0,+0,+0,14:28:01 28.03.2020
11695,+25.7,+16.3,+20.9,+20.8,+20.8,+25.4,+24.9,+25.1,+25,+24.9,+27,ESTP,0,0,+0,+0,+0.017,+0,+0.0414,+0,+0,+0,14:29:01 28.03.2020
11696,+25.7,+16.3,+20.9,+20.8,+20.8,+25.4,+24.9,+25.1,+25,+24.9,+27,ESTP,0,0,+0,+0,+0.017,+0,+0.0414,+0,+0,+0,14:30:01 28.03.2020
11697,+25.7,+16.3,+20.9,+20.8,+20.9,+25.4,+24.9,+25.1,+25,+24.9,+27,ESTP,0,0,+0,+0,+0.017,+0,+0.0414,+0,+0,+0,14:31:01 28.03.2020
11698,+25.7,+16.3,+20.9,+20.8,+20.9,+25.4,+24.9,+25.1,+25,+24.9,+27,ESTP,0,0,+0,+0,+0.017,+0,+0.0414,+0,+0,+0,14:32:01 28.03.2020
11699,+25.7,+16.4,+20.9,+20.8,+20.9,+25.4,+24.9,+25.1,+25,+24.9,+27,ESTP,0,0,+0,+0,+0.017,+0,+0.0414,+0,+0,+0,14:33:01 28.03.2020
11700,+25.7,+16.4,+20.9,+20.8,+20.9,+25.4,+24.9,+25.1,+25,+24.9,+27,ESTP,0,0,+0,+0,+0.017,+0,+0.0414,+0,+0,+0,14:34:01 28.03.2020
11701,+25.7,+16.4,+20.9,+20.8,+20.8,+25.4,+24.9,+25.1,+25,+24.9,+27,ESTP,0,0,+0,+0,+0.017,+0,+0.0414,+0,+0,+0,14:35:01 28.03.2020
11702,+25.7,+16.3,+20.9,+20.8,+20.9,+25.4,+24.9,+25.1,+25,+24.9,+27,ESTP,0,0,+0,+0,+0.017,+0,+0.0414,+0,+0,+0,14:36:01 28.03.2020
11703,+25.7,+16.4,+20.9,+20.8,+20.9,+25.4,+24.9,+25.1,+25,+24.9,+27,ESTP,0,0,+0,+0,+0.017,+0,+0.0414,+0,+0,+0,14:37:01 28.03.2020
11704,+25.7,+16.4,+20.9,+20.8,+20.9,+25.4,+24.9,+25.1,+25,+24.9,+27,ESTP,0,0,+0,+0,+0.017,+0,+0.0414,+0,+0,+0,14:38:01 28.03.2020
11705,+25.7,+16.4,+20.9,+20.8,+20.9,+25.4,+24.9,+25.1,+25,+24.9,+27,ESTP,0,0,+0,+0,+0.017,+0,+0.0414,+0,+0,+0,14:39:01 28.03.2020
11706,+25.7,+16.4,+20.9,+20.8,+20.9,+25.4,+24.9,+25.1,+25,+24.9,+27,ESTP,0,0,+0,+0,+0.017,+0,+0.0414,+0,+0,+0,14:40:01 28.03.2020
11707,+25.7,+16.3,+20.9,+20.8,+20.9,+25.4,+24.9,+25.1,+25,+24.9,+27,ESTP,0,0,+0,+0,+0.017,+0,+0.0414,+0,+0,+0,14:41:01 28.03.2020
11708,+25.7,+16.3,+20.9,+20.8,+20.9,+25.4,+24.9,+25.1,+25,+24.9,+27,ESTP,0,0,+0,+0,+0.017,+0,+0.0414,+0,+0,+0,14:42:01 28.03.2020
11709,+25.7,+16.4,+20.9,+20.8,+20.9,+25.4,+24.9,+25.1,+25,+24.9,+27,ESTP,0,0,+0,+0,+0.017,+0,+0.0414,+0,+0,+0,14:43:01 28.03.2020
11710,+25.7,+16.4,+20.9,+20.8,+20.9,+25.4,+24.9,+25.1,+25,+24.9,+27,ESTP,0,0,+0,+0,+0.017,+0,+0.0414,+0,+0,+0,14:44:01 28.03.2020
11711,+25.7,+16.4,+20.9,+20.8,+20.9,+25.4,+24.9,+25.1,+25,+24.9,+27,ESTP,0,0,+0,+0,+0.017,+0,+0.0414,+0,+0,+0,14:45:01 28.03.2020
11712,+25.7,+16.4,+20.9,+20.8,+20.9,+25.4,+24.9,+25.1,+25,+24.9,+27,ESTP,0,0,+0,+0,+0.017,+0,+0.0414,+0,+0,+0,14:46:01 28.03.2020
11713,+25.7,+16.4,+20.9,+20.8,+20.9,+25.4,+24.9,+25.1,+25,+24.9,+27,ESTP,0,0,+0,+0,+0.017,+0,+0.0414,+0,+0,+0,14:47:01 28.03.2020
11714,+25.7,+16.4,+20.9,+20.8,+20.9,+25.4,+24.9,+25.1,+25,+24.9,+27,ESTP,0,0,+0,+0,+0.017,+0,+0.0414,+0,+0,+0,14:48:01 28.03.2020
11715,+25.7,+16.4,+20.9,+20.8,+20.9,+25.4,+24.9,+25.1,+25,+24.9,+27,ESTP,0,0,+0,+0,+0.017,+0,+0.0414,+0,+0,+0,14:49:01 28.03.2020
11716,+25.7,+16.4,+20.9,+20.8,+20.9,+25.4,+24.9,+25.1,+25,+24.9,+27,ESTP,0,0,+0,+0,+0.017,+0,+0.0414,+0,+0,+0,14:50:01 28.03.2020
11717,+25.7,+16.4,+20.9,+20.8,+20.9,+25.4,+24.9,+25.1,+25,+24.9,+27,ESTP,0,0,+0,+0,+0.017,+0,+0.0414,+0,+0,+0,14:51:01 28.03.2020
11718,+25.7,+16.4,+20.9,+20.8,+20.9,+25.4,+24.9,+25.1,+25,+24.9,+27,ESTP,0,0,+0,+0,+0.017,+0,+0.0414,+0,+0,+0,14:52:01 28.03.2020
11719,+25.7,+16.4,+20.9,+20.8,+20.9,+25.4,+24.9,+25.1,+25,+24.9,+27,ESTP,0,0,+0,+0,+0.017,+0,+0.0414,+0,+0,+0,14:53:01 28.03.2020
11720,+25.6,+16.4,+20.9,+20.8,+20.9,+25.4,+24.9,+25.1,+25,+24.9,+27,ESTP,0,0,+0,+0,+0.017,+0,+0.0414,+0,+0,+0,14:54:01 28.03.2020
11721,+25.6,+16.4,+20.9,+20.8,+20.9,+25.4,+24.9,+25.1,+25,+24.9,+27,ESTP,0,0,+0,+0,+0.017,+0,+0.0414,+0,+0,+0,14:55:01 28.03.2020
11722,+25.6,+16.4,+20.9,+20.8,+20.9,+25.4,+24.9,+25.1,+25,+24.9,+27,ESTP,0,0,+0,+0,+0.017,+0,+0.0414,+0,+0,+0,14:56:01 28.03.2020
11723,+25.6,+16.4,+20.9,+20.8,+20.9,+25.4,+24.9,+25.1,+25,+24.9,+27,ESTP,0,0,+0,+0,+0.017,+0,+0.0414,+0,+0,+0,14:57:01 28.03.2020
11724,+25.6,+16.4,+20.9,+20.8,+20.9,+25.4,+24.9,+25.1,+25,+24.9,+27,ESTP,0,0,+0,+0,+0.017,+0,+0.0414,+0,+0,+0,14:58:01 28.03.2020
11725,+25.6,+16.4,+20.9,+20.8,+20.9,+25.4,+24.9,+25.1,+25,+24.9,+27,ESTP,0,0,+0,+0,+0.017,+0,+0.0414,+0,+0,+0,14:59:01 28.03.2020
11726,+25.6,+16.4,+20.9,+20.8,+20.9,+25.4,+24.9,+25.1,+25,+24.9,+27,ESTP,0,0,+0,+0,+0.017,+0,+0.0414,+0,+0,+0,15:00:01 28.03.2020
11727,+25.6,+16.4,+20.9,+20.8,+20.9,+25.4,+24.9,+25.1,+25,+24.9,+27,ESTP,0,0,+0,+0,+0.017,+0,+0.0414,+0,+0,+0,15:01:01 28.03.2020
11728,+25.6,+16.4,+20.9,+20.8,+20.9,+25.4,+24.9,+25.1,+25,+24.9,+27,ESTP,0,0,+0,+0,+0.017,+0,+0.0414,+0,+0,+0,15:02:01 28.03.2020
11729,+25.6,+16.4,+20.9,+20.8,+20.9,+25.4,+24.9,+25.1,+25,+24.9,+27,ESTP,0,0,+0,+0,+0.017,+0,+0.0414,+0,+0,+0,15:03:01 28.03.2020
11730,+25.6,+16.4,+20.9,+20.8,+20.9,+25.4,+24.9,+25.1,+25,+24.9,+27,ESTP,0,0,+0,+0,+0.017,+0,+0.0414,+0,+0,+0,15:04:01 28.03.2020
11731,+25.6,+16.5,+20.9,+20.8,+20.9,+25.4,+24.9,+25.1,+25,+24.9,+27,ESTP,0,0,+0,+0,+0.017,+0,+0.0414,+0,+0,+0,15:05:01 28.03.2020
11732,+25.6,+16.5,+20.9,+20.8,+20.9,+25.4,+24.9,+25.1,+25,+24.9,+27,ESTP,0,0,+0,+0,+0.017,+0,+0.0414,+0,+0,+0,15:06:01 28.03.2020
11733,+25.7,+16.5,+20.9,+20.8,+20.9,+25.4,+24.9,+25.1,+25,+24.9,+27,ESTP,0,0,+0,+0,+0.017,+0,+0.0414,+0,+0,+0,15:07:01 28.03.2020
11734,+25.7,+16.5,+20.9,+20.8,+20.9,+25.4,+24.9,+25.1,+25,+24.9,+27,ESTP,0,0,+0,+0,+0.017,+0,+0.0414,+0,+0,+0,15:08:01 28.03.2020
11735,+25.7,+16.5,+20.9,+20.8,+20.9,+25.4,+24.9,+25.1,+25,+24.9,+27,ESTP,0,0,+0,+0,+0.017,+0,+0.0414,+0,+0,+0,15:09:01 28.03.2020
11736,+25.7,+16.5,+20.9,+20.8,+20.9,+25.4,+24.9,+25.1,+25,+24.9,+27,ESTP,0,0,+0,+0,+0.017,+0,+0.0414,+0,+0,+0,15:10:01 28.03.2020
11737,+25.7,+16.5,+20.9,+20.8,+20.9,+25.4,+24.9,+25.1,+25,+24.9,+27,ESTP,0,0,+0,+0,+0.017,+0,+0.0414,+0,+0,+0,15:11:01 28.03.2020
11738,+25.7,+16.5,+20.9,+20.8,+20.9,+25.4,+24.9,+25.1,+25,+24.9,+27,ESTP,0,0,+0,+0,+0.017,+0,+0.0414,+0,+0,+0,15:12:01 28.03.2020
11739,+25.7,+16.5,+20.9,+20.8,+20.9,+25.4,+24.9,+25.1,+25,+24.9,+27,ESTP,0,0,+0,+0,+0.017,+0,+0.0414,+0,+0,+0,15:13:01 28.03.2020
11740,+25.7,+16.5,+20.9,+20.8,+20.9,+25.4,+24.9,+25.1,+25,+24.9,+27,ESTP,0,0,+0,+0,+0.017,+0,+0.0414,+0,+0,+0,15:14:01 28.03.2020
11741,+25.7,+16.5,+20.9,+20.8,+20.9,+25.4,+24.9,+25.1,+25,+24.9,+27,ESTP,0,0,+0,+0,+0.017,+0,+0.0414,+0,+0,+0,15:15:01 28.03.2020
11742,+25.7,+16.5,+20.9,+20.8,+20.9,+25.4,+24.9,+25.1,+25,+24.9,+27,ESTP,0,0,+0,+0,+0.017,+0,+0.0414,+0,+0,+0,15:16:01 28.03.2020
11743,+25.7,+16.5,+20.9,+20.8,+20.9,+25.4,+24.9,+25.1,+25,+24.9,+27,ESTP,0,0,+0,+0,+0.017,+0,+0.0414,+0,+0,+0,15:17:01 28.03.2020
11744,+25.7,+16.5,+20.9,+20.8,+20.9,+25.4,+24.9,+25.1,+25,+24.9,+27,ESTP,0,0,+0,+0,+0.017,+0,+0.0414,+0,+0,+0,15:18:01 28.03.2020
11745,+25.7,+16.5,+20.9,+20.8,+20.9,+25.4,+24.9,+25.1,+25,+24.9,+27,ESTP,0,0,+0,+0,+0.017,+0,+0.0414,+0,+0,+0,15:19:01 28.03.2020
11746,+25.7,+16.5,+20.9,+20.8,+20.9,+25.4,+24.9,+25.1,+25,+24.9,+27,ESTP,0,0,+0,+0,+0.017,+0,+0.0414,+0,+0,+0,15:20:01 28.03.2020
11747,+25.7,+16.5,+20.9,+20.8,+20.9,+25.4,+24.9,+25.1,+25,+24.9,+27,ESTP,0,0,+0,+0,+0.017,+0,+0.0414,+0,+0,+0,15:21:01 28.03.2020
11748,+25.7,+16.5,+20.9,+20.8,+20.9,+25.4,+24.9,+25.1,+25,+24.9,+27,ESTP,0,0,+0,+0,+0.017,+0,+0.0414,+0,+0,+0,15:22:01 28.03.2020
11749,+25.6,+16.5,+20.9,+20.8,+20.9,+25.4,+24.9,+25.1,+25,+24.9,+27,ESTP,0,0,+0,+0,+0.017,+0,+0.0414,+0,+0,+0,15:23:01 28.03.2020
11750,+25.6,+16.5,+20.9,+20.8,+20.9,+25.4,+24.9,+25.1,+25,+24.9,+27,ESTP,0,0,+0,+0,+0.017,+0,+0.0414,+0,+0,+0,15:24:01 28.03.2020
11751,+25.6,+16.5,+20.9,+20.8,+20.9,+25.4,+24.9,+25.1,+25,+24.9,+27,ESTP,0,0,+0,+0,+0.017,+0,+0.0414,+0,+0,+0,15:25:01 28.03.2020
11752,+25.6,+16.5,+20.9,+20.8,+20.9,+25.4,+24.9,+25.1,+25,+24.9,+27,ESTP,0,0,+0,+0,+0.017,+0,+0.0414,+0,+0,+0,15:26:01 28.03.2020
11753,+25.6,+16.5,+20.9,+20.8,+20.9,+25.4,+24.9,+25.1,+25,+24.9,+27,ESTP,0,0,+0,+0,+0.017,+0,+0.0414,+0,+0,+0,15:27:01 28.03.2020
11754,+25.6,+16.5,+20.9,+20.8,+20.9,+25.4,+24.9,+25.1,+25,+24.9,+27,ESTP,0,0,+0,+0,+0.017,+0,+0.0414,+0,+0,+0,15:28:01 28.03.2020
11755,+25.6,+16.6,+20.9,+20.8,+20.9,+25.4,+24.9,+25.1,+25,+24.9,+27,ESTP,0,0,+0,+0,+0.017,+0,+0.0414,+0,+0,+0,15:29:01 28.03.2020
11756,+25.6,+16.6,+20.9,+20.8,+20.9,+25.4,+24.9,+25.1,+25,+24.9,+27,ESTP,0,0,+0,+0,+0.017,+0,+0.0414,+0,+0,+0,15:30:01 28.03.2020
11757,+25.6,+16.5,+20.9,+20.8,+20.9,+25.4,+24.9,+25.1,+25,+24.9,+27,ESTP,0,0,+0,+0,+0.017,+0,+0.0414,+0,+0,+0,15:31:01 28.03.2020
11758,+25.6,+16.5,+20.9,+20.8,+20.9,+25.4,+24.9,+25.1,+25,+24.9,+27,ESTP,0,0,+0,+0,+0.017,+0,+0.0414,+0,+0,+0,15:32:01 28.03.2020
11759,+25.6,+16.5,+20.9,+20.8,+20.9,+25.4,+24.9,+25.1,+25,+24.9,+27,ESTP,0,0,+0,+0,+0.017,+0,+0.0414,+0,+0,+0,15:33:01 28.03.2020
11760,+25.6,+16.5,+20.9,+20.8,+20.9,+25.4,+24.9,+25.1,+25,+24.9,+27,ESTP,0,0,+0,+0,+0.017,+0,+0.0414,+0,+0,+0,15:34:01 28.03.2020
11761,+25.6,+16.5,+20.9,+20.8,+20.9,+25.4,+24.9,+25.1,+25,+24.9,+27,ESTP,0,0,+0,+0,+0.017,+0,+0.0414,+0,+0,+0,15:35:01 28.03.2020
11762,+25.6,+16.6,+20.9,+20.8,+20.9,+25.4,+24.9,+25.1,+25,+24.9,+27,ESTP,0,0,+0,+0,+0.017,+0,+0.0414,+0,+0,+0,15:36:01 28.03.2020
11763,+25.6,+16.6,+20.9,+20.8,+20.9,+25.4,+24.9,+25.1,+25,+24.9,+27,ESTP,0,0,+0,+0,+0.017,+0,+0.0414,+0,+0,+0,15:37:01 28.03.2020
11764,+25.6,+16.6,+20.9,+20.8,+20.9,+25.4,+24.9,+25.1,+25,+24.9,+27,ESTP,0,0,+0,+0,+0.017,+0,+0.0414,+0,+0,+0,15:38:01 28.03.2020
11765,+25.6,+16.6,+20.9,+20.8,+20.9,+25.4,+24.9,+25.1,+25,+24.9,+27,ESTP,0,0,+0,+0,+0.017,+0,+0.0414,+0,+0,+0,15:39:01 28.03.2020
11766,+25.6,+16.6,+20.9,+20.8,+20.9,+25.4,+24.9,+25.1,+25,+24.9,+27,ESTP,0,0,+0,+0,+0.017,+0,+0.0414,+0,+0,+0,15:40:01 28.03.2020
11767,+25.6,+16.6,+20.9,+20.8,+20.9,+25.4,+24.9,+25.1,+25,+24.9,+27,ESTP,0,0,+0,+0,+0.017,+0,+0.0414,+0,+0,+0,15:41:01 28.03.2020
11768,+25.6,+16.6,+20.9,+20.8,+20.9,+25.4,+24.9,+25.1,+25,+24.9,+27,ESTP,0,0,+0,+0,+0.017,+0,+0.0414,+0,+0,+0,15:42:01 28.03.2020
11769,+25.6,+16.6,+20.9,+20.8,+20.9,+25.4,+24.9,+25.1,+25,+24.9,+27,ESTP,0,0,+0,+0,+0.017,+0,+0.0414,+0,+0,+0,15:43:01 28.03.2020
11770,+25.6,+16.6,+20.9,+20.8,+20.9,+25.4,+24.9,+25.1,+25,+24.9,+27,ESTP,0,0,+0,+0,+0.017,+0,+0.0414,+0,+0,+0,15:44:01 28.03.2020
11771,+25.6,+16.6,+20.9,+20.8,+20.9,+25.4,+24.9,+25.1,+25,+24.9,+27,ESTP,0,0,+0,+0,+0.017,+0,+0.0414,+0,+0,+0,15:45:01 28.03.2020
11772,+25.6,+16.6,+20.9,+20.8,+20.9,+25.4,+24.9,+25.1,+25,+24.9,+27,ESTP,0,0,+0,+0,+0.017,+0,+0.0414,+0,+0,+0,15:46:01 28.03.2020
11773,+25.6,+16.6,+20.9,+20.8,+20.9,+25.3,+24.9,+25.1,+25,+24.9,+27,ESTP,0,0,+0,+0,+0.017,+0,+0.0414,+0,+0,+0,15:47:01 28.03.2020
11774,+25.6,+16.6,+20.9,+20.8,+20.9,+25.3,+24.9,+25.1,+25,+24.9,+27,ESTP,0,0,+0,+0,+0.017,+0,+0.0414,+0,+0,+0,15:48:01 28.03.2020
11775,+25.6,+16.6,+20.9,+20.8,+20.9,+25.3,+24.9,+25.1,+25,+24.9,+27,ESTP,0,0,+0,+0,+0.017,+0,+0.0414,+0,+0,+0,15:49:01 28.03.2020
11776,+25.7,+16.6,+20.9,+20.8,+20.9,+25.4,+24.9,+25.1,+25,+24.9,+27,ESTP,0,0,+0,+0,+0.017,+0,+0.0414,+0,+0,+0,15:50:01 28.03.2020
11777,+25.7,+16.6,+20.9,+20.8,+20.9,+25.4,+24.9,+25.1,+25,+24.9,+27,ESTP,0,0,+0,+0,+0.017,+0,+0.0414,+0,+0,+0,15:51:01 28.03.2020
11778,+25.7,+16.6,+20.9,+20.8,+20.9,+25.4,+24.9,+25.1,+25,+24.9,+27,ESTP,0,0,+0,+0,+0.017,+0,+0.0414,+0,+0,+0,15:52:01 28.03.2020
11779,+25.6,+16.6,+20.9,+20.8,+20.9,+25.4,+24.9,+25.1,+25,+24.9,+27,ESTP,0,0,+0,+0,+0.017,+0,+0.0414,+0,+0,+0,15:53:01 28.03.2020
11780,+25.6,+16.6,+20.9,+20.8,+20.9,+25.4,+24.9,+25.1,+25,+24.9,+27,ESTP,0,0,+0,+0,+0.017,+0,+0.0414,+0,+0,+0,15:54:01 28.03.2020
11781,+25.6,+16.7,+20.9,+20.8,+20.9,+25.4,+24.9,+25.1,+25,+24.9,+27,ESTP,0,0,+0,+0,+0.017,+0,+0.0414,+0,+0,+0,15:55:01 28.03.2020
11782,+25.6,+16.6,+20.9,+20.8,+20.9,+25.4,+24.9,+25.1,+25,+24.9,+27,ESTP,0,0,+0,+0,+0.017,+0,+0.0414,+0,+0,+0,15:56:01 28.03.2020
11783,+25.6,+16.7,+20.9,+20.8,+20.9,+25.4,+24.9,+25.1,+25,+24.9,+27,ESTP,0,0,+0,+0,+0.017,+0,+0.0414,+0,+0,+0,15:57:01 28.03.2020
11784,+25.6,+16.7,+20.9,+20.8,+20.9,+25.4,+24.9,+25.1,+25,+24.9,+27,ESTP,0,0,+0,+0,+0.017,+0,+0.0414,+0,+0,+0,15:58:01 28.03.2020
11785,+25.6,+16.7,+20.9,+20.8,+20.9,+25.4,+24.9,+25.1,+25,+24.9,+27,ESTP,0,0,+0,+0,+0.017,+0,+0.0414,+0,+0,+0,15:59:01 28.03.2020
11786,+25.6,+16.7,+20.9,+20.8,+20.9,+25.4,+24.9,+25.1,+25,+25,+27,ESTP,0,0,+0,+0,+0.017,+0,+0.0414,+0,+0,+0,16:00:01 28.03.2020
11787,+25.6,+16.7,+20.9,+20.8,+20.9,+25.4,+24.9,+25.1,+25,+24.9,+27,ESTP,0,0,+0,+0,+0.017,+0,+0.0414,+0,+0,+0,16:01:01 28.03.2020
11788,+25.6,+16.7,+20.9,+20.8,+20.9,+25.4,+24.9,+25.1,+25,+24.9,+27,ESTP,0,0,+0,+0,+0.017,+0,+0.0414,+0,+0,+0,16:02:01 28.03.2020
11789,+25.6,+16.7,+20.9,+20.8,+20.9,+25.4,+24.9,+25.1,+25,+25,+27,ESTP,0,0,+0,+0,+0.017,+0,+0.0414,+0,+0,+0,16:03:01 28.03.2020
11790,+25.6,+16.7,+20.9,+20.8,+20.9,+25.4,+24.9,+25.1,+25,+25,+27,ESTP,0,0,+0,+0,+0.017,+0,+0.0414,+0,+0,+0,16:04:01 28.03.2020
11791,+25.6,+16.7,+20.9,+20.8,+20.9,+25.4,+24.9,+25.1,+25,+24.9,+27,ESTP,0,0,+0,+0,+0.017,+0,+0.0414,+0,+0,+0,16:05:01 28.03.2020
11792,+25.6,+16.7,+20.9,+20.8,+20.9,+25.4,+24.9,+25.1,+25,+25,+27,ESTP,0,0,+0,+0,+0.017,+0,+0.0414,+0,+0,+0,16:06:01 28.03.2020
11793,+25.6,+16.7,+20.9,+20.8,+20.9,+25.4,+24.9,+25.1,+25,+25,+27,ESTP,0,0,+0,+0,+0.017,+0,+0.0414,+0,+0,+0,16:07:01 28.03.2020
11794,+25.6,+16.7,+20.9,+20.8,+20.9,+25.4,+24.9,+25.1,+25,+25,+27,ESTP,0,0,+0,+0,+0.017,+0,+0.0414,+0,+0,+0,16:08:01 28.03.2020
11795,+25.6,+16.7,+20.9,+20.8,+20.9,+25.4,+24.9,+25.1,+25,+25,+27,ESTP,0,0,+0,+0,+0.017,+0,+0.0414,+0,+0,+0,16:09:01 28.03.2020
11796,+25.6,+16.7,+20.9,+20.8,+20.9,+25.4,+24.9,+25.1,+25,+25,+27,ESTP,0,0,+0,+0,+0.017,+0,+0.0414,+0,+0,+0,16:10:01 28.03.2020
11797,+25.6,+16.7,+20.9,+20.8,+20.9,+25.4,+24.9,+25.1,+25,+25,+27,ESTP,0,0,+0,+0,+0.017,+0,+0.0414,+0,+0,+0,16:11:01 28.03.2020
11798,+25.6,+16.7,+20.9,+20.8,+20.9,+25.3,+24.9,+25.1,+25,+25,+27,ESTP,0,0,+0,+0,+0.017,+0,+0.0414,+0,+0,+0,16:12:01 28.03.2020
11799,+25.6,+16.7,+20.9,+20.8,+20.9,+25.4,+24.9,+25.1,+25,+25,+27,ESTP,0,0,+0,+0,+0.017,+0,+0.0414,+0,+0,+0,16:13:01 28.03.2020
11800,+25.6,+16.7,+20.9,+20.8,+20.9,+25.4,+24.9,+25.1,+25,+25,+27,ESTP,0,0,+0,+0,+0.017,+0,+0.0414,+0,+0,+0,16:14:01 28.03.2020
11801,+25.6,+16.7,+20.9,+20.8,+20.9,+25.3,+24.9,+25.1,+25,+25,+27,ESTP,0,0,+0,+0,+0.017,+0,+0.0414,+0,+0,+0,16:15:01 28.03.2020
11802,+25.6,+16.7,+20.9,+20.8,+20.9,+25.4,+24.9,+25.1,+25,+25,+27,ESTP,0,0,+0,+0,+0.017,+0,+0.0414,+0,+0,+0,16:16:01 28.03.2020
11803,+25.6,+16.7,+20.9,+20.8,+20.9,+25.4,+24.9,+25.1,+25,+25,+27,ESTP,0,0,+0,+0,+0.017,+0,+0.0414,+0,+0,+0,16:17:01 28.03.2020
11804,+25.6,+16.7,+20.9,+20.8,+20.9,+25.3,+24.9,+25.1,+25,+25,+27,ESTP,0,0,+0,+0,+0.017,+0,+0.0414,+0,+0,+0,16:18:01 28.03.2020
11805,+25.6,+16.7,+20.9,+20.8,+20.9,+25.3,+24.9,+25.1,+25,+25,+27,ESTP,0,0,+0,+0,+0.017,+0,+0.0414,+0,+0,+0,16:19:01 28.03.2020
11806,+25.6,+16.7,+20.9,+20.8,+20.9,+25.3,+24.9,+25.1,+25,+25,+27,ESTP,0,0,+0,+0,+0.017,+0,+0.0414,+0,+0,+0,16:20:01 28.03.2020
11807,+25.6,+16.7,+20.9,+20.8,+20.9,+25.3,+24.9,+25.1,+25,+25,+27,ESTP,0,0,+0,+0,+0.017,+0,+0.0414,+0,+0,+0,16:21:01 28.03.2020
11808,+25.6,+16.8,+20.9,+20.8,+20.9,+25.3,+24.9,+25.1,+25,+25,+27,ESTP,0,0,+0,+0,+0.017,+0,+0.0414,+0,+0,+0,16:22:01 28.03.2020
11809,+25.6,+16.8,+20.9,+20.8,+20.9,+25.3,+24.9,+25.1,+25,+25,+27,ESTP,0,0,+0,+0,+0.017,+0,+0.0414,+0,+0,+0,16:23:01 28.03.2020
11810,+25.6,+16.8,+20.9,+20.8,+20.9,+25.3,+24.9,+25.1,+25,+25,+27,ESTP,0,0,+0,+0,+0.017,+0,+0.0414,+0,+0,+0,16:24:01 28.03.2020
11811,+25.6,+16.8,+20.9,+20.9,+20.9,+25.3,+24.9,+25.1,+25,+25,+27,ESTP,0,0,+0,+0,+0.017,+0,+0.0414,+0,+0,+0,16:25:01 28.03.2020
11812,+25.6,+16.8,+20.9,+20.8,+20.9,+25.3,+24.9,+25.1,+25,+24.9,+27,ESTP,0,0,+0,+0,+0.017,+0,+0.0414,+0,+0,+0,16:26:01 28.03.2020
11813,+25.6,+16.8,+20.9,+20.8,+20.9,+25.3,+24.9,+25.1,+25,+25,+27,ESTP,0,0,+0,+0,+0.017,+0,+0.0414,+0,+0,+0,16:27:01 28.03.2020
11814,+25.6,+16.8,+20.9,+20.8,+20.9,+25.3,+24.9,+25.1,+25,+24.9,+27,ESTP,0,0,+0,+0,+0.017,+0,+0.0414,+0,+0,+0,16:28:01 28.03.2020
11815,+25.6,+16.8,+20.9,+20.8,+20.9,+25.3,+24.9,+25.1,+25,+24.9,+27,ESTP,0,0,+0,+0,+0.017,+0,+0.0414,+0,+0,+0,16:29:01 28.03.2020
11816,+25.6,+16.8,+20.9,+20.8,+20.9,+25.3,+24.9,+25.1,+25,+24.9,+27,ESTP,0,0,+0,+0,+0.017,+0,+0.0414,+0,+0,+0,16:30:01 28.03.2020
11817,+25.6,+16.8,+20.9,+20.8,+20.9,+25.3,+24.9,+25.1,+25,+24.9,+27,ESTP,0,0,+0,+0,+0.017,+0,+0.0414,+0,+0,+0,16:31:01 28.03.2020
11818,+25.6,+16.8,+20.9,+20.9,+20.9,+25.3,+24.9,+25.1,+25,+24.9,+27,ESTP,0,0,+0,+0,+0.017,+0,+0.0414,+0,+0,+0,16:32:01 28.03.2020
11819,+25.5,+16.8,+20.9,+20.9,+20.9,+25.3,+24.9,+25.1,+25,+24.9,+27,ESTP,0,0,+0,+0,+0.017,+0,+0.0414,+0,+0,+0,16:33:01 28.03.2020
11820,+25.5,+16.8,+20.9,+20.9,+20.9,+25.3,+24.9,+25.1,+25,+24.9,+27,ESTP,0,0,+0,+0,+0.017,+0,+0.0414,+0,+0,+0,16:34:01 28.03.2020
11821,+25.6,+16.8,+20.9,+20.9,+20.9,+25.3,+24.9,+25.1,+25,+24.9,+27,ESTP,0,0,+0,+0,+0.017,+0,+0.0414,+0,+0,+0,16:35:01 28.03.2020
11822,+25.6,+16.8,+20.9,+20.9,+20.9,+25.3,+24.9,+25.1,+25,+24.9,+27,ESTP,0,0,+0,+0,+0.017,+0,+0.0414,+0,+0,+0,16:36:01 28.03.2020
11823,+25.6,+16.8,+20.9,+20.9,+20.9,+25.3,+24.9,+25.1,+25,+24.9,+27,ESTP,0,0,+0,+0,+0.017,+0,+0.0414,+0,+0,+0,16:37:01 28.03.2020
11824,+25.6,+16.8,+20.9,+20.9,+20.9,+25.3,+24.9,+25.1,+25,+24.9,+27,ESTP,0,0,+0,+0,+0.017,+0,+0.0414,+0,+0,+0,16:38:01 28.03.2020
11825,+25.6,+16.8,+20.9,+20.9,+20.9,+25.3,+24.9,+25.1,+25,+24.9,+27,ESTP,0,0,+0,+0,+0.017,+0,+0.0414,+0,+0,+0,16:39:01 28.03.2020
11826,+25.6,+16.8,+20.9,+20.9,+20.9,+25.3,+24.9,+25.1,+25,+24.9,+27,ESTP,0,0,+0,+0,+0.017,+0,+0.0414,+0,+0,+0,16:40:01 28.03.2020
11827,+25.6,+16.8,+20.9,+20.9,+20.9,+25.3,+24.9,+25.1,+25,+25,+27,ESTP,0,0,+0,+0,+0.017,+0,+0.0414,+0,+0,+0,16:41:01 28.03.2020
11828,+25.6,+16.8,+20.9,+20.9,+20.9,+25.4,+24.9,+25.1,+25,+25,+27,ESTP,0,0,+0,+0,+0.017,+0,+0.0414,+0,+0,+0,16:42:01 28.03.2020
11829,+25.6,+16.8,+20.9,+20.9,+20.9,+25.3,+24.9,+25.1,+25,+25,+27,ESTP,0,0,+0,+0,+0.017,+0,+0.0414,+0,+0,+0,16:43:01 28.03.2020
11830,+25.6,+16.8,+20.9,+20.9,+20.9,+25.3,+24.9,+25.1,+25,+25,+27,ESTP,0,0,+0,+0,+0.017,+0,+0.0414,+0,+0,+0,16:44:01 28.03.2020
11831,+25.6,+16.8,+20.9,+20.9,+20.9,+25.3,+24.9,+25.1,+25,+25,+27,ESTP,0,0,+0,+0,+0.017,+0,+0.0414,+0,+0,+0,16:45:01 28.03.2020
11832,+25.6,+16.8,+20.9,+20.9,+20.9,+25.3,+24.9,+25.1,+25,+25,+27,ESTP,0,0,+0,+0,+0.017,+0,+0.0414,+0,+0,+0,16:46:01 28.03.2020
11833,+25.6,+16.9,+20.9,+20.9,+20.9,+25.3,+24.9,+25.1,+25,+25,+27,ESTP,0,0,+0,+0,+0.017,+0,+0.0414,+0,+0,+0,16:47:01 28.03.2020
11834,+25.6,+16.9,+20.9,+20.9,+20.9,+25.3,+24.9,+25.1,+25,+25,+27,ESTP,0,0,+0,+0,+0.017,+0,+0.0414,+0,+0,+0,16:48:01 28.03.2020
11835,+25.6,+16.9,+20.9,+20.9,+20.9,+25.3,+24.9,+25.1,+25,+25,+27,ESTP,0,0,+0,+0,+0.0171,+0,+0.0414,+0,+0,+0,16:49:01 28.03.2020
11836,+25.6,+16.9,+20.9,+20.9,+20.9,+25.3,+25,+25.1,+25,+25,+27,ESTP,0,0,+0,+0,+0.017,+0,+0.0414,+0,+0,+0,16:50:01 28.03.2020
11837,+25.6,+16.9,+20.9,+20.9,+20.9,+25.3,+25,+25.1,+25,+25,+27,ESTP,0,0,+0,+0,+0.017,+0,+0.0414,+0,+0,+0,16:51:01 28.03.2020
11838,+25.6,+16.9,+20.9,+20.9,+20.9,+25.3,+24.9,+25.1,+25,+25,+27,ESTP,0,0,+0,+0,+0.017,+0,+0.0414,+0,+0,+0,16:52:01 28.03.2020
11839,+25.6,+16.9,+20.9,+20.9,+20.9,+25.3,+24.9,+25.1,+25,+25,+27,ESTP,0,0,+0,+0,+0.017,+0,+0.0414,+0,+0,+0,16:53:01 28.03.2020
11840,+25.6,+16.9,+20.9,+20.9,+20.9,+25.3,+25,+25.1,+25.1,+25,+27,ESTP,0,0,+0,+0,+0.0171,+0,+0.0414,+0,+0,+0,16:54:01 28.03.2020
11841,+25.6,+16.9,+20.9,+20.9,+20.9,+25.3,+25,+25.1,+25,+25,+27,ESTP,0,0,+0,+0,+0.017,+0,+0.0414,+0,+0,+0,16:55:01 28.03.2020
11842,+25.6,+16.9,+20.9,+20.9,+20.9,+25.3,+25,+25.1,+25,+25,+27,ESTP,0,0,+0,+0,+0.017,+0,+0.0414,+0,+0,+0,16:56:01 28.03.2020
11843,+25.6,+16.9,+20.9,+20.9,+20.9,+25.3,+24.9,+25.1,+25.1,+25,+27,ESTP,0,0,+0,+0,+0.017,+0,+0.0414,+0,+0,+0,16:57:01 28.03.2020
11844,+25.6,+16.9,+20.9,+20.9,+20.9,+25.3,+24.9,+25.1,+25,+25,+27,ESTP,0,0,+0,+0,+0.017,+0,+0.0414,+0,+0,+0,16:58:01 28.03.2020
11845,+25.5,+16.9,+20.9,+20.9,+20.9,+25.3,+25,+25.1,+25,+25,+27,ESTP,0,0,+0,+0,+0.017,+0,+0.0414,+0,+0,+0,16:59:01 28.03.2020
11846,+25.5,+16.9,+20.9,+20.9,+20.9,+25.3,+24.9,+25.1,+25,+25,+27,ESTP,0,0,+0,+0,+0.017,+0,+0.0414,+0,+0,+0,17:00:01 28.03.2020
11847,+25.5,+16.9,+21,+20.9,+20.9,+25.3,+24.9,+25.1,+25,+25,+27,ESTP,0,0,+0,+0,+0.017,+0,+0.0414,+0,+0,+0,17:01:01 28.03.2020
11848,+25.5,+16.9,+20.9,+20.9,+20.9,+25.3,+24.9,+25.1,+25,+25,+27,ESTP,0,0,+0,+0,+0.0171,+0,+0.0414,+0,+0,+0,17:02:01 28.03.2020
11849,+25.5,+16.9,+21,+20.9,+20.9,+25.3,+24.9,+25.1,+25,+25,+27,ESTP,0,0,+0,+0,+0.017,+0,+0.0414,+0,+0,+0,17:03:01 28.03.2020
11850,+25.5,+16.9,+21,+20.9,+20.9,+25.3,+24.9,+25.1,+25,+25,+27,ESTP,0,0,+0,+0,+0.017,+0,+0.0414,+0,+0,+0,17:04:01 28.03.2020
11851,+25.5,+16.9,+20.9,+20.9,+20.9,+25.3,+25,+25.1,+25,+25,+27,ESTP,0,0,+0,+0,+0.017,+0,+0.0414,+0,+0,+0,17:05:01 28.03.2020
11852,+25.5,+16.9,+21,+20.9,+20.9,+25.3,+24.9,+25.1,+25,+25,+27,ESTP,0,0,+0,+0,+0.017,+0,+0.0414,+0,+0,+0,17:06:01 28.03.2020
11853,+25.5,+16.9,+20.9,+20.9,+20.9,+25.3,+24.9,+25.1,+25,+25,+27,ESTP,0,0,+0,+0,+0.017,+0,+0.0414,+0,+0,+0,17:07:01 28.03.2020
11854,+25.6,+16.9,+21,+20.9,+20.9,+25.3,+24.9,+25.1,+25,+25,+27,ESTP,0,0,+0,+0,+0.017,+0,+0.0414,+0,+0,+0,17:08:01 28.03.2020
11855,+25.6,+16.9,+21,+20.9,+20.9,+25.3,+25,+25.1,+25,+25,+27,ESTP,0,0,+0,+0,+0.017,+0,+0.0414,+0,+0,+0,17:09:01 28.03.2020
11856,+25.6,+17,+21,+20.9,+20.9,+25.3,+24.9,+25.1,+25.1,+25,+27,ESTP,0,0,+0,+0,+0.0171,+0,+0.0414,+0,+0,+0,17:10:01 28.03.2020
11857,+25.6,+17,+21,+20.9,+20.9,+25.3,+24.9,+25.1,+25.1,+25,+27,ESTP,0,0,+0,+0,+0.0171,+0,+0.0414,+0,+0,+0,17:11:01 28.03.2020
11858,+25.6,+17,+21,+20.9,+20.9,+25.3,+24.9,+25.1,+25.1,+25,+27,ESTP,0,0,+0,+0,+0.0171,+0,+0.0414,+0,+0,+0,17:12:01 28.03.2020
11859,+25.6,+17,+21,+20.9,+20.9,+25.3,+24.9,+25.1,+25.1,+25,+27,ESTP,0,0,+0,+0,+0.0171,+0,+0.0414,+0,+0,+0,17:13:01 28.03.2020
11860,+25.6,+17,+21,+20.9,+20.9,+25.3,+25,+25.1,+25.1,+25,+27,ESTP,0,0,+0,+0,+0.0171,+0,+0.0414,+0,+0,+0,17:14:01 28.03.2020
11861,+25.6,+17,+21,+20.9,+20.9,+25.3,+25,+25.1,+25.1,+25,+27,ESTP,0,0,+0,+0,+0.0171,+0,+0.0414,+0,+0,+0,17:15:01 28.03.2020
11862,+25.6,+17,+21,+20.9,+20.9,+25.3,+25,+25.1,+25.1,+25,+27,ESTP,0,0,+0,+0,+0.0171,+0,+0.0414,+0,+0,+0,17:16:01 28.03.2020
11863,+25.6,+17,+21,+20.9,+20.9,+25.3,+25,+25.1,+25.1,+25,+27,ESTP,0,0,+0,+0,+0.0171,+0,+0.0414,+0,+0,+0,17:17:01 28.03.2020
11864,+25.6,+17,+21,+20.9,+20.9,+25.3,+24.9,+25.1,+25.1,+25,+27,ESTP,0,0,+0,+0,+0.0171,+0,+0.0414,+0,+0,+0,17:18:01 28.03.2020
11865,+25.5,+17,+21,+20.9,+20.9,+25.3,+25,+25.1,+25.1,+25,+27,ESTP,0,0,+0,+0,+0.0171,+0,+0.0414,+0,+0,+0,17:19:01 28.03.2020
11866,+25.5,+17,+21,+20.9,+20.9,+25.3,+25,+25.1,+25.1,+25,+27,ESTP,0,0,+0,+0,+0.0171,+0,+0.0414,+0,+0,+0,17:20:01 28.03.2020
11867,+25.5,+17,+21,+20.9,+20.9,+25.3,+24.9,+25.1,+25.1,+25,+27,ESTP,0,0,+0,+0,+0.0171,+0,+0.0414,+0,+0,+0,17:21:01 28.03.2020
11868,+25.5,+17,+21,+20.9,+20.9,+25.3,+24.9,+25.1,+25.1,+25,+27,ESTP,0,0,+0,+0,+0.0171,+0,+0.0414,+0,+0,+0,17:22:01 28.03.2020
11869,+25.5,+17,+21,+20.9,+20.9,+25.3,+24.9,+25.1,+25.1,+25,+27,ESTP,0,0,+0,+0,+0.0171,+0,+0.0414,+0,+0,+0,17:23:01 28.03.2020
11870,+25.5,+17,+21,+20.9,+20.9,+25.3,+25,+25.1,+25.1,+25,+27,ESTP,0,0,+0,+0,+0.0171,+0,+0.0414,+0,+0,+0,17:24:01 28.03.2020
11871,+25.5,+17,+21,+20.9,+20.9,+25.3,+25,+25.1,+25.1,+25,+27,ESTP,0,0,+0,+0,+0.0171,+0,+0.0414,+0,+0,+0,17:25:01 28.03.2020
11872,+25.5,+17,+21,+20.9,+20.9,+25.3,+24.9,+25.1,+25.1,+25,+27,ESTP,0,0,+0,+0,+0.0171,+0,+0.0414,+0,+0,+0,17:26:01 28.03.2020
11873,+25.5,+17,+21,+20.9,+20.9,+25.3,+25,+25.1,+25.1,+25,+27,ESTP,0,0,+0,+0,+0.0171,+0,+0.0414,+0,+0,+0,17:27:01 28.03.2020
11874,+25.5,+17,+21,+20.9,+20.9,+25.3,+25,+25.1,+25.1,+25,+27,ESTP,0,0,+0,+0,+0.0171,+0,+0.0414,+0,+0,+0,17:28:01 28.03.2020
11875,+25.5,+17,+21,+20.9,+21,+25.3,+25,+25.1,+25.1,+25,+27,ESTP,0,0,+0,+0,+0.0171,+0,+0.0414,+0,+0,+0,17:29:01 28.03.2020
11876,+25.5,+17,+21,+20.9,+20.9,+25.3,+25,+25.1,+25.1,+25,+27,ESTP,0,0,+0,+0,+0.0171,+0,+0.0414,+0,+0,+0,17:30:01 28.03.2020
11877,+25.5,+17,+21,+20.9,+21,+25.3,+25,+25.1,+25.1,+25,+27,ESTP,0,0,+0,+0,+0.0171,+0,+0.0414,+0,+0,+0,17:31:01 28.03.2020
11878,+25.5,+17,+21,+20.9,+20.9,+25.3,+25,+25.1,+25.1,+25,+27,ESTP,0,0,+0,+0,+0.0171,+0,+0.0414,+0,+0,+0,17:32:01 28.03.2020
11879,+25.5,+17,+21,+20.9,+21,+25.3,+25,+25.1,+25.1,+25,+27,ESTP,0,0,+0,+0,+0.0171,+0,+0.0414,+0,+0,+0,17:33:01 28.03.2020
11880,+25.5,+17,+21,+20.9,+21,+25.3,+25,+25.1,+25.1,+25,+27,ESTP,0,0,+0,+0,+0.0171,+0,+0.0414,+0,+0,+0,17:34:01 28.03.2020
11881,+25.5,+17,+21,+20.9,+21,+25.3,+25,+25.1,+25.1,+25,+27,ESTP,0,0,+0,+0,+0.0171,+0,+0.0414,+0,+0,+0,17:35:01 28.03.2020
11882,+25.5,+17,+21,+20.9,+21,+25.3,+24.9,+25.1,+25.1,+25,+27,ESTP,0,0,+0,+0,+0.0171,+0,+0.0414,+0,+0,+0,17:36:01 28.03.2020
11883,+25.5,+17,+21,+20.9,+21,+25.3,+25,+25.1,+25.1,+25,+27,ESTP,0,0,+0,+0,+0.0171,+0,+0.0414,+0,+0,+0,17:37:01 28.03.2020
11884,+25.5,+17.1,+21,+20.9,+21,+25.3,+24.9,+25.1,+25.1,+25,+27,ESTP,0,0,+0,+0,+0.0171,+0,+0.0414,+0,+0,+0,17:38:01 28.03.2020
11885,+25.6,+17.1,+21,+20.9,+21,+25.3,+25,+25.1,+25.1,+25,+27,ESTP,0,0,+0,+0,+0.0171,+0,+0.0414,+0,+0,+0,17:39:01 28.03.2020
11886,+25.6,+17.1,+21,+20.9,+21,+25.3,+25,+25.1,+25.1,+25,+27,ESTP,0,0,+0,+0,+0.0171,+0,+0.0414,+0,+0,+0,17:40:01 28.03.2020
11887,+25.5,+17.1,+21,+20.9,+21,+25.3,+25,+25.1,+25.1,+25,+27,ESTP,0,0,+0,+0,+0.0171,+0,+0.0414,+0,+0,+0,17:41:01 28.03.2020
11888,+25.5,+17.1,+21,+20.9,+21,+25.3,+24.9,+25.1,+25.1,+25,+27,ESTP,0,0,+0,+0,+0.0171,+0,+0.0414,+0,+0,+0,17:42:01 28.03.2020
11889,+25.5,+17.1,+21,+20.9,+21,+25.3,+25,+25.1,+25.1,+25,+27,ESTP,0,0,+0,+0,+0.0171,+0,+0.0414,+0,+0,+0,17:43:01 28.03.2020
11890,+25.5,+17.1,+21,+20.9,+21,+25.3,+24.9,+25.1,+25.1,+25,+27,ESTP,0,0,+0,+0,+0.0171,+0,+0.0414,+0,+0,+0,17:44:01 28.03.2020
11891,+25.5,+17.1,+21,+20.9,+21,+25.3,+25,+25.1,+25.1,+25,+27,ESTP,0,0,+0,+0,+0.0171,+0,+0.0414,+0,+0,+0,17:45:01 28.03.2020
11892,+25.5,+17.1,+21,+20.9,+21,+25.3,+25,+25.1,+25.1,+25,+27,ESTP,0,0,+0,+0,+0.0171,+0,+0.0414,+0,+0,+0,17:46:01 28.03.2020
11893,+25.5,+17.1,+21,+20.9,+21,+25.3,+25,+25.1,+25.1,+25,+27,ESTP,0,0,+0,+0,+0.0171,+0,+0.0414,+0,+0,+0,17:47:01 28.03.2020
11894,+25.5,+17.1,+21,+20.9,+21,+25.3,+25,+25.1,+25.1,+25,+27,ESTP,0,0,+0,+0,+0.0171,+0,+0.0414,+0,+0,+0,17:48:01 28.03.2020
11895,+25.5,+17.1,+21,+20.9,+21,+25.3,+24.9,+25.1,+25.1,+25,+27,ESTP,0,0,+0,+0,+0.0171,+0,+0.0414,+0,+0,+0,17:49:01 28.03.2020
11896,+25.5,+17.1,+21,+20.9,+21,+25.3,+25,+25.1,+25.1,+25,+27,ESTP,0,0,+0,+0,+0.0171,+0,+0.0414,+0,+0,+0,17:50:01 28.03.2020
11897,+25.5,+17.1,+21,+20.9,+21,+25.3,+24.9,+25.1,+25.1,+25,+27,ESTP,0,0,+0,+0,+0.0171,+0,+0.0414,+0,+0,+0,17:51:01 28.03.2020
11898,+25.5,+17.1,+21,+20.9,+21,+25.3,+25,+25.1,+25.1,+25,+27,ESTP,0,0,+0,+0,+0.0171,+0,+0.0414,+0,+0,+0,17:52:01 28.03.2020
11899,+25.5,+17.1,+21,+20.9,+21,+25.3,+25,+25.1,+25.1,+25,+27,ESTP,0,0,+0,+0,+0.0171,+0,+0.0414,+0,+0,+0,17:53:01 28.03.2020
11900,+25.5,+17.1,+21,+20.9,+21,+25.3,+24.9,+25.1,+25.1,+25,+27,ESTP,0,0,+0,+0,+0.0171,+0,+0.0414,+0,+0,+0,17:54:01 28.03.2020
11901,+25.5,+17.1,+21,+20.9,+21,+25.3,+25,+25.1,+25.1,+25,+27,ESTP,0,0,+0,+0,+0.0171,+0,+0.0414,+0,+0,+0,17:55:01 28.03.2020
11902,+25.5,+17.1,+21,+20.9,+21,+25.3,+25,+25.1,+25.1,+25,+27,ESTP,0,0,+0,+0,+0.0171,+0,+0.0414,+0,+0,+0,17:56:01 28.03.2020
11903,+25.5,+17.1,+21,+20.9,+21,+25.3,+25,+25.1,+25.1,+25,+27,ESTP,0,0,+0,+0,+0.0171,+0,+0.0414,+0,+0,+0,17:57:01 28.03.2020
11904,+25.5,+17.1,+21,+20.9,+21,+25.3,+25,+25.1,+25.1,+25,+27,ESTP,0,0,+0,+0,+0.0171,+0,+0.0414,+0,+0,+0,17:58:01 28.03.2020
11905,+25.5,+17.1,+21,+20.9,+21,+25.3,+24.9,+25.1,+25.1,+25,+27,ESTP,0,0,+0,+0,+0.0171,+0,+0.0414,+0,+0,+0,17:59:01 28.03.2020
11906,+25.5,+17.1,+21,+20.9,+21,+25.3,+25,+25.1,+25.1,+25,+27,ESTP,0,0,+0,+0,+0.0171,+0,+0.0414,+0,+0,+0,18:00:01 28.03.2020
11907,+25.5,+17.1,+21,+20.9,+21,+25.3,+24.9,+25.1,+25.1,+25,+27,ESTP,0,0,+0,+0,+0.0171,+0,+0.0414,+0,+0,+0,18:01:01 28.03.2020
11908,+25.6,+17.1,+21,+20.9,+21,+25.3,+25,+25.1,+25.1,+25,+27,ESTP,0,0,+0,+0,+0.0171,+0,+0.0414,+0,+0,+0,18:02:01 28.03.2020
11909,+25.6,+17.2,+21,+20.9,+21,+25.3,+25,+25.1,+25.1,+25,+27,ESTP,0,0,+0,+0,+0.0171,+0,+0.0414,+0,+0,+0,18:03:01 28.03.2020
11910,+25.6,+17.2,+21,+20.9,+21,+25.3,+25,+25.1,+25.1,+25,+27,ESTP,0,0,+0,+0,+0.0171,+0,+0.0414,+0,+0,+0,18:04:01 28.03.2020
11911,+25.6,+17.2,+21,+20.9,+21,+25.3,+25,+25.1,+25.1,+25,+27,ESTP,0,0,+0,+0,+0.0171,+0,+0.0414,+0,+0,+0,18:05:01 28.03.2020
11912,+25.5,+17.2,+21,+20.9,+21,+25.3,+25,+25.1,+25.1,+25,+27,ESTP,0,0,+0,+0,+0.0171,+0,+0.0414,+0,+0,+0,18:06:01 28.03.2020
11913,+25.5,+17.2,+21,+20.9,+21,+25.3,+24.9,+25.2,+25.1,+25,+27,ESTP,0,0,+0,+0,+0.0171,+0,+0.0414,+0,+0,+0,18:07:01 28.03.2020
11914,+25.5,+17.2,+21,+20.9,+21,+25.3,+25,+25.2,+25.1,+25,+27,ESTP,0,0,+0,+0,+0.0171,+0,+0.0414,+0,+0,+0,18:08:01 28.03.2020
11915,+25.5,+17.2,+21,+20.9,+21,+25.3,+25,+25.2,+25.1,+25,+27,ESTP,0,0,+0,+0,+0.0171,+0,+0.0414,+0,+0,+0,18:09:01 28.03.2020
11916,+25.5,+17.2,+21,+20.9,+21,+25.3,+25,+25.2,+25.1,+25,+27,ESTP,0,0,+0,+0,+0.0171,+0,+0.0414,+0,+0,+0,18:10:01 28.03.2020
11917,+25.5,+17.2,+21,+20.9,+21,+25.3,+25,+25.2,+25.1,+25,+27,ESTP,0,0,+0,+0,+0.0171,+0,+0.0414,+0,+0,+0,18:11:01 28.03.2020
11918,+25.5,+17.2,+21,+20.9,+21,+25.3,+25,+25.2,+25.1,+25,+27,ESTP,0,0,+0,+0,+0.0171,+0,+0.0414,+0,+0,+0,18:12:01 28.03.2020
11919,+25.5,+17.2,+21,+20.9,+21,+25.3,+25,+25.2,+25.1,+25,+27,ESTP,0,0,+0,+0,+0.0171,+0,+0.0414,+0,+0,+0,18:13:01 28.03.2020
11920,+25.5,+17.2,+21,+20.9,+21,+25.3,+25,+25.2,+25.1,+25,+27,ESTP,0,0,+0,+0,+0.0171,+0,+0.0414,+0,+0,+0,18:14:01 28.03.2020
11921,+25.5,+17.2,+21,+20.9,+21,+25.3,+25,+25.2,+25.1,+25,+27,ESTP,0,0,+0,+0,+0.0171,+0,+0.0414,+0,+0,+0,18:15:01 28.03.2020
11922,+25.5,+17.2,+21,+20.9,+21,+25.3,+25,+25.2,+25.1,+25,+27,ESTP,0,0,+0,+0,+0.0171,+0,+0.0414,+0,+0,+0,18:16:01 28.03.2020
11923,+25.5,+17.2,+21,+20.9,+21,+25.3,+25,+25.2,+25.1,+25,+27,ESTP,0,0,+0,+0,+0.0171,+0,+0.0414,+0,+0,+0,18:17:01 28.03.2020
11924,+25.5,+17.2,+21,+20.9,+21,+25.3,+25,+25.2,+25.1,+25,+27,ESTP,0,0,+0,+0,+0.0171,+0,+0.0414,+0,+0,+0,18:18:01 28.03.2020
11925,+25.5,+17.2,+21,+20.9,+21,+25.3,+25,+25.2,+25.1,+25,+27,ESTP,0,0,+0,+0,+0.0171,+0,+0.0414,+0,+0,+0,18:19:01 28.03.2020
11926,+25.5,+17.2,+21,+20.9,+21,+25.3,+25,+25.2,+25.1,+25,+27,ESTP,0,0,+0,+0,+0.0171,+0,+0.0414,+0,+0,+0,18:20:01 28.03.2020
11927,+25.5,+17.2,+21,+20.9,+21,+25.3,+25,+25.2,+25.1,+25,+27,ESTP,0,0,+0,+0,+0.0171,+0,+0.0414,+0,+0,+0,18:21:01 28.03.2020
11928,+25.5,+17.2,+21,+20.9,+21,+25.3,+25,+25.1,+25.1,+25,+27,ESTP,0,0,+0,+0,+0.0171,+0,+0.0414,+0,+0,+0,18:22:01 28.03.2020
11929,+25.5,+17.2,+21,+20.9,+21,+25.3,+25,+25.2,+25.1,+25,+27,ESTP,0,0,+0,+0,+0.0171,+0,+0.0414,+0,+0,+0,18:23:01 28.03.2020
11930,+25.5,+17.2,+21,+20.9,+21,+25.3,+25,+25.2,+25.1,+25,+27,ESTP,0,0,+0,+0,+0.0171,+0,+0.0414,+0,+0,+0,18:24:01 28.03.2020
11931,+25.5,+17.2,+21,+20.9,+21,+25.3,+25,+25.2,+25.1,+25,+27,ESTP,0,0,+0,+0,+0.0171,+0,+0.0414,+0,+0,+0,18:25:01 28.03.2020
11932,+25.5,+17.2,+21,+20.9,+21,+25.3,+25,+25.2,+25.1,+25,+27,ESTP,0,0,+0,+0,+0.0171,+0,+0.0414,+0,+0,+0,18:26:01 28.03.2020
11933,+25.5,+17.2,+21,+20.9,+21,+25.3,+25,+25.2,+25.1,+25,+27,ESTP,0,0,+0,+0,+0.0171,+0,+0.0414,+0,+0,+0,18:27:01 28.03.2020
11934,+25.5,+17.2,+21,+20.9,+21,+25.3,+25,+25.2,+25.1,+25,+27,ESTP,0,0,+0,+0,+0.0171,+0,+0.0414,+0,+0,+0,18:28:01 28.03.2020
11935,+25.5,+17.2,+21,+20.9,+21,+25.3,+25,+25.1,+25.1,+25,+27,ESTP,0,0,+0,+0,+0.0171,+0,+0.0414,+0,+0,+0,18:29:01 28.03.2020
11936,+25.5,+17.2,+21,+20.9,+21,+25.3,+25,+25.1,+25.1,+25,+27,ESTP,0,0,+0,+0,+0.0171,+0,+0.0414,+0,+0,+0,18:30:01 28.03.2020
11937,+25.5,+17.3,+21,+20.9,+21,+25.3,+25,+25.2,+25.1,+25,+27,ESTP,0,0,+0,+0,+0.0171,+0,+0.0414,+0,+0,+0,18:31:01 28.03.2020
11938,+25.5,+17.2,+21,+20.9,+21,+25.3,+25,+25.2,+25.1,+25,+27,ESTP,0,0,+0,+0,+0.0171,+0,+0.0414,+0,+0,+0,18:32:01 28.03.2020
11939,+25.5,+17.2,+21,+20.9,+21,+25.3,+25,+25.2,+25.1,+25,+27,ESTP,0,0,+0,+0,+0.0171,+0,+0.0414,+0,+0,+0,18:33:01 28.03.2020
11940,+25.5,+17.2,+21,+20.9,+21,+25.3,+25,+25.2,+25.1,+25,+27,ESTP,0,0,+0,+0,+0.0171,+0,+0.0414,+0,+0,+0,18:34:01 28.03.2020
11941,+25.5,+17.2,+21,+20.9,+21,+25.3,+25,+25.2,+25.1,+25,+27,ESTP,0,0,+0,+0,+0.0171,+0,+0.0414,+0,+0,+0,18:35:01 28.03.2020
11942,+25.5,+17.3,+21,+20.9,+21,+25.3,+25,+25.2,+25.1,+25,+27,ESTP,0,0,+0,+0,+0.0171,+0,+0.0414,+0,+0,+0,18:36:01 28.03.2020
11943,+25.5,+17.3,+21,+20.9,+21,+25.3,+25,+25.2,+25.1,+25,+27,ESTP,0,0,+0,+0,+0.0171,+0,+0.0414,+0,+0,+0,18:37:01 28.03.2020
11944,+25.5,+17.3,+21,+20.9,+21,+25.3,+25,+25.2,+25.1,+25,+27,ESTP,0,0,+0,+0,+0.0171,+0,+0.0414,+0,+0,+0,18:38:01 28.03.2020
11945,+25.5,+17.3,+21,+20.9,+21,+25.3,+25,+25.2,+25.1,+25,+27,ESTP,0,0,+0,+0,+0.0171,+0,+0.0414,+0,+0,+0,18:39:01 28.03.2020
11946,+25.5,+17.3,+21,+20.9,+21,+25.3,+25,+25.2,+25.1,+25,+27,ESTP,0,0,+0,+0,+0.0171,+0,+0.0414,+0,+0,+0,18:40:01 28.03.2020
11947,+25.5,+17.3,+21,+20.9,+21,+25.3,+25,+25.2,+25.1,+25,+27,ESTP,0,0,+0,+0,+0.0171,+0,+0.0414,+0,+0,+0,18:41:01 28.03.2020
11948,+25.5,+17.3,+21,+20.9,+21,+25.3,+25,+25.2,+25.1,+25,+27,ESTP,0,0,+0,+0,+0.0171,+0,+0.0414,+0,+0,+0,18:42:01 28.03.2020
11949,+25.5,+17.3,+21,+20.9,+21,+25.3,+25,+25.2,+25.1,+25,+27,ESTP,0,0,+0,+0,+0.0171,+0,+0.0414,+0,+0,+0,18:43:01 28.03.2020
11950,+25.4,+17.3,+21,+20.9,+21,+25.3,+25,+25.2,+25.1,+25,+27,ESTP,0,0,+0,+0,+0.0171,+0,+0.0414,+0,+0,+0,18:44:01 28.03.2020
11951,+25.5,+17.3,+21,+20.9,+21,+25.3,+25,+25.2,+25.1,+25,+27,ESTP,0,0,+0,+0,+0.0171,+0,+0.0414,+0,+0,+0,18:45:01 28.03.2020
11952,+25.5,+17.3,+21,+20.9,+21,+25.3,+25,+25.2,+25.1,+25,+27,ESTP,0,0,+0,+0,+0.0171,+0,+0.0414,+0,+0,+0,18:46:01 28.03.2020
11953,+25.5,+17.3,+21,+20.9,+21,+25.3,+25,+25.2,+25.1,+25,+27,ESTP,0,0,+0,+0,+0.0171,+0,+0.0414,+0,+0,+0,18:47:01 28.03.2020
11954,+25.5,+17.3,+21,+20.9,+21,+25.3,+25,+25.2,+25.1,+25,+27,ESTP,0,0,+0,+0,+0.0171,+0,+0.0414,+0,+0,+0,18:48:01 28.03.2020
11955,+25.5,+17.3,+21,+20.9,+21,+25.3,+25,+25.2,+25.1,+25,+27,ESTP,0,0,+0,+0,+0.0171,+0,+0.0414,+0,+0,+0,18:49:01 28.03.2020
11956,+25.5,+17.3,+21,+20.9,+21,+25.3,+25,+25.2,+25.1,+25,+27,ESTP,0,0,+0,+0,+0.0171,+0,+0.0414,+0,+0,+0,18:50:01 28.03.2020
11957,+25.5,+17.3,+21,+20.9,+21,+25.3,+25,+25.2,+25.1,+25,+27,ESTP,0,0,+0,+0,+0.0171,+0,+0.0414,+0,+0,+0,18:51:01 28.03.2020
11958,+25.5,+17.3,+21,+20.9,+21,+25.3,+25,+25.2,+25.1,+25,+27,ESTP,0,0,+0,+0,+0.0171,+0,+0.0414,+0,+0,+0,18:52:01 28.03.2020
11959,+25.5,+17.3,+21,+20.9,+21,+25.3,+25,+25.2,+25.1,+25,+27,ESTP,0,0,+0,+0,+0.0171,+0,+0.0414,+0,+0,+0,18:53:01 28.03.2020
11960,+25.5,+17.3,+21,+20.9,+21,+25.3,+25,+25.2,+25.1,+25,+27,ESTP,0,0,+0,+0,+0.0171,+0,+0.0414,+0,+0,+0,18:54:01 28.03.2020
11961,+25.5,+17.3,+21,+21,+21,+25.3,+25,+25.2,+25.1,+25,+27,ESTP,0,0,+0,+0,+0.0171,+0,+0.0414,+0,+0,+0,18:55:01 28.03.2020
11962,+25.5,+17.3,+21,+21,+21,+25.3,+25,+25.2,+25.1,+25,+27,ESTP,0,0,+0,+0,+0.0171,+0,+0.0414,+0,+0,+0,18:56:01 28.03.2020
11963,+25.5,+17.3,+21,+21,+21,+25.3,+25,+25.2,+25.1,+25,+27,ESTP,0,0,+0,+0,+0.0171,+0,+0.0414,+0,+0,+0,18:57:01 28.03.2020
11964,+25.4,+17.3,+21,+21,+21,+25.3,+25,+25.2,+25.1,+25,+27,ESTP,0,0,+0,+0,+0.0171,+0,+0.0414,+0,+0,+0,18:58:01 28.03.2020
11965,+25.5,+17.3,+21,+20.9,+21,+25.3,+25,+25.2,+25.1,+25,+27,ESTP,0,0,+0,+0,+0.0171,+0,+0.0414,+0,+0,+0,18:59:01 28.03.2020
11966,+25.4,+17.3,+21,+21,+21,+25.3,+25,+25.2,+25.1,+25,+27,ESTP,0,0,+0,+0,+0.0171,+0,+0.0414,+0,+0,+0,19:00:01 28.03.2020
11967,+25.4,+17.3,+21,+21,+21,+25.3,+25,+25.2,+25.1,+25,+27,ESTP,0,0,+0,+0,+0.0171,+0,+0.0414,+0,+0,+0,19:01:01 28.03.2020
11968,+25.4,+17.3,+21,+21,+21,+25.3,+25,+25.2,+25.1,+25,+27,ESTP,0,0,+0,+0,+0.0171,+0,+0.0414,+0,+0,+0,19:02:01 28.03.2020
11969,+25.4,+17.3,+21,+21,+21,+25.3,+25,+25.2,+25.1,+25,+27,ESTP,0,0,+0,+0,+0.0171,+0,+0.0414,+0,+0,+0,19:03:01 28.03.2020
11970,+25.5,+17.3,+21,+21,+21,+25.3,+25,+25.2,+25.1,+25,+27,ESTP,0,0,+0,+0,+0.0171,+0,+0.0414,+0,+0,+0,19:04:01 28.03.2020
11971,+25.5,+17.3,+21,+21,+21,+25.3,+25,+25.2,+25.1,+25,+27,ESTP,0,0,+0,+0,+0.0171,+0,+0.0414,+0,+0,+0,19:05:01 28.03.2020
11972,+25.5,+17.3,+21,+21,+21,+25.3,+25,+25.2,+25.1,+25,+27,ESTP,0,0,+0,+0,+0.0171,+0,+0.0414,+0,+0,+0,19:06:01 28.03.2020
11973,+25.5,+17.4,+21,+21,+21,+25.3,+25,+25.2,+25.1,+25,+27,ESTP,0,0,+0,+0,+0.0171,+0,+0.0414,+0,+0,+0,19:07:01 28.03.2020
11974,+25.5,+17.4,+21,+21,+21,+25.3,+24.9,+25.2,+25.1,+25,+27,ESTP,0,0,+0,+0,+0.0171,+0,+0.0414,+0,+0,+0,19:08:01 28.03.2020
11975,+25.5,+17.4,+21,+21,+21,+25.3,+25,+25.2,+25.1,+25,+27,ESTP,0,0,+0,+0,+0.0171,+0,+0.0414,+0,+0,+0,19:09:01 28.03.2020
11976,+25.5,+17.4,+21,+21,+21,+25.3,+24.9,+25.2,+25.1,+25,+27,ESTP,0,0,+0,+0,+0.0171,+0,+0.0414,+0,+0,+0,19:10:01 28.03.2020
11977,+25.5,+17.4,+21.1,+21,+21,+25.3,+25,+25.2,+25.1,+25,+27,ESTP,0,0,+0,+0,+0.0171,+0,+0.0414,+0,+0,+0,19:11:01 28.03.2020
11978,+25.5,+17.4,+21,+21,+21,+25.3,+25,+25.2,+25.1,+25,+27,ESTP,0,0,+0,+0,+0.0171,+0,+0.0414,+0,+0,+0,19:12:01 28.03.2020
11979,+25.5,+17.4,+21,+21,+21,+25.3,+25,+25.2,+25.1,+25,+27,ESTP,0,0,+0,+0,+0.0171,+0,+0.0414,+0,+0,+0,19:13:01 28.03.2020
11980,+25.5,+17.4,+21.1,+21,+21,+25.3,+25,+25.2,+25.1,+25,+27,ESTP,0,0,+0,+0,+0.0171,+0,+0.0414,+0,+0,+0,19:14:01 28.03.2020
11981,+25.5,+17.4,+21.1,+21,+21,+25.3,+25,+25.2,+25.1,+25,+27,ESTP,0,0,+0,+0,+0.0171,+0,+0.0414,+0,+0,+0,19:15:01 28.03.2020
11982,+25.5,+17.4,+21.1,+21,+21,+25.3,+24.9,+25.2,+25.1,+25,+27,ESTP,0,0,+0,+0,+0.0171,+0,+0.0414,+0,+0,+0,19:16:01 28.03.2020
11983,+25.5,+17.4,+21.1,+21,+21,+25.3,+25,+25.2,+25.1,+25,+27,ESTP,0,0,+0,+0,+0.0171,+0,+0.0414,+0,+0,+0,19:17:01 28.03.2020
11984,+25.4,+17.4,+21.1,+21,+21,+25.3,+25,+25.2,+25.1,+25,+27,ESTP,0,0,+0,+0,+0.0171,+0,+0.0414,+0,+0,+0,19:18:01 28.03.2020
11985,+25.4,+17.4,+21.1,+21,+21,+25.3,+25,+25.2,+25.1,+25,+27,ESTP,0,0,+0,+0,+0.0171,+0,+0.0414,+0,+0,+0,19:19:01 28.03.2020
11986,+25.4,+17.4,+21.1,+21,+21,+25.3,+25,+25.2,+25.1,+25,+27,ESTP,0,0,+0,+0,+0.0171,+0,+0.0414,+0,+0,+0,19:20:01 28.03.2020
11987,+25.4,+17.4,+21.1,+21,+21,+25.3,+25,+25.2,+25.1,+25,+27,ESTP,0,0,+0,+0,+0.0171,+0,+0.0414,+0,+0,+0,19:21:01 28.03.2020
11988,+25.4,+17.4,+21.1,+21,+21,+25.3,+25,+25.2,+25.1,+25,+27,ESTP,0,0,+0,+0,+0.0171,+0,+0.0414,+0,+0,+0,19:22:01 28.03.2020
11989,+25.5,+17.4,+21.1,+21,+21,+25.3,+25,+25.2,+25.1,+25,+27,ESTP,0,0,+0,+0,+0.0171,+0,+0.0414,+0,+0,+0,19:23:01 28.03.2020
11990,+25.5,+17.4,+21.1,+21,+21,+25.3,+24.9,+25.2,+25.1,+25,+27,ESTP,0,0,+0,+0,+0.0171,+0,+0.0414,+0,+0,+0,19:24:01 28.03.2020
11991,+25.5,+17.4,+21.1,+21,+21,+25.3,+25,+25.2,+25.1,+25,+27,ESTP,0,0,+0,+0,+0.0171,+0,+0.0414,+0,+0,+0,19:25:01 28.03.2020
11992,+25.5,+17.4,+21.1,+21,+21,+25.3,+25,+25.2,+25.1,+25,+27,ESTP,0,0,+0,+0,+0.0171,+0,+0.0414,+0,+0,+0,19:26:01 28.03.2020
11993,+25.5,+17.4,+21.1,+21,+21,+25.3,+24.9,+25.2,+25.1,+25,+27,ESTP,0,0,+0,+0,+0.0171,+0,+0.0414,+0,+0,+0,19:27:01 28.03.2020
11994,+25.5,+17.4,+21.1,+21,+21.1,+25.3,+25,+25.2,+25.1,+25,+27,ESTP,0,0,+0,+0,+0.0171,+0,+0.0414,+0,+0,+0,19:28:01 28.03.2020
11995,+25.5,+17.4,+21.1,+21,+21.1,+25.3,+24.9,+25.2,+25.1,+25,+27,ESTP,0,0,+0,+0,+0.0171,+0,+0.0414,+0,+0,+0,19:29:01 28.03.2020
11996,+25.5,+17.4,+21.1,+21,+21,+25.3,+25,+25.2,+25.1,+25,+27,ESTP,0,0,+0,+0,+0.0171,+0,+0.0414,+0,+0,+0,19:30:01 28.03.2020
11997,+25.5,+17.4,+21.1,+21,+21,+25.3,+25,+25.2,+25.1,+25,+27,ESTP,0,0,+0,+0,+0.0171,+0,+0.0414,+0,+0,+0,19:31:01 28.03.2020
11998,+25.5,+17.4,+21.1,+21,+21.1,+25.3,+25,+25.2,+25.1,+25,+27,ESTP,0,0,+0,+0,+0.0171,+0,+0.0414,+0,+0,+0,19:32:01 28.03.2020
11999,+25.5,+17.4,+21.1,+21,+21.1,+25.3,+24.9,+25.2,+25.1,+25,+27,ESTP,0,0,+0,+0,+0.0171,+0,+0.0414,+0,+0,+0,19:33:01 28.03.2020
12000,+25.5,+17.4,+21.1,+21,+21.1,+25.3,+25,+25.2,+25.1,+25,+27,ESTP,0,0,+0,+0,+0.0171,+0,+0.0414,+0,+0,+0,19:34:01 28.03.2020
12001,+25.5,+17.4,+21.1,+21,+21.1,+25.3,+25,+25.2,+25.1,+25,+27,ESTP,0,0,+0,+0,+0.0171,+0,+0.0414,+0,+0,+0,19:35:01 28.03.2020
12002,+25.5,+17.4,+21.1,+21,+21.1,+25.3,+25,+25.2,+25.1,+25,+27,ESTP,0,0,+0,+0,+0.0171,+0,+0.0414,+0,+0,+0,19:36:01 28.03.2020
12003,+25.5,+17.4,+21.1,+21,+21.1,+25.3,+25,+25.2,+25.1,+25,+27,ESTP,0,0,+0,+0,+0.0171,+0,+0.0414,+0,+0,+0,19:37:01 28.03.2020
12004,+25.5,+17.4,+21.1,+21,+21.1,+25.3,+25,+25.2,+25.1,+25,+27,ESTP,0,0,+0,+0,+0.0171,+0,+0.0414,+0,+0,+0,19:38:01 28.03.2020
12005,+25.4,+17.4,+21.1,+21,+21.1,+25.3,+24.9,+25.2,+25.1,+25,+27,ESTP,0,0,+0,+0,+0.0171,+0,+0.0414,+0,+0,+0,19:39:01 28.03.2020
12006,+25.4,+17.4,+21.1,+21,+21.1,+25.3,+24.9,+25.2,+25.1,+25,+27,ESTP,0,0,+0,+0,+0.0171,+0,+0.0414,+0,+0,+0,19:40:01 28.03.2020
12007,+25.4,+17.4,+21.1,+21,+21.1,+25.3,+24.9,+25.2,+25.1,+25,+27,ESTP,0,0,+0,+0,+0.0171,+0,+0.0414,+0,+0,+0,19:41:01 28.03.2020
12008,+25.5,+17.4,+21.1,+21,+21.1,+25.3,+25,+25.2,+25.1,+25,+27,ESTP,0,0,+0,+0,+0.0171,+0,+0.0414,+0,+0,+0,19:42:01 28.03.2020
12009,+25.5,+17.4,+21.1,+21,+21.1,+25.3,+25,+25.2,+25.1,+25,+27,ESTP,0,0,+0,+0,+0.0171,+0,+0.0414,+0,+0,+0,19:43:01 28.03.2020
12010,+25.5,+17.4,+21.1,+21,+21.1,+25.3,+24.9,+25.2,+25.1,+25,+27,ESTP,0,0,+0,+0,+0.0171,+0,+0.0414,+0,+0,+0,19:44:01 28.03.2020
12011,+25.5,+17.4,+21.1,+21,+21.1,+25.3,+24.9,+25.2,+25.1,+25,+27,ESTP,0,0,+0,+0,+0.0171,+0,+0.0414,+0,+0,+0,19:45:01 28.03.2020
12012,+25.5,+17.4,+21.1,+21,+21.1,+25.3,+24.9,+25.2,+25.1,+25,+27,ESTP,0,0,+0,+0,+0.0171,+0,+0.0414,+0,+0,+0,19:46:01 28.03.2020
12013,+25.5,+17.4,+21.1,+21,+21.1,+25.3,+24.9,+25.2,+25.1,+25,+27,ESTP,0,0,+0,+0,+0.0171,+0,+0.0414,+0,+0,+0,19:47:01 28.03.2020
12014,+25.5,+17.4,+21.1,+21,+21.1,+25.3,+25,+25.2,+25.1,+25,+27,ESTP,0,0,+0,+0,+0.0171,+0,+0.0414,+0,+0,+0,19:48:01 28.03.2020
12015,+25.5,+17.4,+21.1,+21,+21.1,+25.3,+24.9,+25.2,+25.1,+25,+27,ESTP,0,0,+0,+0,+0.0171,+0,+0.0414,+0,+0,+0,19:49:01 28.03.2020
12016,+25.5,+17.4,+21.1,+21,+21.1,+25.3,+24.9,+25.2,+25.1,+25,+27,ESTP,0,0,+0,+0,+0.0171,+0,+0.0414,+0,+0,+0,19:50:01 28.03.2020
12017,+25.5,+17.4,+21.1,+21,+21.1,+25.3,+25,+25.2,+25.1,+25,+27,ESTP,0,0,+0,+0,+0.0171,+0,+0.0414,+0,+0,+0,19:51:01 28.03.2020
12018,+25.5,+17.4,+21.1,+21,+21.1,+25.3,+24.9,+25.2,+25.1,+25,+27,ESTP,0,0,+0,+0,+0.0171,+0,+0.0414,+0,+0,+0,19:52:01 28.03.2020
12019,+25.5,+17.4,+21.1,+21,+21.1,+25.3,+24.9,+25.2,+25.1,+25,+27,ESTP,0,0,+0,+0,+0.0171,+0,+0.0414,+0,+0,+0,19:53:01 28.03.2020
12020,+25.5,+17.4,+21.1,+21,+21.1,+25.3,+24.9,+25.2,+25.1,+25,+27,ESTP,0,0,+0,+0,+0.0171,+0,+0.0414,+0,+0,+0,19:54:01 28.03.2020
12021,+25.4,+17.4,+21.1,+21,+21.1,+25.3,+25,+25.2,+25.1,+25,+27,ESTP,0,0,+0,+0,+0.0171,+0,+0.0414,+0,+0,+0,19:55:01 28.03.2020
12022,+25.4,+17.4,+21.1,+21,+21.1,+25.3,+24.9,+25.2,+25.1,+25,+27,ESTP,0,0,+0,+0,+0.0171,+0,+0.0414,+0,+0,+0,19:56:01 28.03.2020
12023,+25.4,+17.4,+21.1,+21,+21.1,+25.3,+25,+25.2,+25.1,+25,+27,ESTP,0,0,+0,+0,+0.0171,+0,+0.0414,+0,+0,+0,19:57:01 28.03.2020
12024,+25.4,+17.4,+21.1,+21,+21.1,+25.3,+24.9,+25.2,+25.1,+25,+27,ESTP,0,0,+0,+0,+0.0171,+0,+0.0414,+0,+0,+0,19:58:01 28.03.2020
12025,+25.5,+17.4,+21.1,+21,+21.1,+25.3,+24.9,+25.2,+25.1,+25,+27,ESTP,0,0,+0,+0,+0.0171,+0,+0.0414,+0,+0,+0,19:59:01 28.03.2020
12026,+25.5,+17.4,+21.1,+21,+21.1,+25.3,+25,+25.2,+25.1,+25,+27,ESTP,0,0,+0,+0,+0.0171,+0,+0.0414,+0,+0,+0,20:00:01 28.03.2020
12027,+25.5,+17.4,+21.1,+21,+21.1,+25.3,+24.9,+25.2,+25.1,+25,+27,ESTP,0,0,+0,+0,+0.0171,+0,+0.0414,+0,+0,+0,20:01:01 28.03.2020
12028,+25.6,+17.4,+21.1,+21,+21.1,+25.3,+24.9,+25.2,+25.1,+25,+27,ESTP,0,0,+0,+0,+0.0171,+0,+0.0414,+0,+0,+0,20:02:01 28.03.2020
12029,+25.6,+17.4,+21.1,+21,+21.1,+25.3,+24.9,+25.2,+25.1,+25,+27,ESTP,0,0,+0,+0,+0.0171,+0,+0.0414,+0,+0,+0,20:03:01 28.03.2020
12030,+25.5,+17.4,+21.1,+21,+21.1,+25.3,+24.9,+25.2,+25.1,+25,+27,ESTP,0,0,+0,+0,+0.0171,+0,+0.0414,+0,+0,+0,20:04:01 28.03.2020
12031,+25.5,+17.4,+21.1,+21,+21.1,+25.3,+24.9,+25.2,+25.1,+25,+27,ESTP,0,0,+0,+0,+0.0171,+0,+0.0414,+0,+0,+0,20:05:01 28.03.2020
12032,+25.5,+17.4,+21.1,+21,+21.1,+25.3,+24.9,+25.2,+25.1,+25,+27,ESTP,0,0,+0,+0,+0.0171,+0,+0.0414,+0,+0,+0,20:06:01 28.03.2020
12033,+25.5,+17.4,+21.1,+21,+21.1,+25.3,+24.9,+25.2,+25.1,+25,+27,ESTP,0,0,+0,+0,+0.0171,+0,+0.0416,+0,+0,+0,20:07:01 28.03.2020
12034,+25.5,+17.4,+21.1,+21,+21.1,+25.3,+25,+25.2,+25.1,+25,+27,ESTP,0,0,+0,+0,+0.0171,+0,+0.0414,+0,+0,+0,20:08:01 28.03.2020
12035,+25.5,+17.5,+21.1,+21,+21.1,+25.3,+24.9,+25.2,+25.1,+25,+27,ESTP,0,0,+0,+0,+0.0171,+0,+0.0414,+0,+0,+0,20:09:01 28.03.2020
12036,+25.5,+17.5,+21.1,+21,+21.1,+25.3,+24.9,+25.2,+25.1,+25,+27,ESTP,0,0,+0,+0,+0.0171,+0,+0.0414,+0,+0,+0,20:10:01 28.03.2020
12037,+25.5,+17.4,+21.1,+21,+21.1,+25.3,+25,+25.2,+25.1,+25,+27,ESTP,0,0,+0,+0,+0.0171,+0,+0.0414,+0,+0,+0,20:11:01 28.03.2020
12038,+25.5,+17.5,+21.1,+21,+21.1,+25.3,+24.9,+25.2,+25.1,+25,+27,ESTP,0,0,+0,+0,+0.0171,+0,+0.0414,+0,+0,+0,20:12:01 28.03.2020
12039,+25.5,+17.5,+21.1,+21,+21.1,+25.3,+24.9,+25.2,+25.1,+25,+27,ESTP,0,0,+0,+0,+0.0171,+0,+0.0414,+0,+0,+0,20:13:01 28.03.2020
12040,+25.5,+17.5,+21.1,+21,+21.1,+25.3,+25,+25.2,+25.1,+25,+27,ESTP,0,0,+0,+0,+0.0171,+0,+0.0414,+0,+0,+0,20:14:01 28.03.2020
12041,+25.5,+17.5,+21.1,+21,+21.1,+25.3,+24.9,+25.2,+25.1,+25,+27,ESTP,0,0,+0,+0,+0.0171,+0,+0.0414,+0,+0,+0,20:15:01 28.03.2020
12042,+25.5,+17.5,+21.1,+21,+21.1,+25.3,+25,+25.2,+25.1,+25,+27,ESTP,0,0,+0,+0,+0.0171,+0,+0.0414,+0,+0,+0,20:16:01 28.03.2020
12043,+25.5,+17.5,+21.1,+21,+21.1,+25.3,+24.9,+25.2,+25.1,+25,+27,ESTP,0,0,+0,+0,+0.0171,+0,+0.0414,+0,+0,+0,20:17:01 28.03.2020
12044,+25.5,+17.5,+21.1,+21,+21.1,+25.3,+25,+25.2,+25.1,+25,+27,ESTP,0,0,+0,+0,+0.0171,+0,+0.0414,+0,+0,+0,20:18:01 28.03.2020
12045,+25.5,+17.5,+21.1,+21,+21.1,+25.3,+25,+25.2,+25.1,+25,+27,ESTP,0,0,+0,+0,+0.0171,+0,+0.0414,+0,+0,+0,20:19:01 28.03.2020
12046,+25.5,+17.5,+21.1,+21,+21.1,+25.3,+25,+25.2,+25.1,+25,+27,ESTP,0,0,+0,+0,+0.0171,+0,+0.0414,+0,+0,+0,20:20:01 28.03.2020
12047,+25.5,+17.5,+21.1,+21,+21.1,+25.3,+24.9,+25.2,+25.1,+25,+27,ESTP,0,0,+0,+0,+0.0171,+0,+0.0414,+0,+0,+0,20:21:01 28.03.2020
12048,+25.5,+17.5,+21.1,+21,+21.1,+25.3,+25,+25.2,+25.1,+25,+27,ESTP,0,0,+0,+0,+0.0171,+0,+0.0414,+0,+0,+0,20:22:01 28.03.2020
12049,+25.6,+17.5,+21.1,+21,+21.1,+25.3,+24.9,+25.2,+25.1,+25,+27,ESTP,0,0,+0,+0,+0.0171,+0,+0.0414,+0,+0,+0,20:23:01 28.03.2020
12050,+25.5,+17.5,+21.1,+21,+21.1,+25.3,+24.9,+25.2,+25.1,+25,+27,ESTP,0,0,+0,+0,+0.0171,+0,+0.0414,+0,+0,+0,20:24:01 28.03.2020
12051,+25.5,+17.5,+21.1,+21,+21.1,+25.3,+24.9,+25.2,+25.1,+25,+27,ESTP,0,0,+0,+0,+0.0171,+0,+0.0414,+0,+0,+0,20:25:01 28.03.2020
12052,+25.5,+17.5,+21.1,+21,+21.1,+25.3,+25,+25.2,+25.1,+25,+27,ESTP,0,0,+0,+0,+0.0171,+0,+0.0414,+0,+0,+0,20:26:01 28.03.2020
12053,+25.5,+17.5,+21.1,+21,+21.1,+25.3,+24.9,+25.2,+25.1,+25,+27,ESTP,0,0,+0,+0,+0.0171,+0,+0.0414,+0,+0,+0,20:27:01 28.03.2020
12054,+25.5,+17.5,+21.1,+21,+21.1,+25.3,+25,+25.2,+25.1,+25,+27,ESTP,0,0,+0,+0,+0.0171,+0,+0.0414,+0,+0,+0,20:28:01 28.03.2020
12055,+25.5,+17.5,+21.1,+21,+21.1,+25.3,+24.9,+25.2,+25.1,+25,+27,ESTP,0,0,+0,+0,+0.0171,+0,+0.0414,+0,+0,+0,20:29:01 28.03.2020
12056,+25.5,+17.5,+21.1,+21,+21.1,+25.3,+25,+25.2,+25.1,+25,+27,ESTP,0,0,+0,+0,+0.0171,+0,+0.0414,+0,+0,+0,20:30:01 28.03.2020
12057,+25.5,+17.5,+21.1,+21,+21.1,+25.3,+24.9,+25.2,+25.1,+25.1,+27,ESTP,0,0,+0,+0,+0.0171,+0,+0.0414,+0,+0,+0,20:31:01 28.03.2020
12058,+25.5,+17.4,+21.1,+21,+21.1,+25.3,+25,+25.2,+25.1,+25,+27,ESTP,0,0,+0,+0,+0.0171,+0,+0.0414,+0,+0,+0,20:32:01 28.03.2020
12059,+25.5,+17.4,+21.1,+21,+21.1,+25.3,+24.9,+25.2,+25.1,+25.1,+27,ESTP,0,0,+0,+0,+0.0171,+0,+0.0414,+0,+0,+0,20:33:01 28.03.2020
12060,+25.5,+17.4,+21.1,+21,+21.1,+25.3,+24.9,+25.2,+25.1,+25,+27,ESTP,0,0,+0,+0,+0.0171,+0,+0.0414,+0,+0,+0,20:34:01 28.03.2020
12061,+25.5,+17.5,+21.1,+21,+21.1,+25.3,+24.9,+25.2,+25.1,+25,+27,ESTP,0,0,+0,+0,+0.0171,+0,+0.0414,+0,+0,+0,20:35:01 28.03.2020
12062,+25.5,+17.5,+21.1,+21,+21.1,+25.3,+25,+25.2,+25.1,+25,+27,ESTP,0,0,+0,+0,+0.0171,+0,+0.0414,+0,+0,+0,20:36:01 28.03.2020
12063,+25.5,+17.5,+21.1,+21,+21.1,+25.3,+24.9,+25.2,+25.1,+25,+27,ESTP,0,0,+0,+0,+0.0171,+0,+0.0414,+0,+0,+0,20:37:01 28.03.2020
12064,+25.5,+17.5,+21.1,+21,+21.1,+25.3,+24.9,+25.2,+25.1,+25,+27,ESTP,0,0,+0,+0,+0.0171,+0,+0.0414,+0,+0,+0,20:38:01 28.03.2020
12065,+25.5,+17.5,+21.1,+21,+21.1,+25.3,+24.9,+25.2,+25.1,+25,+27,ESTP,0,0,+0,+0,+0.0171,+0,+0.0414,+0,+0,+0,20:39:01 28.03.2020
12066,+25.6,+17.5,+21.1,+21,+21.1,+25.3,+24.9,+25.2,+25.1,+25,+27,ESTP,0,0,+0,+0,+0.0171,+0,+0.0414,+0,+0,+0,20:40:01 28.03.2020
12067,+25.6,+17.5,+21.1,+21,+21.1,+25.3,+24.9,+25.2,+25.1,+25,+27,ESTP,0,0,+0,+0,+0.0171,+0,+0.0414,+0,+0,+0,20:41:01 28.03.2020
12068,+25.5,+17.5,+21.1,+21,+21.1,+25.3,+25,+25.2,+25.1,+25,+27,ESTP,0,0,+0,+0,+0.0171,+0,+0.0414,+0,+0,+0,20:42:01 28.03.2020
12069,+25.5,+17.5,+21.1,+21,+21.1,+25.3,+24.9,+25.2,+25.1,+25,+27,ESTP,0,0,+0,+0,+0.0171,+0,+0.0414,+0,+0,+0,20:43:01 28.03.2020
12070,+25.5,+17.5,+21.1,+21,+21.1,+25.3,+24.9,+25.2,+25.1,+25,+27,ESTP,0,0,+0,+0,+0.0171,+0,+0.0414,+0,+0,+0,20:44:01 28.03.2020
12071,+25.5,+17.5,+21.1,+21,+21.1,+25.3,+25,+25.2,+25.1,+25,+27,ESTP,0,0,+0,+0,+0.0171,+0,+0.0414,+0,+0,+0,20:45:01 28.03.2020
12072,+25.5,+17.5,+21.1,+21,+21.1,+25.3,+25,+25.2,+25.1,+25,+27,ESTP,0,0,+0,+0,+0.0171,+0,+0.0414,+0,+0,+0,20:46:01 28.03.2020
12073,+25.5,+17.5,+21.1,+21,+21.1,+25.3,+24.9,+25.2,+25.1,+25,+27,ESTP,0,0,+0,+0,+0.0171,+0,+0.0414,+0,+0,+0,20:47:01 28.03.2020
12074,+25.5,+17.5,+21.1,+21,+21.1,+25.3,+24.9,+25.2,+25.1,+25,+27,ESTP,0,0,+0,+0,+0.0171,+0,+0.0414,+0,+0,+0,20:48:01 28.03.2020
12075,+25.5,+17.5,+21.1,+21,+21.1,+25.3,+24.9,+25.2,+25.1,+25.1,+27,ESTP,0,0,+0,+0,+0.0171,+0,+0.0414,+0,+0,+0,20:49:01 28.03.2020
12076,+25.5,+17.5,+21.1,+21,+21.1,+25.3,+24.9,+25.2,+25.1,+25,+27,ESTP,0,0,+0,+0,+0.0171,+0,+0.0414,+0,+0,+0,20:50:01 28.03.2020
12077,+25.5,+17.5,+21.1,+21,+21.1,+25.3,+25,+25.2,+25.1,+25,+27,ESTP,0,0,+0,+0,+0.0171,+0,+0.0414,+0,+0,+0,20:51:01 28.03.2020
12078,+25.5,+17.5,+21.1,+21,+21.1,+25.3,+24.9,+25.2,+25.1,+25.1,+27,ESTP,0,0,+0,+0,+0.0171,+0,+0.0414,+0,+0,+0,20:52:01 28.03.2020
12079,+25.5,+17.5,+21.1,+21,+21.1,+25.3,+24.9,+25.2,+25.1,+25.1,+27,ESTP,0,0,+0,+0,+0.0171,+0,+0.0414,+0,+0,+0,20:53:01 28.03.2020
12080,+25.5,+17.5,+21.1,+21,+21.1,+25.3,+24.9,+25.2,+25.1,+25,+27,ESTP,0,0,+0,+0,+0.0171,+0,+0.0414,+0,+0,+0,20:54:01 28.03.2020
12081,+25.5,+17.5,+21.1,+21,+21.1,+25.3,+24.9,+25.2,+25.1,+25,+27,ESTP,0,0,+0,+0,+0.0171,+0,+0.0414,+0,+0,+0,20:55:01 28.03.2020
12082,+25.5,+17.5,+21.1,+21,+21.1,+25.3,+24.9,+25.2,+25.1,+25,+27,ESTP,0,0,+0,+0,+0.0171,+0,+0.0414,+0,+0,+0,20:56:01 28.03.2020
12083,+25.5,+17.5,+21.1,+21,+21.1,+25.3,+24.9,+25.2,+25.1,+25,+27,ESTP,0,0,+0,+0,+0.0171,+0,+0.0414,+0,+0,+0,20:57:01 28.03.2020
12084,+25.5,+17.5,+21.1,+21,+21.1,+25.3,+24.9,+25.2,+25.1,+25,+27,ESTP,0,0,+0,+0,+0.0171,+0,+0.0414,+0,+0,+0,20:58:01 28.03.2020
12085,+25.6,+17.5,+21.1,+21.1,+21.1,+25.3,+24.9,+25.2,+25.1,+25,+27,ESTP,0,0,+0,+0,+0.0171,+0,+0.0414,+0,+0,+0,20:59:01 28.03.2020
12086,+25.6,+17.5,+21.1,+21.1,+21.1,+25.3,+24.9,+25.2,+25.1,+25,+27,ESTP,0,0,+0,+0,+0.0171,+0,+0.0414,+0,+0,+0,21:00:01 28.03.2020
12087,+25.5,+17.5,+21.1,+21.1,+21.1,+25.3,+24.9,+25.2,+25.1,+25,+27,ESTP,0,0,+0,+0,+0.0171,+0,+0.0414,+0,+0,+0,21:01:01 28.03.2020
12088,+25.5,+17.5,+21.1,+21.1,+21.1,+25.3,+24.9,+25.2,+25.1,+25,+27,ESTP,0,0,+0,+0,+0.0171,+0,+0.0414,+0,+0,+0,21:02:01 28.03.2020
12089,+25.5,+17.5,+21.1,+21.1,+21.1,+25.3,+24.9,+25.2,+25.1,+25,+27,ESTP,0,0,+0,+0,+0.0171,+0,+0.0414,+0,+0,+0,21:03:01 28.03.2020
12090,+25.5,+17.5,+21.1,+21.1,+21.1,+25.3,+24.9,+25.2,+25.1,+25.1,+27,ESTP,0,0,+0,+0,+0.0171,+0,+0.0414,+0,+0,+0,21:04:01 28.03.2020
12091,+25.5,+17.5,+21.1,+21.1,+21.1,+25.3,+24.9,+25.2,+25.1,+25,+27,ESTP,0,0,+0,+0,+0.0171,+0,+0.0414,+0,+0,+0,21:05:01 28.03.2020
12092,+25.5,+17.5,+21.1,+21.1,+21.1,+25.3,+24.9,+25.2,+25.1,+25.1,+27,ESTP,0,0,+0,+0,+0.0171,+0,+0.0414,+0,+0,+0,21:06:01 28.03.2020
12093,+25.5,+17.5,+21.1,+21.1,+21.1,+25.3,+24.9,+25.2,+25.1,+25.1,+27,ESTP,0,0,+0,+0,+0.0171,+0,+0.0414,+0,+0,+0,21:07:01 28.03.2020
12094,+25.5,+17.5,+21.1,+21.1,+21.1,+25.3,+24.9,+25.2,+25.1,+25.1,+27,ESTP,0,0,+0,+0,+0.0171,+0,+0.0414,+0,+0,+0,21:08:01 28.03.2020
12095,+25.5,+17.5,+21.1,+21.1,+21.1,+25.3,+24.9,+25.2,+25.1,+25.1,+27,ESTP,0,0,+0,+0,+0.0171,+0,+0.0414,+0,+0,+0,21:09:01 28.03.2020
12096,+25.5,+17.5,+21.1,+21.1,+21.1,+25.3,+24.9,+25.2,+25.1,+25.1,+27,ESTP,0,0,+0,+0,+0.0171,+0,+0.0414,+0,+0,+0,21:10:01 28.03.2020
12097,+25.5,+17.5,+21.1,+21.1,+21.1,+25.3,+24.9,+25.2,+25.1,+25,+27,ESTP,0,0,+0,+0,+0.0171,+0,+0.0414,+0,+0,+0,21:11:01 28.03.2020
12098,+25.5,+17.5,+21.1,+21.1,+21.1,+25.3,+24.9,+25.2,+25.1,+25.1,+27,ESTP,0,0,+0,+0,+0.0171,+0,+0.0414,+0,+0,+0,21:12:01 28.03.2020
12099,+25.5,+17.5,+21.1,+21.1,+21.1,+25.3,+24.9,+25.2,+25.1,+25,+27,ESTP,0,0,+0,+0,+0.0171,+0,+0.0414,+0,+0,+0,21:13:01 28.03.2020
12100,+25.5,+17.5,+21.1,+21.1,+21.1,+25.3,+24.9,+25.2,+25.1,+25,+27,ESTP,0,0,+0,+0,+0.0171,+0,+0.0414,+0,+0,+0,21:14:01 28.03.2020
12101,+25.5,+17.5,+21.1,+21.1,+21.1,+25.3,+24.9,+25.2,+25.1,+25,+27,ESTP,0,0,+0,+0,+0.0171,+0,+0.0414,+0,+0,+0,21:15:01 28.03.2020
12102,+25.6,+17.5,+21.1,+21.1,+21.1,+25.3,+24.9,+25.2,+25.1,+25,+27,ESTP,0,0,+0,+0,+0.0171,+0,+0.0414,+0,+0,+0,21:16:01 28.03.2020
12103,+25.6,+17.5,+21.2,+21.1,+21.1,+25.3,+24.9,+25.2,+25.1,+25,+27,ESTP,0,0,+0,+0,+0.0171,+0,+0.0414,+0,+0,+0,21:17:01 28.03.2020
12104,+25.6,+17.5,+21.1,+21.1,+21.1,+25.3,+24.9,+25.2,+25.1,+25,+27,ESTP,0,0,+0,+0,+0.0171,+0,+0.0414,+0,+0,+0,21:18:01 28.03.2020
12105,+25.5,+17.5,+21.2,+21.1,+21.1,+25.3,+24.9,+25.2,+25.1,+25,+27,ESTP,0,0,+0,+0,+0.0171,+0,+0.0414,+0,+0,+0,21:19:01 28.03.2020
12106,+25.5,+17.5,+21.2,+21.1,+21.1,+25.3,+24.9,+25.2,+25.1,+25.1,+27,ESTP,0,0,+0,+0,+0.0171,+0,+0.0414,+0,+0,+0,21:20:01 28.03.2020
12107,+25.5,+17.5,+21.2,+21.1,+21.1,+25.3,+24.9,+25.2,+25.1,+25.1,+27,ESTP,0,0,+0,+0,+0.0171,+0,+0.0414,+0,+0,+0,21:21:01 28.03.2020
12108,+25.5,+17.5,+21.1,+21.1,+21.1,+25.3,+24.9,+25.2,+25.1,+25.1,+27,ESTP,0,0,+0,+0,+0.0171,+0,+0.0414,+0,+0,+0,21:22:01 28.03.2020
12109,+25.5,+17.5,+21.1,+21.1,+21.1,+25.3,+24.9,+25.2,+25.1,+25.1,+27,ESTP,0,0,+0,+0,+0.0171,+0,+0.0414,+0,+0,+0,21:23:01 28.03.2020
12110,+25.5,+17.5,+21.2,+21.1,+21.1,+25.3,+24.9,+25.2,+25.1,+25.1,+27,ESTP,0,0,+0,+0,+0.0171,+0,+0.0414,+0,+0,+0,21:24:01 28.03.2020
12111,+25.5,+17.5,+21.2,+21.1,+21.1,+25.3,+24.9,+25.2,+25.1,+25.1,+27,ESTP,0,0,+0,+0,+0.0171,+0,+0.0414,+0,+0,+0,21:25:01 28.03.2020
12112,+25.5,+17.5,+21.2,+21.1,+21.1,+25.3,+24.9,+25.2,+25.1,+25.1,+27,ESTP,0,0,+0,+0,+0.0171,+0,+0.0414,+0,+0,+0,21:26:01 28.03.2020
12113,+25.5,+17.5,+21.2,+21.1,+21.1,+25.3,+24.9,+25.2,+25.1,+25.1,+27,ESTP,0,0,+0,+0,+0.0171,+0,+0.0414,+0,+0,+0,21:27:01 28.03.2020
12114,+25.5,+17.5,+21.2,+21.1,+21.1,+25.3,+24.9,+25.2,+25.1,+25,+27,ESTP,0,0,+0,+0,+0.0171,+0,+0.0414,+0,+0,+0,21:28:01 28.03.2020
12115,+25.5,+17.5,+21.2,+21.1,+21.1,+25.3,+24.9,+25.2,+25.1,+25.1,+27,ESTP,0,0,+0,+0,+0.0171,+0,+0.0414,+0,+0,+0,21:29:01 28.03.2020
12116,+25.5,+17.5,+21.2,+21.1,+21.1,+25.3,+24.9,+25.2,+25.1,+25.1,+27,ESTP,0,0,+0,+0,+0.0171,+0,+0.0414,+0,+0,+0,21:30:01 28.03.2020
12117,+25.5,+17.5,+21.2,+21.1,+21.1,+25.3,+24.9,+25.2,+25.1,+25.1,+27,ESTP,0,0,+0,+0,+0.0171,+0,+0.0414,+0,+0,+0,21:31:01 28.03.2020
12118,+25.5,+17.5,+21.2,+21.1,+21.1,+25.3,+24.9,+25.2,+25.1,+25.1,+27,ESTP,0,0,+0,+0,+0.0171,+0,+0.0414,+0,+0,+0,21:32:01 28.03.2020
12119,+25.5,+17.5,+21.2,+21.1,+21.1,+25.3,+24.9,+25.2,+25.1,+25,+27,ESTP,0,0,+0,+0,+0.0171,+0,+0.0414,+0,+0,+0,21:33:01 28.03.2020
12120,+25.6,+17.5,+21.2,+21.1,+21.1,+25.3,+24.9,+25.2,+25.1,+25.1,+27,ESTP,0,0,+0,+0,+0.0171,+0,+0.0414,+0,+0,+0,21:34:01 28.03.2020
12121,+25.6,+17.5,+21.2,+21.1,+21.1,+25.3,+24.9,+25.2,+25.1,+25,+27,ESTP,0,0,+0,+0,+0.0171,+0,+0.0414,+0,+0,+0,21:35:01 28.03.2020
12122,+25.6,+17.5,+21.2,+21.1,+21.1,+25.3,+24.9,+25.2,+25.1,+25.1,+27,ESTP,0,0,+0,+0,+0.0171,+0,+0.0414,+0,+0,+0,21:36:01 28.03.2020
12123,+25.6,+17.5,+21.2,+21.1,+21.1,+25.3,+24.9,+25.2,+25.1,+25.1,+27,ESTP,0,0,+0,+0,+0.0171,+0,+0.0414,+0,+0,+0,21:37:01 28.03.2020
12124,+25.5,+17.5,+21.2,+21.1,+21.1,+25.3,+24.9,+25.2,+25.1,+25.1,+27,ESTP,0,0,+0,+0,+0.0171,+0,+0.0414,+0,+0,+0,21:38:01 28.03.2020
12125,+25.5,+17.5,+21.2,+21.1,+21.1,+25.3,+24.9,+25.2,+25.1,+25.1,+27,ESTP,0,0,+0,+0,+0.0171,+0,+0.0415,+0,+0,+0,21:39:01 28.03.2020
12126,+25.5,+17.5,+21.2,+21.1,+21.1,+25.3,+24.9,+25.2,+25.1,+25.1,+27,ESTP,0,0,+0,+0,+0.0171,+0,+0.0414,+0,+0,+0,21:40:01 28.03.2020
12127,+25.5,+17.5,+21.2,+21.1,+21.1,+25.3,+24.9,+25.2,+25.1,+25.1,+27,ESTP,0,0,+0,+0,+0.0171,+0,+0.0414,+0,+0,+0,21:41:01 28.03.2020
12128,+25.5,+17.5,+21.2,+21.1,+21.1,+25.3,+24.9,+25.2,+25.1,+25.1,+27,ESTP,0,0,+0,+0,+0.0171,+0,+0.0414,+0,+0,+0,21:42:01 28.03.2020
12129,+25.5,+17.5,+21.2,+21.1,+21.1,+25.3,+24.9,+25.2,+25.1,+25.1,+27,ESTP,0,0,+0,+0,+0.0171,+0,+0.0414,+0,+0,+0,21:43:01 28.03.2020
12130,+25.5,+17.5,+21.2,+21.1,+21.1,+25.3,+24.9,+25.2,+25.1,+25.1,+27,ESTP,0,0,+0,+0,+0.0171,+0,+0.0414,+0,+0,+0,21:44:01 28.03.2020
12131,+25.5,+17.5,+21.2,+21.1,+21.1,+25.3,+24.9,+25.2,+25.1,+25.1,+27,ESTP,0,0,+0,+0,+0.0171,+0,+0.0414,+0,+0,+0,21:45:01 28.03.2020
12132,+25.5,+17.5,+21.2,+21.1,+21.1,+25.3,+24.9,+25.2,+25.1,+25.1,+27,ESTP,0,0,+0,+0,+0.0171,+0,+0.0414,+0,+0,+0,21:46:01 28.03.2020
12133,+25.5,+17.5,+21.2,+21.1,+21.1,+25.3,+24.9,+25.2,+25.1,+25.1,+27,ESTP,0,0,+0,+0,+0.0171,+0,+0.0414,+0,+0,+0,21:47:01 28.03.2020
12134,+25.5,+17.5,+21.2,+21.1,+21.1,+25.3,+24.9,+25.2,+25.1,+25.1,+27,ESTP,0,0,+0,+0,+0.0171,+0,+0.0414,+0,+0,+0,21:48:01 28.03.2020
12135,+25.5,+17.5,+21.2,+21.1,+21.2,+25.3,+24.9,+25.2,+25.1,+25.1,+27,ESTP,0,0,+0,+0,+0.0171,+0,+0.0414,+0,+0,+0,21:49:01 28.03.2020
12136,+25.5,+17.5,+21.2,+21.1,+21.1,+25.3,+24.9,+25.2,+25.1,+25.1,+27,ESTP,0,0,+0,+0,+0.0171,+0,+0.0414,+0,+0,+0,21:50:01 28.03.2020
12137,+25.5,+17.5,+21.2,+21.1,+21.1,+25.3,+24.9,+25.2,+25.1,+25.1,+27,ESTP,0,0,+0,+0,+0.0171,+0,+0.0414,+0,+0,+0,21:51:01 28.03.2020
12138,+25.6,+17.5,+21.2,+21.1,+21.1,+25.3,+24.9,+25.2,+25.1,+25.1,+27,ESTP,0,0,+0,+0,+0.0171,+0,+0.0414,+0,+0,+0,21:52:01 28.03.2020
12139,+25.6,+17.5,+21.2,+21.1,+21.1,+25.3,+24.9,+25.2,+25.1,+25.1,+27,ESTP,0,0,+0,+0,+0.0171,+0,+0.0414,+0,+0,+0,21:53:01 28.03.2020
12140,+25.6,+17.5,+21.2,+21.1,+21.2,+25.3,+24.9,+25.2,+25.1,+25.1,+27,ESTP,0,0,+0,+0,+0.0171,+0,+0.0414,+0,+0,+0,21:54:01 28.03.2020
12141,+25.5,+17.5,+21.2,+21.1,+21.2,+25.3,+24.9,+25.2,+25.1,+25.1,+27,ESTP,0,0,+0,+0,+0.0171,+0,+0.0414,+0,+0,+0,21:55:01 28.03.2020
12142,+25.5,+17.5,+21.2,+21.1,+21.2,+25.3,+24.9,+25.2,+25.1,+25.1,+27,ESTP,0,0,+0,+0,+0.0171,+0,+0.0414,+0,+0,+0,21:56:01 28.03.2020
12143,+25.5,+17.5,+21.2,+21.1,+21.2,+25.3,+24.9,+25.2,+25.1,+25.1,+27,ESTP,0,0,+0,+0,+0.0171,+0,+0.0414,+0,+0,+0,21:57:01 28.03.2020
12144,+25.5,+17.5,+21.2,+21.1,+21.2,+25.3,+24.9,+25.2,+25.1,+25.1,+27,ESTP,0,0,+0,+0,+0.0171,+0,+0.0414,+0,+0,+0,21:58:01 28.03.2020
12145,+25.5,+17.5,+21.2,+21.1,+21.2,+25.3,+24.9,+25.2,+25.1,+25.1,+27,ESTP,0,0,+0,+0,+0.0171,+0,+0.0414,+0,+0,+0,21:59:01 28.03.2020
12146,+25.5,+17.5,+21.2,+21.1,+21.1,+25.3,+24.9,+25.2,+25.1,+25.1,+27,ESTP,0,0,+0,+0,+0.0171,+0,+0.0414,+0,+0,+0,22:00:01 28.03.2020
12147,+25.5,+17.5,+21.2,+21.1,+21.2,+25.3,+24.9,+25.2,+25.1,+25.1,+27,ESTP,0,0,+0,+0,+0.0171,+0,+0.0414,+0,+0,+0,22:01:01 28.03.2020
12148,+25.5,+17.5,+21.2,+21.1,+21.2,+25.3,+24.9,+25.2,+25.1,+25.1,+27,ESTP,0,0,+0,+0,+0.0171,+0,+0.0414,+0,+0,+0,22:02:01 28.03.2020
12149,+25.5,+17.5,+21.2,+21.1,+21.2,+25.3,+24.9,+25.2,+25.1,+25.1,+27,ESTP,0,0,+0,+0,+0.0171,+0,+0.0414,+0,+0,+0,22:03:01 28.03.2020
12150,+25.5,+17.5,+21.2,+21.1,+21.2,+25.3,+24.9,+25.2,+25.1,+25.1,+27,ESTP,0,0,+0,+0,+0.0171,+0,+0.0414,+0,+0,+0,22:04:01 28.03.2020
12151,+25.5,+17.5,+21.2,+21.1,+21.2,+25.3,+24.9,+25.2,+25.1,+25.1,+27,ESTP,0,0,+0,+0,+0.0171,+0,+0.0414,+0,+0,+0,22:05:01 28.03.2020
12152,+25.5,+17.5,+21.2,+21.1,+21.2,+25.3,+24.9,+25.2,+25.1,+25.1,+27,ESTP,0,0,+0,+0,+0.0171,+0,+0.0414,+0,+0,+0,22:06:01 28.03.2020
12153,+25.5,+17.5,+21.2,+21.1,+21.2,+25.3,+24.9,+25.2,+25.1,+25.1,+27,ESTP,0,0,+0,+0,+0.0171,+0,+0.0414,+0,+0,+0,22:07:01 28.03.2020
12154,+25.5,+17.5,+21.2,+21.1,+21.2,+25.3,+24.9,+25.2,+25.1,+25.1,+27,ESTP,0,0,+0,+0,+0.0171,+0,+0.0414,+0,+0,+0,22:08:01 28.03.2020
12155,+25.5,+17.5,+21.2,+21.1,+21.2,+25.3,+24.9,+25.2,+25.1,+25.1,+27,ESTP,0,0,+0,+0,+0.0171,+0,+0.0414,+0,+0,+0,22:09:01 28.03.2020
12156,+25.6,+17.5,+21.2,+21.1,+21.2,+25.3,+24.9,+25.2,+25.1,+25.1,+27,ESTP,0,0,+0,+0,+0.0171,+0,+0.0414,+0,+0,+0,22:10:01 28.03.2020
12157,+25.6,+17.5,+21.2,+21.1,+21.2,+25.3,+24.9,+25.2,+25.1,+25.1,+27,ESTP,0,0,+0,+0,+0.0171,+0,+0.0414,+0,+0,+0,22:11:01 28.03.2020
12158,+25.5,+17.5,+21.2,+21.1,+21.2,+25.3,+24.9,+25.2,+25.1,+25.1,+27,ESTP,0,0,+0,+0,+0.0171,+0,+0.0414,+0,+0,+0,22:12:01 28.03.2020
12159,+25.5,+17.5,+21.2,+21.1,+21.2,+25.3,+24.9,+25.2,+25.1,+25.1,+27,ESTP,0,0,+0,+0,+0.0171,+0,+0.0414,+0,+0,+0,22:13:01 28.03.2020
12160,+25.5,+17.5,+21.2,+21.1,+21.2,+25.3,+24.9,+25.2,+25.1,+25.1,+27,ESTP,0,0,+0,+0,+0.0171,+0,+0.0414,+0,+0,+0,22:14:01 28.03.2020
12161,+25.5,+17.5,+21.2,+21.1,+21.2,+25.3,+24.9,+25.2,+25.1,+25.1,+27,ESTP,0,0,+0,+0,+0.0171,+0,+0.0414,+0,+0,+0,22:15:01 28.03.2020
12162,+25.5,+17.5,+21.2,+21.1,+21.2,+25.3,+24.9,+25.2,+25.1,+25.1,+27,ESTP,0,0,+0,+0,+0.0171,+0,+0.0414,+0,+0,+0,22:16:01 28.03.2020
12163,+25.5,+17.5,+21.2,+21.1,+21.2,+25.3,+24.9,+25.2,+25.1,+25.1,+27,ESTP,0,0,+0,+0,+0.0171,+0,+0.0414,+0,+0,+0,22:17:01 28.03.2020
12164,+25.5,+17.5,+21.2,+21.1,+21.2,+25.3,+24.9,+25.2,+25.1,+25.1,+27,ESTP,0,0,+0,+0,+0.0171,+0,+0.0414,+0,+0,+0,22:18:01 28.03.2020
12165,+25.5,+17.5,+21.2,+21.1,+21.2,+25.3,+24.9,+25.2,+25.1,+25.1,+27,ESTP,0,0,+0,+0,+0.0171,+0,+0.0414,+0,+0,+0,22:19:01 28.03.2020
12166,+25.5,+17.5,+21.2,+21.1,+21.2,+25.3,+24.9,+25.2,+25.1,+25.1,+27,ESTP,0,0,+0,+0,+0.0171,+0,+0.0414,+0,+0,+0,22:20:01 28.03.2020
12167,+25.5,+17.5,+21.2,+21.1,+21.2,+25.3,+24.9,+25.2,+25.1,+25.1,+27,ESTP,0,0,+0,+0,+0.0171,+0,+0.0414,+0,+0,+0,22:21:01 28.03.2020
12168,+25.5,+17.5,+21.2,+21.1,+21.2,+25.3,+24.9,+25.2,+25.1,+25.1,+27,ESTP,0,0,+0,+0,+0.0171,+0,+0.0414,+0,+0,+0,22:22:01 28.03.2020
12169,+25.5,+17.5,+21.2,+21.1,+21.2,+25.3,+24.9,+25.2,+25.1,+25.1,+27,ESTP,0,0,+0,+0,+0.0171,+0,+0.0414,+0,+0,+0,22:23:01 28.03.2020
12170,+25.5,+17.5,+21.2,+21.1,+21.2,+25.3,+24.9,+25.2,+25.1,+25.1,+27,ESTP,0,0,+0,+0,+0.0171,+0,+0.0414,+0,+0,+0,22:24:01 28.03.2020
12171,+25.5,+17.5,+21.2,+21.1,+21.2,+25.3,+24.9,+25.2,+25.1,+25.1,+27,ESTP,0,0,+0,+0,+0.0171,+0,+0.0414,+0,+0,+0,22:25:01 28.03.2020
12172,+25.6,+17.5,+21.2,+21.1,+21.2,+25.3,+24.9,+25.2,+25.1,+25.1,+27,ESTP,0,0,+0,+0,+0.0171,+0,+0.0414,+0,+0,+0,22:26:01 28.03.2020
12173,+25.6,+17.5,+21.2,+21.1,+21.2,+25.3,+24.9,+25.2,+25.1,+25,+27,ESTP,0,0,+0,+0,+0.0171,+0,+0.0414,+0,+0,+0,22:27:01 28.03.2020
12174,+25.6,+17.5,+21.2,+21.1,+21.2,+25.3,+24.9,+25.2,+25.1,+25,+27,ESTP,0,0,+0,+0,+0.0171,+0,+0.0414,+0,+0,+0,22:28:01 28.03.2020
12175,+25.6,+17.5,+21.2,+21.1,+21.2,+25.3,+24.9,+25.2,+25.1,+25.1,+27,ESTP,0,0,+0,+0,+0.0171,+0,+0.0414,+0,+0,+0,22:29:01 28.03.2020
12176,+25.6,+17.5,+21.2,+21.1,+21.2,+25.3,+24.9,+25.2,+25.1,+25.1,+27,ESTP,0,0,+0,+0,+0.0171,+0,+0.0414,+0,+0,+0,22:30:01 28.03.2020
12177,+25.5,+17.5,+21.2,+21.1,+21.2,+25.3,+24.9,+25.2,+25.1,+25.1,+27,ESTP,0,0,+0,+0,+0.0171,+0,+0.0414,+0,+0,+0,22:31:01 28.03.2020
12178,+25.5,+17.5,+21.2,+21.1,+21.2,+25.3,+24.9,+25.2,+25.1,+25.1,+27,ESTP,0,0,+0,+0,+0.0171,+0,+0.0414,+0,+0,+0,22:32:01 28.03.2020
12179,+25.5,+17.5,+21.2,+21.1,+21.2,+25.3,+24.9,+25.2,+25.1,+25.1,+27,ESTP,0,0,+0,+0,+0.0171,+0,+0.0414,+0,+0,+0,22:33:01 28.03.2020
12180,+25.5,+17.5,+21.2,+21.1,+21.2,+25.3,+24.9,+25.2,+25.1,+25.1,+27,ESTP,0,0,+0,+0,+0.0171,+0,+0.0414,+0,+0,+0,22:34:01 28.03.2020
12181,+25.5,+17.5,+21.2,+21.1,+21.2,+25.3,+24.9,+25.2,+25.1,+25.1,+27,ESTP,0,0,+0,+0,+0.0171,+0,+0.0414,+0,+0,+0,22:35:01 28.03.2020
12182,+25.5,+17.5,+21.2,+21.1,+21.2,+25.3,+24.9,+25.2,+25.1,+25.1,+27,ESTP,0,0,+0,+0,+0.0171,+0,+0.0414,+0,+0,+0,22:36:01 28.03.2020
12183,+25.5,+17.5,+21.2,+21.1,+21.2,+25.3,+24.9,+25.2,+25.1,+25.1,+27,ESTP,0,0,+0,+0,+0.0171,+0,+0.0414,+0,+0,+0,22:37:01 28.03.2020
12184,+25.5,+17.5,+21.2,+21.1,+21.2,+25.3,+24.9,+25.2,+25.1,+25.1,+27,ESTP,0,0,+0,+0,+0.0171,+0,+0.0414,+0,+0,+0,22:38:01 28.03.2020
12185,+25.5,+17.5,+21.2,+21.1,+21.2,+25.3,+24.9,+25.2,+25.1,+25.1,+27,ESTP,0,0,+0,+0,+0.0171,+0,+0.0414,+0,+0,+0,22:39:01 28.03.2020
12186,+25.5,+17.5,+21.2,+21.1,+21.2,+25.3,+24.9,+25.2,+25.1,+25.1,+27,ESTP,0,0,+0,+0,+0.0171,+0,+0.0414,+0,+0,+0,22:40:01 28.03.2020
12187,+25.5,+17.5,+21.2,+21.1,+21.2,+25.3,+24.9,+25.2,+25.1,+25.1,+27,ESTP,0,0,+0,+0,+0.0171,+0,+0.0414,+0,+0,+0,22:41:01 28.03.2020
12188,+25.5,+17.5,+21.2,+21.1,+21.2,+25.3,+24.9,+25.2,+25.1,+25.1,+27,ESTP,0,0,+0,+0,+0.0171,+0,+0.0414,+0,+0,+0,22:42:01 28.03.2020
12189,+25.5,+17.5,+21.2,+21.1,+21.2,+25.3,+24.9,+25.2,+25.1,+25.1,+27,ESTP,0,0,+0,+0,+0.0171,+0,+0.0414,+0,+0,+0,22:43:01 28.03.2020
12190,+25.6,+17.5,+21.2,+21.1,+21.2,+25.3,+24.9,+25.2,+25.1,+25.1,+27,ESTP,0,0,+0,+0,+0.0171,+0,+0.0414,+0,+0,+0,22:44:01 28.03.2020
12191,+25.6,+17.5,+21.2,+21.1,+21.2,+25.3,+24.9,+25.2,+25.1,+25.1,+27,ESTP,0,0,+0,+0,+0.0171,+0,+0.0414,+0,+0,+0,22:45:01 28.03.2020
12192,+25.6,+17.5,+21.2,+21.1,+21.2,+25.3,+24.9,+25.2,+25.1,+25.1,+27,ESTP,0,0,+0,+0,+0.0171,+0,+0.0414,+0,+0,+0,22:46:01 28.03.2020
12193,+25.6,+17.5,+21.2,+21.1,+21.2,+25.3,+24.9,+25.2,+25.1,+25.1,+27,ESTP,0,0,+0,+0,+0.0171,+0,+0.0414,+0,+0,+0,22:47:01 28.03.2020
12194,+25.5,+17.5,+21.2,+21.1,+21.2,+25.3,+24.9,+25.2,+25.1,+25.1,+27,ESTP,0,0,+0,+0,+0.0171,+0,+0.0414,+0,+0,+0,22:48:01 28.03.2020
12195,+25.5,+17.5,+21.2,+21.1,+21.2,+25.3,+24.9,+25.2,+25.1,+25.1,+27,ESTP,0,0,+0,+0,+0.0171,+0,+0.0414,+0,+0,+0,22:49:01 28.03.2020
12196,+25.5,+17.5,+21.2,+21.1,+21.2,+25.3,+24.9,+25.2,+25.1,+25.1,+27,ESTP,0,0,+0,+0,+0.0171,+0,+0.0414,+0,+0,+0,22:50:01 28.03.2020
12197,+25.5,+17.5,+21.2,+21.1,+21.2,+25.3,+24.9,+25.2,+25.1,+25.1,+27,ESTP,0,0,+0,+0,+0.0171,+0,+0.0414,+0,+0,+0,22:51:01 28.03.2020
12198,+25.5,+17.5,+21.2,+21.1,+21.2,+25.3,+24.9,+25.2,+25.1,+25.1,+27,ESTP,0,0,+0,+0,+0.0171,+0,+0.0414,+0,+0,+0,22:52:01 28.03.2020
12199,+25.5,+17.5,+21.2,+21.1,+21.2,+25.3,+24.9,+25.2,+25.1,+25.1,+27,ESTP,0,0,+0,+0,+0.0171,+0,+0.0414,+0,+0,+0,22:53:01 28.03.2020
12200,+25.5,+17.5,+21.2,+21.1,+21.2,+25.3,+24.9,+25.2,+25.1,+25.1,+27,ESTP,0,0,+0,+0,+0.0171,+0,+0.0414,+0,+0,+0,22:54:01 28.03.2020
12201,+25.5,+17.5,+21.2,+21.1,+21.2,+25.3,+24.9,+25.2,+25.1,+25.1,+27,ESTP,0,0,+0,+0,+0.0171,+0,+0.0414,+0,+0,+0,22:55:01 28.03.2020
12202,+25.5,+17.5,+21.2,+21.1,+21.2,+25.3,+24.9,+25.2,+25.1,+25.1,+27,ESTP,0,0,+0,+0,+0.0171,+0,+0.0414,+0,+0,+0,22:56:01 28.03.2020
12203,+25.5,+17.5,+21.2,+21.1,+21.2,+25.3,+24.9,+25.2,+25.1,+25.1,+27,ESTP,0,0,+0,+0,+0.0171,+0,+0.0414,+0,+0,+0,22:57:01 28.03.2020
12204,+25.5,+17.5,+21.2,+21.1,+21.2,+25.3,+24.9,+25.2,+25.1,+25.1,+27,ESTP,0,0,+0,+0,+0.0171,+0,+0.0414,+0,+0,+0,22:58:01 28.03.2020
12205,+25.5,+17.5,+21.2,+21.1,+21.2,+25.3,+24.9,+25.2,+25.1,+25.1,+27,ESTP,0,0,+0,+0,+0.0171,+0,+0.0414,+0,+0,+0,22:59:01 28.03.2020
12206,+25.6,+17.5,+21.2,+21.1,+21.2,+25.3,+24.9,+25.2,+25.1,+25.1,+27,ESTP,0,0,+0,+0,+0.0171,+0,+0.0414,+0,+0,+0,23:00:01 28.03.2020
12207,+25.6,+17.5,+21.2,+21.1,+21.2,+25.3,+24.9,+25.2,+25.1,+25.1,+27,ESTP,0,0,+0,+0,+0.0171,+0,+0.0414,+0,+0,+0,23:01:01 28.03.2020
12208,+25.6,+17.5,+21.2,+21.1,+21.2,+25.3,+24.9,+25.2,+25.1,+25.1,+27,ESTP,0,0,+0,+0,+0.0171,+0,+0.0414,+0,+0,+0,23:02:01 28.03.2020
12209,+25.6,+17.5,+21.2,+21.1,+21.2,+25.3,+24.9,+25.2,+25.1,+25.1,+27,ESTP,0,0,+0,+0,+0.0171,+0,+0.0414,+0,+0,+0,23:03:01 28.03.2020
12210,+25.6,+17.4,+21.2,+21.1,+21.2,+25.3,+24.9,+25.2,+25.1,+25.1,+27,ESTP,0,0,+0,+0,+0.0171,+0,+0.0416,+0,+0,+0,23:04:01 28.03.2020
12211,+25.5,+17.5,+21.2,+21.1,+21.2,+25.3,+24.9,+25.2,+25.1,+25.1,+27,ESTP,0,0,+0,+0,+0.0171,+0,+0.0414,+0,+0,+0,23:05:01 28.03.2020
12212,+25.5,+17.4,+21.2,+21.1,+21.2,+25.3,+24.9,+25.2,+25.1,+25.1,+27,ESTP,0,0,+0,+0,+0.0171,+0,+0.0414,+0,+0,+0,23:06:01 28.03.2020
12213,+25.5,+17.4,+21.2,+21.1,+21.2,+25.3,+24.9,+25.2,+25.1,+25.1,+27,ESTP,0,0,+0,+0,+0.0171,+0,+0.0414,+0,+0,+0,23:07:01 28.03.2020
12214,+25.5,+17.4,+21.2,+21.1,+21.2,+25.3,+24.9,+25.2,+25.1,+25.1,+27,ESTP,0,0,+0,+0,+0.0171,+0,+0.0414,+0,+0,+0,23:08:01 28.03.2020
12215,+25.5,+17.4,+21.2,+21.1,+21.2,+25.3,+24.9,+25.2,+25.1,+25.1,+27,ESTP,0,0,+0,+0,+0.0171,+0,+0.0414,+0,+0,+0,23:09:01 28.03.2020
12216,+25.5,+17.4,+21.2,+21.1,+21.2,+25.3,+24.9,+25.2,+25.1,+25.1,+27,ESTP,0,0,+0,+0,+0.0171,+0,+0.0414,+0,+0,+0,23:10:01 28.03.2020
12217,+25.5,+17.4,+21.2,+21.1,+21.2,+25.3,+24.9,+25.2,+25.1,+25.1,+27,ESTP,0,0,+0,+0,+0.0171,+0,+0.0414,+0,+0,+0,23:11:01 28.03.2020
12218,+25.5,+17.4,+21.2,+21.1,+21.2,+25.3,+24.9,+25.2,+25.1,+25.1,+27,ESTP,0,0,+0,+0,+0.0171,+0,+0.0414,+0,+0,+0,23:12:01 28.03.2020
12219,+25.5,+17.4,+21.2,+21.1,+21.2,+25.3,+24.9,+25.2,+25.1,+25.1,+27,ESTP,0,0,+0,+0,+0.0171,+0,+0.0414,+0,+0,+0,23:13:01 28.03.2020
12220,+25.5,+17.4,+21.2,+21.1,+21.2,+25.3,+24.9,+25.2,+25.1,+25.1,+27,ESTP,0,0,+0,+0,+0.0171,+0,+0.0414,+0,+0,+0,23:14:01 28.03.2020
12221,+25.5,+17.4,+21.2,+21.1,+21.2,+25.3,+24.9,+25.2,+25.1,+25.1,+27,ESTP,0,0,+0,+0,+0.0171,+0,+0.0414,+0,+0,+0,23:15:01 28.03.2020
12222,+25.5,+17.4,+21.2,+21.1,+21.2,+25.3,+24.9,+25.2,+25.1,+25.1,+27,ESTP,0,0,+0,+0,+0.0171,+0,+0.0414,+0,+0,+0,23:16:01 28.03.2020
12223,+25.5,+17.4,+21.2,+21.1,+21.2,+25.3,+24.9,+25.2,+25.1,+25.1,+27,ESTP,0,0,+0,+0,+0.0171,+0,+0.0414,+0,+0,+0,23:17:01 28.03.2020
12224,+25.6,+17.4,+21.2,+21.1,+21.2,+25.3,+24.9,+25.2,+25.1,+25.1,+27,ESTP,0,0,+0,+0,+0.0171,+0,+0.0414,+0,+0,+0,23:18:01 28.03.2020
12225,+25.6,+17.4,+21.2,+21.1,+21.2,+25.3,+24.9,+25.2,+25.1,+25.1,+27,ESTP,0,0,+0,+0,+0.0171,+0,+0.0414,+0,+0,+0,23:19:01 28.03.2020
12226,+25.6,+17.4,+21.2,+21.1,+21.2,+25.3,+24.9,+25.2,+25.1,+25.1,+27,ESTP,0,0,+0,+0,+0.0171,+0,+0.0416,+0,+0,+0,23:20:01 28.03.2020
12227,+25.6,+17.4,+21.2,+21.1,+21.2,+25.3,+24.9,+25.2,+25.1,+25.1,+27,ESTP,0,0,+0,+0,+0.0171,+0,+0.0416,+0,+0,+0,23:21:01 28.03.2020
12228,+25.5,+17.4,+21.2,+21.1,+21.2,+25.3,+24.9,+25.2,+25.1,+25.1,+27,ESTP,0,0,+0,+0,+0.0171,+0,+0.0416,+0,+0,+0,23:22:01 28.03.2020
12229,+25.5,+17.4,+21.2,+21.1,+21.2,+25.3,+24.9,+25.2,+25.1,+25.1,+27,ESTP,0,0,+0,+0,+0.0171,+0,+0.0416,+0,+0,+0,23:23:01 28.03.2020
12230,+25.5,+17.4,+21.2,+21.1,+21.2,+25.3,+24.9,+25.2,+25.1,+25.1,+27,ESTP,0,0,+0,+0,+0.0171,+0,+0.0416,+0,+0,+0,23:24:01 28.03.2020
12231,+25.5,+17.4,+21.2,+21.1,+21.2,+25.3,+24.9,+25.2,+25.1,+25.1,+27,ESTP,0,0,+0,+0,+0.0171,+0,+0.0414,+0,+0,+0,23:25:01 28.03.2020
12232,+25.5,+17.4,+21.2,+21.1,+21.2,+25.3,+24.9,+25.2,+25.1,+25.1,+27,ESTP,0,0,+0,+0,+0.0171,+0,+0.0414,+0,+0,+0,23:26:01 28.03.2020
12233,+25.5,+17.4,+21.2,+21.1,+21.2,+25.3,+24.9,+25.2,+25.1,+25.1,+27,ESTP,0,0,+0,+0,+0.0171,+0,+0.0414,+0,+0,+0,23:27:01 28.03.2020
12234,+25.5,+17.4,+21.2,+21.1,+21.2,+25.3,+24.9,+25.2,+25.1,+25.1,+27,ESTP,0,0,+0,+0,+0.0171,+0,+0.0414,+0,+0,+0,23:28:01 28.03.2020
12235,+25.5,+17.4,+21.2,+21.1,+21.2,+25.3,+24.9,+25.2,+25.1,+25.1,+27,ESTP,0,0,+0,+0,+0.0171,+0,+0.0414,+0,+0,+0,23:29:01 28.03.2020
12236,+25.5,+17.4,+21.2,+21.1,+21.2,+25.3,+24.9,+25.2,+25.1,+25.1,+27,ESTP,0,0,+0,+0,+0.0171,+0,+0.0414,+0,+0,+0,23:30:01 28.03.2020
12237,+25.5,+17.4,+21.2,+21.1,+21.2,+25.3,+24.9,+25.2,+25.1,+25.1,+27,ESTP,0,0,+0,+0,+0.0171,+0,+0.0414,+0,+0,+0,23:31:01 28.03.2020
12238,+25.5,+17.4,+21.2,+21.1,+21.2,+25.3,+24.9,+25.2,+25.1,+25.1,+27,ESTP,0,0,+0,+0,+0.0171,+0,+0.0414,+0,+0,+0,23:32:01 28.03.2020
12239,+25.5,+17.4,+21.2,+21.1,+21.2,+25.3,+24.9,+25.2,+25.1,+25.1,+27,ESTP,0,0,+0,+0,+0.0171,+0,+0.0414,+0,+0,+0,23:33:01 28.03.2020
12240,+25.6,+17.4,+21.2,+21.1,+21.2,+25.3,+24.9,+25.2,+25.1,+25.1,+27,ESTP,0,0,+0,+0,+0.0171,+0,+0.0414,+0,+0,+0,23:34:01 28.03.2020
12241,+25.6,+17.4,+21.2,+21.1,+21.2,+25.3,+24.9,+25.2,+25.1,+25.1,+27,ESTP,0,0,+0,+0,+0.0171,+0,+0.0414,+0,+0,+0,23:35:01 28.03.2020
12242,+25.6,+17.4,+21.2,+21.1,+21.2,+25.3,+24.9,+25.2,+25.1,+25.1,+27,ESTP,0,0,+0,+0,+0.0171,+0,+0.0414,+0,+0,+0,23:36:01 28.03.2020
12243,+25.6,+17.4,+21.2,+21.1,+21.2,+25.3,+24.9,+25.2,+25.1,+25.1,+27,ESTP,0,0,+0,+0,+0.0171,+0,+0.0414,+0,+0,+0,23:37:01 28.03.2020
12244,+25.5,+17.4,+21.2,+21.1,+21.2,+25.3,+24.9,+25.2,+25.1,+25.1,+27,ESTP,0,0,+0,+0,+0.0171,+0,+0.0414,+0,+0,+0,23:38:01 28.03.2020
12245,+25.5,+17.4,+21.2,+21.1,+21.2,+25.3,+24.9,+25.2,+25.1,+25.1,+27,ESTP,0,0,+0,+0,+0.0171,+0,+0.0416,+0,+0,+0,23:39:01 28.03.2020
12246,+25.5,+17.4,+21.2,+21.1,+21.2,+25.3,+24.9,+25.2,+25.1,+25.1,+27,ESTP,0,0,+0,+0,+0.0171,+0,+0.0414,+0,+0,+0,23:40:01 28.03.2020
12247,+25.5,+17.4,+21.2,+21.2,+21.2,+25.3,+24.9,+25.2,+25.1,+25.1,+27,ESTP,0,0,+0,+0,+0.0171,+0,+0.0414,+0,+0,+0,23:41:01 28.03.2020
12248,+25.5,+17.4,+21.2,+21.1,+21.2,+25.3,+24.9,+25.2,+25.1,+25.1,+27,ESTP,0,0,+0,+0,+0.0171,+0,+0.0414,+0,+0,+0,23:42:01 28.03.2020
12249,+25.5,+17.4,+21.2,+21.2,+21.2,+25.3,+24.9,+25.2,+25.1,+25.1,+27,ESTP,0,0,+0,+0,+0.0171,+0,+0.0414,+0,+0,+0,23:43:01 28.03.2020
12250,+25.5,+17.4,+21.2,+21.1,+21.2,+25.3,+24.9,+25.2,+25.1,+25.1,+27,ESTP,0,0,+0,+0,+0.0171,+0,+0.0414,+0,+0,+0,23:44:01 28.03.2020
12251,+25.5,+17.4,+21.2,+21.1,+21.2,+25.3,+24.9,+25.2,+25.1,+25.1,+27,ESTP,0,0,+0,+0,+0.0171,+0,+0.0414,+0,+0,+0,23:45:01 28.03.2020
12252,+25.5,+17.4,+21.2,+21.1,+21.2,+25.3,+24.9,+25.2,+25.1,+25.1,+27,ESTP,0,0,+0,+0,+0.0171,+0,+0.0414,+0,+0,+0,23:46:01 28.03.2020
12253,+25.5,+17.4,+21.2,+21.2,+21.2,+25.3,+24.9,+25.2,+25.1,+25.1,+27,ESTP,0,0,+0,+0,+0.0171,+0,+0.0414,+0,+0,+0,23:47:01 28.03.2020
12254,+25.5,+17.4,+21.2,+21.2,+21.2,+25.3,+24.9,+25.2,+25.1,+25.1,+27,ESTP,0,0,+0,+0,+0.0171,+0,+0.0414,+0,+0,+0,23:48:01 28.03.2020
12255,+25.6,+17.4,+21.2,+21.2,+21.2,+25.3,+24.9,+25.2,+25.1,+25.1,+27,ESTP,0,0,+0,+0,+0.0171,+0,+0.0414,+0,+0,+0,23:49:01 28.03.2020
12256,+25.6,+17.4,+21.2,+21.2,+21.2,+25.3,+24.9,+25.2,+25.1,+25.1,+27,ESTP,0,0,+0,+0,+0.0171,+0,+0.0414,+0,+0,+0,23:50:01 28.03.2020
12257,+25.5,+17.4,+21.2,+21.2,+21.2,+25.3,+24.9,+25.2,+25.1,+25.1,+27,ESTP,0,0,+0,+0,+0.0171,+0,+0.0414,+0,+0,+0,23:51:01 28.03.2020
12258,+25.5,+17.4,+21.2,+21.2,+21.2,+25.3,+24.9,+25.2,+25.1,+25.1,+27,ESTP,0,0,+0,+0,+0.0171,+0,+0.0414,+0,+0,+0,23:52:01 28.03.2020
12259,+25.5,+17.4,+21.2,+21.2,+21.2,+25.3,+24.9,+25.2,+25.1,+25.1,+27,ESTP,0,0,+0,+0,+0.0171,+0,+0.0414,+0,+0,+0,23:53:01 28.03.2020
12260,+25.5,+17.4,+21.2,+21.2,+21.2,+25.3,+24.9,+25.2,+25.1,+25.1,+27,ESTP,0,0,+0,+0,+0.0171,+0,+0.0414,+0,+0,+0,23:54:01 28.03.2020
12261,+25.5,+17.4,+21.2,+21.2,+21.2,+25.3,+24.9,+25.2,+25.1,+25.1,+27,ESTP,0,0,+0,+0,+0.0171,+0,+0.0414,+0,+0,+0,23:55:01 28.03.2020
12262,+25.5,+17.4,+21.2,+21.2,+21.2,+25.3,+24.9,+25.2,+25.1,+25.1,+27,ESTP,0,0,+0,+0,+0.0171,+0,+0.0414,+0,+0,+0,23:56:01 28.03.2020
12263,+25.5,+17.4,+21.2,+21.2,+21.2,+25.3,+24.9,+25.2,+25.1,+25.1,+27,ESTP,0,0,+0,+0,+0.0171,+0,+0.0414,+0,+0,+0,23:57:01 28.03.2020
12264,+25.5,+17.4,+21.2,+21.2,+21.2,+25.3,+24.9,+25.2,+25.1,+25.1,+27,ESTP,0,0,+0,+0,+0.0171,+0,+0.0414,+0,+0,+0,23:58:01 28.03.2020
12265,+25.5,+17.4,+21.2,+21.2,+21.2,+25.3,+24.9,+25.2,+25.1,+25.1,+27,ESTP,0,0,+0,+0,+0.0171,+0,+0.0414,+0,+0,+0,23:59:01 28.03.2020
12266,+25.5,+17.4,+21.2,+21.2,+21.2,+25.3,+24.9,+25.2,+25.1,+25.1,+27,ESTP,0,0,+0,+0,+0.0171,+0,+0.0414,+0,+0,+0,00:00:01 29.03.2020
12267,+25.5,+17.4,+21.2,+21.2,+21.2,+25.3,+24.9,+25.2,+25.1,+25.1,+27,ESTP,0,0,+0,+0,+0.0171,+0,+0.0414,+0,+0,+0,00:01:01 29.03.2020
12268,+25.5,+17.4,+21.2,+21.2,+21.2,+25.3,+24.9,+25.2,+25.1,+25.1,+27,ESTP,0,0,+0,+0,+0.0171,+0,+0.0414,+0,+0,+0,00:02:01 29.03.2020
12269,+25.6,+17.4,+21.2,+21.2,+21.2,+25.3,+24.9,+25.2,+25.1,+25.1,+27,ESTP,0,0,+0,+0,+0.0171,+0,+0.0414,+0,+0,+0,00:03:01 29.03.2020
12270,+25.6,+17.4,+21.2,+21.2,+21.2,+25.3,+24.9,+25.2,+25.1,+25.1,+27,ESTP,0,0,+0,+0,+0.0171,+0,+0.0414,+0,+0,+0,00:04:01 29.03.2020
12271,+25.6,+17.4,+21.2,+21.2,+21.2,+25.3,+24.9,+25.2,+25.1,+25.1,+27,ESTP,0,0,+0,+0,+0.0171,+0,+0.0414,+0,+0,+0,00:05:01 29.03.2020
12272,+25.5,+17.4,+21.2,+21.2,+21.2,+25.3,+24.9,+25.2,+25.1,+25.1,+27,ESTP,0,0,+0,+0,+0.0171,+0,+0.0414,+0,+0,+0,00:06:01 29.03.2020
12273,+25.5,+17.4,+21.2,+21.2,+21.2,+25.3,+24.9,+25.2,+25.1,+25.1,+27,ESTP,0,0,+0,+0,+0.0171,+0,+0.0414,+0,+0,+0,00:07:01 29.03.2020
12274,+25.5,+17.4,+21.2,+21.2,+21.2,+25.3,+24.9,+25.2,+25.1,+25.1,+27,ESTP,0,0,+0,+0,+0.0171,+0,+0.0414,+0,+0,+0,00:08:01 29.03.2020
12275,+25.5,+17.4,+21.2,+21.2,+21.2,+25.3,+24.9,+25.2,+25.1,+25.1,+27,ESTP,0,0,+0,+0,+0.0171,+0,+0.0414,+0,+0,+0,00:09:01 29.03.2020
12276,+25.5,+17.4,+21.2,+21.2,+21.2,+25.3,+24.9,+25.2,+25.1,+25.1,+27,ESTP,0,0,+0,+0,+0.0171,+0,+0.0414,+0,+0,+0,00:10:01 29.03.2020
12277,+25.5,+17.4,+21.2,+21.2,+21.2,+25.3,+24.9,+25.2,+25.1,+25.1,+27,ESTP,0,0,+0,+0,+0.0171,+0,+0.0414,+0,+0,+0,00:11:01 29.03.2020
12278,+25.5,+17.4,+21.2,+21.2,+21.2,+25.3,+24.9,+25.2,+25.1,+25.1,+27,ESTP,0,0,+0,+0,+0.0171,+0,+0.0414,+0,+0,+0,00:12:01 29.03.2020
12279,+25.5,+17.4,+21.2,+21.2,+21.2,+25.3,+24.9,+25.2,+25.1,+25.1,+27,ESTP,0,0,+0,+0,+0.0171,+0,+0.0414,+0,+0,+0,00:13:01 29.03.2020
12280,+25.5,+17.4,+21.2,+21.2,+21.2,+25.3,+24.9,+25.2,+25.1,+25.1,+27,ESTP,0,0,+0,+0,+0.0171,+0,+0.0414,+0,+0,+0,00:14:01 29.03.2020
12281,+25.5,+17.4,+21.2,+21.2,+21.2,+25.3,+24.9,+25.2,+25.1,+25.1,+27,ESTP,0,0,+0,+0,+0.0171,+0,+0.0414,+0,+0,+0,00:15:01 29.03.2020
12282,+25.5,+17.4,+21.2,+21.2,+21.2,+25.3,+24.9,+25.2,+25.1,+25.1,+27,ESTP,0,0,+0,+0,+0.0171,+0,+0.0414,+0,+0,+0,00:16:01 29.03.2020
12283,+25.5,+17.4,+21.2,+21.2,+21.2,+25.3,+24.9,+25.2,+25.1,+25.1,+27,ESTP,0,0,+0,+0,+0.0171,+0,+0.0414,+0,+0,+0,00:17:01 29.03.2020
12284,+25.5,+17.4,+21.2,+21.2,+21.2,+25.3,+24.9,+25.2,+25.1,+25.1,+27,ESTP,0,0,+0,+0,+0.0171,+0,+0.0414,+0,+0,+0,00:18:01 29.03.2020
12285,+25.6,+17.4,+21.2,+21.2,+21.2,+25.3,+24.9,+25.2,+25.1,+25.1,+27,ESTP,0,0,+0,+0,+0.0171,+0,+0.0414,+0,+0,+0,00:19:01 29.03.2020
12286,+25.6,+17.3,+21.2,+21.2,+21.2,+25.3,+24.9,+25.2,+25.1,+25.1,+27,ESTP,0,0,+0,+0,+0.0171,+0,+0.0414,+0,+0,+0,00:20:01 29.03.2020
12287,+25.5,+17.4,+21.2,+21.2,+21.2,+25.3,+24.9,+25.2,+25.1,+25.1,+27,ESTP,0,0,+0,+0,+0.0171,+0,+0.0414,+0,+0,+0,00:21:01 29.03.2020
12288,+25.5,+17.3,+21.2,+21.2,+21.2,+25.3,+24.9,+25.2,+25.1,+25.1,+27,ESTP,0,0,+0,+0,+0.0171,+0,+0.0414,+0,+0,+0,00:22:01 29.03.2020
12289,+25.5,+17.3,+21.2,+21.2,+21.2,+25.3,+24.9,+25.2,+25.1,+25.1,+27,ESTP,0,0,+0,+0,+0.0171,+0,+0.0414,+0,+0,+0,00:23:01 29.03.2020
12290,+25.5,+17.3,+21.2,+21.2,+21.2,+25.3,+24.9,+25.2,+25.1,+25.1,+27,ESTP,0,0,+0,+0,+0.0171,+0,+0.0414,+0,+0,+0,00:24:01 29.03.2020
12291,+25.5,+17.3,+21.2,+21.2,+21.2,+25.3,+24.9,+25.2,+25.1,+25.1,+27,ESTP,0,0,+0,+0,+0.0171,+0,+0.0414,+0,+0,+0,00:25:01 29.03.2020
12292,+25.5,+17.3,+21.2,+21.2,+21.2,+25.3,+24.9,+25.2,+25.1,+25.1,+27,ESTP,0,0,+0,+0,+0.0171,+0,+0.0414,+0,+0,+0,00:26:01 29.03.2020
12293,+25.5,+17.3,+21.2,+21.2,+21.2,+25.3,+24.9,+25.2,+25.1,+25.1,+27,ESTP,0,0,+0,+0,+0.0171,+0,+0.0414,+0,+0,+0,00:27:01 29.03.2020
12294,+25.5,+17.3,+21.2,+21.2,+21.2,+25.3,+24.9,+25.2,+25.1,+25.1,+27,ESTP,0,0,+0,+0,+0.0171,+0,+0.0414,+0,+0,+0,00:28:01 29.03.2020
12295,+25.5,+17.3,+21.2,+21.2,+21.2,+25.3,+24.9,+25.2,+25.1,+25.1,+27,ESTP,0,0,+0,+0,+0.0171,+0,+0.0414,+0,+0,+0,00:29:01 29.03.2020
12296,+25.5,+17.3,+21.2,+21.2,+21.2,+25.3,+24.9,+25.2,+25.1,+25.1,+27,ESTP,0,0,+0,+0,+0.0171,+0,+0.0414,+0,+0,+0,00:30:01 29.03.2020
12297,+25.5,+17.3,+21.2,+21.2,+21.2,+25.3,+24.9,+25.2,+25.1,+25.1,+27,ESTP,0,0,+0,+0,+0.0171,+0,+0.0414,+0,+0,+0,00:31:01 29.03.2020
12298,+25.5,+17.3,+21.2,+21.2,+21.2,+25.3,+24.9,+25.2,+25.1,+25.1,+27,ESTP,0,0,+0,+0,+0.0171,+0,+0.0414,+0,+0,+0,00:32:01 29.03.2020
12299,+25.6,+17.3,+21.2,+21.2,+21.2,+25.3,+24.9,+25.2,+25.1,+25.1,+27,ESTP,0,0,+0,+0,+0.0171,+0,+0.0414,+0,+0,+0,00:33:01 29.03.2020
12300,+25.6,+17.3,+21.2,+21.2,+21.2,+25.3,+24.9,+25.2,+25.1,+25.1,+27,ESTP,0,0,+0,+0,+0.0171,+0,+0.0414,+0,+0,+0,00:34:01 29.03.2020
12301,+25.6,+17.3,+21.2,+21.2,+21.2,+25.3,+24.9,+25.2,+25.1,+25.1,+27,ESTP,0,0,+0,+0,+0.0171,+0,+0.0414,+0,+0,+0,00:35:01 29.03.2020
12302,+25.5,+17.3,+21.2,+21.2,+21.2,+25.3,+24.9,+25.2,+25.1,+25.1,+27,ESTP,0,0,+0,+0,+0.0171,+0,+0.0414,+0,+0,+0,00:36:01 29.03.2020
12303,+25.5,+17.3,+21.2,+21.2,+21.2,+25.4,+24.9,+25.2,+25.1,+25.1,+27,ESTP,0,0,+0,+0,+0.0171,+0,+0.0414,+0,+0,+0,00:37:01 29.03.2020
12304,+25.5,+17.3,+21.2,+21.2,+21.2,+25.4,+24.9,+25.2,+25.1,+25.1,+27,ESTP,0,0,+0,+0,+0.0171,+0,+0.0414,+0,+0,+0,00:38:01 29.03.2020
12305,+25.5,+17.3,+21.2,+21.2,+21.2,+25.3,+24.9,+25.2,+25.1,+25.1,+27,ESTP,0,0,+0,+0,+0.0171,+0,+0.0415,+0,+0,+0,00:39:01 29.03.2020
12306,+25.5,+17.3,+21.2,+21.2,+21.2,+25.3,+24.9,+25.2,+25.1,+25.1,+27,ESTP,0,0,+0,+0,+0.0171,+0,+0.0414,+0,+0,+0,00:40:01 29.03.2020
12307,+25.5,+17.3,+21.2,+21.2,+21.2,+25.3,+24.9,+25.2,+25.1,+25.1,+27,ESTP,0,0,+0,+0,+0.0171,+0,+0.0414,+0,+0,+0,00:41:01 29.03.2020
12308,+25.5,+17.3,+21.2,+21.2,+21.2,+25.3,+24.9,+25.2,+25.1,+25.1,+27,ESTP,0,0,+0,+0,+0.0171,+0,+0.0414,+0,+0,+0,00:42:01 29.03.2020
12309,+25.5,+17.3,+21.3,+21.2,+21.2,+25.3,+24.9,+25.2,+25.1,+25.1,+27,ESTP,0,0,+0,+0,+0.0171,+0,+0.0414,+0,+0,+0,00:43:01 29.03.2020
12310,+25.5,+17.3,+21.2,+21.2,+21.2,+25.3,+24.9,+25.2,+25.1,+25.1,+27,ESTP,0,0,+0,+0,+0.0171,+0,+0.0414,+0,+0,+0,00:44:01 29.03.2020
12311,+25.5,+17.3,+21.3,+21.2,+21.2,+25.3,+24.9,+25.2,+25.1,+25.1,+27,ESTP,0,0,+0,+0,+0.0171,+0,+0.0414,+0,+0,+0,00:45:01 29.03.2020
12312,+25.5,+17.3,+21.2,+21.2,+21.2,+25.3,+24.9,+25.2,+25.1,+25.1,+27,ESTP,0,0,+0,+0,+0.0171,+0,+0.0414,+0,+0,+0,00:46:01 29.03.2020
12313,+25.5,+17.3,+21.2,+21.2,+21.2,+25.3,+24.9,+25.2,+25.1,+25.1,+27,ESTP,0,0,+0,+0,+0.0171,+0,+0.0414,+0,+0,+0,00:47:01 29.03.2020
12314,+25.5,+17.3,+21.3,+21.2,+21.2,+25.3,+24.9,+25.2,+25.1,+25.1,+27,ESTP,0,0,+0,+0,+0.0171,+0,+0.0414,+0,+0,+0,00:48:01 29.03.2020
12315,+25.6,+17.3,+21.2,+21.2,+21.2,+25.3,+24.9,+25.2,+25.1,+25.1,+27,ESTP,0,0,+0,+0,+0.0171,+0,+0.0414,+0,+0,+0,00:49:01 29.03.2020
12316,+25.6,+17.3,+21.3,+21.2,+21.2,+25.3,+24.9,+25.2,+25.1,+25.1,+27,ESTP,0,0,+0,+0,+0.0171,+0,+0.0414,+0,+0,+0,00:50:01 29.03.2020
12317,+25.6,+17.3,+21.3,+21.2,+21.2,+25.3,+24.9,+25.2,+25.1,+25.1,+27,ESTP,0,0,+0,+0,+0.0171,+0,+0.0414,+0,+0,+0,00:51:01 29.03.2020
12318,+25.5,+17.3,+21.2,+21.2,+21.2,+25.3,+24.9,+25.2,+25.1,+25.1,+27,ESTP,0,0,+0,+0,+0.0171,+0,+0.0414,+0,+0,+0,00:52:01 29.03.2020
12319,+25.5,+17.3,+21.3,+21.2,+21.2,+25.3,+24.9,+25.2,+25.1,+25.1,+27,ESTP,0,0,+0,+0,+0.0171,+0,+0.0414,+0,+0,+0,00:53:01 29.03.2020
12320,+25.5,+17.3,+21.3,+21.2,+21.2,+25.3,+24.9,+25.2,+25.1,+25.1,+27,ESTP,0,0,+0,+0,+0.0171,+0,+0.0414,+0,+0,+0,00:54:01 29.03.2020
12321,+25.5,+17.3,+21.3,+21.2,+21.2,+25.3,+24.9,+25.2,+25.1,+25.1,+27,ESTP,0,0,+0,+0,+0.0171,+0,+0.0414,+0,+0,+0,00:55:01 29.03.2020
12322,+25.5,+17.3,+21.3,+21.2,+21.2,+25.3,+24.9,+25.2,+25.1,+25.1,+27,ESTP,0,0,+0,+0,+0.0171,+0,+0.0414,+0,+0,+0,00:56:01 29.03.2020
12323,+25.5,+17.3,+21.2,+21.2,+21.2,+25.3,+24.9,+25.2,+25.1,+25.1,+27,ESTP,0,0,+0,+0,+0.0171,+0,+0.0414,+0,+0,+0,00:57:01 29.03.2020
12324,+25.5,+17.3,+21.3,+21.2,+21.2,+25.3,+24.9,+25.2,+25.1,+25.1,+27,ESTP,0,0,+0,+0,+0.0171,+0,+0.0414,+0,+0,+0,00:58:01 29.03.2020
12325,+25.5,+17.3,+21.3,+21.2,+21.2,+25.3,+24.9,+25.2,+25.1,+25.1,+27,ESTP,0,0,+0,+0,+0.0171,+0,+0.0414,+0,+0,+0,00:59:01 29.03.2020
12326,+25.5,+17.2,+21.3,+21.2,+21.2,+25.3,+24.9,+25.2,+25.1,+25.1,+27,ESTP,0,0,+0,+0,+0.0171,+0,+0.0414,+0,+0,+0,01:00:01 29.03.2020
12327,+25.5,+17.2,+21.3,+21.2,+21.2,+25.3,+24.9,+25.2,+25.1,+25.1,+27,ESTP,0,0,+0,+0,+0.0171,+0,+0.0414,+0,+0,+0,01:01:01 29.03.2020
12328,+25.5,+17.2,+21.3,+21.2,+21.2,+25.3,+24.9,+25.2,+25.1,+25,+27,ESTP,0,0,+0,+0,+0.0171,+0,+0.0414,+0,+0,+0,01:02:01 29.03.2020
12329,+25.5,+17.2,+21.3,+21.2,+21.2,+25.3,+24.9,+25.2,+25.1,+25.1,+27,ESTP,0,0,+0,+0,+0.0171,+0,+0.0414,+0,+0,+0,01:03:01 29.03.2020
12330,+25.5,+17.2,+21.3,+21.2,+21.2,+25.3,+24.9,+25.2,+25.1,+25.1,+27,ESTP,0,0,+0,+0,+0.0171,+0,+0.0414,+0,+0,+0,01:04:01 29.03.2020
12331,+25.6,+17.2,+21.3,+21.2,+21.2,+25.3,+24.9,+25.2,+25.1,+25.1,+27,ESTP,0,0,+0,+0,+0.0171,+0,+0.0414,+0,+0,+0,01:05:01 29.03.2020
12332,+25.6,+17.2,+21.3,+21.2,+21.2,+25.3,+24.9,+25.2,+25.1,+25.1,+27,ESTP,0,0,+0,+0,+0.0171,+0,+0.0414,+0,+0,+0,01:06:01 29.03.2020
12333,+25.5,+17.2,+21.3,+21.2,+21.2,+25.3,+24.9,+25.2,+25.1,+25.1,+27,ESTP,0,0,+0,+0,+0.0171,+0,+0.0414,+0,+0,+0,01:07:01 29.03.2020
12334,+25.5,+17.2,+21.3,+21.2,+21.2,+25.3,+24.9,+25.2,+25.1,+25.1,+27,ESTP,0,0,+0,+0,+0.0171,+0,+0.0414,+0,+0,+0,01:08:01 29.03.2020
12335,+25.5,+17.2,+21.3,+21.2,+21.2,+25.3,+24.9,+25.2,+25.1,+25.1,+27,ESTP,0,0,+0,+0,+0.0171,+0,+0.0414,+0,+0,+0,01:09:01 29.03.2020
12336,+25.5,+17.2,+21.3,+21.2,+21.2,+25.3,+24.9,+25.2,+25.1,+25.1,+27,ESTP,0,0,+0,+0,+0.0171,+0,+0.0414,+0,+0,+0,01:10:01 29.03.2020
12337,+25.5,+17.2,+21.3,+21.2,+21.2,+25.3,+24.9,+25.2,+25.1,+25.1,+27,ESTP,0,0,+0,+0,+0.0171,+0,+0.0414,+0,+0,+0,01:11:01 29.03.2020
12338,+25.5,+17.2,+21.3,+21.2,+21.2,+25.3,+24.9,+25.2,+25.1,+25.1,+27,ESTP,0,0,+0,+0,+0.0171,+0,+0.0414,+0,+0,+0,01:12:01 29.03.2020
12339,+25.5,+17.2,+21.3,+21.2,+21.2,+25.3,+24.9,+25.2,+25.1,+25.1,+27,ESTP,0,0,+0,+0,+0.0171,+0,+0.0414,+0,+0,+0,01:13:01 29.03.2020
12340,+25.5,+17.2,+21.3,+21.2,+21.2,+25.3,+24.9,+25.2,+25.1,+25.1,+27,ESTP,0,0,+0,+0,+0.0171,+0,+0.0414,+0,+0,+0,01:14:01 29.03.2020
12341,+25.5,+17.2,+21.3,+21.2,+21.2,+25.3,+24.9,+25.2,+25.1,+25.1,+27,ESTP,0,0,+0,+0,+0.0171,+0,+0.0414,+0,+0,+0,01:15:01 29.03.2020
12342,+25.5,+17.2,+21.3,+21.2,+21.2,+25.3,+24.9,+25.2,+25.1,+25.1,+27,ESTP,0,0,+0,+0,+0.0171,+0,+0.0414,+0,+0,+0,01:16:01 29.03.2020
12343,+25.5,+17.2,+21.3,+21.2,+21.2,+25.3,+24.9,+25.2,+25.1,+25.1,+27,ESTP,0,0,+0,+0,+0.0171,+0,+0.0414,+0,+0,+0,01:17:01 29.03.2020
12344,+25.5,+17.2,+21.3,+21.2,+21.2,+25.3,+24.9,+25.2,+25.1,+25,+27,ESTP,0,0,+0,+0,+0.0171,+0,+0.0414,+0,+0,+0,01:18:01 29.03.2020
12345,+25.6,+17.2,+21.3,+21.2,+21.2,+25.3,+24.9,+25.2,+25.1,+25.1,+27,ESTP,0,0,+0,+0,+0.0171,+0,+0.0414,+0,+0,+0,01:19:01 29.03.2020
12346,+25.6,+17.2,+21.3,+21.2,+21.2,+25.3,+24.9,+25.2,+25.1,+25.1,+27,ESTP,0,0,+0,+0,+0.0171,+0,+0.0414,+0,+0,+0,01:20:01 29.03.2020
12347,+25.5,+17.2,+21.3,+21.2,+21.2,+25.3,+24.9,+25.2,+25.1,+25.1,+27,ESTP,0,0,+0,+0,+0.0171,+0,+0.0414,+0,+0,+0,01:21:01 29.03.2020
12348,+25.5,+17.2,+21.3,+21.2,+21.2,+25.3,+24.9,+25.2,+25.1,+25,+27,ESTP,0,0,+0,+0,+0.0171,+0,+0.0414,+0,+0,+0,01:22:01 29.03.2020
12349,+25.5,+17.2,+21.3,+21.2,+21.2,+25.3,+24.9,+25.2,+25.1,+25.1,+27,ESTP,0,0,+0,+0,+0.0171,+0,+0.0414,+0,+0,+0,01:23:01 29.03.2020
12350,+25.5,+17.2,+21.3,+21.2,+21.2,+25.3,+24.9,+25.2,+25.1,+25,+27,ESTP,0,0,+0,+0,+0.0171,+0,+0.0414,+0,+0,+0,01:24:01 29.03.2020
12351,+25.5,+17.2,+21.3,+21.2,+21.2,+25.3,+24.9,+25.2,+25.1,+25.1,+27,ESTP,0,0,+0,+0,+0.0171,+0,+0.0414,+0,+0,+0,01:25:01 29.03.2020
12352,+25.5,+17.2,+21.3,+21.2,+21.2,+25.3,+24.9,+25.2,+25.1,+25,+27,ESTP,0,0,+0,+0,+0.0171,+0,+0.0414,+0,+0,+0,01:26:01 29.03.2020
12353,+25.5,+17.2,+21.3,+21.2,+21.2,+25.3,+24.9,+25.2,+25.1,+25.1,+27,ESTP,0,0,+0,+0,+0.0171,+0,+0.0414,+0,+0,+0,01:27:01 29.03.2020
12354,+25.5,+17.2,+21.3,+21.2,+21.2,+25.3,+24.9,+25.2,+25.1,+25.1,+27,ESTP,0,0,+0,+0,+0.0171,+0,+0.0414,+0,+0,+0,01:28:01 29.03.2020
12355,+25.5,+17.2,+21.3,+21.2,+21.2,+25.3,+24.9,+25.2,+25.1,+25.1,+27,ESTP,0,0,+0,+0,+0.0171,+0,+0.0414,+0,+0,+0,01:29:01 29.03.2020
12356,+25.5,+17.2,+21.3,+21.2,+21.2,+25.3,+24.9,+25.2,+25.1,+25.1,+27,ESTP,0,0,+0,+0,+0.0171,+0,+0.0414,+0,+0,+0,01:30:01 29.03.2020
12357,+25.5,+17.2,+21.3,+21.2,+21.2,+25.3,+24.9,+25.2,+25.1,+25,+27,ESTP,0,0,+0,+0,+0.0171,+0,+0.0414,+0,+0,+0,01:31:01 29.03.2020
12358,+25.6,+17.2,+21.3,+21.2,+21.2,+25.3,+24.9,+25.2,+25.1,+25.1,+27,ESTP,0,0,+0,+0,+0.0171,+0,+0.0414,+0,+0,+0,01:32:01 29.03.2020
12359,+25.6,+17.2,+21.3,+21.2,+21.2,+25.4,+24.9,+25.2,+25.1,+25.1,+27,ESTP,0,0,+0,+0,+0.0171,+0,+0.0414,+0,+0,+0,01:33:01 29.03.2020
12360,+25.6,+17.2,+21.3,+21.2,+21.2,+25.4,+24.9,+25.2,+25.1,+25,+27,ESTP,0,0,+0,+0,+0.0171,+0,+0.0414,+0,+0,+0,01:34:01 29.03.2020
12361,+25.6,+17.2,+21.3,+21.2,+21.2,+25.4,+24.9,+25.2,+25.1,+25.1,+27,ESTP,0,0,+0,+0,+0.0171,+0,+0.0414,+0,+0,+0,01:35:01 29.03.2020
12362,+25.5,+17.2,+21.3,+21.2,+21.2,+25.4,+24.9,+25.2,+25.1,+25.1,+27,ESTP,0,0,+0,+0,+0.0171,+0,+0.0415,+0,+0,+0,01:36:01 29.03.2020
12363,+25.5,+17.2,+21.3,+21.2,+21.2,+25.4,+24.9,+25.2,+25.1,+25.1,+27,ESTP,0,0,+0,+0,+0.0171,+0,+0.0414,+0,+0,+0,01:37:01 29.03.2020
12364,+25.5,+17.2,+21.3,+21.2,+21.2,+25.4,+24.9,+25.2,+25.1,+25.1,+27,ESTP,0,0,+0,+0,+0.0171,+0,+0.0414,+0,+0,+0,01:38:01 29.03.2020
12365,+25.5,+17.2,+21.3,+21.2,+21.2,+25.4,+24.9,+25.2,+25.1,+25.1,+27,ESTP,0,0,+0,+0,+0.0171,+0,+0.0414,+0,+0,+0,01:39:01 29.03.2020
12366,+25.5,+17.2,+21.3,+21.2,+21.2,+25.4,+24.9,+25.2,+25.1,+25.1,+27,ESTP,0,0,+0,+0,+0.0171,+0,+0.0414,+0,+0,+0,01:40:01 29.03.2020
12367,+25.5,+17.2,+21.3,+21.2,+21.2,+25.3,+24.9,+25.2,+25.1,+25.1,+27,ESTP,0,0,+0,+0,+0.0171,+0,+0.0414,+0,+0,+0,01:41:01 29.03.2020
12368,+25.5,+17.2,+21.3,+21.2,+21.2,+25.3,+24.9,+25.2,+25.1,+25.1,+27,ESTP,0,0,+0,+0,+0.0171,+0,+0.0414,+0,+0,+0,01:42:01 29.03.2020
12369,+25.5,+17.2,+21.3,+21.2,+21.2,+25.3,+24.9,+25.2,+25.1,+25.1,+27,ESTP,0,0,+0,+0,+0.0171,+0,+0.0414,+0,+0,+0,01:43:01 29.03.2020
12370,+25.5,+17.2,+21.3,+21.2,+21.2,+25.3,+24.9,+25.2,+25.1,+25.1,+27,ESTP,0,0,+0,+0,+0.0171,+0,+0.0414,+0,+0,+0,01:44:01 29.03.2020
12371,+25.5,+17.2,+21.3,+21.2,+21.2,+25.3,+24.9,+25.2,+25.1,+25.1,+27,ESTP,0,0,+0,+0,+0.0171,+0,+0.0414,+0,+0,+0,01:45:01 29.03.2020
12372,+25.5,+17.1,+21.3,+21.2,+21.2,+25.3,+24.9,+25.2,+25.1,+25,+27,ESTP,0,0,+0,+0,+0.0171,+0,+0.0414,+0,+0,+0,01:46:01 29.03.2020
12373,+25.5,+17.1,+21.3,+21.2,+21.2,+25.3,+24.9,+25.2,+25.1,+25.1,+27,ESTP,0,0,+0,+0,+0.0171,+0,+0.0414,+0,+0,+0,01:47:01 29.03.2020
12374,+25.5,+17.1,+21.3,+21.2,+21.2,+25.3,+24.9,+25.2,+25.1,+25.1,+27,ESTP,0,0,+0,+0,+0.0171,+0,+0.0414,+0,+0,+0,01:48:01 29.03.2020
12375,+25.5,+17.1,+21.3,+21.2,+21.2,+25.3,+24.9,+25.2,+25.1,+25,+27,ESTP,0,0,+0,+0,+0.0171,+0,+0.0414,+0,+0,+0,01:49:01 29.03.2020
12376,+25.5,+17.1,+21.3,+21.2,+21.2,+25.3,+24.9,+25.2,+25.1,+25,+27,ESTP,0,0,+0,+0,+0.0171,+0,+0.0414,+0,+0,+0,01:50:01 29.03.2020
12377,+25.6,+17.1,+21.3,+21.2,+21.2,+25.3,+24.9,+25.2,+25.1,+25,+27,ESTP,0,0,+0,+0,+0.0171,+0,+0.0414,+0,+0,+0,01:51:01 29.03.2020
12378,+25.6,+17.1,+21.3,+21.2,+21.2,+25.3,+24.9,+25.2,+25.1,+25,+27,ESTP,0,0,+0,+0,+0.0171,+0,+0.0414,+0,+0,+0,01:52:01 29.03.2020
12379,+25.6,+17.1,+21.3,+21.2,+21.2,+25.4,+24.9,+25.2,+25.1,+25.1,+27,ESTP,0,0,+0,+0,+0.0171,+0,+0.0414,+0,+0,+0,01:53:01 29.03.2020
12380,+25.5,+17.1,+21.3,+21.2,+21.2,+25.4,+24.9,+25.2,+25.1,+25,+27,ESTP,0,0,+0,+0,+0.0171,+0,+0.0414,+0,+0,+0,01:54:01 29.03.2020
12381,+25.5,+17.1,+21.3,+21.2,+21.2,+25.4,+24.9,+25.2,+25.1,+25.1,+27,ESTP,0,0,+0,+0,+0.0171,+0,+0.0416,+0,+0,+0,01:55:01 29.03.2020
12382,+25.5,+17.1,+21.3,+21.2,+21.2,+25.4,+24.9,+25.2,+25.1,+25.1,+27,ESTP,0,0,+0,+0,+0.0171,+0,+0.0414,+0,+0,+0,01:56:01 29.03.2020
12383,+25.5,+17.1,+21.3,+21.2,+21.2,+25.3,+24.9,+25.2,+25.1,+25.1,+27,ESTP,0,0,+0,+0,+0.0171,+0,+0.0414,+0,+0,+0,01:57:01 29.03.2020
12384,+25.5,+17.1,+21.3,+21.2,+21.2,+25.4,+24.9,+25.2,+25.1,+25.1,+27,ESTP,0,0,+0,+0,+0.0171,+0,+0.0414,+0,+0,+0,01:58:01 29.03.2020
12385,+25.5,+17.1,+21.3,+21.2,+21.2,+25.3,+24.9,+25.2,+25.1,+25.1,+27,ESTP,0,0,+0,+0,+0.0171,+0,+0.0414,+0,+0,+0,01:59:01 29.03.2020
12386,+25.5,+17.1,+21.3,+21.2,+21.2,+25.3,+24.9,+25.2,+25.1,+25,+27,ESTP,0,0,+0,+0,+0.0171,+0,+0.0414,+0,+0,+0,03:00:01 29.03.2020
12387,+25.5,+17.1,+21.3,+21.2,+21.2,+25.3,+24.9,+25.2,+25.1,+25,+27,ESTP,0,0,+0,+0,+0.0171,+0,+0.0414,+0,+0,+0,03:01:01 29.03.2020
12388,+25.5,+17.1,+21.3,+21.2,+21.2,+25.3,+24.9,+25.2,+25.1,+25,+27,ESTP,0,0,+0,+0,+0.0171,+0,+0.0414,+0,+0,+0,03:02:01 29.03.2020
12389,+25.5,+17.1,+21.3,+21.2,+21.2,+25.3,+24.9,+25.2,+25.1,+25,+27,ESTP,0,0,+0,+0,+0.0171,+0,+0.0414,+0,+0,+0,03:03:01 29.03.2020
12390,+25.5,+17.1,+21.3,+21.2,+21.2,+25.3,+24.9,+25.2,+25.1,+25,+27,ESTP,0,0,+0,+0,+0.0171,+0,+0.0414,+0,+0,+0,03:04:01 29.03.2020
12391,+25.5,+17.1,+21.3,+21.2,+21.2,+25.3,+24.9,+25.2,+25.1,+25.1,+27,ESTP,0,0,+0,+0,+0.0171,+0,+0.0414,+0,+0,+0,03:05:01 29.03.2020
12392,+25.5,+17.1,+21.3,+21.2,+21.2,+25.3,+24.9,+25.2,+25.1,+25,+27,ESTP,0,0,+0,+0,+0.0171,+0,+0.0414,+0,+0,+0,03:06:01 29.03.2020
12393,+25.6,+17.1,+21.3,+21.2,+21.2,+25.3,+24.9,+25.2,+25.1,+25,+27,ESTP,0,0,+0,+0,+0.0171,+0,+0.0414,+0,+0,+0,03:07:01 29.03.2020
12394,+25.6,+17.1,+21.3,+21.2,+21.2,+25.4,+24.9,+25.2,+25.1,+25.1,+27,ESTP,0,0,+0,+0,+0.0171,+0,+0.0414,+0,+0,+0,03:08:01 29.03.2020
12395,+25.5,+17.1,+21.3,+21.2,+21.2,+25.4,+24.9,+25.2,+25.1,+25,+27,ESTP,0,0,+0,+0,+0.0171,+0,+0.0414,+0,+0,+0,03:09:01 29.03.2020
12396,+25.5,+17.1,+21.3,+21.2,+21.2,+25.4,+24.9,+25.2,+25.1,+25.1,+27,ESTP,0,0,+0,+0,+0.0171,+0,+0.0414,+0,+0,+0,03:10:01 29.03.2020
12397,+25.5,+17.1,+21.3,+21.2,+21.2,+25.4,+24.9,+25.2,+25.1,+25,+27,ESTP,0,0,+0,+0,+0.0171,+0,+0.0414,+0,+0,+0,03:11:01 29.03.2020
12398,+25.5,+17.1,+21.3,+21.2,+21.2,+25.4,+24.9,+25.2,+25.1,+25,+27,ESTP,0,0,+0,+0,+0.0171,+0,+0.0414,+0,+0,+0,03:12:01 29.03.2020
12399,+25.5,+17.1,+21.3,+21.2,+21.2,+25.3,+24.9,+25.2,+25.1,+25.1,+27,ESTP,0,0,+0,+0,+0.0171,+0,+0.0414,+0,+0,+0,03:13:01 29.03.2020
12400,+25.5,+17.1,+21.3,+21.2,+21.2,+25.3,+24.9,+25.2,+25.1,+25.1,+27,ESTP,0,0,+0,+0,+0.0171,+0,+0.0414,+0,+0,+0,03:14:01 29.03.2020
12401,+25.5,+17.1,+21.3,+21.2,+21.2,+25.3,+24.9,+25.2,+25.1,+25,+27,ESTP,0,0,+0,+0,+0.0171,+0,+0.0414,+0,+0,+0,03:15:01 29.03.2020
12402,+25.5,+17,+21.3,+21.2,+21.2,+25.3,+24.9,+25.2,+25.1,+25,+27,ESTP,0,0,+0,+0,+0.0171,+0,+0.0414,+0,+0,+0,03:16:01 29.03.2020
12403,+25.5,+17,+21.3,+21.2,+21.2,+25.3,+24.9,+25.2,+25.1,+25,+27,ESTP,0,0,+0,+0,+0.0171,+0,+0.0414,+0,+0,+0,03:17:01 29.03.2020
12404,+25.5,+17,+21.3,+21.2,+21.2,+25.3,+24.9,+25.2,+25.1,+25,+27,ESTP,0,0,+0,+0,+0.0171,+0,+0.0414,+0,+0,+0,03:18:01 29.03.2020
12405,+25.5,+17,+21.3,+21.2,+21.2,+25.3,+24.9,+25.1,+25.1,+25,+27,ESTP,0,0,+0,+0,+0.0171,+0,+0.0414,+0,+0,+0,03:19:01 29.03.2020
12406,+25.5,+17,+21.3,+21.2,+21.2,+25.3,+24.9,+25.2,+25.1,+25,+27,ESTP,0,0,+0,+0,+0.0171,+0,+0.0414,+0,+0,+0,03:20:01 29.03.2020
12407,+25.5,+17,+21.3,+21.2,+21.2,+25.3,+24.9,+25.2,+25.1,+25,+27,ESTP,0,0,+0,+0,+0.0171,+0,+0.0414,+0,+0,+0,03:21:01 29.03.2020
12408,+25.6,+17,+21.3,+21.2,+21.2,+25.3,+24.9,+25.2,+25.1,+25,+27,ESTP,0,0,+0,+0,+0.0171,+0,+0.0414,+0,+0,+0,03:22:01 29.03.2020
12409,+25.6,+17,+21.3,+21.2,+21.2,+25.3,+24.9,+25.2,+25.1,+25,+27,ESTP,0,0,+0,+0,+0.0171,+0,+0.0414,+0,+0,+0,03:23:01 29.03.2020
12410,+25.5,+17,+21.3,+21.2,+21.2,+25.4,+24.9,+25.2,+25.1,+25,+27,ESTP,0,0,+0,+0,+0.0171,+0,+0.0414,+0,+0,+0,03:24:01 29.03.2020
12411,+25.5,+17,+21.3,+21.2,+21.2,+25.4,+24.9,+25.2,+25.1,+25,+27,ESTP,0,0,+0,+0,+0.0171,+0,+0.0414,+0,+0,+0,03:25:01 29.03.2020
12412,+25.5,+17,+21.3,+21.2,+21.2,+25.4,+24.9,+25.2,+25.1,+25,+27,ESTP,0,0,+0,+0,+0.0171,+0,+0.0414,+0,+0,+0,03:26:01 29.03.2020
12413,+25.5,+17,+21.3,+21.2,+21.2,+25.4,+24.9,+25.2,+25.1,+25,+27,ESTP,0,0,+0,+0,+0.0171,+0,+0.0414,+0,+0,+0,03:27:01 29.03.2020
12414,+25.5,+17,+21.3,+21.2,+21.2,+25.4,+24.9,+25.2,+25.1,+25,+27,ESTP,0,0,+0,+0,+0.0171,+0,+0.0414,+0,+0,+0,03:28:01 29.03.2020
12415,+25.5,+17,+21.3,+21.2,+21.2,+25.4,+24.9,+25.2,+25.1,+25,+27,ESTP,0,0,+0,+0,+0.0171,+0,+0.0414,+0,+0,+0,03:29:01 29.03.2020
12416,+25.5,+17,+21.3,+21.2,+21.2,+25.3,+24.9,+25.2,+25.1,+25,+27,ESTP,0,0,+0,+0,+0.0171,+0,+0.0414,+0,+0,+0,03:30:01 29.03.2020
12417,+25.5,+17,+21.3,+21.2,+21.2,+25.3,+24.9,+25.2,+25.1,+25,+27,ESTP,0,0,+0,+0,+0.0171,+0,+0.0414,+0,+0,+0,03:31:01 29.03.2020
12418,+25.5,+17,+21.3,+21.2,+21.2,+25.3,+24.9,+25.2,+25.1,+25,+27,ESTP,0,0,+0,+0,+0.0171,+0,+0.0414,+0,+0,+0,03:32:01 29.03.2020
12419,+25.5,+17,+21.3,+21.2,+21.2,+25.3,+24.9,+25.2,+25.1,+25,+27,ESTP,0,0,+0,+0,+0.0171,+0,+0.0414,+0,+0,+0,03:33:01 29.03.2020
12420,+25.5,+17,+21.3,+21.2,+21.2,+25.3,+24.9,+25.1,+25.1,+25,+27,ESTP,0,0,+0,+0,+0.0171,+0,+0.0414,+0,+0,+0,03:34:01 29.03.2020
12421,+25.4,+17,+21.3,+21.2,+21.2,+25.3,+24.9,+25.1,+25.1,+25,+27,ESTP,0,0,+0,+0,+0.0171,+0,+0.0414,+0,+0,+0,03:35:01 29.03.2020
12422,+25.5,+17,+21.3,+21.2,+21.2,+25.3,+24.9,+25.2,+25.1,+25,+27,ESTP,0,0,+0,+0,+0.0171,+0,+0.0414,+0,+0,+0,03:36:01 29.03.2020
12423,+25.5,+17,+21.3,+21.2,+21.2,+25.3,+24.9,+25.1,+25.1,+25,+27,ESTP,0,0,+0,+0,+0.0171,+0,+0.0414,+0,+0,+0,03:37:01 29.03.2020
12424,+25.5,+17,+21.3,+21.2,+21.2,+25.3,+24.9,+25.1,+25.1,+25,+27,ESTP,0,0,+0,+0,+0.0171,+0,+0.0414,+0,+0,+0,03:38:01 29.03.2020
12425,+25.5,+17,+21.3,+21.2,+21.2,+25.3,+24.9,+25.1,+25.1,+25,+27,ESTP,0,0,+0,+0,+0.0171,+0,+0.0414,+0,+0,+0,03:39:01 29.03.2020
12426,+25.6,+17,+21.3,+21.2,+21.2,+25.3,+24.9,+25.1,+25.1,+25,+27,ESTP,0,0,+0,+0,+0.0171,+0,+0.0414,+0,+0,+0,03:40:01 29.03.2020
12427,+25.5,+17,+21.3,+21.2,+21.2,+25.3,+24.9,+25.1,+25.1,+25,+27,ESTP,0,0,+0,+0,+0.0171,+0,+0.0414,+0,+0,+0,03:41:01 29.03.2020
12428,+25.5,+17,+21.3,+21.2,+21.2,+25.4,+24.9,+25.1,+25.1,+25,+27,ESTP,0,0,+0,+0,+0.0171,+0,+0.0414,+0,+0,+0,03:42:01 29.03.2020
12429,+25.5,+17,+21.3,+21.2,+21.2,+25.4,+24.9,+25.1,+25.1,+25,+27,ESTP,0,0,+0,+0,+0.0171,+0,+0.0414,+0,+0,+0,03:43:01 29.03.2020
12430,+25.5,+17,+21.3,+21.2,+21.2,+25.4,+24.9,+25.1,+25.1,+25,+27,ESTP,0,0,+0,+0,+0.0171,+0,+0.0414,+0,+0,+0,03:44:01 29.03.2020
12431,+25.5,+17,+21.3,+21.2,+21.2,+25.3,+24.9,+25.1,+25.1,+25,+27,ESTP,0,0,+0,+0,+0.0171,+0,+0.0414,+0,+0,+0,03:45:01 29.03.2020
12432,+25.5,+17,+21.3,+21.2,+21.2,+25.3,+24.9,+25.1,+25.1,+25,+27,ESTP,0,0,+0,+0,+0.0171,+0,+0.0414,+0,+0,+0,03:46:01 29.03.2020
12433,+25.5,+17,+21.3,+21.2,+21.2,+25.3,+24.9,+25.1,+25.1,+25,+27,ESTP,0,0,+0,+0,+0.0171,+0,+0.0414,+0,+0,+0,03:47:01 29.03.2020
12434,+25.5,+17,+21.3,+21.2,+21.2,+25.3,+24.9,+25.1,+25.1,+25,+27,ESTP,0,0,+0,+0,+0.0171,+0,+0.0414,+0,+0,+0,03:48:01 29.03.2020
12435,+25.5,+17,+21.3,+21.2,+21.2,+25.3,+24.9,+25.1,+25.1,+25,+27,ESTP,0,0,+0,+0,+0.0171,+0,+0.0414,+0,+0,+0,03:49:01 29.03.2020
12436,+25.4,+17,+21.3,+21.2,+21.2,+25.3,+24.9,+25.1,+25.1,+25,+27,ESTP,0,0,+0,+0,+0.0171,+0,+0.0414,+0,+0,+0,03:50:01 29.03.2020
12437,+25.4,+17,+21.3,+21.2,+21.2,+25.3,+24.9,+25.1,+25.1,+25,+27,ESTP,0,0,+0,+0,+0.0171,+0,+0.0414,+0,+0,+0,03:51:01 29.03.2020
12438,+25.5,+17,+21.3,+21.2,+21.2,+25.3,+24.9,+25.1,+25.1,+25,+27,ESTP,0,0,+0,+0,+0.0171,+0,+0.0414,+0,+0,+0,03:52:01 29.03.2020
12439,+25.5,+17,+21.3,+21.2,+21.2,+25.3,+24.9,+25.1,+25.1,+25,+27,ESTP,0,0,+0,+0,+0.0171,+0,+0.0414,+0,+0,+0,03:53:01 29.03.2020
12440,+25.5,+17,+21.3,+21.2,+21.2,+25.3,+24.9,+25.1,+25.1,+25,+27,ESTP,0,0,+0,+0,+0.0171,+0,+0.0414,+0,+0,+0,03:54:01 29.03.2020
12441,+25.5,+17,+21.3,+21.2,+21.2,+25.3,+24.9,+25.1,+25.1,+25,+27,ESTP,0,0,+0,+0,+0.0171,+0,+0.0414,+0,+0,+0,03:55:01 29.03.2020
12442,+25.6,+17,+21.3,+21.2,+21.2,+25.3,+24.9,+25.1,+25.1,+25,+27,ESTP,0,0,+0,+0,+0.0171,+0,+0.0414,+0,+0,+0,03:56:01 29.03.2020
12443,+25.6,+17,+21.3,+21.2,+21.2,+25.4,+24.9,+25.1,+25.1,+25,+27,ESTP,0,0,+0,+0,+0.0171,+0,+0.0414,+0,+0,+0,03:57:01 29.03.2020
12444,+25.6,+16.9,+21.3,+21.2,+21.2,+25.4,+24.9,+25.1,+25.1,+25,+27,ESTP,0,0,+0,+0,+0.0171,+0,+0.0414,+0,+0,+0,03:58:01 29.03.2020
12445,+25.5,+16.9,+21.3,+21.2,+21.2,+25.4,+24.9,+25.1,+25.1,+25,+27,ESTP,0,0,+0,+0,+0.0171,+0,+0.0414,+0,+0,+0,03:59:01 29.03.2020
12446,+25.5,+16.9,+21.3,+21.2,+21.2,+25.4,+24.9,+25.1,+25.1,+25,+27,ESTP,0,0,+0,+0,+0.0171,+0,+0.0414,+0,+0,+0,04:00:01 29.03.2020
12447,+25.5,+16.9,+21.3,+21.2,+21.2,+25.4,+24.9,+25.1,+25.1,+25,+27,ESTP,0,0,+0,+0,+0.0171,+0,+0.0414,+0,+0,+0,04:01:01 29.03.2020
12448,+25.5,+16.9,+21.3,+21.2,+21.2,+25.4,+24.9,+25.1,+25.1,+25,+27,ESTP,0,0,+0,+0,+0.0171,+0,+0.0414,+0,+0,+0,04:02:01 29.03.2020
12449,+25.5,+16.9,+21.3,+21.2,+21.2,+25.4,+24.9,+25.2,+25.1,+25,+27,ESTP,0,0,+0,+0,+0.0171,+0,+0.0414,+0,+0,+0,04:03:01 29.03.2020
12450,+25.5,+16.9,+21.3,+21.2,+21.2,+25.3,+24.9,+25.1,+25.1,+25,+27,ESTP,0,0,+0,+0,+0.0171,+0,+0.0414,+0,+0,+0,04:04:01 29.03.2020
12451,+25.5,+16.9,+21.3,+21.2,+21.2,+25.3,+24.9,+25.1,+25.1,+25,+27,ESTP,0,0,+0,+0,+0.0171,+0,+0.0414,+0,+0,+0,04:05:01 29.03.2020
12452,+25.5,+16.9,+21.3,+21.2,+21.2,+25.3,+24.9,+25.1,+25.1,+25,+27,ESTP,0,0,+0,+0,+0.0171,+0,+0.0414,+0,+0,+0,04:06:01 29.03.2020
12453,+25.5,+16.9,+21.3,+21.2,+21.2,+25.3,+24.9,+25.1,+25.1,+25,+27,ESTP,0,0,+0,+0,+0.0171,+0,+0.0414,+0,+0,+0,04:07:01 29.03.2020
12454,+25.5,+16.9,+21.3,+21.2,+21.3,+25.3,+24.9,+25.1,+25.1,+25,+27,ESTP,0,0,+0,+0,+0.0171,+0,+0.0414,+0,+0,+0,04:08:01 29.03.2020
12455,+25.5,+16.9,+21.3,+21.2,+21.2,+25.3,+24.9,+25.1,+25.1,+25,+27,ESTP,0,0,+0,+0,+0.0171,+0,+0.0414,+0,+0,+0,04:09:01 29.03.2020
12456,+25.5,+16.9,+21.3,+21.2,+21.2,+25.3,+24.9,+25.1,+25.1,+25,+27,ESTP,0,0,+0,+0,+0.0171,+0,+0.0414,+0,+0,+0,04:10:01 29.03.2020
12457,+25.6,+16.9,+21.3,+21.2,+21.2,+25.3,+24.9,+25.1,+25.1,+25,+27,ESTP,0,0,+0,+0,+0.0171,+0,+0.0414,+0,+0,+0,04:11:01 29.03.2020
12458,+25.6,+16.9,+21.3,+21.2,+21.2,+25.4,+24.9,+25.1,+25.1,+25,+27,ESTP,0,0,+0,+0,+0.0171,+0,+0.0414,+0,+0,+0,04:12:01 29.03.2020
12459,+25.5,+16.9,+21.3,+21.2,+21.2,+25.4,+24.9,+25.1,+25.1,+25,+27,ESTP,0,0,+0,+0,+0.0171,+0,+0.0414,+0,+0,+0,04:13:01 29.03.2020
12460,+25.5,+16.9,+21.3,+21.2,+21.2,+25.3,+24.9,+25.1,+25.1,+25,+27,ESTP,0,0,+0,+0,+0.0171,+0,+0.0414,+0,+0,+0,04:14:01 29.03.2020
12461,+25.5,+16.9,+21.3,+21.2,+21.3,+25.4,+24.9,+25.1,+25.1,+25,+27,ESTP,0,0,+0,+0,+0.0171,+0,+0.0414,+0,+0,+0,04:15:01 29.03.2020
12462,+25.5,+16.9,+21.3,+21.2,+21.2,+25.4,+24.9,+25.1,+25.1,+25,+27,ESTP,0,0,+0,+0,+0.0171,+0,+0.0414,+0,+0,+0,04:16:01 29.03.2020
12463,+25.5,+16.9,+21.3,+21.2,+21.2,+25.4,+24.9,+25.1,+25.1,+25,+27,ESTP,0,0,+0,+0,+0.0171,+0,+0.0414,+0,+0,+0,04:17:01 29.03.2020
12464,+25.5,+16.9,+21.3,+21.2,+21.2,+25.4,+24.9,+25.1,+25.1,+25,+27,ESTP,0,0,+0,+0,+0.0171,+0,+0.0414,+0,+0,+0,04:18:01 29.03.2020
12465,+25.5,+16.9,+21.3,+21.2,+21.2,+25.3,+24.9,+25.1,+25.1,+25,+27,ESTP,0,0,+0,+0,+0.0171,+0,+0.0414,+0,+0,+0,04:19:01 29.03.2020
12466,+25.5,+16.9,+21.3,+21.2,+21.2,+25.3,+24.9,+25.1,+25.1,+25,+27,ESTP,0,0,+0,+0,+0.0171,+0,+0.0414,+0,+0,+0,04:20:01 29.03.2020
12467,+25.5,+16.9,+21.3,+21.2,+21.2,+25.3,+24.9,+25.1,+25.1,+25,+27,ESTP,0,0,+0,+0,+0.0171,+0,+0.0414,+0,+0,+0,04:21:01 29.03.2020
12468,+25.5,+16.9,+21.3,+21.2,+21.2,+25.3,+24.9,+25.1,+25.1,+25,+27,ESTP,0,0,+0,+0,+0.0171,+0,+0.0414,+0,+0,+0,04:22:01 29.03.2020
12469,+25.5,+16.9,+21.3,+21.2,+21.2,+25.3,+24.9,+25.1,+25.1,+25,+27,ESTP,0,0,+0,+0,+0.0171,+0,+0.0414,+0,+0,+0,04:23:01 29.03.2020
12470,+25.5,+16.9,+21.3,+21.2,+21.2,+25.3,+24.9,+25.1,+25.1,+25,+27,ESTP,0,0,+0,+0,+0.0171,+0,+0.0414,+0,+0,+0,04:24:01 29.03.2020
12471,+25.6,+16.9,+21.3,+21.2,+21.2,+25.3,+24.9,+25.1,+25.1,+25,+27,ESTP,0,0,+0,+0,+0.0171,+0,+0.0414,+0,+0,+0,04:25:01 29.03.2020
12472,+25.6,+16.9,+21.3,+21.2,+21.3,+25.4,+24.9,+25.1,+25.1,+25,+27,ESTP,0,0,+0,+0,+0.0171,+0,+0.0414,+0,+0,+0,04:26:01 29.03.2020
12473,+25.6,+16.9,+21.3,+21.2,+21.2,+25.4,+24.9,+25.1,+25.1,+25,+27,ESTP,0,0,+0,+0,+0.0171,+0,+0.0414,+0,+0,+0,04:27:01 29.03.2020
12474,+25.5,+16.9,+21.3,+21.2,+21.3,+25.4,+24.9,+25.1,+25.1,+25,+27,ESTP,0,0,+0,+0,+0.0171,+0,+0.0414,+0,+0,+0,04:28:01 29.03.2020
12475,+25.5,+16.9,+21.3,+21.2,+21.2,+25.4,+24.9,+25.1,+25.1,+25,+27,ESTP,0,0,+0,+0,+0.0171,+0,+0.0414,+0,+0,+0,04:29:01 29.03.2020
12476,+25.5,+16.8,+21.3,+21.2,+21.3,+25.4,+24.9,+25.1,+25.1,+25,+27,ESTP,0,0,+0,+0,+0.0171,+0,+0.0414,+0,+0,+0,04:30:01 29.03.2020
12477,+25.5,+16.9,+21.3,+21.2,+21.3,+25.4,+24.9,+25.1,+25.1,+25,+27,ESTP,0,0,+0,+0,+0.0171,+0,+0.0414,+0,+0,+0,04:31:01 29.03.2020
12478,+25.5,+16.9,+21.3,+21.2,+21.2,+25.4,+24.9,+25.1,+25.1,+25,+27,ESTP,0,0,+0,+0,+0.0171,+0,+0.0414,+0,+0,+0,04:32:01 29.03.2020
12479,+25.5,+16.9,+21.3,+21.2,+21.3,+25.4,+24.9,+25.1,+25.1,+25,+27,ESTP,0,0,+0,+0,+0.0171,+0,+0.0414,+0,+0,+0,04:33:01 29.03.2020
12480,+25.5,+16.8,+21.3,+21.2,+21.2,+25.4,+24.9,+25.1,+25.1,+25,+27,ESTP,0,0,+0,+0,+0.0171,+0,+0.0414,+0,+0,+0,04:34:01 29.03.2020
12481,+25.5,+16.8,+21.3,+21.2,+21.3,+25.4,+24.9,+25.1,+25.1,+25,+27,ESTP,0,0,+0,+0,+0.0171,+0,+0.0414,+0,+0,+0,04:35:01 29.03.2020
12482,+25.5,+16.8,+21.3,+21.2,+21.2,+25.3,+24.9,+25.1,+25.1,+25,+27,ESTP,0,0,+0,+0,+0.0171,+0,+0.0414,+0,+0,+0,04:36:01 29.03.2020
12483,+25.5,+16.8,+21.3,+21.2,+21.3,+25.3,+24.9,+25.1,+25.1,+25,+27,ESTP,0,0,+0,+0,+0.0171,+0,+0.0414,+0,+0,+0,04:37:01 29.03.2020
12484,+25.5,+16.8,+21.3,+21.2,+21.3,+25.3,+24.9,+25.1,+25.1,+25,+27,ESTP,0,0,+0,+0,+0.0171,+0,+0.0414,+0,+0,+0,04:38:01 29.03.2020
12485,+25.5,+16.8,+21.3,+21.2,+21.2,+25.3,+24.9,+25.1,+25.1,+25,+27,ESTP,0,0,+0,+0,+0.0171,+0,+0.0414,+0,+0,+0,04:39:01 29.03.2020
12486,+25.5,+16.8,+21.3,+21.2,+21.3,+25.3,+24.9,+25.1,+25.1,+25,+27,ESTP,0,0,+0,+0,+0.0171,+0,+0.0414,+0,+0,+0,04:40:01 29.03.2020
12487,+25.6,+16.8,+21.3,+21.2,+21.3,+25.3,+24.9,+25.1,+25.1,+25,+27,ESTP,0,0,+0,+0,+0.0171,+0,+0.0414,+0,+0,+0,04:41:01 29.03.2020
12488,+25.6,+16.8,+21.3,+21.2,+21.3,+25.3,+24.9,+25.1,+25.1,+25,+27,ESTP,0,0,+0,+0,+0.0171,+0,+0.0414,+0,+0,+0,04:42:01 29.03.2020
12489,+25.5,+16.8,+21.3,+21.2,+21.2,+25.4,+24.9,+25.1,+25.1,+25,+27,ESTP,0,0,+0,+0,+0.0171,+0,+0.0414,+0,+0,+0,04:43:01 29.03.2020
12490,+25.5,+16.8,+21.3,+21.2,+21.3,+25.4,+24.9,+25.1,+25.1,+25,+27,ESTP,0,0,+0,+0,+0.0171,+0,+0.0414,+0,+0,+0,04:44:01 29.03.2020
12491,+25.5,+16.8,+21.3,+21.2,+21.3,+25.4,+24.9,+25.1,+25.1,+25,+27,ESTP,0,0,+0,+0,+0.0171,+0,+0.0414,+0,+0,+0,04:45:01 29.03.2020
12492,+25.5,+16.8,+21.3,+21.2,+21.3,+25.4,+24.9,+25.1,+25.1,+25,+27,ESTP,0,0,+0,+0,+0.0171,+0,+0.0414,+0,+0,+0,04:46:01 29.03.2020
12493,+25.5,+16.8,+21.3,+21.2,+21.3,+25.4,+24.9,+25.1,+25.1,+25,+27,ESTP,0,0,+0,+0,+0.0171,+0,+0.0414,+0,+0,+0,04:47:01 29.03.2020
12494,+25.5,+16.8,+21.3,+21.2,+21.3,+25.3,+24.9,+25.1,+25.1,+25,+27,ESTP,0,0,+0,+0,+0.0171,+0,+0.0414,+0,+0,+0,04:48:01 29.03.2020
12495,+25.5,+16.8,+21.3,+21.2,+21.3,+25.4,+24.9,+25.1,+25.1,+25,+27,ESTP,0,0,+0,+0,+0.0171,+0,+0.0414,+0,+0,+0,04:49:01 29.03.2020
12496,+25.5,+16.8,+21.3,+21.2,+21.3,+25.3,+24.9,+25.1,+25.1,+25,+27,ESTP,0,0,+0,+0,+0.0171,+0,+0.0414,+0,+0,+0,04:50:01 29.03.2020
12497,+25.5,+16.8,+21.3,+21.2,+21.2,+25.3,+24.9,+25.1,+25.1,+25,+27,ESTP,0,0,+0,+0,+0.0171,+0,+0.0414,+0,+0,+0,04:51:01 29.03.2020
12498,+25.5,+16.8,+21.3,+21.2,+21.2,+25.3,+24.9,+25.1,+25.1,+25,+27,ESTP,0,0,+0,+0,+0.0171,+0,+0.0414,+0,+0,+0,04:52:01 29.03.2020
12499,+25.5,+16.8,+21.3,+21.2,+21.3,+25.3,+24.9,+25.1,+25.1,+25,+27,ESTP,0,0,+0,+0,+0.0171,+0,+0.0414,+0,+0,+0,04:53:01 29.03.2020
12500,+25.5,+16.8,+21.3,+21.2,+21.3,+25.3,+24.9,+25.1,+25.1,+25,+27,ESTP,0,0,+0,+0,+0.0171,+0,+0.0414,+0,+0,+0,04:54:01 29.03.2020
12501,+25.5,+16.8,+21.3,+21.2,+21.3,+25.3,+24.9,+25.1,+25.1,+25,+27,ESTP,0,0,+0,+0,+0.0171,+0,+0.0414,+0,+0,+0,04:55:01 29.03.2020
12502,+25.5,+16.8,+21.3,+21.2,+21.3,+25.3,+24.9,+25.1,+25.1,+25,+27,ESTP,0,0,+0,+0,+0.0171,+0,+0.0414,+0,+0,+0,04:56:01 29.03.2020
12503,+25.6,+16.8,+21.3,+21.2,+21.3,+25.3,+24.9,+25.1,+25.1,+25,+27,ESTP,0,0,+0,+0,+0.0171,+0,+0.0414,+0,+0,+0,04:57:01 29.03.2020
12504,+25.6,+16.8,+21.3,+21.2,+21.3,+25.4,+24.9,+25.1,+25.1,+25,+27,ESTP,0,0,+0,+0,+0.0171,+0,+0.0414,+0,+0,+0,04:58:01 29.03.2020
12505,+25.5,+16.8,+21.3,+21.2,+21.3,+25.4,+24.9,+25.1,+25.1,+25,+27,ESTP,0,0,+0,+0,+0.0171,+0,+0.0414,+0,+0,+0,04:59:01 29.03.2020
12506,+25.5,+16.8,+21.3,+21.2,+21.3,+25.4,+24.9,+25.1,+25.1,+25,+27,ESTP,0,0,+0,+0,+0.0171,+0,+0.0414,+0,+0,+0,05:00:01 29.03.2020
12507,+25.5,+16.8,+21.3,+21.2,+21.3,+25.4,+24.9,+25.1,+25.1,+25,+27,ESTP,0,0,+0,+0,+0.0171,+0,+0.0414,+0,+0,+0,05:01:01 29.03.2020
12508,+25.5,+16.8,+21.3,+21.2,+21.3,+25.4,+24.9,+25.1,+25.1,+25,+27,ESTP,0,0,+0,+0,+0.0171,+0,+0.0414,+0,+0,+0,05:02:01 29.03.2020
12509,+25.5,+16.8,+21.3,+21.2,+21.3,+25.4,+24.9,+25.1,+25.1,+25,+27,ESTP,0,0,+0,+0,+0.0171,+0,+0.0414,+0,+0,+0,05:03:01 29.03.2020
12510,+25.5,+16.7,+21.3,+21.2,+21.3,+25.4,+24.9,+25.1,+25.1,+25,+27,ESTP,0,0,+0,+0,+0.0171,+0,+0.0414,+0,+0,+0,05:04:01 29.03.2020
12511,+25.5,+16.7,+21.3,+21.2,+21.3,+25.4,+24.9,+25.1,+25.1,+25,+27,ESTP,0,0,+0,+0,+0.0171,+0,+0.0414,+0,+0,+0,05:05:01 29.03.2020
12512,+25.5,+16.7,+21.3,+21.2,+21.3,+25.3,+24.9,+25.1,+25.1,+25,+27,ESTP,0,0,+0,+0,+0.0171,+0,+0.0414,+0,+0,+0,05:06:01 29.03.2020
12513,+25.5,+16.7,+21.3,+21.2,+21.3,+25.3,+24.9,+25.1,+25.1,+25,+27,ESTP,0,0,+0,+0,+0.0171,+0,+0.0414,+0,+0,+0,05:07:01 29.03.2020
12514,+25.5,+16.7,+21.3,+21.2,+21.3,+25.3,+24.9,+25.1,+25.1,+25,+27,ESTP,0,0,+0,+0,+0.0171,+0,+0.0414,+0,+0,+0,05:08:01 29.03.2020
12515,+25.5,+16.7,+21.3,+21.2,+21.3,+25.3,+24.9,+25.1,+25.1,+25,+27,ESTP,0,0,+0,+0,+0.0171,+0,+0.0414,+0,+0,+0,05:09:01 29.03.2020
12516,+25.5,+16.7,+21.3,+21.2,+21.3,+25.3,+24.9,+25.1,+25.1,+25,+27,ESTP,0,0,+0,+0,+0.0171,+0,+0.0414,+0,+0,+0,05:10:01 29.03.2020
12517,+25.5,+16.7,+21.3,+21.2,+21.3,+25.3,+24.9,+25.1,+25.1,+25,+27,ESTP,0,0,+0,+0,+0.0171,+0,+0.0414,+0,+0,+0,05:11:01 29.03.2020
12518,+25.6,+16.7,+21.3,+21.2,+21.3,+25.3,+24.9,+25.1,+25.1,+25,+27,ESTP,0,0,+0,+0,+0.0171,+0,+0.0414,+0,+0,+0,05:12:01 29.03.2020
12519,+25.6,+16.7,+21.3,+21.2,+21.3,+25.4,+24.9,+25.1,+25.1,+25,+27,ESTP,0,0,+0,+0,+0.0171,+0,+0.0414,+0,+0,+0,05:13:01 29.03.2020
12520,+25.6,+16.7,+21.3,+21.2,+21.3,+25.4,+24.9,+25.1,+25.1,+25,+27,ESTP,0,0,+0,+0,+0.0171,+0,+0.0414,+0,+0,+0,05:14:01 29.03.2020
12521,+25.6,+16.7,+21.3,+21.2,+21.3,+25.4,+24.9,+25.1,+25.1,+25,+27,ESTP,0,0,+0,+0,+0.0171,+0,+0.0414,+0,+0,+0,05:15:01 29.03.2020
12522,+25.6,+16.7,+21.3,+21.2,+21.3,+25.4,+24.9,+25.1,+25.1,+25,+27,ESTP,0,0,+0,+0,+0.0171,+0,+0.0414,+0,+0,+0,05:16:01 29.03.2020
12523,+25.5,+16.7,+21.3,+21.2,+21.3,+25.4,+24.9,+25.1,+25.1,+25,+27,ESTP,0,0,+0,+0,+0.0171,+0,+0.0414,+0,+0,+0,05:17:01 29.03.2020
12524,+25.5,+16.7,+21.3,+21.2,+21.3,+25.4,+24.9,+25.1,+25.1,+25,+27,ESTP,0,0,+0,+0,+0.0171,+0,+0.0414,+0,+0,+0,05:18:01 29.03.2020
12525,+25.5,+16.7,+21.3,+21.2,+21.3,+25.4,+24.9,+25.1,+25.1,+25,+27,ESTP,0,0,+0,+0,+0.0171,+0,+0.0414,+0,+0,+0,05:19:01 29.03.2020
12526,+25.5,+16.7,+21.3,+21.2,+21.3,+25.4,+24.9,+25.1,+25.1,+25,+27,ESTP,0,0,+0,+0,+0.0171,+0,+0.0414,+0,+0,+0,05:20:01 29.03.2020
12527,+25.5,+16.7,+21.3,+21.2,+21.3,+25.4,+24.9,+25.1,+25.1,+25,+27,ESTP,0,0,+0,+0,+0.0171,+0,+0.0414,+0,+0,+0,05:21:01 29.03.2020
12528,+25.5,+16.7,+21.3,+21.2,+21.3,+25.4,+24.9,+25.1,+25.1,+25,+27,ESTP,0,0,+0,+0,+0.0171,+0,+0.0414,+0,+0,+0,05:22:01 29.03.2020
12529,+25.5,+16.7,+21.3,+21.2,+21.3,+25.3,+24.9,+25.1,+25.1,+25,+27,ESTP,0,0,+0,+0,+0.0171,+0,+0.0414,+0,+0,+0,05:23:01 29.03.2020
12530,+25.5,+16.7,+21.3,+21.2,+21.3,+25.3,+24.9,+25.1,+25.1,+25,+27,ESTP,0,0,+0,+0,+0.0171,+0,+0.0414,+0,+0,+0,05:24:01 29.03.2020
12531,+25.5,+16.7,+21.3,+21.2,+21.3,+25.4,+24.9,+25.1,+25.1,+25,+27,ESTP,0,0,+0,+0,+0.0171,+0,+0.0414,+0,+0,+0,05:25:01 29.03.2020
12532,+25.5,+16.7,+21.3,+21.2,+21.3,+25.4,+24.9,+25.1,+25.1,+25,+27,ESTP,0,0,+0,+0,+0.0171,+0,+0.0414,+0,+0,+0,05:26:01 29.03.2020
12533,+25.6,+16.7,+21.3,+21.2,+21.3,+25.4,+24.9,+25.1,+25.1,+25,+27,ESTP,0,0,+0,+0,+0.0171,+0,+0.0414,+0,+0,+0,05:27:01 29.03.2020
12534,+25.6,+16.7,+21.3,+21.2,+21.3,+25.4,+24.9,+25.1,+25.1,+25,+27,ESTP,0,0,+0,+0,+0.0171,+0,+0.0414,+0,+0,+0,05:28:01 29.03.2020
12535,+25.5,+16.7,+21.3,+21.2,+21.3,+25.4,+24.9,+25.1,+25.1,+25,+27,ESTP,0,0,+0,+0,+0.0171,+0,+0.0414,+0,+0,+0,05:29:01 29.03.2020
12536,+25.5,+16.7,+21.3,+21.2,+21.3,+25.4,+24.9,+25.1,+25.1,+25,+27,ESTP,0,0,+0,+0,+0.0171,+0,+0.0414,+0,+0,+0,05:30:01 29.03.2020
12537,+25.5,+16.7,+21.3,+21.2,+21.3,+25.4,+24.9,+25.1,+25.1,+25,+27,ESTP,0,0,+0,+0,+0.0171,+0,+0.0414,+0,+0,+0,05:31:01 29.03.2020
12538,+25.5,+16.7,+21.3,+21.2,+21.3,+25.4,+24.9,+25.1,+25.1,+25,+27,ESTP,0,0,+0,+0,+0.0171,+0,+0.0414,+0,+0,+0,05:32:01 29.03.2020
12539,+25.5,+16.7,+21.3,+21.2,+21.3,+25.4,+24.9,+25.1,+25.1,+25,+27,ESTP,0,0,+0,+0,+0.0171,+0,+0.0414,+0,+0,+0,05:33:01 29.03.2020
12540,+25.5,+16.7,+21.3,+21.2,+21.3,+25.4,+24.9,+25.1,+25.1,+25,+27,ESTP,0,0,+0,+0,+0.0171,+0,+0.0414,+0,+0,+0,05:34:01 29.03.2020
12541,+25.5,+16.7,+21.3,+21.2,+21.3,+25.3,+24.9,+25.1,+25.1,+25,+27,ESTP,0,0,+0,+0,+0.0171,+0,+0.0414,+0,+0,+0,05:35:01 29.03.2020
12542,+25.5,+16.7,+21.3,+21.2,+21.3,+25.3,+24.9,+25.1,+25.1,+25,+27,ESTP,0,0,+0,+0,+0.0171,+0,+0.0414,+0,+0,+0,05:36:01 29.03.2020
12543,+25.5,+16.7,+21.3,+21.2,+21.3,+25.3,+24.9,+25.1,+25.1,+25,+27,ESTP,0,0,+0,+0,+0.0171,+0,+0.0414,+0,+0,+0,05:37:01 29.03.2020
12544,+25.5,+16.7,+21.3,+21.2,+21.3,+25.3,+24.9,+25.1,+25.1,+25,+27,ESTP,0,0,+0,+0,+0.0171,+0,+0.0414,+0,+0,+0,05:38:01 29.03.2020
12545,+25.5,+16.7,+21.3,+21.2,+21.3,+25.3,+24.9,+25.1,+25.1,+25,+27,ESTP,0,0,+0,+0,+0.0171,+0,+0.0414,+0,+0,+0,05:39:01 29.03.2020
12546,+25.5,+16.7,+21.3,+21.2,+21.3,+25.3,+24.9,+25.1,+25.1,+25,+27,ESTP,0,0,+0,+0,+0.0171,+0,+0.0414,+0,+0,+0,05:40:01 29.03.2020
12547,+25.6,+16.7,+21.3,+21.2,+21.3,+25.4,+24.9,+25.1,+25.1,+25,+27,ESTP,0,0,+0,+0,+0.0171,+0,+0.0414,+0,+0,+0,05:41:01 29.03.2020
12548,+25.6,+16.7,+21.3,+21.2,+21.3,+25.4,+24.9,+25.1,+25.1,+25,+27,ESTP,0,0,+0,+0,+0.0171,+0,+0.0414,+0,+0,+0,05:42:01 29.03.2020
12549,+25.6,+16.7,+21.3,+21.2,+21.3,+25.4,+24.9,+25.1,+25.1,+25,+27,ESTP,0,0,+0,+0,+0.0171,+0,+0.0414,+0,+0,+0,05:43:01 29.03.2020
12550,+25.5,+16.7,+21.3,+21.2,+21.3,+25.4,+24.9,+25.1,+25.1,+25,+27,ESTP,0,0,+0,+0,+0.0171,+0,+0.0414,+0,+0,+0,05:44:01 29.03.2020
12551,+25.5,+16.7,+21.3,+21.2,+21.3,+25.4,+24.9,+25.1,+25.1,+25,+27,ESTP,0,0,+0,+0,+0.0171,+0,+0.0414,+0,+0,+0,05:45:01 29.03.2020
12552,+25.5,+16.7,+21.3,+21.2,+21.3,+25.4,+24.9,+25.1,+25.1,+25,+27,ESTP,0,0,+0,+0,+0.0171,+0,+0.0414,+0,+0,+0,05:46:01 29.03.2020
12553,+25.5,+16.7,+21.3,+21.2,+21.3,+25.4,+24.9,+25.1,+25.1,+25,+27,ESTP,0,0,+0,+0,+0.0171,+0,+0.0414,+0,+0,+0,05:47:01 29.03.2020
12554,+25.5,+16.7,+21.3,+21.2,+21.3,+25.4,+24.9,+25.1,+25.1,+25,+27,ESTP,0,0,+0,+0,+0.0171,+0,+0.0414,+0,+0,+0,05:48:01 29.03.2020
12555,+25.5,+16.7,+21.3,+21.2,+21.3,+25.4,+24.9,+25.1,+25.1,+25,+27,ESTP,0,0,+0,+0,+0.0171,+0,+0.0414,+0,+0,+0,05:49:01 29.03.2020
12556,+25.5,+16.6,+21.3,+21.2,+21.3,+25.3,+24.9,+25.1,+25.1,+25,+27,ESTP,0,0,+0,+0,+0.0171,+0,+0.0414,+0,+0,+0,05:50:01 29.03.2020
12557,+25.5,+16.6,+21.3,+21.2,+21.3,+25.3,+24.9,+25.1,+25.1,+25,+27,ESTP,0,0,+0,+0,+0.0171,+0,+0.0414,+0,+0,+0,05:51:01 29.03.2020
12558,+25.5,+16.6,+21.3,+21.2,+21.3,+25.3,+24.9,+25.1,+25.1,+25,+27,ESTP,0,0,+0,+0,+0.0171,+0,+0.0414,+0,+0,+0,05:52:01 29.03.2020
12559,+25.5,+16.6,+21.3,+21.2,+21.3,+25.3,+24.9,+25.1,+25.1,+25,+27,ESTP,0,0,+0,+0,+0.0171,+0,+0.0414,+0,+0,+0,05:53:01 29.03.2020
12560,+25.5,+16.6,+21.3,+21.2,+21.3,+25.3,+24.9,+25.1,+25.1,+25,+27,ESTP,0,0,+0,+0,+0.0171,+0,+0.0414,+0,+0,+0,05:54:01 29.03.2020
12561,+25.6,+16.6,+21.3,+21.2,+21.3,+25.3,+24.9,+25.1,+25.1,+25,+27,ESTP,0,0,+0,+0,+0.0171,+0,+0.0414,+0,+0,+0,05:55:01 29.03.2020
12562,+25.6,+16.6,+21.3,+21.2,+21.3,+25.4,+24.9,+25.1,+25.1,+25,+27,ESTP,0,0,+0,+0,+0.0171,+0,+0.0414,+0,+0,+0,05:56:01 29.03.2020
12563,+25.6,+16.6,+21.3,+21.2,+21.3,+25.4,+24.9,+25.1,+25.1,+25,+27,ESTP,0,0,+0,+0,+0.0171,+0,+0.0414,+0,+0,+0,05:57:01 29.03.2020
12564,+25.6,+16.6,+21.3,+21.2,+21.3,+25.4,+24.9,+25.1,+25.1,+25,+27,ESTP,0,0,+0,+0,+0.0171,+0,+0.0414,+0,+0,+0,05:58:01 29.03.2020
12565,+25.5,+16.6,+21.3,+21.2,+21.3,+25.4,+24.9,+25.1,+25.1,+25,+27,ESTP,0,0,+0,+0,+0.0171,+0,+0.0414,+0,+0,+0,05:59:01 29.03.2020
12566,+25.5,+16.6,+21.3,+21.2,+21.3,+25.4,+24.9,+25.1,+25.1,+25,+27,ESTP,0,0,+0,+0,+0.0171,+0,+0.0414,+0,+0,+0,06:00:01 29.03.2020
12567,+25.5,+16.6,+21.3,+21.2,+21.3,+25.4,+24.9,+25.1,+25.1,+25,+27,ESTP,0,0,+0,+0,+0.0171,+0,+0.0414,+0,+0,+0,06:01:01 29.03.2020
12568,+25.5,+16.6,+21.3,+21.2,+21.3,+25.4,+24.9,+25.1,+25.1,+25,+27,ESTP,0,0,+0,+0,+0.0171,+0,+0.0414,+0,+0,+0,06:02:01 29.03.2020
12569,+25.5,+16.6,+21.3,+21.2,+21.3,+25.4,+24.9,+25.1,+25.1,+25,+27,ESTP,0,0,+0,+0,+0.0171,+0,+0.0414,+0,+0,+0,06:03:01 29.03.2020
12570,+25.5,+16.6,+21.3,+21.2,+21.3,+25.4,+24.9,+25.1,+25.1,+25,+27,ESTP,0,0,+0,+0,+0.0171,+0,+0.0414,+0,+0,+0,06:04:01 29.03.2020
12571,+25.5,+16.6,+21.3,+21.2,+21.3,+25.3,+24.9,+25.1,+25.1,+25,+27,ESTP,0,0,+0,+0,+0.0171,+0,+0.0414,+0,+0,+0,06:05:01 29.03.2020
12572,+25.5,+16.6,+21.3,+21.2,+21.3,+25.3,+24.9,+25.1,+25.1,+25,+27,ESTP,0,0,+0,+0,+0.0171,+0,+0.0414,+0,+0,+0,06:06:01 29.03.2020
12573,+25.5,+16.6,+21.3,+21.2,+21.3,+25.3,+24.9,+25.1,+25.1,+25,+27,ESTP,0,0,+0,+0,+0.0171,+0,+0.0414,+0,+0,+0,06:07:01 29.03.2020
12574,+25.5,+16.6,+21.3,+21.2,+21.3,+25.3,+24.9,+25.1,+25.1,+25,+27,ESTP,0,0,+0,+0,+0.0171,+0,+0.0414,+0,+0,+0,06:08:01 29.03.2020
12575,+25.5,+16.6,+21.3,+21.2,+21.3,+25.3,+24.9,+25.1,+25.1,+25,+27,ESTP,0,0,+0,+0,+0.0171,+0,+0.0414,+0,+0,+0,06:09:01 29.03.2020
12576,+25.5,+16.6,+21.3,+21.2,+21.3,+25.3,+24.9,+25.1,+25.1,+25,+27,ESTP,0,0,+0,+0,+0.0171,+0,+0.0414,+0,+0,+0,06:10:01 29.03.2020
12577,+25.6,+16.6,+21.3,+21.2,+21.3,+25.4,+24.9,+25.1,+25.1,+25,+27,ESTP,0,0,+0,+0,+0.0171,+0,+0.0414,+0,+0,+0,06:11:01 29.03.2020
12578,+25.6,+16.6,+21.3,+21.2,+21.3,+25.3,+24.9,+25.1,+25.1,+25,+27,ESTP,0,0,+0,+0,+0.0171,+0,+0.0414,+0,+0,+0,06:12:01 29.03.2020
12579,+25.6,+16.6,+21.3,+21.2,+21.3,+25.4,+24.9,+25.1,+25.1,+25,+27,ESTP,0,0,+0,+0,+0.0171,+0,+0.0414,+0,+0,+0,06:13:01 29.03.2020
12580,+25.5,+16.6,+21.3,+21.2,+21.3,+25.4,+24.9,+25.1,+25.1,+25,+27,ESTP,0,0,+0,+0,+0.0171,+0,+0.0414,+0,+0,+0,06:14:01 29.03.2020
12581,+25.5,+16.6,+21.3,+21.2,+21.3,+25.4,+24.9,+25.1,+25.1,+25,+27,ESTP,0,0,+0,+0,+0.0171,+0,+0.0414,+0,+0,+0,06:15:01 29.03.2020
12582,+25.5,+16.6,+21.3,+21.2,+21.3,+25.4,+24.9,+25.1,+25.1,+25,+27,ESTP,0,0,+0,+0,+0.0171,+0,+0.0414,+0,+0,+0,06:16:01 29.03.2020
12583,+25.5,+16.6,+21.3,+21.2,+21.3,+25.4,+24.9,+25.1,+25.1,+25,+27,ESTP,0,0,+0,+0,+0.0171,+0,+0.0414,+0,+0,+0,06:17:01 29.03.2020
12584,+25.5,+16.6,+21.3,+21.2,+21.3,+25.4,+24.9,+25.1,+25.1,+25,+27,ESTP,0,0,+0,+0,+0.0171,+0,+0.0414,+0,+0,+0,06:18:01 29.03.2020
12585,+25.5,+16.6,+21.3,+21.2,+21.3,+25.4,+24.9,+25.1,+25.1,+25,+27,ESTP,0,0,+0,+0,+0.0171,+0,+0.0414,+0,+0,+0,06:19:01 29.03.2020
12586,+25.5,+16.5,+21.3,+21.2,+21.3,+25.4,+24.9,+25.1,+25.1,+25,+27,ESTP,0,0,+0,+0,+0.0171,+0,+0.0414,+0,+0,+0,06:20:01 29.03.2020
12587,+25.5,+16.5,+21.3,+21.2,+21.3,+25.3,+24.9,+25.1,+25.1,+25,+27,ESTP,0,0,+0,+0,+0.0171,+0,+0.0414,+0,+0,+0,06:21:01 29.03.2020
12588,+25.5,+16.5,+21.3,+21.2,+21.3,+25.3,+24.9,+25.1,+25.1,+25,+27,ESTP,0,0,+0,+0,+0.0171,+0,+0.0414,+0,+0,+0,06:22:01 29.03.2020
12589,+25.5,+16.5,+21.3,+21.2,+21.3,+25.3,+24.9,+25.1,+25.1,+25,+27,ESTP,0,0,+0,+0,+0.0171,+0,+0.0414,+0,+0,+0,06:23:01 29.03.2020
12590,+25.5,+16.5,+21.3,+21.2,+21.3,+25.4,+24.9,+25.1,+25.1,+25,+27,ESTP,0,0,+0,+0,+0.0171,+0,+0.0414,+0,+0,+0,06:24:01 29.03.2020
12591,+25.6,+16.5,+21.3,+21.2,+21.3,+25.4,+24.9,+25.1,+25.1,+25,+27,ESTP,0,0,+0,+0,+0.0171,+0,+0.0414,+0,+0,+0,06:25:01 29.03.2020
12592,+25.6,+16.5,+21.3,+21.2,+21.3,+25.4,+24.9,+25.1,+25.1,+25,+27,ESTP,0,0,+0,+0,+0.0171,+0,+0.0414,+0,+0,+0,06:26:01 29.03.2020
12593,+25.6,+16.5,+21.3,+21.2,+21.3,+25.4,+24.9,+25.1,+25.1,+25,+27,ESTP,0,0,+0,+0,+0.0171,+0,+0.0414,+0,+0,+0,06:27:01 29.03.2020
12594,+25.6,+16.5,+21.3,+21.2,+21.3,+25.4,+24.9,+25.1,+25.1,+25,+27,ESTP,0,0,+0,+0,+0.0171,+0,+0.0414,+0,+0,+0,06:28:01 29.03.2020
12595,+25.6,+16.5,+21.3,+21.2,+21.3,+25.4,+24.9,+25.1,+25.1,+25,+27,ESTP,0,0,+0,+0,+0.0171,+0,+0.0414,+0,+0,+0,06:29:01 29.03.2020
12596,+25.5,+16.5,+21.3,+21.2,+21.3,+25.4,+24.9,+25.1,+25.1,+25,+27,ESTP,0,0,+0,+0,+0.0171,+0,+0.0414,+0,+0,+0,06:30:01 29.03.2020
12597,+25.5,+16.5,+21.3,+21.2,+21.3,+25.4,+24.9,+25.1,+25.1,+25,+27,ESTP,0,0,+0,+0,+0.0171,+0,+0.0414,+0,+0,+0,06:31:01 29.03.2020
12598,+25.5,+16.5,+21.3,+21.2,+21.3,+25.4,+24.9,+25.1,+25.1,+25,+27,ESTP,0,0,+0,+0,+0.0171,+0,+0.0414,+0,+0,+0,06:32:01 29.03.2020
12599,+25.5,+16.5,+21.3,+21.2,+21.3,+25.4,+24.9,+25.1,+25.1,+25,+27,ESTP,0,0,+0,+0,+0.0171,+0,+0.0414,+0,+0,+0,06:33:01 29.03.2020
12600,+25.5,+16.5,+21.3,+21.2,+21.3,+25.4,+24.9,+25.1,+25.1,+25,+27,ESTP,0,0,+0,+0,+0.0171,+0,+0.0414,+0,+0,+0,06:34:01 29.03.2020
12601,+25.5,+16.5,+21.3,+21.2,+21.3,+25.4,+24.9,+25.1,+25.1,+25,+27,ESTP,0,0,+0,+0,+0.0171,+0,+0.0414,+0,+0,+0,06:35:01 29.03.2020
12602,+25.5,+16.5,+21.3,+21.2,+21.3,+25.4,+24.9,+25.1,+25.1,+25,+27,ESTP,0,0,+0,+0,+0.0171,+0,+0.0414,+0,+0,+0,06:36:01 29.03.2020
12603,+25.5,+16.5,+21.3,+21.2,+21.3,+25.4,+24.9,+25.1,+25.1,+25,+27,ESTP,0,0,+0,+0,+0.0171,+0,+0.0414,+0,+0,+0,06:37:01 29.03.2020
12604,+25.5,+16.5,+21.3,+21.2,+21.3,+25.4,+24.9,+25.1,+25.1,+25,+27,ESTP,0,0,+0,+0,+0.0171,+0,+0.0414,+0,+0,+0,06:38:01 29.03.2020
12605,+25.5,+16.5,+21.3,+21.2,+21.3,+25.4,+24.9,+25.1,+25.1,+25,+27,ESTP,0,0,+0,+0,+0.0171,+0,+0.0414,+0,+0,+0,06:39:01 29.03.2020
12606,+25.5,+16.5,+21.3,+21.2,+21.3,+25.4,+24.9,+25.1,+25.1,+25,+27,ESTP,0,0,+0,+0,+0.0171,+0,+0.0414,+0,+0,+0,06:40:01 29.03.2020
12607,+25.6,+16.5,+21.3,+21.2,+21.3,+25.4,+24.9,+25.1,+25.1,+25,+27,ESTP,0,0,+0,+0,+0.0171,+0,+0.0414,+0,+0,+0,06:41:01 29.03.2020
12608,+25.6,+16.5,+21.3,+21.2,+21.3,+25.4,+24.9,+25.1,+25.1,+25,+27,ESTP,0,0,+0,+0,+0.0171,+0,+0.0414,+0,+0,+0,06:42:01 29.03.2020
12609,+25.6,+16.5,+21.3,+21.2,+21.3,+25.4,+24.9,+25.1,+25.1,+25,+27,ESTP,0,0,+0,+0,+0.0171,+0,+0.0414,+0,+0,+0,06:43:01 29.03.2020
12610,+25.6,+16.5,+21.3,+21.2,+21.3,+25.4,+24.9,+25.1,+25.1,+25,+27,ESTP,0,0,+0,+0,+0.0171,+0,+0.0414,+0,+0,+0,06:44:01 29.03.2020
12611,+25.5,+16.5,+21.3,+21.2,+21.3,+25.4,+24.9,+25.1,+25.1,+25,+27,ESTP,0,0,+0,+0,+0.0171,+0,+0.0414,+0,+0,+0,06:45:01 29.03.2020
12612,+25.5,+16.5,+21.3,+21.2,+21.3,+25.4,+24.9,+25.1,+25.1,+25,+27,ESTP,0,0,+0,+0,+0.0171,+0,+0.0414,+0,+0,+0,06:46:01 29.03.2020
12613,+25.5,+16.5,+21.3,+21.2,+21.3,+25.4,+24.9,+25.1,+25.1,+25,+27,ESTP,0,0,+0,+0,+0.0171,+0,+0.0414,+0,+0,+0,06:47:01 29.03.2020
12614,+25.5,+16.5,+21.3,+21.2,+21.3,+25.4,+24.9,+25.1,+25.1,+25,+27,ESTP,0,0,+0,+0,+0.0171,+0,+0.0414,+0,+0,+0,06:48:01 29.03.2020
12615,+25.5,+16.5,+21.3,+21.2,+21.3,+25.4,+24.9,+25.1,+25.1,+25,+27,ESTP,0,0,+0,+0,+0.0171,+0,+0.0414,+0,+0,+0,06:49:01 29.03.2020
12616,+25.5,+16.5,+21.3,+21.2,+21.3,+25.4,+24.9,+25.1,+25.1,+25,+27,ESTP,0,0,+0,+0,+0.0171,+0,+0.0414,+0,+0,+0,06:50:01 29.03.2020
12617,+25.5,+16.5,+21.3,+21.2,+21.3,+25.4,+24.9,+25.1,+25.1,+25,+27,ESTP,0,0,+0,+0,+0.0171,+0,+0.0414,+0,+0,+0,06:51:01 29.03.2020
12618,+25.5,+16.5,+21.3,+21.2,+21.3,+25.4,+24.9,+25.1,+25.1,+25,+27,ESTP,0,0,+0,+0,+0.0171,+0,+0.0414,+0,+0,+0,06:52:01 29.03.2020
12619,+25.5,+16.5,+21.3,+21.2,+21.3,+25.4,+24.9,+25.1,+25.1,+25,+27,ESTP,0,0,+0,+0,+0.0171,+0,+0.0414,+0,+0,+0,06:53:01 29.03.2020
12620,+25.5,+16.5,+21.3,+21.2,+21.3,+25.4,+24.9,+25.1,+25.1,+25,+27,ESTP,0,0,+0,+0,+0.0171,+0,+0.0414,+0,+0,+0,06:54:01 29.03.2020
12621,+25.6,+16.4,+21.3,+21.2,+21.3,+25.4,+24.9,+25.1,+25.1,+25,+27,ESTP,0,0,+0,+0,+0.0171,+0,+0.0414,+0,+0,+0,06:55:01 29.03.2020
12622,+25.6,+16.4,+21.3,+21.2,+21.3,+25.4,+24.9,+25.1,+25.1,+25,+27,ESTP,0,0,+0,+0,+0.0171,+0,+0.0414,+0,+0,+0,06:56:01 29.03.2020
12623,+25.6,+16.4,+21.3,+21.2,+21.3,+25.4,+24.9,+25.1,+25.1,+25,+27,ESTP,0,0,+0,+0,+0.0171,+0,+0.0414,+0,+0,+0,06:57:01 29.03.2020
12624,+25.6,+16.4,+21.3,+21.2,+21.3,+25.4,+24.9,+25.1,+25.1,+25,+27,ESTP,0,0,+0,+0,+0.0171,+0,+0.0414,+0,+0,+0,06:58:01 29.03.2020
12625,+25.6,+16.4,+21.3,+21.2,+21.3,+25.4,+24.9,+25.1,+25.1,+25,+27,ESTP,0,0,+0,+0,+0.0171,+0,+0.0414,+0,+0,+0,06:59:01 29.03.2020
12626,+25.6,+16.4,+21.3,+21.2,+21.3,+25.4,+24.9,+25.1,+25.1,+25,+27,ESTP,0,0,+0,+0,+0.0171,+0,+0.0414,+0,+0,+0,07:00:01 29.03.2020
12627,+25.5,+16.4,+21.3,+21.2,+21.3,+25.4,+24.9,+25.1,+25.1,+25,+27,ESTP,0,0,+0,+0,+0.0171,+0,+0.0414,+0,+0,+0,07:01:01 29.03.2020
12628,+25.5,+16.4,+21.3,+21.2,+21.3,+25.4,+24.9,+25.1,+25.1,+25,+27,ESTP,0,0,+0,+0,+0.0171,+0,+0.0414,+0,+0,+0,07:02:01 29.03.2020
12629,+25.5,+16.4,+21.3,+21.2,+21.3,+25.4,+24.9,+25.1,+25.1,+25,+27,ESTP,0,0,+0,+0,+0.0171,+0,+0.0414,+0,+0,+0,07:03:01 29.03.2020
12630,+25.5,+16.4,+21.3,+21.2,+21.3,+25.4,+24.9,+25.1,+25.1,+25,+27,ESTP,0,0,+0,+0,+0.0171,+0,+0.0414,+0,+0,+0,07:04:01 29.03.2020
12631,+25.5,+16.4,+21.3,+21.2,+21.3,+25.4,+24.9,+25.1,+25.1,+25,+27,ESTP,0,0,+0,+0,+0.0171,+0,+0.0414,+0,+0,+0,07:05:01 29.03.2020
12632,+25.5,+16.4,+21.3,+21.2,+21.3,+25.4,+24.9,+25.1,+25.1,+25,+27,ESTP,0,0,+0,+0,+0.0171,+0,+0.0414,+0,+0,+0,07:06:01 29.03.2020
12633,+25.5,+16.4,+21.3,+21.2,+21.3,+25.4,+24.9,+25.1,+25.1,+25,+27,ESTP,0,0,+0,+0,+0.0171,+0,+0.0414,+0,+0,+0,07:07:01 29.03.2020
12634,+25.5,+16.4,+21.3,+21.2,+21.3,+25.4,+24.9,+25.1,+25.1,+25,+27,ESTP,0,0,+0,+0,+0.0171,+0,+0.0414,+0,+0,+0,07:08:01 29.03.2020
12635,+25.5,+16.4,+21.3,+21.2,+21.3,+25.4,+24.9,+25.1,+25.1,+25,+27,ESTP,0,0,+0,+0,+0.0171,+0,+0.0414,+0,+0,+0,07:09:01 29.03.2020
12636,+25.5,+16.4,+21.3,+21.2,+21.3,+25.4,+24.9,+25.1,+25.1,+25,+27,ESTP,0,0,+0,+0,+0.0171,+0,+0.0414,+0,+0,+0,07:10:01 29.03.2020
12637,+25.6,+16.4,+21.3,+21.2,+21.3,+25.4,+24.9,+25.1,+25.1,+25,+27,ESTP,0,0,+0,+0,+0.0171,+0,+0.0414,+0,+0,+0,07:11:01 29.03.2020
12638,+25.6,+16.4,+21.3,+21.2,+21.3,+25.4,+24.9,+25.1,+25.1,+25,+27,ESTP,0,0,+0,+0,+0.0171,+0,+0.0414,+0,+0,+0,07:12:01 29.03.2020
12639,+25.6,+16.4,+21.4,+21.2,+21.3,+25.4,+24.9,+25.1,+25.1,+25,+27,ESTP,0,0,+0,+0,+0.0171,+0,+0.0414,+0,+0,+0,07:13:01 29.03.2020
12640,+25.6,+16.4,+21.3,+21.2,+21.3,+25.4,+24.9,+25.1,+25.1,+25,+27,ESTP,0,0,+0,+0,+0.0171,+0,+0.0414,+0,+0,+0,07:14:01 29.03.2020
12641,+25.5,+16.4,+21.3,+21.2,+21.3,+25.4,+24.9,+25.1,+25.1,+25,+27,ESTP,0,0,+0,+0,+0.0171,+0,+0.0414,+0,+0,+0,07:15:01 29.03.2020
12642,+25.5,+16.4,+21.3,+21.2,+21.3,+25.4,+24.9,+25.1,+25.1,+25,+27,ESTP,0,0,+0,+0,+0.0171,+0,+0.0414,+0,+0,+0,07:16:01 29.03.2020
12643,+25.5,+16.4,+21.3,+21.2,+21.3,+25.4,+24.9,+25.1,+25.1,+25,+27,ESTP,0,0,+0,+0,+0.0171,+0,+0.0414,+0,+0,+0,07:17:01 29.03.2020
12644,+25.5,+16.4,+21.3,+21.2,+21.3,+25.4,+24.9,+25.1,+25.1,+25,+27,ESTP,0,0,+0,+0,+0.0171,+0,+0.0414,+0,+0,+0,07:18:01 29.03.2020
12645,+25.5,+16.4,+21.3,+21.2,+21.3,+25.4,+24.9,+25.1,+25.1,+25,+27,ESTP,0,0,+0,+0,+0.0171,+0,+0.0414,+0,+0,+0,07:19:01 29.03.2020
12646,+25.5,+16.3,+21.3,+21.2,+21.3,+25.4,+24.9,+25.1,+25.1,+25,+27,ESTP,0,0,+0,+0,+0.0171,+0,+0.0414,+0,+0,+0,07:20:01 29.03.2020
12647,+25.5,+16.3,+21.3,+21.2,+21.3,+25.4,+24.9,+25.1,+25.1,+25,+27,ESTP,0,0,+0,+0,+0.0171,+0,+0.0414,+0,+0,+0,07:21:01 29.03.2020
12648,+25.5,+16.3,+21.3,+21.2,+21.3,+25.4,+24.9,+25.1,+25,+25,+27,ESTP,0,0,+0,+0,+0.017,+0,+0.0414,+0,+0,+0,07:22:01 29.03.2020
12649,+25.5,+16.3,+21.3,+21.2,+21.3,+25.4,+24.9,+25.1,+25.1,+25,+27,ESTP,0,0,+0,+0,+0.0171,+0,+0.0414,+0,+0,+0,07:23:01 29.03.2020
12650,+25.5,+16.3,+21.3,+21.2,+21.3,+25.4,+24.9,+25.1,+25,+25,+27,ESTP,0,0,+0,+0,+0.017,+0,+0.0414,+0,+0,+0,07:24:01 29.03.2020
12651,+25.6,+16.3,+21.3,+21.2,+21.3,+25.4,+24.9,+25.1,+25,+25,+27,ESTP,0,0,+0,+0,+0.017,+0,+0.0414,+0,+0,+0,07:25:01 29.03.2020
12652,+25.6,+16.3,+21.3,+21.2,+21.3,+25.4,+24.9,+25.1,+25.1,+25,+27,ESTP,0,0,+0,+0,+0.0171,+0,+0.0414,+0,+0,+0,07:26:01 29.03.2020
12653,+25.6,+16.3,+21.3,+21.2,+21.3,+25.4,+24.9,+25.1,+25.1,+25,+27,ESTP,0,0,+0,+0,+0.0171,+0,+0.0414,+0,+0,+0,07:27:01 29.03.2020
12654,+25.6,+16.3,+21.3,+21.2,+21.3,+25.4,+24.9,+25.1,+25.1,+25,+27,ESTP,0,0,+0,+0,+0.0171,+0,+0.0414,+0,+0,+0,07:28:01 29.03.2020
12655,+25.6,+16.3,+21.3,+21.2,+21.3,+25.4,+24.9,+25.1,+25.1,+25,+27,ESTP,0,0,+0,+0,+0.0171,+0,+0.0414,+0,+0,+0,07:29:01 29.03.2020
12656,+25.6,+16.3,+21.4,+21.2,+21.3,+25.4,+24.9,+25.1,+25.1,+25,+27,ESTP,0,0,+0,+0,+0.0171,+0,+0.0414,+0,+0,+0,07:30:01 29.03.2020
12657,+25.5,+16.3,+21.3,+21.2,+21.3,+25.4,+24.9,+25.1,+25.1,+25,+27,ESTP,0,0,+0,+0,+0.0171,+0,+0.0414,+0,+0,+0,07:31:01 29.03.2020
12658,+25.5,+16.3,+21.4,+21.2,+21.3,+25.4,+24.9,+25.1,+25.1,+25,+27,ESTP,0,0,+0,+0,+0.0171,+0,+0.0414,+0,+0,+0,07:32:01 29.03.2020
12659,+25.5,+16.3,+21.3,+21.2,+21.3,+25.4,+24.9,+25.1,+25.1,+25,+27,ESTP,0,0,+0,+0,+0.0171,+0,+0.0414,+0,+0,+0,07:33:01 29.03.2020
12660,+25.5,+16.3,+21.4,+21.2,+21.3,+25.4,+24.9,+25.1,+25.1,+25,+27,ESTP,0,0,+0,+0,+0.0171,+0,+0.0414,+0,+0,+0,07:34:01 29.03.2020
12661,+25.5,+16.3,+21.3,+21.2,+21.3,+25.4,+24.9,+25.1,+25.1,+25,+27,ESTP,0,0,+0,+0,+0.0171,+0,+0.0414,+0,+0,+0,07:35:01 29.03.2020
12662,+25.5,+16.3,+21.3,+21.2,+21.3,+25.4,+24.9,+25.1,+25.1,+25,+27,ESTP,0,0,+0,+0,+0.0171,+0,+0.0414,+0,+0,+0,07:36:01 29.03.2020
12663,+25.5,+16.3,+21.4,+21.2,+21.3,+25.4,+24.9,+25.1,+25,+25,+27,ESTP,0,0,+0,+0,+0.017,+0,+0.0414,+0,+0,+0,07:37:01 29.03.2020
12664,+25.5,+16.3,+21.3,+21.2,+21.3,+25.4,+24.9,+25.1,+25.1,+25,+27,ESTP,0,0,+0,+0,+0.0171,+0,+0.0414,+0,+0,+0,07:38:01 29.03.2020
12665,+25.5,+16.3,+21.3,+21.2,+21.3,+25.4,+24.9,+25.1,+25.1,+25,+27,ESTP,0,0,+0,+0,+0.0171,+0,+0.0414,+0,+0,+0,07:39:01 29.03.2020
12666,+25.5,+16.3,+21.3,+21.2,+21.3,+25.4,+24.9,+25.1,+25,+25,+27,ESTP,0,0,+0,+0,+0.017,+0,+0.0414,+0,+0,+0,07:40:01 29.03.2020
12667,+25.6,+16.3,+21.3,+21.2,+21.3,+25.4,+24.9,+25.1,+25,+25,+27,ESTP,0,0,+0,+0,+0.017,+0,+0.0414,+0,+0,+0,07:41:01 29.03.2020
12668,+25.6,+16.3,+21.3,+21.2,+21.3,+25.4,+24.9,+25.1,+25,+25,+27,ESTP,0,0,+0,+0,+0.017,+0,+0.0414,+0,+0,+0,07:42:01 29.03.2020
12669,+25.6,+16.3,+21.4,+21.2,+21.3,+25.4,+24.9,+25.1,+25,+25,+27,ESTP,0,0,+0,+0,+0.017,+0,+0.0414,+0,+0,+0,07:43:01 29.03.2020
12670,+25.6,+16.3,+21.4,+21.2,+21.3,+25.4,+24.9,+25.1,+25,+25,+27,ESTP,0,0,+0,+0,+0.017,+0,+0.0414,+0,+0,+0,07:44:01 29.03.2020
12671,+25.6,+16.3,+21.3,+21.2,+21.3,+25.4,+24.9,+25.1,+25,+25,+27,ESTP,0,0,+0,+0,+0.017,+0,+0.0414,+0,+0,+0,07:45:01 29.03.2020
12672,+25.5,+16.2,+21.3,+21.2,+21.3,+25.4,+24.9,+25.1,+25.1,+25,+27,ESTP,0,0,+0,+0,+0.0171,+0,+0.0414,+0,+0,+0,07:46:01 29.03.2020
12673,+25.5,+16.2,+21.3,+21.2,+21.3,+25.4,+24.9,+25.1,+25.1,+25,+27,ESTP,0,0,+0,+0,+0.0171,+0,+0.0414,+0,+0,+0,07:47:01 29.03.2020
12674,+25.5,+16.2,+21.3,+21.2,+21.3,+25.4,+24.9,+25.1,+25,+25,+27,ESTP,0,0,+0,+0,+0.017,+0,+0.0414,+0,+0,+0,07:48:01 29.03.2020
12675,+25.5,+16.2,+21.4,+21.2,+21.3,+25.4,+24.9,+25.1,+25,+25,+27,ESTP,0,0,+0,+0,+0.017,+0,+0.0414,+0,+0,+0,07:49:01 29.03.2020
12676,+25.5,+16.2,+21.3,+21.2,+21.3,+25.4,+24.9,+25.1,+25.1,+25,+27,ESTP,0,0,+0,+0,+0.0171,+0,+0.0414,+0,+0,+0,07:50:01 29.03.2020
12677,+25.5,+16.2,+21.4,+21.2,+21.3,+25.4,+24.9,+25.1,+25,+25,+27,ESTP,0,0,+0,+0,+0.017,+0,+0.0414,+0,+0,+0,07:51:01 29.03.2020
12678,+25.5,+16.2,+21.4,+21.2,+21.3,+25.4,+24.9,+25.1,+25,+25,+27,ESTP,0,0,+0,+0,+0.017,+0,+0.0414,+0,+0,+0,07:52:01 29.03.2020
12679,+25.5,+16.2,+21.4,+21.2,+21.3,+25.4,+24.9,+25.1,+25.1,+25,+27,ESTP,0,0,+0,+0,+0.017,+0,+0.0414,+0,+0,+0,07:53:01 29.03.2020
12680,+25.5,+16.2,+21.4,+21.2,+21.3,+25.4,+24.9,+25.1,+25,+25,+27,ESTP,0,0,+0,+0,+0.017,+0,+0.0414,+0,+0,+0,07:54:01 29.03.2020
12681,+25.6,+16.2,+21.4,+21.2,+21.3,+25.4,+24.9,+25.1,+25,+25,+27,ESTP,0,0,+0,+0,+0.017,+0,+0.0414,+0,+0,+0,07:55:01 29.03.2020
12682,+25.6,+16.2,+21.3,+21.2,+21.3,+25.4,+24.9,+25.1,+25,+25,+27,ESTP,0,0,+0,+0,+0.017,+0,+0.0414,+0,+0,+0,07:56:01 29.03.2020
12683,+25.6,+16.2,+21.4,+21.2,+21.3,+25.4,+24.9,+25.1,+25,+25,+27,ESTP,0,0,+0,+0,+0.017,+0,+0.0414,+0,+0,+0,07:57:01 29.03.2020
12684,+25.6,+16.2,+21.3,+21.2,+21.3,+25.4,+24.9,+25.1,+25,+25,+27,ESTP,0,0,+0,+0,+0.017,+0,+0.0414,+0,+0,+0,07:58:01 29.03.2020
12685,+25.6,+16.2,+21.3,+21.2,+21.3,+25.4,+24.9,+25.1,+25,+25,+27,ESTP,0,0,+0,+0,+0.017,+0,+0.0414,+0,+0,+0,07:59:01 29.03.2020
12686,+25.6,+16.2,+21.4,+21.2,+21.3,+25.4,+24.9,+25.1,+25.1,+25,+27,ESTP,0,0,+0,+0,+0.0171,+0,+0.0414,+0,+0,+0,08:00:01 29.03.2020
12687,+25.5,+16.2,+21.4,+21.2,+21.3,+25.4,+24.9,+25.1,+25.1,+25,+27,ESTP,0,0,+0,+0,+0.0171,+0,+0.0414,+0,+0,+0,08:01:01 29.03.2020
12688,+25.5,+16.2,+21.3,+21.2,+21.3,+25.4,+24.9,+25.1,+25.1,+25,+27,ESTP,0,0,+0,+0,+0.0171,+0,+0.0414,+0,+0,+0,08:02:01 29.03.2020
12689,+25.5,+16.2,+21.3,+21.2,+21.3,+25.4,+24.9,+25.1,+25.1,+25,+27,ESTP,0,0,+0,+0,+0.0171,+0,+0.0414,+0,+0,+0,08:03:01 29.03.2020
12690,+25.5,+16.2,+21.3,+21.2,+21.3,+25.4,+24.9,+25.1,+25,+25,+27,ESTP,0,0,+0,+0,+0.017,+0,+0.0414,+0,+0,+0,08:04:01 29.03.2020
12691,+25.5,+16.2,+21.3,+21.2,+21.3,+25.4,+24.9,+25.1,+25.1,+25,+27,ESTP,0,0,+0,+0,+0.017,+0,+0.0414,+0,+0,+0,08:05:01 29.03.2020
12692,+25.5,+16.2,+21.4,+21.2,+21.3,+25.4,+24.9,+25.1,+25,+25,+27,ESTP,0,0,+0,+0,+0.017,+0,+0.0414,+0,+0,+0,08:06:01 29.03.2020
12693,+25.5,+16.2,+21.3,+21.2,+21.3,+25.4,+24.9,+25.1,+25,+25,+27,ESTP,0,0,+0,+0,+0.017,+0,+0.0414,+0,+0,+0,08:07:01 29.03.2020
12694,+25.5,+16.2,+21.3,+21.2,+21.3,+25.4,+24.9,+25.1,+25,+25,+27,ESTP,0,0,+0,+0,+0.017,+0,+0.0414,+0,+0,+0,08:08:01 29.03.2020
12695,+25.5,+16.2,+21.3,+21.2,+21.3,+25.4,+24.9,+25.1,+25,+25,+27,ESTP,0,0,+0,+0,+0.017,+0,+0.0414,+0,+0,+0,08:09:01 29.03.2020
12696,+25.5,+16.2,+21.4,+21.2,+21.3,+25.4,+24.9,+25.1,+25,+25,+27,ESTP,0,0,+0,+0,+0.017,+0,+0.0414,+0,+0,+0,08:10:01 29.03.2020
12697,+25.6,+16.2,+21.3,+21.2,+21.3,+25.4,+24.9,+25.1,+25,+25,+27,ESTP,0,0,+0,+0,+0.017,+0,+0.0414,+0,+0,+0,08:11:01 29.03.2020
12698,+25.6,+16.2,+21.4,+21.2,+21.3,+25.4,+24.9,+25.1,+25,+25,+27,ESTP,0,0,+0,+0,+0.017,+0,+0.0414,+0,+0,+0,08:12:01 29.03.2020
12699,+25.6,+16.2,+21.4,+21.2,+21.3,+25.4,+24.9,+25.1,+25,+25,+27,ESTP,0,0,+0,+0,+0.017,+0,+0.0414,+0,+0,+0,08:13:01 29.03.2020
12700,+25.6,+16.2,+21.3,+21.2,+21.3,+25.4,+24.9,+25.1,+25,+25,+27,ESTP,0,0,+0,+0,+0.017,+0,+0.0414,+0,+0,+0,08:14:01 29.03.2020
12701,+25.6,+16.2,+21.3,+21.2,+21.3,+25.4,+24.9,+25.1,+25,+25,+27,ESTP,0,0,+0,+0,+0.017,+0,+0.0414,+0,+0,+0,08:15:01 29.03.2020
12702,+25.6,+16.2,+21.3,+21.2,+21.3,+25.4,+24.9,+25.1,+25,+25,+27,ESTP,0,0,+0,+0,+0.017,+0,+0.0414,+0,+0,+0,08:16:01 29.03.2020
12703,+25.6,+16.2,+21.3,+21.2,+21.3,+25.4,+24.9,+25.1,+25,+25,+27,ESTP,0,0,+0,+0,+0.017,+0,+0.0414,+0,+0,+0,08:17:01 29.03.2020
12704,+25.5,+16.2,+21.3,+21.2,+21.3,+25.4,+24.9,+25.1,+25,+25,+27,ESTP,0,0,+0,+0,+0.017,+0,+0.0414,+0,+0,+0,08:18:01 29.03.2020
12705,+25.5,+16.2,+21.3,+21.2,+21.3,+25.4,+24.9,+25.1,+25,+25,+27,ESTP,0,0,+0,+0,+0.017,+0,+0.0414,+0,+0,+0,08:19:01 29.03.2020
12706,+25.5,+16.2,+21.3,+21.2,+21.3,+25.4,+24.9,+25.1,+25,+25,+27,ESTP,0,0,+0,+0,+0.017,+0,+0.0414,+0,+0,+0,08:20:01 29.03.2020
12707,+25.5,+16.2,+21.4,+21.2,+21.3,+25.4,+24.9,+25.1,+25,+25,+27,ESTP,0,0,+0,+0,+0.017,+0,+0.0414,+0,+0,+0,08:21:01 29.03.2020
12708,+25.5,+16.1,+21.4,+21.2,+21.3,+25.4,+24.9,+25.1,+25,+25,+27,ESTP,0,0,+0,+0,+0.017,+0,+0.0414,+0,+0,+0,08:22:01 29.03.2020
12709,+25.5,+16.1,+21.4,+21.2,+21.3,+25.4,+24.9,+25.1,+25,+25,+27,ESTP,0,0,+0,+0,+0.017,+0,+0.0414,+0,+0,+0,08:23:01 29.03.2020
12710,+25.5,+16.1,+21.4,+21.2,+21.3,+25.4,+24.9,+25.1,+25,+25,+27,ESTP,0,0,+0,+0,+0.017,+0,+0.0414,+0,+0,+0,08:24:01 29.03.2020
12711,+25.5,+16.1,+21.3,+21.2,+21.3,+25.4,+24.9,+25.1,+25,+25,+27,ESTP,0,0,+0,+0,+0.017,+0,+0.0414,+0,+0,+0,08:25:01 29.03.2020
12712,+25.6,+16.1,+21.3,+21.2,+21.3,+25.4,+24.9,+25.1,+25,+25,+27,ESTP,0,0,+0,+0,+0.017,+0,+0.0414,+0,+0,+0,08:26:01 29.03.2020
12713,+25.6,+16.1,+21.3,+21.2,+21.3,+25.4,+24.9,+25.1,+25,+25,+27,ESTP,0,0,+0,+0,+0.017,+0,+0.0414,+0,+0,+0,08:27:01 29.03.2020
12714,+25.6,+16.1,+21.3,+21.2,+21.3,+25.4,+24.9,+25.1,+25,+25,+27,ESTP,0,0,+0,+0,+0.017,+0,+0.0414,+0,+0,+0,08:28:01 29.03.2020
12715,+25.6,+16.1,+21.3,+21.2,+21.3,+25.4,+24.9,+25.1,+25,+25,+27,ESTP,0,0,+0,+0,+0.017,+0,+0.0414,+0,+0,+0,08:29:01 29.03.2020
12716,+25.6,+16.1,+21.3,+21.2,+21.3,+25.4,+24.9,+25.1,+25,+25,+27,ESTP,0,0,+0,+0,+0.017,+0,+0.0414,+0,+0,+0,08:30:01 29.03.2020
12717,+25.6,+16.2,+21.3,+21.2,+21.3,+25.4,+24.9,+25.1,+25.1,+25,+27,ESTP,0,0,+0,+0,+0.0171,+0,+0.0414,+0,+0,+0,08:31:01 29.03.2020
12718,+25.6,+16.2,+21.3,+21.2,+21.3,+25.4,+24.9,+25.1,+25,+25,+27,ESTP,0,0,+0,+0,+0.017,+0,+0.0414,+0,+0,+0,08:32:01 29.03.2020
12719,+25.5,+16.1,+21.3,+21.2,+21.3,+25.4,+24.9,+25.1,+25,+25,+27,ESTP,0,0,+0,+0,+0.017,+0,+0.0414,+0,+0,+0,08:33:01 29.03.2020
12720,+25.5,+16.1,+21.3,+21.2,+21.3,+25.4,+24.9,+25.1,+25,+25,+27,ESTP,0,0,+0,+0,+0.017,+0,+0.0414,+0,+0,+0,08:34:01 29.03.2020
12721,+25.5,+16.1,+21.3,+21.2,+21.3,+25.4,+24.9,+25.1,+25,+25,+27,ESTP,0,0,+0,+0,+0.017,+0,+0.0414,+0,+0,+0,08:35:01 29.03.2020
12722,+25.5,+16.1,+21.3,+21.2,+21.3,+25.4,+24.9,+25.1,+25,+25,+27,ESTP,0,0,+0,+0,+0.017,+0,+0.0414,+0,+0,+0,08:36:01 29.03.2020
12723,+25.5,+16.1,+21.3,+21.2,+21.3,+25.4,+24.9,+25.1,+25,+25,+27,ESTP,0,0,+0,+0,+0.017,+0,+0.0414,+0,+0,+0,08:37:01 29.03.2020
12724,+25.5,+16.1,+21.3,+21.2,+21.3,+25.4,+24.9,+25.1,+25,+25,+27,ESTP,0,0,+0,+0,+0.017,+0,+0.0414,+0,+0,+0,08:38:01 29.03.2020
12725,+25.5,+16.1,+21.3,+21.2,+21.3,+25.4,+24.9,+25.1,+25,+25,+27,ESTP,0,0,+0,+0,+0.017,+0,+0.0414,+0,+0,+0,08:39:01 29.03.2020
12726,+25.5,+16.1,+21.4,+21.2,+21.3,+25.4,+24.9,+25.1,+25,+25,+27,ESTP,0,0,+0,+0,+0.017,+0,+0.0414,+0,+0,+0,08:40:01 29.03.2020
12727,+25.6,+16.1,+21.3,+21.2,+21.3,+25.4,+24.9,+25.1,+25,+25,+27,ESTP,0,0,+0,+0,+0.017,+0,+0.0414,+0,+0,+0,08:41:01 29.03.2020
12728,+25.6,+16.1,+21.3,+21.2,+21.3,+25.4,+24.9,+25.1,+25,+25,+27,ESTP,0,0,+0,+0,+0.017,+0,+0.0414,+0,+0,+0,08:42:01 29.03.2020
12729,+25.6,+16.1,+21.4,+21.2,+21.3,+25.4,+24.9,+25.1,+25,+25,+27,ESTP,0,0,+0,+0,+0.017,+0,+0.0414,+0,+0,+0,08:43:01 29.03.2020
12730,+25.6,+16.1,+21.4,+21.2,+21.3,+25.4,+24.9,+25.1,+25,+25,+27,ESTP,0,0,+0,+0,+0.017,+0,+0.0414,+0,+0,+0,08:44:01 29.03.2020
12731,+25.6,+16.1,+21.3,+21.2,+21.3,+25.4,+24.9,+25.1,+25,+25,+27,ESTP,0,0,+0,+0,+0.017,+0,+0.0414,+0,+0,+0,08:45:01 29.03.2020
12732,+25.6,+16.1,+21.4,+21.2,+21.3,+25.4,+24.9,+25.1,+25,+25,+27,ESTP,0,0,+0,+0,+0.017,+0,+0.0414,+0,+0,+0,08:46:01 29.03.2020
12733,+25.6,+16.1,+21.4,+21.2,+21.3,+25.4,+24.9,+25.1,+25,+25,+27,ESTP,0,0,+0,+0,+0.017,+0,+0.0414,+0,+0,+0,08:47:01 29.03.2020
12734,+25.6,+16.1,+21.3,+21.2,+21.3,+25.4,+24.9,+25.1,+25,+25,+27,ESTP,0,0,+0,+0,+0.017,+0,+0.0414,+0,+0,+0,08:48:01 29.03.2020
12735,+25.5,+16.1,+21.4,+21.2,+21.3,+25.4,+24.9,+25.1,+25,+25,+27,ESTP,0,0,+0,+0,+0.017,+0,+0.0414,+0,+0,+0,08:49:01 29.03.2020
12736,+25.5,+16.1,+21.3,+21.2,+21.3,+25.4,+24.9,+25.1,+25,+25,+27,ESTP,0,0,+0,+0,+0.017,+0,+0.0414,+0,+0,+0,08:50:01 29.03.2020
12737,+25.5,+16.1,+21.3,+21.2,+21.3,+25.4,+24.9,+25.1,+25,+25,+27,ESTP,0,0,+0,+0,+0.017,+0,+0.0414,+0,+0,+0,08:51:01 29.03.2020
12738,+25.5,+16.1,+21.3,+21.2,+21.3,+25.4,+24.9,+25.1,+25,+25,+27,ESTP,0,0,+0,+0,+0.017,+0,+0.0414,+0,+0,+0,08:52:01 29.03.2020
12739,+25.5,+16.1,+21.3,+21.2,+21.3,+25.4,+24.9,+25.1,+25,+25,+27,ESTP,0,0,+0,+0,+0.017,+0,+0.0414,+0,+0,+0,08:53:01 29.03.2020
12740,+25.5,+16.1,+21.4,+21.2,+21.3,+25.4,+24.9,+25.1,+25,+25,+27,ESTP,0,0,+0,+0,+0.017,+0,+0.0414,+0,+0,+0,08:54:01 29.03.2020
12741,+25.5,+16.1,+21.4,+21.2,+21.3,+25.4,+24.9,+25.1,+25,+25,+27,ESTP,0,0,+0,+0,+0.017,+0,+0.0414,+0,+0,+0,08:55:01 29.03.2020
12742,+25.5,+16.1,+21.4,+21.2,+21.3,+25.4,+24.9,+25.1,+25,+25,+27,ESTP,0,0,+0,+0,+0.017,+0,+0.0414,+0,+0,+0,08:56:01 29.03.2020
12743,+25.6,+16.1,+21.4,+21.2,+21.3,+25.4,+24.9,+25.1,+25,+25,+27,ESTP,0,0,+0,+0,+0.017,+0,+0.0414,+0,+0,+0,08:57:01 29.03.2020
12744,+25.6,+16.1,+21.4,+21.2,+21.3,+25.4,+24.9,+25.1,+25,+25,+27,ESTP,0,0,+0,+0,+0.017,+0,+0.0414,+0,+0,+0,08:58:01 29.03.2020
12745,+25.6,+16,+21.3,+21.2,+21.3,+25.4,+24.9,+25.1,+25,+25,+27,ESTP,0,0,+0,+0,+0.017,+0,+0.0414,+0,+0,+0,08:59:01 29.03.2020
12746,+25.6,+16,+21.4,+21.2,+21.3,+25.4,+24.9,+25.1,+25,+25,+27,ESTP,0,0,+0,+0,+0.017,+0,+0.0414,+0,+0,+0,09:00:01 29.03.2020
12747,+25.6,+16,+21.3,+21.2,+21.3,+25.4,+24.9,+25.1,+25,+25,+27,ESTP,0,0,+0,+0,+0.017,+0,+0.0414,+0,+0,+0,09:01:01 29.03.2020
12748,+25.6,+16,+21.3,+21.2,+21.3,+25.4,+24.9,+25.1,+25,+25,+27,ESTP,0,0,+0,+0,+0.017,+0,+0.0414,+0,+0,+0,09:02:01 29.03.2020
12749,+25.6,+16,+21.3,+21.2,+21.3,+25.4,+24.9,+25.1,+25,+25,+27,ESTP,0,0,+0,+0,+0.017,+0,+0.0414,+0,+0,+0,09:03:01 29.03.2020
12750,+25.6,+16,+21.3,+21.2,+21.3,+25.4,+24.9,+25.1,+25,+25,+27,ESTP,0,0,+0,+0,+0.017,+0,+0.0414,+0,+0,+0,09:04:01 29.03.2020
12751,+25.5,+16,+21.3,+21.2,+21.3,+25.4,+24.9,+25.1,+25,+25,+27,ESTP,0,0,+0,+0,+0.017,+0,+0.0414,+0,+0,+0,09:05:01 29.03.2020
12752,+25.5,+16,+21.3,+21.2,+21.3,+25.4,+24.9,+25.1,+25,+25,+27,ESTP,0,0,+0,+0,+0.017,+0,+0.0414,+0,+0,+0,09:06:01 29.03.2020
12753,+25.5,+16,+21.4,+21.2,+21.3,+25.4,+24.9,+25.1,+25,+25,+27,ESTP,0,0,+0,+0,+0.017,+0,+0.0414,+0,+0,+0,09:07:01 29.03.2020
12754,+25.5,+16,+21.4,+21.2,+21.3,+25.4,+24.9,+25.1,+25,+25,+27,ESTP,0,0,+0,+0,+0.017,+0,+0.0414,+0,+0,+0,09:08:01 29.03.2020
12755,+25.5,+16,+21.3,+21.2,+21.3,+25.4,+24.9,+25.1,+25,+25,+27,ESTP,0,0,+0,+0,+0.017,+0,+0.0414,+0,+0,+0,09:09:01 29.03.2020
12756,+25.5,+16,+21.4,+21.2,+21.3,+25.4,+24.9,+25.1,+25,+25,+27,ESTP,0,0,+0,+0,+0.017,+0,+0.0414,+0,+0,+0,09:10:01 29.03.2020
12757,+25.5,+16,+21.4,+21.2,+21.3,+25.4,+24.9,+25.1,+25,+25,+27,ESTP,0,0,+0,+0,+0.017,+0,+0.0414,+0,+0,+0,09:11:01 29.03.2020
12758,+25.6,+16,+21.4,+21.2,+21.3,+25.4,+24.9,+25.1,+25,+25,+27,ESTP,0,0,+0,+0,+0.017,+0,+0.0414,+0,+0,+0,09:12:01 29.03.2020
12759,+25.6,+16,+21.4,+21.2,+21.3,+25.4,+24.9,+25.1,+25,+25,+27,ESTP,0,0,+0,+0,+0.017,+0,+0.0414,+0,+0,+0,09:13:01 29.03.2020
12760,+25.6,+16,+21.4,+21.2,+21.3,+25.4,+24.9,+25.1,+25,+25,+27,ESTP,0,0,+0,+0,+0.017,+0,+0.0414,+0,+0,+0,09:14:01 29.03.2020
12761,+25.6,+16,+21.3,+21.2,+21.3,+25.4,+24.9,+25.1,+25,+25,+27,ESTP,0,0,+0,+0,+0.017,+0,+0.0414,+0,+0,+0,09:15:01 29.03.2020
12762,+25.6,+16,+21.4,+21.2,+21.3,+25.4,+24.9,+25.1,+25,+25,+27,ESTP,0,0,+0,+0,+0.017,+0,+0.0414,+0,+0,+0,09:16:01 29.03.2020
12763,+25.6,+16,+21.3,+21.2,+21.3,+25.4,+24.9,+25.1,+25,+25,+27,ESTP,0,0,+0,+0,+0.017,+0,+0.0414,+0,+0,+0,09:17:01 29.03.2020
12764,+25.6,+16,+21.4,+21.2,+21.3,+25.4,+24.9,+25.1,+25,+25,+27,ESTP,0,0,+0,+0,+0.017,+0,+0.0414,+0,+0,+0,09:18:01 29.03.2020
12765,+25.6,+16,+21.4,+21.2,+21.3,+25.4,+24.9,+25.1,+25,+25,+27,ESTP,0,0,+0,+0,+0.017,+0,+0.0414,+0,+0,+0,09:19:01 29.03.2020
12766,+25.6,+16,+21.3,+21.2,+21.3,+25.4,+24.9,+25.1,+25,+25,+27,ESTP,0,0,+0,+0,+0.017,+0,+0.0414,+0,+0,+0,09:20:01 29.03.2020
12767,+25.6,+16,+21.4,+21.2,+21.3,+25.4,+24.9,+25.1,+25,+25,+27,ESTP,0,0,+0,+0,+0.017,+0,+0.0414,+0,+0,+0,09:21:01 29.03.2020
12768,+25.5,+16,+21.4,+21.2,+21.3,+25.4,+24.9,+25.1,+25,+25,+27,ESTP,0,0,+0,+0,+0.017,+0,+0.0414,+0,+0,+0,09:22:01 29.03.2020
12769,+25.5,+16,+21.3,+21.2,+21.3,+25.4,+24.9,+25.1,+25,+25,+27,ESTP,0,0,+0,+0,+0.017,+0,+0.0414,+0,+0,+0,09:23:01 29.03.2020
12770,+25.5,+16,+21.4,+21.2,+21.3,+25.4,+24.9,+25.1,+25,+25,+27,ESTP,0,0,+0,+0,+0.017,+0,+0.0414,+0,+0,+0,09:24:01 29.03.2020
12771,+25.5,+16,+21.4,+21.2,+21.3,+25.4,+24.9,+25.1,+25,+25,+27,ESTP,0,0,+0,+0,+0.017,+0,+0.0414,+0,+0,+0,09:25:01 29.03.2020
12772,+25.5,+16,+21.4,+21.2,+21.3,+25.4,+24.9,+25.1,+25,+25,+27,ESTP,0,0,+0,+0,+0.017,+0,+0.0414,+0,+0,+0,09:26:01 29.03.2020
12773,+25.5,+16,+21.4,+21.2,+21.3,+25.4,+24.9,+25.1,+25,+25,+27,ESTP,0,0,+0,+0,+0.017,+0,+0.0414,+0,+0,+0,09:27:01 29.03.2020
12774,+25.6,+16,+21.3,+21.2,+21.3,+25.4,+24.9,+25.1,+25,+25,+27,ESTP,0,0,+0,+0,+0.017,+0,+0.0414,+0,+0,+0,09:28:01 29.03.2020
12775,+25.6,+16,+21.4,+21.2,+21.3,+25.4,+24.9,+25.1,+25,+25,+27,ESTP,0,0,+0,+0,+0.017,+0,+0.0414,+0,+0,+0,09:29:01 29.03.2020
12776,+25.6,+16,+21.4,+21.2,+21.3,+25.4,+24.9,+25.1,+25,+25,+27,ESTP,0,0,+0,+0,+0.017,+0,+0.0414,+0,+0,+0,09:30:01 29.03.2020
12777,+25.6,+16,+21.4,+21.2,+21.3,+25.4,+24.9,+25.1,+25,+25,+27,ESTP,0,0,+0,+0,+0.017,+0,+0.0414,+0,+0,+0,09:31:01 29.03.2020
12778,+25.6,+16,+21.3,+21.2,+21.3,+25.4,+24.9,+25.1,+25,+25,+27,ESTP,0,0,+0,+0,+0.017,+0,+0.0414,+0,+0,+0,09:32:01 29.03.2020
12779,+25.6,+16,+21.3,+21.2,+21.3,+25.4,+24.9,+25.1,+25,+25,+27,ESTP,0,0,+0,+0,+0.017,+0,+0.0415,+0,+0,+0,09:33:01 29.03.2020
12780,+25.6,+16,+21.4,+21.2,+21.3,+25.4,+24.9,+25.1,+25,+25,+27,ESTP,0,0,+0,+0,+0.017,+0,+0.0416,+0,+0,+0,09:34:01 29.03.2020
12781,+25.6,+16,+21.3,+21.2,+21.3,+25.4,+24.9,+25.1,+25,+25,+27,ESTP,0,0,+0,+0,+0.017,+0,+0.0415,+0,+0,+0,09:35:01 29.03.2020
12782,+25.6,+16,+21.4,+21.2,+21.3,+25.4,+24.9,+25.1,+25,+25,+27,ESTP,0,0,+0,+0,+0.017,+0,+0.0416,+0,+0,+0,09:36:01 29.03.2020
12783,+25.6,+16,+21.4,+21.2,+21.3,+25.4,+24.9,+25.1,+25,+25,+27,ESTP,0,0,+0,+0,+0.017,+0,+0.0414,+0,+0,+0,09:37:01 29.03.2020
12784,+25.6,+16,+21.3,+21.2,+21.3,+25.4,+24.9,+25.1,+25,+25,+27,ESTP,0,0,+0,+0,+0.017,+0,+0.0414,+0,+0,+0,09:38:01 29.03.2020
12785,+25.6,+16,+21.3,+21.2,+21.3,+25.4,+24.9,+25.1,+25,+25,+27,ESTP,0,0,+0,+0,+0.017,+0,+0.0414,+0,+0,+0,09:39:01 29.03.2020
12786,+25.6,+16,+21.4,+21.2,+21.3,+25.4,+24.9,+25.1,+25,+25,+27,ESTP,0,0,+0,+0,+0.017,+0,+0.0414,+0,+0,+0,09:40:01 29.03.2020
12787,+25.6,+16,+21.4,+21.2,+21.3,+25.4,+24.9,+25.1,+25,+25,+27,ESTP,0,0,+0,+0,+0.017,+0,+0.0414,+0,+0,+0,09:41:01 29.03.2020
12788,+25.6,+16,+21.3,+21.2,+21.3,+25.4,+24.9,+25.1,+25,+25,+27,ESTP,0,0,+0,+0,+0.017,+0,+0.0414,+0,+0,+0,09:42:01 29.03.2020
12789,+25.6,+16,+21.4,+21.2,+21.3,+25.4,+24.9,+25.1,+25,+25,+27,ESTP,0,0,+0,+0,+0.017,+0,+0.0414,+0,+0,+0,09:43:01 29.03.2020
12790,+25.6,+16,+21.3,+21.2,+21.3,+25.4,+24.9,+25.1,+25,+25,+27,ESTP,0,0,+0,+0,+0.017,+0,+0.0414,+0,+0,+0,09:44:01 29.03.2020
12791,+25.6,+16,+21.3,+21.2,+21.3,+25.4,+24.9,+25.1,+25,+25,+27,ESTP,0,0,+0,+0,+0.017,+0,+0.0414,+0,+0,+0,09:45:01 29.03.2020
12792,+25.6,+16,+21.4,+21.2,+21.3,+25.4,+24.9,+25.1,+25,+25,+27,ESTP,0,0,+0,+0,+0.017,+0,+0.0414,+0,+0,+0,09:46:01 29.03.2020
12793,+25.6,+16,+21.3,+21.2,+21.3,+25.4,+24.9,+25.1,+25,+25,+27,ESTP,0,0,+0,+0,+0.017,+0,+0.0414,+0,+0,+0,09:47:01 29.03.2020
12794,+25.6,+16,+21.3,+21.2,+21.3,+25.4,+24.9,+25.1,+25,+25,+27,ESTP,0,0,+0,+0,+0.017,+0,+0.0416,+0,+0,+0,09:48:01 29.03.2020
12795,+25.6,+16,+21.4,+21.2,+21.3,+25.4,+24.9,+25.1,+25,+25,+27,ESTP,0,0,+0,+0,+0.017,+0,+0.0414,+0,+0,+0,09:49:01 29.03.2020
12796,+25.6,+16,+21.3,+21.2,+21.3,+25.4,+24.9,+25.1,+25,+25,+27,ESTP,0,0,+0,+0,+0.017,+0,+0.0415,+0,+0,+0,09:50:01 29.03.2020
12797,+25.6,+16,+21.3,+21.2,+21.3,+25.4,+24.9,+25.1,+25,+25,+27,ESTP,0,0,+0,+0,+0.017,+0,+0.0414,+0,+0,+0,09:51:01 29.03.2020
12798,+25.6,+16,+21.3,+21.2,+21.3,+25.4,+24.9,+25.1,+25,+25,+27,ESTP,0,0,+0,+0,+0.017,+0,+0.0414,+0,+0,+0,09:52:01 29.03.2020
12799,+25.6,+16,+21.4,+21.2,+21.3,+25.4,+24.9,+25.1,+25,+25,+27,ESTP,0,0,+0,+0,+0.017,+0,+0.0414,+0,+0,+0,09:53:01 29.03.2020
12800,+25.6,+16,+21.4,+21.2,+21.3,+25.4,+24.9,+25.1,+25,+25,+27,ESTP,0,0,+0,+0,+0.017,+0,+0.0414,+0,+0,+0,09:54:01 29.03.2020
12801,+25.6,+16,+21.3,+21.2,+21.3,+25.4,+24.9,+25.1,+25,+25,+27,ESTP,0,0,+0,+0,+0.017,+0,+0.0414,+0,+0,+0,09:55:01 29.03.2020
12802,+25.6,+16,+21.3,+21.2,+21.3,+25.4,+24.9,+25.1,+25,+25,+27,ESTP,0,0,+0,+0,+0.017,+0,+0.0414,+0,+0,+0,09:56:01 29.03.2020
12803,+25.6,+16,+21.3,+21.2,+21.3,+25.4,+24.9,+25.1,+25,+25,+27,ESTP,0,0,+0,+0,+0.017,+0,+0.0414,+0,+0,+0,09:57:01 29.03.2020
12804,+25.6,+16,+21.4,+21.2,+21.3,+25.4,+24.9,+25.1,+25,+25,+27,ESTP,0,0,+0,+0,+0.017,+0,+0.0414,+0,+0,+0,09:58:01 29.03.2020
12805,+25.6,+16,+21.4,+21.2,+21.3,+25.4,+24.9,+25.1,+25,+25,+27,ESTP,0,0,+0,+0,+0.017,+0,+0.0414,+0,+0,+0,09:59:01 29.03.2020
12806,+25.6,+16,+21.4,+21.2,+21.3,+25.4,+24.9,+25.1,+25,+25,+27,ESTP,0,0,+0,+0,+0.017,+0,+0.0414,+0,+0,+0,10:00:01 29.03.2020
12807,+25.6,+16,+21.4,+21.2,+21.3,+25.4,+24.9,+25.1,+25,+25,+27,ESTP,0,0,+0,+0,+0.017,+0,+0.0414,+0,+0,+0,10:01:01 29.03.2020
12808,+25.7,+16,+21.3,+21.2,+21.3,+25.4,+24.9,+25.1,+25,+25,+27,ESTP,0,0,+0,+0,+0.017,+0,+0.0416,+0,+0,+0,10:02:01 29.03.2020
12809,+25.7,+16,+21.4,+21.2,+21.3,+25.4,+24.9,+25.1,+25,+25,+27,ESTP,0,0,+0,+0,+0.017,+0,+0.0416,+0,+0,+0,10:03:01 29.03.2020
12810,+25.6,+16,+21.3,+21.2,+21.3,+25.4,+24.9,+25.1,+25,+25,+27,ESTP,0,0,+0,+0,+0.017,+0,+0.0416,+0,+0,+0,10:04:01 29.03.2020
12811,+25.6,+16,+21.3,+21.2,+21.3,+25.4,+24.9,+25.1,+25,+25,+27,ESTP,0,0,+0,+0,+0.017,+0,+0.0416,+0,+0,+0,10:05:01 29.03.2020
12812,+25.6,+16,+21.4,+21.2,+21.3,+25.4,+24.9,+25.1,+25,+25,+27,ESTP,0,0,+0,+0,+0.017,+0,+0.0416,+0,+0,+0,10:06:01 29.03.2020
12813,+25.6,+16,+21.4,+21.2,+21.3,+25.4,+24.9,+25.1,+25,+25,+27,ESTP,0,0,+0,+0,+0.017,+0,+0.0416,+0,+0,+0,10:07:01 29.03.2020
12814,+25.6,+16,+21.4,+21.2,+21.3,+25.4,+24.9,+25.1,+25,+25,+27,ESTP,0,0,+0,+0,+0.017,+0,+0.0416,+0,+0,+0,10:08:01 29.03.2020
12815,+25.6,+16,+21.4,+21.2,+21.3,+25.4,+24.9,+25.1,+25,+25,+27,ESTP,0,0,+0,+0,+0.017,+0,+0.0416,+0,+0,+0,10:09:01 29.03.2020
12816,+25.6,+16,+21.3,+21.2,+21.3,+25.4,+24.9,+25.1,+25,+25,+27,ESTP,0,0,+0,+0,+0.017,+0,+0.0415,+0,+0,+0,10:10:01 29.03.2020
12817,+25.6,+16,+21.3,+21.2,+21.3,+25.4,+24.9,+25.1,+25,+25,+27,ESTP,0,0,+0,+0,+0.017,+0,+0.0414,+0,+0,+0,10:11:01 29.03.2020
12818,+25.6,+16,+21.4,+21.2,+21.3,+25.4,+24.9,+25.1,+25,+25,+27,ESTP,0,0,+0,+0,+0.017,+0,+0.0414,+0,+0,+0,10:12:01 29.03.2020
12819,+25.6,+16,+21.4,+21.2,+21.3,+25.4,+24.9,+25.1,+25,+25,+27,ESTP,0,0,+0,+0,+0.017,+0,+0.0414,+0,+0,+0,10:13:01 29.03.2020
12820,+25.6,+16,+21.3,+21.2,+21.3,+25.4,+24.9,+25.1,+25,+25,+27,ESTP,0,0,+0,+0,+0.017,+0,+0.0414,+0,+0,+0,10:14:01 29.03.2020
12821,+25.6,+16,+21.4,+21.2,+21.3,+25.4,+24.9,+25.1,+25,+25,+27,ESTP,0,0,+0,+0,+0.017,+0,+0.0414,+0,+0,+0,10:15:01 29.03.2020
12822,+25.6,+16,+21.4,+21.2,+21.3,+25.4,+24.9,+25.1,+25,+25,+27,ESTP,0,0,+0,+0,+0.017,+0,+0.0414,+0,+0,+0,10:16:01 29.03.2020
12823,+25.6,+16,+21.3,+21.2,+21.3,+25.4,+24.9,+25.1,+25,+25,+27,ESTP,0,0,+0,+0,+0.017,+0,+0.0414,+0,+0,+0,10:17:01 29.03.2020
12824,+25.6,+16,+21.3,+21.2,+21.3,+25.4,+24.9,+25.1,+25,+25,+27,ESTP,0,0,+0,+0,+0.017,+0,+0.0414,+0,+0,+0,10:18:01 29.03.2020
12825,+25.7,+16,+21.3,+21.2,+21.3,+25.4,+24.9,+25.1,+25,+25,+27,ESTP,0,0,+0,+0,+0.017,+0,+0.0414,+0,+0,+0,10:19:01 29.03.2020
12826,+25.7,+16,+21.3,+21.2,+21.3,+25.4,+24.9,+25.1,+25,+25,+27,ESTP,0,0,+0,+0,+0.017,+0,+0.0414,+0,+0,+0,10:20:01 29.03.2020
12827,+25.6,+16,+21.4,+21.2,+21.3,+25.4,+24.9,+25.1,+25,+25,+27,ESTP,0,0,+0,+0,+0.017,+0,+0.0416,+0,+0,+0,10:21:01 29.03.2020
12828,+25.6,+16,+21.3,+21.2,+21.3,+25.4,+24.9,+25.1,+25,+25,+27,ESTP,0,0,+0,+0,+0.017,+0,+0.0415,+0,+0,+0,10:22:01 29.03.2020
12829,+25.6,+16,+21.3,+21.2,+21.2,+25.4,+24.9,+25.1,+25,+25,+27,ESTP,0,0,+0,+0,+0.017,+0,+0.0416,+0,+0,+0,10:23:01 29.03.2020
12830,+25.6,+16,+21.3,+21.2,+21.3,+25.4,+24.9,+25.1,+25,+25,+27,ESTP,0,0,+0,+0,+0.017,+0,+0.0414,+0,+0,+0,10:24:01 29.03.2020
12831,+25.6,+16,+21.3,+21.2,+21.3,+25.4,+24.9,+25.1,+25,+25,+27,ESTP,0,0,+0,+0,+0.017,+0,+0.0414,+0,+0,+0,10:25:01 29.03.2020
12832,+25.6,+16,+21.4,+21.2,+21.3,+25.4,+24.9,+25.1,+25,+25,+27,ESTP,0,0,+0,+0,+0.017,+0,+0.0414,+0,+0,+0,10:26:01 29.03.2020
12833,+25.6,+16,+21.3,+21.2,+21.3,+25.4,+24.9,+25.1,+25,+25,+27,ESTP,0,0,+0,+0,+0.017,+0,+0.0414,+0,+0,+0,10:27:01 29.03.2020
12834,+25.6,+16,+21.3,+21.2,+21.3,+25.4,+24.9,+25.1,+25,+25,+27,ESTP,0,0,+0,+0,+0.017,+0,+0.0414,+0,+0,+0,10:28:01 29.03.2020
12835,+25.6,+16,+21.4,+21.2,+21.3,+25.4,+24.9,+25.1,+25,+25,+27,ESTP,0,0,+0,+0,+0.017,+0,+0.0414,+0,+0,+0,10:29:01 29.03.2020
12836,+25.6,+16,+21.4,+21.2,+21.3,+25.4,+24.9,+25.1,+25,+25,+27,ESTP,0,0,+0,+0,+0.017,+0,+0.0414,+0,+0,+0,10:30:01 29.03.2020
12837,+25.6,+16,+21.4,+21.2,+21.2,+25.4,+24.9,+25.1,+25,+25,+27,ESTP,0,0,+0,+0,+0.017,+0,+0.0414,+0,+0,+0,10:31:01 29.03.2020
12838,+25.6,+16,+21.4,+21.2,+21.3,+25.4,+24.9,+25.1,+25,+25,+27,ESTP,0,0,+0,+0,+0.017,+0,+0.0414,+0,+0,+0,10:32:01 29.03.2020
12839,+25.6,+16,+21.3,+21.2,+21.3,+25.4,+24.9,+25.1,+25,+25,+27,ESTP,0,0,+0,+0,+0.017,+0,+0.0414,+0,+0,+0,10:33:01 29.03.2020
12840,+25.7,+16,+21.3,+21.2,+21.3,+25.4,+24.9,+25.1,+25,+25,+27,ESTP,0,0,+0,+0,+0.017,+0,+0.0414,+0,+0,+0,10:34:01 29.03.2020
12841,+25.6,+16,+21.3,+21.2,+21.3,+25.4,+24.9,+25.1,+25,+25,+27,ESTP,0,0,+0,+0,+0.017,+0,+0.0414,+0,+0,+0,10:35:01 29.03.2020
12842,+25.6,+16,+21.3,+21.2,+21.3,+25.4,+24.9,+25.1,+25,+25,+27,ESTP,0,0,+0,+0,+0.017,+0,+0.0414,+0,+0,+0,10:36:01 29.03.2020
12843,+25.6,+16,+21.3,+21.2,+21.3,+25.4,+24.9,+25.1,+25,+25,+27,ESTP,0,0,+0,+0,+0.017,+0,+0.0415,+0,+0,+0,10:37:01 29.03.2020
12844,+25.6,+16,+21.3,+21.2,+21.3,+25.4,+24.9,+25.1,+25,+25,+27,ESTP,0,0,+0,+0,+0.017,+0,+0.0414,+0,+0,+0,10:38:01 29.03.2020
12845,+25.6,+16,+21.4,+21.2,+21.3,+25.4,+24.9,+25.1,+25,+25,+27,ESTP,0,0,+0,+0,+0.017,+0,+0.0414,+0,+0,+0,10:39:01 29.03.2020
12846,+25.6,+16,+21.4,+21.2,+21.3,+25.4,+24.9,+25.1,+25,+25,+27,ESTP,0,0,+0,+0,+0.017,+0,+0.0414,+0,+0,+0,10:40:01 29.03.2020
12847,+25.6,+16,+21.3,+21.2,+21.3,+25.4,+24.9,+25.1,+25,+25,+27,ESTP,0,0,+0,+0,+0.017,+0,+0.0414,+0,+0,+0,10:41:01 29.03.2020
12848,+25.6,+16,+21.3,+21.2,+21.2,+25.4,+24.9,+25.1,+25.1,+25,+27,ESTP,0,0,+0,+0,+0.0171,+0,+0.0414,+0,+0,+0,10:42:01 29.03.2020
12849,+25.6,+16,+21.3,+21.2,+21.3,+25.4,+24.9,+25.1,+25,+25,+27,ESTP,0,0,+0,+0,+0.017,+0,+0.0414,+0,+0,+0,10:43:01 29.03.2020
12850,+25.6,+16,+21.4,+21.2,+21.3,+25.4,+24.9,+25.1,+25,+25,+27,ESTP,0,0,+0,+0,+0.017,+0,+0.0414,+0,+0,+0,10:44:01 29.03.2020
12851,+25.6,+16,+21.3,+21.2,+21.3,+25.4,+24.9,+25.1,+25,+25,+27,ESTP,0,0,+0,+0,+0.017,+0,+0.0414,+0,+0,+0,10:45:01 29.03.2020
12852,+25.6,+16,+21.3,+21.2,+21.2,+25.4,+24.9,+25.1,+25,+25,+27,ESTP,0,0,+0,+0,+0.017,+0,+0.0414,+0,+0,+0,10:46:01 29.03.2020
12853,+25.6,+16,+21.3,+21.2,+21.3,+25.4,+24.9,+25.1,+25,+25,+27,ESTP,0,0,+0,+0,+0.017,+0,+0.0414,+0,+0,+0,10:47:01 29.03.2020
12854,+25.7,+16,+21.3,+21.2,+21.3,+25.4,+24.9,+25.1,+25,+25,+27,ESTP,0,0,+0,+0,+0.017,+0,+0.0414,+0,+0,+0,10:48:01 29.03.2020
12855,+25.7,+16,+21.3,+21.2,+21.3,+25.4,+24.9,+25.1,+25,+25,+27,ESTP,0,0,+0,+0,+0.017,+0,+0.0414,+0,+0,+0,10:49:01 29.03.2020
12856,+25.6,+16,+21.3,+21.2,+21.3,+25.4,+24.9,+25.1,+25,+25,+27,ESTP,0,0,+0,+0,+0.017,+0,+0.0414,+0,+0,+0,10:50:01 29.03.2020
12857,+25.6,+16,+21.3,+21.2,+21.3,+25.4,+24.9,+25.1,+25,+25,+27,ESTP,0,0,+0,+0,+0.017,+0,+0.0416,+0,+0,+0,10:51:01 29.03.2020
12858,+25.6,+16,+21.3,+21.2,+21.3,+25.4,+24.9,+25.1,+25,+25,+27,ESTP,0,0,+0,+0,+0.017,+0,+0.0416,+0,+0,+0,10:52:01 29.03.2020
12859,+25.6,+16,+21.3,+21.2,+21.3,+25.4,+24.9,+25.1,+25,+25,+27,ESTP,0,0,+0,+0,+0.0171,+0,+0.0416,+0,+0,+0,10:53:01 29.03.2020
12860,+25.6,+16,+21.4,+21.2,+21.3,+25.4,+24.9,+25.1,+25,+25,+27,ESTP,0,0,+0,+0,+0.017,+0,+0.0414,+0,+0,+0,10:54:01 29.03.2020
12861,+25.6,+16.1,+21.3,+21.2,+21.3,+25.4,+24.9,+25.1,+25,+25,+27,ESTP,0,0,+0,+0,+0.017,+0,+0.0414,+0,+0,+0,10:55:01 29.03.2020
12862,+25.6,+16,+21.3,+21.2,+21.3,+25.4,+24.9,+25.1,+25,+25,+27,ESTP,0,0,+0,+0,+0.017,+0,+0.0414,+0,+0,+0,10:56:01 29.03.2020
12863,+25.6,+16.1,+21.4,+21.2,+21.3,+25.4,+24.9,+25.1,+25,+25,+27,ESTP,0,0,+0,+0,+0.017,+0,+0.0414,+0,+0,+0,10:57:01 29.03.2020
12864,+25.6,+16.1,+21.4,+21.2,+21.3,+25.4,+24.9,+25.1,+25,+25,+27,ESTP,0,0,+0,+0,+0.017,+0,+0.0414,+0,+0,+0,10:58:01 29.03.2020
12865,+25.6,+16.1,+21.3,+21.2,+21.3,+25.4,+24.9,+25.1,+25,+25,+27,ESTP,0,0,+0,+0,+0.017,+0,+0.0414,+0,+0,+0,10:59:01 29.03.2020
12866,+25.6,+16.1,+21.3,+21.2,+21.3,+25.4,+24.9,+25.1,+25,+25,+27,ESTP,0,0,+0,+0,+0.017,+0,+0.0414,+0,+0,+0,11:00:01 29.03.2020
12867,+25.6,+16.1,+21.4,+21.2,+21.3,+25.4,+24.9,+25.1,+25,+25,+27,ESTP,0,0,+0,+0,+0.017,+0,+0.0414,+0,+0,+0,11:01:01 29.03.2020
12868,+25.6,+16.1,+21.3,+21.2,+21.3,+25.4,+24.9,+25.1,+25,+25,+27,ESTP,0,0,+0,+0,+0.017,+0,+0.0414,+0,+0,+0,11:02:01 29.03.2020
12869,+25.7,+16.1,+21.3,+21.2,+21.3,+25.4,+24.9,+25.1,+25,+25,+27,ESTP,0,0,+0,+0,+0.017,+0,+0.0414,+0,+0,+0,11:03:01 29.03.2020
12870,+25.7,+16.1,+21.3,+21.2,+21.3,+25.4,+24.9,+25.1,+25,+25,+27,ESTP,0,0,+0,+0,+0.017,+0,+0.0414,+0,+0,+0,11:04:01 29.03.2020
12871,+25.7,+16.1,+21.3,+21.2,+21.3,+25.4,+24.9,+25.1,+25,+25,+27,ESTP,0,0,+0,+0,+0.017,+0,+0.0414,+0,+0,+0,11:05:01 29.03.2020
12872,+25.6,+16.1,+21.3,+21.2,+21.3,+25.4,+24.9,+25.1,+25,+25,+27,ESTP,0,0,+0,+0,+0.017,+0,+0.0414,+0,+0,+0,11:06:01 29.03.2020
12873,+25.6,+16.1,+21.4,+21.2,+21.3,+25.4,+24.9,+25.1,+25,+25,+27,ESTP,0,0,+0,+0,+0.017,+0,+0.0414,+0,+0,+0,11:07:01 29.03.2020
12874,+25.6,+16.1,+21.4,+21.2,+21.3,+25.4,+24.9,+25.1,+25,+25,+27,ESTP,0,0,+0,+0,+0.017,+0,+0.0414,+0,+0,+0,11:08:01 29.03.2020
12875,+25.6,+16.1,+21.3,+21.2,+21.3,+25.4,+24.9,+25.1,+25,+25,+27,ESTP,0,0,+0,+0,+0.017,+0,+0.0414,+0,+0,+0,11:09:01 29.03.2020
12876,+25.6,+16.1,+21.3,+21.2,+21.2,+25.4,+24.9,+25.1,+25.1,+25,+27,ESTP,0,0,+0,+0,+0.017,+0,+0.0414,+0,+0,+0,11:10:01 29.03.2020
12877,+25.6,+16.1,+21.3,+21.2,+21.3,+25.4,+24.9,+25.1,+25,+25,+27,ESTP,0,0,+0,+0,+0.017,+0,+0.0414,+0,+0,+0,11:11:01 29.03.2020
12878,+25.6,+16.1,+21.3,+21.2,+21.3,+25.4,+24.9,+25.1,+25,+25,+27,ESTP,0,0,+0,+0,+0.017,+0,+0.0414,+0,+0,+0,11:12:01 29.03.2020
12879,+25.6,+16.1,+21.3,+21.2,+21.3,+25.4,+24.9,+25.1,+25,+25,+27,ESTP,0,0,+0,+0,+0.017,+0,+0.0414,+0,+0,+0,11:13:01 29.03.2020
12880,+25.6,+16.1,+21.3,+21.2,+21.3,+25.4,+24.9,+25.1,+25,+25,+27,ESTP,0,0,+0,+0,+0.017,+0,+0.0414,+0,+0,+0,11:14:01 29.03.2020
12881,+25.6,+16.1,+21.4,+21.2,+21.3,+25.4,+24.9,+25.1,+25,+25,+27,ESTP,0,0,+0,+0,+0.017,+0,+0.0414,+0,+0,+0,11:15:01 29.03.2020
12882,+25.6,+16.1,+21.3,+21.2,+21.3,+25.4,+24.9,+25.1,+25,+25,+27,ESTP,0,0,+0,+0,+0.017,+0,+0.0414,+0,+0,+0,11:16:01 29.03.2020
12883,+25.6,+16.1,+21.3,+21.2,+21.3,+25.4,+24.9,+25.1,+25,+25,+27,ESTP,0,0,+0,+0,+0.017,+0,+0.0414,+0,+0,+0,11:17:01 29.03.2020
12884,+25.7,+16.1,+21.3,+21.2,+21.3,+25.4,+24.9,+25.1,+25,+25,+27,ESTP,0,0,+0,+0,+0.017,+0,+0.0414,+0,+0,+0,11:18:01 29.03.2020
12885,+25.7,+16.1,+21.3,+21.2,+21.3,+25.4,+24.9,+25.1,+25,+25,+27,ESTP,0,0,+0,+0,+0.017,+0,+0.0414,+0,+0,+0,11:19:01 29.03.2020
12886,+25.7,+16.1,+21.3,+21.2,+21.3,+25.4,+24.9,+25.1,+25.1,+25,+27,ESTP,0,0,+0,+0,+0.0171,+0,+0.0416,+0,+0,+0,11:20:01 29.03.2020
12887,+25.7,+16.1,+21.3,+21.2,+21.3,+25.4,+24.9,+25.1,+25.1,+25,+27,ESTP,0,0,+0,+0,+0.0171,+0,+0.0416,+0,+0,+0,11:21:01 29.03.2020
12888,+25.7,+16.1,+21.3,+21.2,+21.3,+25.4,+24.9,+25.1,+25.1,+25,+27,ESTP,0,0,+0,+0,+0.0171,+0,+0.0416,+0,+0,+0,11:22:01 29.03.2020
12889,+25.6,+16.1,+21.3,+21.2,+21.3,+25.4,+24.9,+25.1,+25.1,+25,+27,ESTP,0,0,+0,+0,+0.0171,+0,+0.0415,+0,+0,+0,11:23:01 29.03.2020
12890,+25.6,+16.1,+21.3,+21.2,+21.3,+25.4,+24.9,+25.1,+25,+25,+27,ESTP,0,0,+0,+0,+0.017,+0,+0.0414,+0,+0,+0,11:24:01 29.03.2020
12891,+25.6,+16.1,+21.3,+21.2,+21.3,+25.4,+24.9,+25.1,+25.1,+25,+27,ESTP,0,0,+0,+0,+0.0171,+0,+0.0414,+0,+0,+0,11:25:01 29.03.2020
12892,+25.6,+16.1,+21.3,+21.2,+21.3,+25.4,+24.9,+25.1,+25.1,+25,+27,ESTP,0,0,+0,+0,+0.0171,+0,+0.0414,+0,+0,+0,11:26:01 29.03.2020
12893,+25.6,+16.1,+21.4,+21.2,+21.3,+25.4,+24.9,+25.1,+25.1,+25,+27,ESTP,0,0,+0,+0,+0.0171,+0,+0.0414,+0,+0,+0,11:27:01 29.03.2020
12894,+25.6,+16.1,+21.3,+21.2,+21.3,+25.4,+24.9,+25.1,+25,+25,+27,ESTP,0,0,+0,+0,+0.017,+0,+0.0414,+0,+0,+0,11:28:01 29.03.2020
12895,+25.6,+16.1,+21.3,+21.2,+21.3,+25.4,+24.9,+25.1,+25.1,+25,+27,ESTP,0,0,+0,+0,+0.0171,+0,+0.0414,+0,+0,+0,11:29:01 29.03.2020
12896,+25.6,+16.2,+21.4,+21.2,+21.3,+25.4,+24.9,+25.1,+25.1,+25,+27,ESTP,0,0,+0,+0,+0.0171,+0,+0.0414,+0,+0,+0,11:30:01 29.03.2020
12897,+25.6,+16.1,+21.3,+21.2,+21.3,+25.4,+24.9,+25.1,+25.1,+25,+27,ESTP,0,0,+0,+0,+0.0171,+0,+0.0414,+0,+0,+0,11:31:01 29.03.2020
12898,+25.6,+16.1,+21.3,+21.2,+21.3,+25.4,+24.9,+25.1,+25,+25,+27,ESTP,0,0,+0,+0,+0.017,+0,+0.0414,+0,+0,+0,11:32:01 29.03.2020
12899,+25.6,+16.1,+21.3,+21.2,+21.3,+25.4,+24.9,+25.1,+25,+25,+27,ESTP,0,0,+0,+0,+0.017,+0,+0.0414,+0,+0,+0,11:33:01 29.03.2020
12900,+25.7,+16.1,+21.3,+21.2,+21.3,+25.4,+24.9,+25.1,+25.1,+25,+27,ESTP,0,0,+0,+0,+0.0171,+0,+0.0414,+0,+0,+0,11:34:01 29.03.2020
12901,+25.7,+16.2,+21.3,+21.2,+21.3,+25.4,+24.9,+25.1,+25,+25,+27,ESTP,0,0,+0,+0,+0.017,+0,+0.0414,+0,+0,+0,11:35:01 29.03.2020
12902,+25.7,+16.2,+21.3,+21.2,+21.3,+25.4,+24.9,+25.1,+25,+25,+27,ESTP,0,0,+0,+0,+0.017,+0,+0.0414,+0,+0,+0,11:36:01 29.03.2020
12903,+25.7,+16.2,+21.4,+21.2,+21.3,+25.4,+24.9,+25.1,+25.1,+25,+27,ESTP,0,0,+0,+0,+0.0171,+0,+0.0414,+0,+0,+0,11:37:01 29.03.2020
12904,+25.7,+16.2,+21.3,+21.2,+21.3,+25.4,+24.9,+25.1,+25.1,+25,+27,ESTP,0,0,+0,+0,+0.0171,+0,+0.0416,+0,+0,+0,11:38:01 29.03.2020
12905,+25.7,+16.2,+21.3,+21.2,+21.3,+25.4,+24.9,+25.1,+25.1,+25,+27,ESTP,0,0,+0,+0,+0.0171,+0,+0.0415,+0,+0,+0,11:39:01 29.03.2020
12906,+25.6,+16.2,+21.3,+21.2,+21.3,+25.4,+24.9,+25.1,+25.1,+25,+27,ESTP,0,0,+0,+0,+0.0171,+0,+0.0416,+0,+0,+0,11:40:01 29.03.2020
12907,+25.6,+16.2,+21.3,+21.2,+21.3,+25.4,+24.9,+25.1,+25.1,+25,+27,ESTP,0,0,+0,+0,+0.0171,+0,+0.0416,+0,+0,+0,11:41:01 29.03.2020
12908,+25.6,+16.2,+21.3,+21.2,+21.3,+25.4,+24.9,+25.1,+25.1,+25,+27,ESTP,0,0,+0,+0,+0.0171,+0,+0.0414,+0,+0,+0,11:42:01 29.03.2020
12909,+25.6,+16.2,+21.4,+21.2,+21.3,+25.4,+24.9,+25.1,+25.1,+25,+27,ESTP,0,0,+0,+0,+0.0171,+0,+0.0414,+0,+0,+0,11:43:01 29.03.2020
12910,+25.6,+16.2,+21.3,+21.2,+21.3,+25.4,+24.9,+25.1,+25,+25,+27,ESTP,0,0,+0,+0,+0.017,+0,+0.0414,+0,+0,+0,11:44:01 29.03.2020
12911,+25.6,+16.2,+21.4,+21.2,+21.3,+25.4,+24.9,+25.1,+25.1,+25,+27,ESTP,0,0,+0,+0,+0.0171,+0,+0.0414,+0,+0,+0,11:45:01 29.03.2020
12912,+25.6,+16.2,+21.4,+21.2,+21.3,+25.4,+24.9,+25.1,+25.1,+25,+27,ESTP,0,0,+0,+0,+0.0171,+0,+0.0414,+0,+0,+0,11:46:01 29.03.2020
12913,+25.6,+16.2,+21.3,+21.2,+21.3,+25.4,+24.9,+25.1,+25.1,+25,+27,ESTP,0,0,+0,+0,+0.0171,+0,+0.0414,+0,+0,+0,11:47:01 29.03.2020
12914,+25.6,+16.2,+21.3,+21.2,+21.3,+25.4,+24.9,+25.1,+25.1,+25,+27,ESTP,0,0,+0,+0,+0.0171,+0,+0.0414,+0,+0,+0,11:48:01 29.03.2020
12915,+25.6,+16.2,+21.3,+21.2,+21.3,+25.4,+24.9,+25.1,+25.1,+25,+27,ESTP,0,0,+0,+0,+0.0171,+0,+0.0414,+0,+0,+0,11:49:01 29.03.2020
12916,+25.6,+16.2,+21.3,+21.2,+21.3,+25.4,+24.9,+25.1,+25.1,+25,+27,ESTP,0,0,+0,+0,+0.0171,+0,+0.0414,+0,+0,+0,11:50:01 29.03.2020
12917,+25.7,+16.2,+21.3,+21.2,+21.3,+25.4,+24.9,+25.1,+25,+25,+27,ESTP,0,0,+0,+0,+0.017,+0,+0.0414,+0,+0,+0,11:51:01 29.03.2020
12918,+25.7,+16.2,+21.3,+21.2,+21.3,+25.4,+24.9,+25.1,+25,+25,+27,ESTP,0,0,+0,+0,+0.017,+0,+0.0414,+0,+0,+0,11:52:01 29.03.2020
12919,+25.7,+16.2,+21.3,+21.2,+21.3,+25.4,+24.9,+25.1,+25.1,+25,+27,ESTP,0,0,+0,+0,+0.0171,+0,+0.0414,+0,+0,+0,11:53:01 29.03.2020
12920,+25.7,+16.2,+21.3,+21.2,+21.3,+25.4,+24.9,+25.1,+25.1,+25,+27,ESTP,0,0,+0,+0,+0.0171,+0,+0.0414,+0,+0,+0,11:54:01 29.03.2020
12921,+25.7,+16.2,+21.3,+21.2,+21.3,+25.4,+24.9,+25.1,+25.1,+25,+27,ESTP,0,0,+0,+0,+0.0171,+0,+0.0414,+0,+0,+0,11:55:01 29.03.2020
12922,+25.7,+16.2,+21.3,+21.2,+21.2,+25.4,+24.9,+25.1,+25.1,+25,+27,ESTP,0,0,+0,+0,+0.0171,+0,+0.0414,+0,+0,+0,11:56:01 29.03.2020
12923,+25.7,+16.2,+21.3,+21.2,+21.3,+25.4,+24.9,+25.1,+25.1,+25,+27,ESTP,0,0,+0,+0,+0.0171,+0,+0.0414,+0,+0,+0,11:57:01 29.03.2020
12924,+25.6,+16.2,+21.3,+21.2,+21.3,+25.4,+24.9,+25.1,+25.1,+25,+27,ESTP,0,0,+0,+0,+0.0171,+0,+0.0414,+0,+0,+0,11:58:01 29.03.2020
12925,+25.6,+16.3,+21.3,+21.2,+21.3,+25.4,+24.9,+25.1,+25.1,+25,+27,ESTP,0,0,+0,+0,+0.0171,+0,+0.0414,+0,+0,+0,11:59:01 29.03.2020
12926,+25.6,+16.3,+21.3,+21.2,+21.3,+25.4,+24.9,+25.1,+25.1,+25,+27,ESTP,0,0,+0,+0,+0.0171,+0,+0.0414,+0,+0,+0,12:00:01 29.03.2020
12927,+25.6,+16.3,+21.3,+21.2,+21.3,+25.4,+24.9,+25.1,+25,+25,+27,ESTP,0,0,+0,+0,+0.017,+0,+0.0414,+0,+0,+0,12:01:01 29.03.2020
12928,+25.6,+16.3,+21.3,+21.2,+21.3,+25.4,+24.9,+25.1,+25.1,+25,+27,ESTP,0,0,+0,+0,+0.0171,+0,+0.0414,+0,+0,+0,12:02:01 29.03.2020
12929,+25.6,+16.3,+21.3,+21.2,+21.3,+25.4,+24.9,+25.1,+25.1,+25,+27,ESTP,0,0,+0,+0,+0.0171,+0,+0.0414,+0,+0,+0,12:03:01 29.03.2020
12930,+25.6,+16.3,+21.3,+21.2,+21.3,+25.4,+24.9,+25.1,+25.1,+25,+27,ESTP,0,0,+0,+0,+0.0171,+0,+0.0414,+0,+0,+0,12:04:01 29.03.2020
12931,+25.6,+16.3,+21.3,+21.2,+21.3,+25.4,+24.9,+25.1,+25.1,+25,+27,ESTP,0,0,+0,+0,+0.0171,+0,+0.0414,+0,+0,+0,12:05:01 29.03.2020
12932,+25.6,+16.3,+21.3,+21.2,+21.3,+25.4,+24.9,+25.1,+25.1,+25,+27,ESTP,0,0,+0,+0,+0.0171,+0,+0.0414,+0,+0,+0,12:06:01 29.03.2020
12933,+25.6,+16.3,+21.3,+21.2,+21.3,+25.4,+24.9,+25.1,+25.1,+25,+27,ESTP,0,0,+0,+0,+0.0171,+0,+0.0414,+0,+0,+0,12:07:01 29.03.2020
12934,+25.6,+16.3,+21.3,+21.2,+21.3,+25.4,+24.9,+25.1,+25.1,+25,+27,ESTP,0,0,+0,+0,+0.017,+0,+0.0414,+0,+0,+0,12:08:01 29.03.2020
12935,+25.7,+16.3,+21.3,+21.2,+21.3,+25.4,+24.9,+25.1,+25,+25,+27,ESTP,0,0,+0,+0,+0.017,+0,+0.0414,+0,+0,+0,12:09:01 29.03.2020
12936,+25.7,+16.3,+21.4,+21.2,+21.3,+25.4,+24.9,+25.1,+25.1,+25,+27,ESTP,0,0,+0,+0,+0.0171,+0,+0.0414,+0,+0,+0,12:10:01 29.03.2020
12937,+25.7,+16.3,+21.3,+21.2,+21.3,+25.4,+24.9,+25.1,+25.1,+25,+27,ESTP,0,0,+0,+0,+0.0171,+0,+0.0414,+0,+0,+0,12:11:01 29.03.2020
12938,+25.7,+16.3,+21.3,+21.2,+21.3,+25.4,+24.9,+25.1,+25.1,+25,+27,ESTP,0,0,+0,+0,+0.0171,+0,+0.0416,+0,+0,+0,12:12:01 29.03.2020
12939,+25.7,+16.3,+21.3,+21.2,+21.3,+25.4,+24.9,+25.1,+25.1,+25,+27,ESTP,0,0,+0,+0,+0.0171,+0,+0.0416,+0,+0,+0,12:13:01 29.03.2020
12940,+25.7,+16.3,+21.3,+21.2,+21.3,+25.4,+24.9,+25.1,+25.1,+25,+27,ESTP,0,0,+0,+0,+0.0171,+0,+0.0416,+0,+0,+0,12:14:01 29.03.2020
12941,+25.7,+16.3,+21.3,+21.2,+21.3,+25.4,+24.9,+25.1,+25.1,+25,+27,ESTP,0,0,+0,+0,+0.0171,+0,+0.0416,+0,+0,+0,12:15:01 29.03.2020
12942,+25.7,+16.3,+21.3,+21.2,+21.3,+25.4,+24.9,+25.1,+25.1,+25,+27,ESTP,0,0,+0,+0,+0.0171,+0,+0.0416,+0,+0,+0,12:16:01 29.03.2020
12943,+25.7,+16.4,+21.4,+21.2,+21.3,+25.4,+24.9,+25.1,+25.1,+25,+27,ESTP,0,0,+0,+0,+0.0171,+0,+0.0416,+0,+0,+0,12:17:01 29.03.2020
12944,+25.7,+16.4,+21.3,+21.2,+21.3,+25.4,+24.9,+25.1,+25.1,+25,+27,ESTP,0,0,+0,+0,+0.0171,+0,+0.0416,+0,+0,+0,12:18:01 29.03.2020
12945,+25.6,+16.4,+21.4,+21.2,+21.3,+25.4,+24.9,+25.1,+25.1,+25,+27,ESTP,0,0,+0,+0,+0.0171,+0,+0.0416,+0,+0,+0,12:19:01 29.03.2020
12946,+25.6,+16.4,+21.3,+21.2,+21.3,+25.4,+24.9,+25.1,+25.1,+25,+27,ESTP,0,0,+0,+0,+0.0171,+0,+0.0414,+0,+0,+0,12:20:01 29.03.2020
12947,+25.6,+16.4,+21.3,+21.2,+21.3,+25.4,+24.9,+25.1,+25.1,+25,+27,ESTP,0,0,+0,+0,+0.0171,+0,+0.0414,+0,+0,+0,12:21:01 29.03.2020
12948,+25.6,+16.4,+21.3,+21.2,+21.3,+25.4,+24.9,+25.1,+25.1,+25,+27,ESTP,0,0,+0,+0,+0.0171,+0,+0.0414,+0,+0,+0,12:22:01 29.03.2020
12949,+25.6,+16.4,+21.3,+21.2,+21.3,+25.4,+24.9,+25.1,+25.1,+25,+27,ESTP,0,0,+0,+0,+0.0171,+0,+0.0414,+0,+0,+0,12:23:01 29.03.2020
12950,+25.6,+16.4,+21.4,+21.2,+21.3,+25.4,+24.9,+25.1,+25.1,+25,+27,ESTP,0,0,+0,+0,+0.0171,+0,+0.0414,+0,+0,+0,12:24:01 29.03.2020
12951,+25.6,+16.4,+21.3,+21.2,+21.3,+25.4,+24.9,+25.1,+25.1,+25,+27,ESTP,0,0,+0,+0,+0.0171,+0,+0.0414,+0,+0,+0,12:25:01 29.03.2020
12952,+25.6,+16.4,+21.4,+21.2,+21.3,+25.4,+24.9,+25.1,+25.1,+25,+27,ESTP,0,0,+0,+0,+0.0171,+0,+0.0414,+0,+0,+0,12:26:01 29.03.2020
12953,+25.6,+16.4,+21.3,+21.2,+21.3,+25.4,+24.9,+25.1,+25.1,+25,+27,ESTP,0,0,+0,+0,+0.0171,+0,+0.0414,+0,+0,+0,12:27:01 29.03.2020
12954,+25.6,+16.4,+21.4,+21.2,+21.3,+25.4,+24.9,+25.1,+25.1,+25,+27,ESTP,0,0,+0,+0,+0.0171,+0,+0.0414,+0,+0,+0,12:28:01 29.03.2020
12955,+25.7,+16.4,+21.3,+21.2,+21.3,+25.4,+24.9,+25.1,+25.1,+25,+27,ESTP,0,0,+0,+0,+0.0171,+0,+0.0414,+0,+0,+0,12:29:01 29.03.2020
12956,+25.7,+16.4,+21.3,+21.2,+21.3,+25.4,+24.9,+25.1,+25.1,+25,+27,ESTP,0,0,+0,+0,+0.0171,+0,+0.0414,+0,+0,+0,12:30:01 29.03.2020
12957,+25.7,+16.4,+21.3,+21.2,+21.3,+25.4,+24.9,+25.1,+25.1,+25,+27,ESTP,0,0,+0,+0,+0.0171,+0,+0.0414,+0,+0,+0,12:31:01 29.03.2020
12958,+25.7,+16.4,+21.3,+21.2,+21.3,+25.4,+24.9,+25.1,+25.1,+25,+27,ESTP,0,0,+0,+0,+0.0171,+0,+0.0414,+0,+0,+0,12:32:01 29.03.2020
12959,+25.7,+16.4,+21.3,+21.2,+21.3,+25.4,+24.9,+25.1,+25.1,+25,+27,ESTP,0,0,+0,+0,+0.0171,+0,+0.0416,+0,+0,+0,12:33:01 29.03.2020
12960,+25.7,+16.4,+21.3,+21.2,+21.3,+25.4,+24.9,+25.1,+25.1,+25,+27,ESTP,0,0,+0,+0,+0.0171,+0,+0.0416,+0,+0,+0,12:34:01 29.03.2020
12961,+25.7,+16.5,+21.3,+21.2,+21.3,+25.4,+24.9,+25.1,+25.1,+25,+27,ESTP,0,0,+0,+0,+0.0171,+0,+0.0416,+0,+0,+0,12:35:01 29.03.2020
12962,+25.7,+16.5,+21.3,+21.2,+21.3,+25.4,+24.9,+25.1,+25.1,+25,+27,ESTP,0,0,+0,+0,+0.0171,+0,+0.0416,+0,+0,+0,12:36:01 29.03.2020
12963,+25.7,+16.5,+21.3,+21.2,+21.3,+25.4,+24.9,+25.1,+25.1,+25,+27,ESTP,0,0,+0,+0,+0.0171,+0,+0.0416,+0,+0,+0,12:37:01 29.03.2020
12964,+25.7,+16.5,+21.3,+21.2,+21.3,+25.4,+24.9,+25.1,+25.1,+25,+27,ESTP,0,0,+0,+0,+0.0171,+0,+0.0414,+0,+0,+0,12:38:01 29.03.2020
12965,+25.7,+16.5,+21.3,+21.2,+21.3,+25.4,+24.9,+25.1,+25.1,+25,+27,ESTP,0,0,+0,+0,+0.0171,+0,+0.0414,+0,+0,+0,12:39:01 29.03.2020
12966,+25.7,+16.5,+21.3,+21.2,+21.3,+25.4,+24.9,+25.1,+25.1,+25,+27,ESTP,0,0,+0,+0,+0.0171,+0,+0.0414,+0,+0,+0,12:40:01 29.03.2020
12967,+25.7,+16.5,+21.4,+21.2,+21.3,+25.4,+24.9,+25.1,+25.1,+25,+27,ESTP,0,0,+0,+0,+0.0171,+0,+0.0414,+0,+0,+0,12:41:01 29.03.2020
12968,+25.6,+16.5,+21.4,+21.2,+21.3,+25.4,+24.9,+25.1,+25.1,+25,+27,ESTP,0,0,+0,+0,+0.0171,+0,+0.0414,+0,+0,+0,12:42:01 29.03.2020
12969,+25.6,+16.5,+21.4,+21.2,+21.3,+25.4,+24.9,+25.1,+25.1,+25,+27,ESTP,0,0,+0,+0,+0.0171,+0,+0.0414,+0,+0,+0,12:43:01 29.03.2020
12970,+25.6,+16.5,+21.3,+21.2,+21.3,+25.4,+24.9,+25.1,+25.1,+25,+27,ESTP,0,0,+0,+0,+0.0171,+0,+0.0414,+0,+0,+0,12:44:01 29.03.2020
12971,+25.6,+16.5,+21.3,+21.2,+21.3,+25.4,+24.9,+25.1,+25.1,+25,+27,ESTP,0,0,+0,+0,+0.0171,+0,+0.0414,+0,+0,+0,12:45:01 29.03.2020
12972,+25.6,+16.5,+21.4,+21.2,+21.3,+25.4,+24.9,+25.1,+25.1,+25,+27,ESTP,0,0,+0,+0,+0.0171,+0,+0.0414,+0,+0,+0,12:46:01 29.03.2020
12973,+25.6,+16.5,+21.3,+21.2,+21.3,+25.4,+24.9,+25.1,+25.1,+25,+27,ESTP,0,0,+0,+0,+0.0171,+0,+0.0414,+0,+0,+0,12:47:01 29.03.2020
12974,+25.6,+16.5,+21.4,+21.2,+21.3,+25.4,+24.9,+25.1,+25.1,+25,+27,ESTP,0,0,+0,+0,+0.0171,+0,+0.0414,+0,+0,+0,12:48:01 29.03.2020
12975,+25.7,+16.5,+21.3,+21.2,+21.3,+25.4,+24.9,+25.1,+25.1,+25,+27,ESTP,0,0,+0,+0,+0.0171,+0,+0.0414,+0,+0,+0,12:49:01 29.03.2020
12976,+25.7,+16.5,+21.4,+21.2,+21.3,+25.4,+24.9,+25.1,+25.1,+25,+27,ESTP,0,0,+0,+0,+0.0171,+0,+0.0414,+0,+0,+0,12:50:01 29.03.2020
12977,+25.7,+16.5,+21.4,+21.2,+21.3,+25.4,+24.9,+25.1,+25.1,+25,+27,ESTP,0,0,+0,+0,+0.0171,+0,+0.0414,+0,+0,+0,12:51:01 29.03.2020
12978,+25.8,+16.5,+21.4,+21.2,+21.3,+25.4,+24.9,+25.1,+25.1,+25,+27,ESTP,0,0,+0,+0,+0.0171,+0,+0.0416,+0,+0,+0,12:52:01 29.03.2020
12979,+25.7,+16.6,+21.3,+21.2,+21.3,+25.4,+24.9,+25.1,+25.1,+25,+27,ESTP,0,0,+0,+0,+0.0171,+0,+0.0416,+0,+0,+0,12:53:01 29.03.2020
12980,+25.7,+16.6,+21.3,+21.2,+21.3,+25.4,+24.9,+25.1,+25.1,+25,+27,ESTP,0,0,+0,+0,+0.0171,+0,+0.0416,+0,+0,+0,12:54:01 29.03.2020
12981,+25.7,+16.6,+21.4,+21.2,+21.3,+25.4,+24.9,+25.1,+25.1,+25,+27,ESTP,0,0,+0,+0,+0.0171,+0,+0.0416,+0,+0,+0,12:55:01 29.03.2020
12982,+25.7,+16.6,+21.4,+21.2,+21.3,+25.4,+24.9,+25.1,+25.1,+25,+27,ESTP,0,0,+0,+0,+0.0171,+0,+0.0416,+0,+0,+0,12:56:01 29.03.2020
12983,+25.7,+16.6,+21.3,+21.2,+21.3,+25.4,+24.9,+25.1,+25.1,+25,+27,ESTP,0,0,+0,+0,+0.0171,+0,+0.0416,+0,+0,+0,12:57:01 29.03.2020
12984,+25.7,+16.6,+21.4,+21.2,+21.3,+25.4,+24.9,+25.1,+25.1,+25,+27,ESTP,0,0,+0,+0,+0.0171,+0,+0.0416,+0,+0,+0,12:58:01 29.03.2020
12985,+25.7,+16.6,+21.4,+21.2,+21.3,+25.4,+24.9,+25.1,+25.1,+25,+27,ESTP,0,0,+0,+0,+0.0171,+0,+0.0416,+0,+0,+0,12:59:01 29.03.2020
12986,+25.7,+16.6,+21.4,+21.2,+21.3,+25.4,+24.9,+25.1,+25.1,+25,+27,ESTP,0,0,+0,+0,+0.0171,+0,+0.0416,+0,+0,+0,13:00:01 29.03.2020
12987,+25.7,+16.6,+21.4,+21.2,+21.3,+25.4,+24.9,+25.1,+25.1,+25,+27,ESTP,0,0,+0,+0,+0.0171,+0,+0.0416,+0,+0,+0,13:01:01 29.03.2020
12988,+25.7,+16.6,+21.3,+21.2,+21.3,+25.4,+24.9,+25.1,+25.1,+25,+27,ESTP,0,0,+0,+0,+0.0171,+0,+0.0416,+0,+0,+0,13:02:01 29.03.2020
12989,+25.7,+16.6,+21.3,+21.2,+21.3,+25.4,+24.9,+25.1,+25.1,+25,+27,ESTP,0,0,+0,+0,+0.0171,+0,+0.0415,+0,+0,+0,13:03:01 29.03.2020
12990,+25.7,+16.6,+21.3,+21.2,+21.3,+25.4,+24.9,+25.1,+25.1,+25,+27,ESTP,0,0,+0,+0,+0.0171,+0,+0.0414,+0,+0,+0,13:04:01 29.03.2020
12991,+25.7,+16.6,+21.4,+21.2,+21.3,+25.4,+24.9,+25.1,+25.1,+25,+27,ESTP,0,0,+0,+0,+0.0171,+0,+0.0416,+0,+0,+0,13:05:01 29.03.2020
12992,+25.7,+16.6,+21.4,+21.2,+21.3,+25.4,+24.9,+25.1,+25.1,+25,+27,ESTP,0,0,+0,+0,+0.0171,+0,+0.0414,+0,+0,+0,13:06:01 29.03.2020
12993,+25.7,+16.7,+21.4,+21.2,+21.3,+25.4,+24.9,+25.1,+25.1,+25,+27,ESTP,0,0,+0,+0,+0.0171,+0,+0.0414,+0,+0,+0,13:07:01 29.03.2020
12994,+25.7,+16.7,+21.3,+21.2,+21.3,+25.4,+24.9,+25.1,+25.1,+25,+27,ESTP,0,0,+0,+0,+0.0171,+0,+0.0414,+0,+0,+0,13:08:01 29.03.2020
12995,+25.6,+16.7,+21.4,+21.2,+21.3,+25.4,+24.9,+25.1,+25.1,+25,+27,ESTP,0,0,+0,+0,+0.0171,+0,+0.0414,+0,+0,+0,13:09:01 29.03.2020
12996,+25.7,+16.7,+21.3,+21.2,+21.3,+25.4,+24.9,+25.1,+25.1,+25,+27,ESTP,0,0,+0,+0,+0.0171,+0,+0.0414,+0,+0,+0,13:10:01 29.03.2020
12997,+25.6,+16.7,+21.4,+21.2,+21.3,+25.4,+24.9,+25.1,+25.1,+25,+27,ESTP,0,0,+0,+0,+0.0171,+0,+0.0414,+0,+0,+0,13:11:01 29.03.2020
12998,+25.6,+16.7,+21.4,+21.2,+21.3,+25.4,+24.9,+25.1,+25.1,+25,+27,ESTP,0,0,+0,+0,+0.0171,+0,+0.0414,+0,+0,+0,13:12:01 29.03.2020
12999,+25.6,+16.7,+21.4,+21.2,+21.3,+25.4,+24.9,+25.1,+25.1,+25,+27,ESTP,0,0,+0,+0,+0.0171,+0,+0.0414,+0,+0,+0,13:13:01 29.03.2020
13000,+25.6,+16.7,+21.4,+21.2,+21.3,+25.4,+24.9,+25.1,+25.1,+25,+27,ESTP,0,0,+0,+0,+0.0171,+0,+0.0414,+0,+0,+0,13:14:01 29.03.2020
13001,+25.7,+16.7,+21.4,+21.2,+21.3,+25.4,+24.9,+25.1,+25.1,+25,+27,ESTP,0,0,+0,+0,+0.0171,+0,+0.0414,+0,+0,+0,13:15:01 29.03.2020
13002,+25.7,+16.7,+21.4,+21.2,+21.3,+25.4,+24.9,+25.1,+25.1,+25,+27,ESTP,0,0,+0,+0,+0.0171,+0,+0.0414,+0,+0,+0,13:16:01 29.03.2020
13003,+25.7,+16.7,+21.4,+21.2,+21.3,+25.4,+24.9,+25.1,+25.1,+25,+27,ESTP,0,0,+0,+0,+0.0171,+0,+0.0414,+0,+0,+0,13:17:01 29.03.2020
13004,+25.8,+16.7,+21.4,+21.2,+21.3,+25.4,+24.9,+25.1,+25.1,+25,+27,ESTP,0,0,+0,+0,+0.0171,+0,+0.0414,+0,+0,+0,13:18:01 29.03.2020
13005,+25.7,+16.7,+21.4,+21.2,+21.3,+25.4,+24.9,+25.1,+25.1,+25,+27,ESTP,0,0,+0,+0,+0.0171,+0,+0.0416,+0,+0,+0,13:19:01 29.03.2020
13006,+25.7,+16.7,+21.4,+21.2,+21.3,+25.4,+24.9,+25.1,+25.1,+25,+27,ESTP,0,0,+0,+0,+0.0171,+0,+0.0416,+0,+0,+0,13:20:01 29.03.2020
13007,+25.7,+16.7,+21.4,+21.2,+21.3,+25.4,+24.9,+25.1,+25.1,+25,+27,ESTP,0,0,+0,+0,+0.0171,+0,+0.0416,+0,+0,+0,13:21:01 29.03.2020
13008,+25.7,+16.7,+21.4,+21.2,+21.3,+25.4,+24.9,+25.1,+25.1,+25,+27,ESTP,0,0,+0,+0,+0.0171,+0,+0.0416,+0,+0,+0,13:22:01 29.03.2020
13009,+25.7,+16.8,+21.4,+21.2,+21.3,+25.4,+24.9,+25.1,+25.1,+25,+27,ESTP,0,0,+0,+0,+0.0171,+0,+0.0416,+0,+0,+0,13:23:01 29.03.2020
13010,+25.7,+16.8,+21.4,+21.2,+21.3,+25.4,+24.9,+25.1,+25.1,+25,+27,ESTP,0,0,+0,+0,+0.0171,+0,+0.0416,+0,+0,+0,13:24:01 29.03.2020
13011,+25.7,+16.8,+21.4,+21.2,+21.3,+25.4,+24.9,+25.1,+25.1,+25,+27,ESTP,0,0,+0,+0,+0.0171,+0,+0.0416,+0,+0,+0,13:25:01 29.03.2020
13012,+25.7,+16.8,+21.4,+21.2,+21.3,+25.4,+24.9,+25.1,+25.1,+25,+27,ESTP,0,0,+0,+0,+0.0171,+0,+0.0416,+0,+0,+0,13:26:01 29.03.2020
13013,+25.7,+16.8,+21.4,+21.2,+21.3,+25.4,+24.9,+25.1,+25.1,+25,+27,ESTP,0,0,+0,+0,+0.0171,+0,+0.0416,+0,+0,+0,13:27:01 29.03.2020
13014,+25.7,+16.8,+21.4,+21.2,+21.3,+25.4,+24.9,+25.2,+25.1,+25,+27,ESTP,0,0,+0,+0,+0.0171,+0,+0.0416,+0,+0,+0,13:28:01 29.03.2020
13015,+25.7,+16.8,+21.4,+21.2,+21.3,+25.4,+24.9,+25.2,+25.1,+25,+27,ESTP,0,0,+0,+0,+0.0171,+0,+0.0416,+0,+0,+0,13:29:01 29.03.2020
13016,+25.7,+16.8,+21.4,+21.2,+21.3,+25.4,+24.9,+25.1,+25.1,+25,+27,ESTP,0,0,+0,+0,+0.0171,+0,+0.0416,+0,+0,+0,13:30:01 29.03.2020
13017,+25.7,+16.8,+21.4,+21.2,+21.3,+25.4,+24.9,+25.1,+25.1,+25,+27,ESTP,0,0,+0,+0,+0.0171,+0,+0.0416,+0,+0,+0,13:31:01 29.03.2020
13018,+25.7,+16.8,+21.3,+21.2,+21.3,+25.4,+24.9,+25.2,+25.1,+25,+27,ESTP,0,0,+0,+0,+0.0171,+0,+0.0416,+0,+0,+0,13:32:01 29.03.2020
13019,+25.7,+16.8,+21.4,+21.2,+21.3,+25.4,+24.9,+25.1,+25.1,+25,+27,ESTP,0,0,+0,+0,+0.0171,+0,+0.0414,+0,+0,+0,13:33:01 29.03.2020
13020,+25.7,+16.8,+21.4,+21.2,+21.3,+25.4,+24.9,+25.1,+25.1,+25,+27,ESTP,0,0,+0,+0,+0.0171,+0,+0.0414,+0,+0,+0,13:34:01 29.03.2020
13021,+25.7,+16.9,+21.4,+21.2,+21.3,+25.4,+24.9,+25.2,+25.1,+25,+27,ESTP,0,0,+0,+0,+0.0171,+0,+0.0414,+0,+0,+0,13:35:01 29.03.2020
13022,+25.7,+16.9,+21.4,+21.2,+21.3,+25.4,+24.9,+25.2,+25.1,+25,+27,ESTP,0,0,+0,+0,+0.0171,+0,+0.0414,+0,+0,+0,13:36:01 29.03.2020
13023,+25.7,+16.9,+21.4,+21.2,+21.3,+25.4,+24.9,+25.1,+25.1,+25,+27,ESTP,0,0,+0,+0,+0.0171,+0,+0.0414,+0,+0,+0,13:37:01 29.03.2020
13024,+25.6,+16.9,+21.4,+21.2,+21.3,+25.4,+24.9,+25.1,+25.1,+25,+27,ESTP,0,0,+0,+0,+0.0171,+0,+0.0414,+0,+0,+0,13:38:01 29.03.2020
13025,+25.6,+16.9,+21.4,+21.2,+21.3,+25.4,+24.9,+25.1,+25.1,+25,+27,ESTP,0,0,+0,+0,+0.0171,+0,+0.0414,+0,+0,+0,13:39:01 29.03.2020
13026,+25.6,+16.9,+21.4,+21.2,+21.3,+25.4,+24.9,+25.2,+25.1,+25,+27,ESTP,0,0,+0,+0,+0.0171,+0,+0.0414,+0,+0,+0,13:40:01 29.03.2020
13027,+25.6,+16.9,+21.4,+21.2,+21.3,+25.4,+24.9,+25.2,+25.1,+25,+27,ESTP,0,0,+0,+0,+0.0171,+0,+0.0414,+0,+0,+0,13:41:01 29.03.2020
13028,+25.6,+16.9,+21.4,+21.2,+21.3,+25.4,+24.9,+25.2,+25.1,+25,+27,ESTP,0,0,+0,+0,+0.0171,+0,+0.0414,+0,+0,+0,13:42:01 29.03.2020
13029,+25.6,+16.9,+21.4,+21.2,+21.3,+25.4,+24.9,+25.2,+25.1,+25,+27,ESTP,0,0,+0,+0,+0.0171,+0,+0.0414,+0,+0,+0,13:43:01 29.03.2020
13030,+25.7,+16.9,+21.4,+21.2,+21.3,+25.4,+24.9,+25.1,+25.1,+25,+27,ESTP,0,0,+0,+0,+0.0171,+0,+0.0414,+0,+0,+0,13:44:01 29.03.2020
13031,+25.7,+16.9,+21.4,+21.2,+21.3,+25.4,+24.9,+25.1,+25.1,+25,+27,ESTP,0,0,+0,+0,+0.0171,+0,+0.0414,+0,+0,+0,13:45:01 29.03.2020
13032,+25.7,+16.9,+21.4,+21.2,+21.3,+25.4,+24.9,+25.2,+25.1,+25,+27,ESTP,0,0,+0,+0,+0.0171,+0,+0.0414,+0,+0,+0,13:46:01 29.03.2020
13033,+25.7,+16.9,+21.4,+21.2,+21.3,+25.4,+24.9,+25.2,+25.1,+25,+27,ESTP,0,0,+0,+0,+0.0171,+0,+0.0416,+0,+0,+0,13:47:01 29.03.2020
13034,+25.7,+16.9,+21.4,+21.2,+21.3,+25.4,+24.9,+25.2,+25.1,+25,+27,ESTP,0,0,+0,+0,+0.0171,+0,+0.0416,+0,+0,+0,13:48:01 29.03.2020
13035,+25.7,+16.9,+21.4,+21.2,+21.3,+25.4,+24.9,+25.2,+25.1,+25,+27,ESTP,0,0,+0,+0,+0.0171,+0,+0.0416,+0,+0,+0,13:49:01 29.03.2020
13036,+25.7,+16.9,+21.4,+21.2,+21.3,+25.4,+24.9,+25.2,+25.1,+25,+27,ESTP,0,0,+0,+0,+0.0171,+0,+0.0416,+0,+0,+0,13:50:01 29.03.2020
13037,+25.7,+16.9,+21.4,+21.2,+21.3,+25.4,+24.9,+25.2,+25.1,+25,+27,ESTP,0,0,+0,+0,+0.0171,+0,+0.0416,+0,+0,+0,13:51:01 29.03.2020
13038,+25.7,+16.9,+21.4,+21.2,+21.3,+25.4,+24.9,+25.2,+25.1,+25,+27,ESTP,0,0,+0,+0,+0.0171,+0,+0.0416,+0,+0,+0,13:52:01 29.03.2020
13039,+25.7,+16.9,+21.4,+21.2,+21.3,+25.4,+24.9,+25.2,+25.1,+25,+27,ESTP,0,0,+0,+0,+0.0171,+0,+0.0416,+0,+0,+0,13:53:01 29.03.2020
13040,+25.7,+16.9,+21.4,+21.2,+21.3,+25.4,+24.9,+25.2,+25.1,+25,+27,ESTP,0,0,+0,+0,+0.0171,+0,+0.0416,+0,+0,+0,13:54:01 29.03.2020
13041,+25.7,+16.9,+21.4,+21.2,+21.3,+25.4,+24.9,+25.2,+25.1,+25,+27,ESTP,0,0,+0,+0,+0.0171,+0,+0.0416,+0,+0,+0,13:55:01 29.03.2020
13042,+25.7,+16.9,+21.4,+21.2,+21.3,+25.4,+24.9,+25.2,+25.1,+25,+27,ESTP,0,0,+0,+0,+0.0171,+0,+0.0416,+0,+0,+0,13:56:01 29.03.2020
13043,+25.7,+16.9,+21.4,+21.2,+21.3,+25.4,+25,+25.2,+25.1,+25,+27,ESTP,0,0,+0,+0,+0.0171,+0,+0.0416,+0,+0,+0,13:57:01 29.03.2020
13044,+25.7,+17,+21.4,+21.2,+21.3,+25.4,+24.9,+25.2,+25.1,+25,+27,ESTP,0,0,+0,+0,+0.0171,+0,+0.0416,+0,+0,+0,13:58:01 29.03.2020
13045,+25.7,+17,+21.4,+21.2,+21.3,+25.4,+25,+25.2,+25.1,+25,+27,ESTP,0,0,+0,+0,+0.0171,+0,+0.0416,+0,+0,+0,13:59:01 29.03.2020
13046,+25.7,+17,+21.4,+21.2,+21.3,+25.4,+24.9,+25.2,+25.1,+25,+27,ESTP,0,0,+0,+0,+0.0171,+0,+0.0416,+0,+0,+0,14:00:01 29.03.2020
13047,+25.7,+17,+21.4,+21.2,+21.3,+25.4,+25,+25.2,+25.1,+25,+27,ESTP,0,0,+0,+0,+0.0171,+0,+0.0416,+0,+0,+0,14:01:01 29.03.2020
13048,+25.6,+17,+21.4,+21.2,+21.3,+25.4,+24.9,+25.2,+25.1,+25,+27,ESTP,0,0,+0,+0,+0.0171,+0,+0.0414,+0,+0,+0,14:02:01 29.03.2020
13049,+25.6,+17,+21.4,+21.2,+21.3,+25.4,+25,+25.2,+25.1,+25,+27,ESTP,0,0,+0,+0,+0.0171,+0,+0.0415,+0,+0,+0,14:03:01 29.03.2020
13050,+25.6,+17,+21.4,+21.2,+21.3,+25.4,+25,+25.2,+25.1,+25,+27,ESTP,0,0,+0,+0,+0.0171,+0,+0.0414,+0,+0,+0,14:04:01 29.03.2020
13051,+25.6,+17,+21.4,+21.2,+21.3,+25.4,+25,+25.2,+25.1,+25,+27,ESTP,0,0,+0,+0,+0.0171,+0,+0.0414,+0,+0,+0,14:05:01 29.03.2020
13052,+25.6,+17,+21.4,+21.2,+21.3,+25.4,+24.9,+25.2,+25.1,+25,+27,ESTP,0,0,+0,+0,+0.0171,+0,+0.0414,+0,+0,+0,14:06:01 29.03.2020
13053,+25.6,+17,+21.4,+21.2,+21.3,+25.4,+25,+25.2,+25.1,+25,+27,ESTP,0,0,+0,+0,+0.0171,+0,+0.0414,+0,+0,+0,14:07:01 29.03.2020
13054,+25.6,+17,+21.4,+21.2,+21.3,+25.4,+25,+25.2,+25.1,+25,+27,ESTP,0,0,+0,+0,+0.0171,+0,+0.0414,+0,+0,+0,14:08:01 29.03.2020
13055,+25.6,+17,+21.4,+21.2,+21.3,+25.4,+25,+25.2,+25.1,+25,+27,ESTP,0,0,+0,+0,+0.0171,+0,+0.0414,+0,+0,+0,14:09:01 29.03.2020
13056,+25.6,+17,+21.4,+21.2,+21.3,+25.4,+25,+25.2,+25.1,+25,+27,ESTP,0,0,+0,+0,+0.0171,+0,+0.0414,+0,+0,+0,14:10:01 29.03.2020
13057,+25.6,+17,+21.4,+21.2,+21.3,+25.4,+25,+25.2,+25.1,+25,+27,ESTP,0,0,+0,+0,+0.0171,+0,+0.0414,+0,+0,+0,14:11:01 29.03.2020
13058,+25.6,+17,+21.4,+21.2,+21.3,+25.4,+25,+25.2,+25.1,+25,+27,ESTP,0,0,+0,+0,+0.0171,+0,+0.0414,+0,+0,+0,14:12:01 29.03.2020
13059,+25.7,+17,+21.4,+21.2,+21.3,+25.4,+25,+25.2,+25.1,+25,+27,ESTP,0,0,+0,+0,+0.0171,+0,+0.0414,+0,+0,+0,14:13:01 29.03.2020
13060,+25.7,+17,+21.4,+21.2,+21.3,+25.4,+25,+25.2,+25.1,+25,+27,ESTP,0,0,+0,+0,+0.0171,+0,+0.0414,+0,+0,+0,14:14:01 29.03.2020
13061,+25.7,+17,+21.4,+21.2,+21.3,+25.4,+25,+25.2,+25.1,+25,+27,ESTP,0,0,+0,+0,+0.0171,+0,+0.0416,+0,+0,+0,14:15:01 29.03.2020
13062,+25.7,+17,+21.4,+21.2,+21.3,+25.4,+25,+25.2,+25.1,+25,+27,ESTP,0,0,+0,+0,+0.0171,+0,+0.0416,+0,+0,+0,14:16:01 29.03.2020
13063,+25.7,+17,+21.4,+21.2,+21.3,+25.4,+25,+25.2,+25.1,+25,+27,ESTP,0,0,+0,+0,+0.0171,+0,+0.0416,+0,+0,+0,14:17:01 29.03.2020
13064,+25.6,+17,+21.4,+21.2,+21.3,+25.4,+25,+25.2,+25.1,+25,+27,ESTP,0,0,+0,+0,+0.0171,+0,+0.0416,+0,+0,+0,14:18:01 29.03.2020
13065,+25.6,+17,+21.4,+21.2,+21.3,+25.4,+25,+25.2,+25.1,+25,+27,ESTP,0,0,+0,+0,+0.0171,+0,+0.0416,+0,+0,+0,14:19:01 29.03.2020
13066,+25.6,+17,+21.4,+21.2,+21.3,+25.4,+25,+25.2,+25.1,+25,+27,ESTP,0,0,+0,+0,+0.0171,+0,+0.0416,+0,+0,+0,14:20:01 29.03.2020
13067,+25.6,+17,+21.4,+21.2,+21.3,+25.4,+25,+25.2,+25.1,+25,+27,ESTP,0,0,+0,+0,+0.0171,+0,+0.0416,+0,+0,+0,14:21:01 29.03.2020
13068,+25.6,+17,+21.4,+21.2,+21.3,+25.4,+25,+25.2,+25.1,+25,+27,ESTP,0,0,+0,+0,+0.0171,+0,+0.0416,+0,+0,+0,14:22:01 29.03.2020
13069,+25.6,+17,+21.4,+21.2,+21.3,+25.4,+25,+25.2,+25.1,+25,+27,ESTP,0,0,+0,+0,+0.0171,+0,+0.0414,+0,+0,+0,14:23:01 29.03.2020
13070,+25.6,+17,+21.4,+21.2,+21.3,+25.4,+25,+25.2,+25.1,+25,+27,ESTP,0,0,+0,+0,+0.0171,+0,+0.0416,+0,+0,+0,14:24:01 29.03.2020
13071,+25.6,+17.1,+21.4,+21.2,+21.3,+25.4,+25,+25.2,+25.1,+25,+27,ESTP,0,0,+0,+0,+0.0171,+0,+0.0414,+0,+0,+0,14:25:01 29.03.2020
13072,+25.6,+17.1,+21.4,+21.2,+21.3,+25.4,+25,+25.2,+25.1,+25,+27,ESTP,0,0,+0,+0,+0.0171,+0,+0.0414,+0,+0,+0,14:26:01 29.03.2020
13073,+25.6,+17.1,+21.4,+21.2,+21.3,+25.4,+25,+25.2,+25.1,+25,+27,ESTP,0,0,+0,+0,+0.0171,+0,+0.0414,+0,+0,+0,14:27:01 29.03.2020
13074,+25.6,+17.1,+21.4,+21.2,+21.3,+25.4,+25,+25.2,+25.1,+25,+27,ESTP,0,0,+0,+0,+0.0171,+0,+0.0414,+0,+0,+0,14:28:01 29.03.2020
13075,+25.6,+17.1,+21.4,+21.2,+21.3,+25.4,+25,+25.2,+25.1,+25,+27,ESTP,0,0,+0,+0,+0.0171,+0,+0.0414,+0,+0,+0,14:29:01 29.03.2020
13076,+25.6,+17.1,+21.4,+21.2,+21.3,+25.4,+25,+25.2,+25.1,+25,+27,ESTP,0,0,+0,+0,+0.0171,+0,+0.0414,+0,+0,+0,14:30:01 29.03.2020
13077,+25.6,+17.1,+21.4,+21.2,+21.3,+25.4,+25,+25.2,+25.1,+25,+27,ESTP,0,0,+0,+0,+0.0171,+0,+0.0414,+0,+0,+0,14:31:01 29.03.2020
13078,+25.6,+17,+21.4,+21.2,+21.3,+25.4,+25,+25.2,+25.1,+25,+27,ESTP,0,0,+0,+0,+0.0171,+0,+0.0414,+0,+0,+0,14:32:01 29.03.2020
13079,+25.6,+17,+21.4,+21.2,+21.3,+25.4,+25,+25.2,+25.1,+25,+27,ESTP,0,0,+0,+0,+0.0171,+0,+0.0414,+0,+0,+0,14:33:01 29.03.2020
13080,+25.6,+17.1,+21.4,+21.2,+21.3,+25.4,+25,+25.2,+25.1,+25,+27,ESTP,0,0,+0,+0,+0.0171,+0,+0.0414,+0,+0,+0,14:34:01 29.03.2020
13081,+25.6,+17.1,+21.4,+21.2,+21.3,+25.4,+25,+25.2,+25.1,+25,+27,ESTP,0,0,+0,+0,+0.0171,+0,+0.0414,+0,+0,+0,14:35:01 29.03.2020
13082,+25.6,+17.1,+21.4,+21.2,+21.3,+25.4,+25,+25.2,+25.1,+25,+27,ESTP,0,0,+0,+0,+0.0171,+0,+0.0414,+0,+0,+0,14:36:01 29.03.2020
13083,+25.6,+17.1,+21.4,+21.2,+21.3,+25.4,+25,+25.2,+25.1,+25,+27,ESTP,0,0,+0,+0,+0.0171,+0,+0.0414,+0,+0,+0,14:37:01 29.03.2020
13084,+25.7,+17.1,+21.4,+21.2,+21.3,+25.4,+25,+25.2,+25.1,+25,+27,ESTP,0,0,+0,+0,+0.0171,+0,+0.0414,+0,+0,+0,14:38:01 29.03.2020
13085,+25.7,+17.1,+21.4,+21.2,+21.3,+25.4,+25,+25.2,+25.1,+25,+27,ESTP,0,0,+0,+0,+0.0171,+0,+0.0415,+0,+0,+0,14:39:01 29.03.2020
13086,+25.7,+17.1,+21.4,+21.2,+21.3,+25.4,+25,+25.2,+25.1,+25,+27,ESTP,0,0,+0,+0,+0.0171,+0,+0.0416,+0,+0,+0,14:40:01 29.03.2020
13087,+25.7,+17.1,+21.4,+21.2,+21.3,+25.4,+25,+25.2,+25.1,+25,+27,ESTP,0,0,+0,+0,+0.0171,+0,+0.0416,+0,+0,+0,14:41:01 29.03.2020
13088,+25.6,+17.1,+21.4,+21.2,+21.3,+25.4,+25,+25.2,+25.1,+25,+27,ESTP,0,0,+0,+0,+0.0171,+0,+0.0416,+0,+0,+0,14:42:01 29.03.2020
13089,+25.6,+17.1,+21.4,+21.2,+21.3,+25.4,+25,+25.2,+25.1,+25,+27,ESTP,0,0,+0,+0,+0.0171,+0,+0.0416,+0,+0,+0,14:43:01 29.03.2020
13090,+25.6,+17.1,+21.4,+21.2,+21.3,+25.4,+25,+25.2,+25.1,+25,+27,ESTP,0,0,+0,+0,+0.0171,+0,+0.0416,+0,+0,+0,14:44:01 29.03.2020
13091,+25.6,+17.1,+21.4,+21.2,+21.3,+25.4,+25,+25.2,+25.1,+25,+27,ESTP,0,0,+0,+0,+0.0171,+0,+0.0416,+0,+0,+0,14:45:01 29.03.2020
13092,+25.6,+17.1,+21.4,+21.2,+21.3,+25.4,+25,+25.2,+25.1,+25,+27,ESTP,0,0,+0,+0,+0.0171,+0,+0.0416,+0,+0,+0,14:46:01 29.03.2020
13093,+25.6,+17.1,+21.4,+21.2,+21.3,+25.4,+25,+25.2,+25.1,+25,+27,ESTP,0,0,+0,+0,+0.0171,+0,+0.0416,+0,+0,+0,14:47:01 29.03.2020
13094,+25.6,+17.1,+21.4,+21.2,+21.3,+25.4,+25,+25.2,+25.1,+25,+27,ESTP,0,0,+0,+0,+0.0171,+0,+0.0416,+0,+0,+0,14:48:01 29.03.2020
13095,+25.6,+17.1,+21.4,+21.2,+21.3,+25.4,+25,+25.2,+25.1,+25,+27,ESTP,0,0,+0,+0,+0.0171,+0,+0.0416,+0,+0,+0,14:49:01 29.03.2020
13096,+25.6,+17.1,+21.4,+21.2,+21.3,+25.4,+25,+25.2,+25.1,+25,+27,ESTP,0,0,+0,+0,+0.0171,+0,+0.0416,+0,+0,+0,14:50:01 29.03.2020
13097,+25.6,+17.1,+21.4,+21.2,+21.3,+25.4,+25,+25.2,+25.1,+25,+27,ESTP,0,0,+0,+0,+0.0171,+0,+0.0416,+0,+0,+0,14:51:01 29.03.2020
13098,+25.6,+17.1,+21.4,+21.2,+21.3,+25.4,+25,+25.2,+25.1,+25.1,+27,ESTP,0,0,+0,+0,+0.0171,+0,+0.0416,+0,+0,+0,14:52:01 29.03.2020
13099,+25.6,+17.1,+21.4,+21.2,+21.3,+25.4,+25,+25.2,+25.1,+25.1,+27,ESTP,0,0,+0,+0,+0.0171,+0,+0.0416,+0,+0,+0,14:53:01 29.03.2020
13100,+25.6,+17.2,+21.4,+21.2,+21.3,+25.4,+25,+25.2,+25.1,+25.1,+27,ESTP,0,0,+0,+0,+0.0171,+0,+0.0416,+0,+0,+0,14:54:01 29.03.2020
13101,+25.6,+17.2,+21.4,+21.2,+21.3,+25.4,+25,+25.2,+25.1,+25.1,+27,ESTP,0,0,+0,+0,+0.0171,+0,+0.0416,+0,+0,+0,14:55:01 29.03.2020
13102,+25.6,+17.2,+21.4,+21.2,+21.3,+25.4,+25,+25.2,+25.1,+25.1,+27,ESTP,0,0,+0,+0,+0.0171,+0,+0.0416,+0,+0,+0,14:56:01 29.03.2020
13103,+25.6,+17.2,+21.4,+21.2,+21.3,+25.4,+25,+25.2,+25.1,+25,+27,ESTP,0,0,+0,+0,+0.0171,+0,+0.0416,+0,+0,+0,14:57:01 29.03.2020
13104,+25.6,+17.2,+21.4,+21.2,+21.3,+25.4,+25,+25.2,+25.1,+25.1,+27,ESTP,0,0,+0,+0,+0.0171,+0,+0.0416,+0,+0,+0,14:58:01 29.03.2020
13105,+25.6,+17.2,+21.4,+21.2,+21.3,+25.4,+25,+25.2,+25.1,+25,+27,ESTP,0,0,+0,+0,+0.0171,+0,+0.0416,+0,+0,+0,14:59:01 29.03.2020
13106,+25.6,+17.2,+21.4,+21.2,+21.3,+25.4,+25,+25.2,+25.1,+25.1,+27,ESTP,0,0,+0,+0,+0.0171,+0,+0.0416,+0,+0,+0,15:00:01 29.03.2020
13107,+25.6,+17.2,+21.4,+21.2,+21.3,+25.4,+25,+25.2,+25.1,+25,+27,ESTP,0,0,+0,+0,+0.0171,+0,+0.0415,+0,+0,+0,15:01:01 29.03.2020
13108,+25.6,+17.2,+21.4,+21.2,+21.3,+25.4,+25,+25.2,+25.1,+25.1,+27,ESTP,0,0,+0,+0,+0.0171,+0,+0.0416,+0,+0,+0,15:02:01 29.03.2020
13109,+25.6,+17.2,+21.4,+21.2,+21.3,+25.4,+25,+25.2,+25.1,+25.1,+27,ESTP,0,0,+0,+0,+0.0171,+0,+0.0414,+0,+0,+0,15:03:01 29.03.2020
13110,+25.6,+17.2,+21.4,+21.2,+21.3,+25.4,+25,+25.2,+25.1,+25,+27,ESTP,0,0,+0,+0,+0.0171,+0,+0.0414,+0,+0,+0,15:04:01 29.03.2020
13111,+25.6,+17.2,+21.4,+21.2,+21.3,+25.4,+25,+25.2,+25.1,+25.1,+27,ESTP,0,0,+0,+0,+0.0171,+0,+0.0414,+0,+0,+0,15:05:01 29.03.2020
13112,+25.6,+17.2,+21.4,+21.2,+21.3,+25.4,+25,+25.2,+25.1,+25,+27,ESTP,0,0,+0,+0,+0.0171,+0,+0.0414,+0,+0,+0,15:06:01 29.03.2020
13113,+25.6,+17.2,+21.4,+21.2,+21.3,+25.4,+25,+25.2,+25.1,+25.1,+27,ESTP,0,0,+0,+0,+0.0171,+0,+0.0414,+0,+0,+0,15:07:01 29.03.2020
13114,+25.6,+17.2,+21.4,+21.2,+21.3,+25.4,+25,+25.2,+25.1,+25,+27,ESTP,0,0,+0,+0,+0.0171,+0,+0.0414,+0,+0,+0,15:08:01 29.03.2020
13115,+25.6,+17.2,+21.4,+21.2,+21.3,+25.4,+25,+25.2,+25.1,+25,+27,ESTP,0,0,+0,+0,+0.0171,+0,+0.0414,+0,+0,+0,15:09:01 29.03.2020
13116,+25.6,+17.2,+21.4,+21.2,+21.3,+25.4,+25,+25.2,+25.1,+25,+27,ESTP,0,0,+0,+0,+0.0171,+0,+0.0414,+0,+0,+0,15:10:01 29.03.2020
13117,+25.6,+17.2,+21.4,+21.2,+21.3,+25.4,+25,+25.2,+25.1,+25,+27,ESTP,0,0,+0,+0,+0.0171,+0,+0.0414,+0,+0,+0,15:11:01 29.03.2020
13118,+25.6,+17.2,+21.4,+21.2,+21.3,+25.4,+25,+25.2,+25.1,+25,+27,ESTP,0,0,+0,+0,+0.0171,+0,+0.0414,+0,+0,+0,15:12:01 29.03.2020
13119,+25.6,+17.2,+21.4,+21.2,+21.3,+25.4,+25,+25.2,+25.1,+25,+27,ESTP,0,0,+0,+0,+0.0171,+0,+0.0414,+0,+0,+0,15:13:01 29.03.2020
13120,+25.6,+17.2,+21.4,+21.2,+21.3,+25.4,+25,+25.2,+25.1,+25,+27,ESTP,0,0,+0,+0,+0.0171,+0,+0.0414,+0,+0,+0,15:14:01 29.03.2020
13121,+25.6,+17.2,+21.4,+21.2,+21.3,+25.4,+25,+25.2,+25.1,+25,+27,ESTP,0,0,+0,+0,+0.0171,+0,+0.0414,+0,+0,+0,15:15:01 29.03.2020
13122,+25.6,+17.2,+21.4,+21.2,+21.3,+25.4,+25,+25.2,+25.1,+25,+27,ESTP,0,0,+0,+0,+0.0171,+0,+0.0414,+0,+0,+0,15:16:01 29.03.2020
13123,+25.6,+17.2,+21.4,+21.2,+21.3,+25.4,+25,+25.2,+25.1,+25,+27,ESTP,0,0,+0,+0,+0.0171,+0,+0.0414,+0,+0,+0,15:17:01 29.03.2020
13124,+25.6,+17.2,+21.4,+21.3,+21.3,+25.4,+25,+25.2,+25.1,+25,+27,ESTP,0,0,+0,+0,+0.0171,+0,+0.0414,+0,+0,+0,15:18:01 29.03.2020
13125,+25.6,+17.2,+21.4,+21.2,+21.3,+25.4,+25,+25.2,+25.1,+25,+27,ESTP,0,0,+0,+0,+0.0171,+0,+0.0414,+0,+0,+0,15:19:01 29.03.2020
13126,+25.6,+17.3,+21.4,+21.2,+21.3,+25.4,+25,+25.2,+25.1,+25,+27,ESTP,0,0,+0,+0,+0.0171,+0,+0.0414,+0,+0,+0,15:20:01 29.03.2020
13127,+25.6,+17.3,+21.4,+21.2,+21.3,+25.3,+25,+25.2,+25.1,+25,+27,ESTP,0,0,+0,+0,+0.0171,+0,+0.0414,+0,+0,+0,15:21:01 29.03.2020
13128,+25.6,+17.3,+21.4,+21.3,+21.3,+25.3,+25,+25.2,+25.1,+25,+27,ESTP,0,0,+0,+0,+0.0171,+0,+0.0414,+0,+0,+0,15:22:01 29.03.2020
13129,+25.6,+17.3,+21.4,+21.3,+21.3,+25.4,+25,+25.2,+25.1,+25,+27,ESTP,0,0,+0,+0,+0.0171,+0,+0.0414,+0,+0,+0,15:23:01 29.03.2020
13130,+25.6,+17.3,+21.4,+21.3,+21.3,+25.3,+25,+25.2,+25.1,+25,+27,ESTP,0,0,+0,+0,+0.0171,+0,+0.0414,+0,+0,+0,15:24:01 29.03.2020
13131,+25.6,+17.3,+21.4,+21.3,+21.3,+25.3,+25,+25.2,+25.1,+25,+27,ESTP,0,0,+0,+0,+0.0171,+0,+0.0414,+0,+0,+0,15:25:01 29.03.2020
13132,+25.6,+17.3,+21.4,+21.3,+21.3,+25.3,+25,+25.2,+25.1,+25,+27,ESTP,0,0,+0,+0,+0.0171,+0,+0.0414,+0,+0,+0,15:26:01 29.03.2020
13133,+25.6,+17.3,+21.4,+21.3,+21.3,+25.3,+25,+25.2,+25.1,+25,+27,ESTP,0,0,+0,+0,+0.0171,+0,+0.0414,+0,+0,+0,15:27:01 29.03.2020
13134,+25.6,+17.3,+21.4,+21.3,+21.3,+25.3,+25,+25.2,+25.1,+25,+27,ESTP,0,0,+0,+0,+0.0171,+0,+0.0414,+0,+0,+0,15:28:01 29.03.2020
13135,+25.6,+17.3,+21.4,+21.3,+21.3,+25.3,+25,+25.2,+25.1,+25,+27,ESTP,0,0,+0,+0,+0.0171,+0,+0.0414,+0,+0,+0,15:29:01 29.03.2020
13136,+25.6,+17.3,+21.4,+21.3,+21.3,+25.3,+25,+25.2,+25.1,+25,+27,ESTP,0,0,+0,+0,+0.0171,+0,+0.0414,+0,+0,+0,15:30:01 29.03.2020
13137,+25.6,+17.3,+21.4,+21.3,+21.3,+25.3,+25,+25.2,+25.1,+25,+27,ESTP,0,0,+0,+0,+0.0171,+0,+0.0414,+0,+0,+0,15:31:01 29.03.2020
13138,+25.6,+17.2,+21.4,+21.3,+21.3,+25.3,+25,+25.2,+25.1,+25,+27,ESTP,0,0,+0,+0,+0.0171,+0,+0.0414,+0,+0,+0,15:32:01 29.03.2020
13139,+25.6,+17.2,+21.4,+21.3,+21.3,+25.3,+25,+25.2,+25.1,+25,+27,ESTP,0,0,+0,+0,+0.0171,+0,+0.0414,+0,+0,+0,15:33:01 29.03.2020
13140,+25.6,+17.3,+21.4,+21.3,+21.3,+25.3,+25,+25.2,+25.1,+25,+27,ESTP,0,0,+0,+0,+0.0171,+0,+0.0414,+0,+0,+0,15:34:01 29.03.2020
13141,+25.5,+17.3,+21.4,+21.3,+21.3,+25.3,+25,+25.2,+25.1,+25,+27,ESTP,0,0,+0,+0,+0.0171,+0,+0.0414,+0,+0,+0,15:35:01 29.03.2020
13142,+25.5,+17.3,+21.4,+21.3,+21.3,+25.3,+25,+25.2,+25.1,+25,+27,ESTP,0,0,+0,+0,+0.0171,+0,+0.0414,+0,+0,+0,15:36:01 29.03.2020
13143,+25.5,+17.3,+21.4,+21.3,+21.3,+25.3,+25,+25.2,+25.1,+25,+27,ESTP,0,0,+0,+0,+0.0171,+0,+0.0414,+0,+0,+0,15:37:01 29.03.2020
13144,+25.5,+17.3,+21.4,+21.3,+21.3,+25.3,+25,+25.2,+25.1,+25,+27,ESTP,0,0,+0,+0,+0.0171,+0,+0.0414,+0,+0,+0,15:38:01 29.03.2020
13145,+25.5,+17.3,+21.4,+21.3,+21.3,+25.3,+25,+25.2,+25.1,+25,+27,ESTP,0,0,+0,+0,+0.0171,+0,+0.0414,+0,+0,+0,15:39:01 29.03.2020
13146,+25.5,+17.3,+21.4,+21.3,+21.3,+25.3,+25,+25.2,+25.1,+25,+27,ESTP,0,0,+0,+0,+0.0171,+0,+0.0414,+0,+0,+0,15:40:01 29.03.2020
13147,+25.5,+17.3,+21.4,+21.3,+21.3,+25.3,+25,+25.2,+25.1,+25,+27,ESTP,0,0,+0,+0,+0.0171,+0,+0.0414,+0,+0,+0,15:41:01 29.03.2020
13148,+25.5,+17.3,+21.4,+21.3,+21.3,+25.3,+25,+25.2,+25.1,+25,+27,ESTP,0,0,+0,+0,+0.0171,+0,+0.0414,+0,+0,+0,15:42:01 29.03.2020
13149,+25.5,+17.3,+21.4,+21.3,+21.3,+25.3,+25,+25.2,+25.1,+25,+27,ESTP,0,0,+0,+0,+0.0171,+0,+0.0414,+0,+0,+0,15:43:01 29.03.2020
13150,+25.5,+17.3,+21.4,+21.3,+21.3,+25.3,+25,+25.2,+25.1,+25,+27,ESTP,0,0,+0,+0,+0.0171,+0,+0.0414,+0,+0,+0,15:44:01 29.03.2020
13151,+25.5,+17.4,+21.4,+21.3,+21.3,+25.3,+25,+25.2,+25.1,+25,+27,ESTP,0,0,+0,+0,+0.0171,+0,+0.0414,+0,+0,+0,15:45:01 29.03.2020
13152,+25.5,+17.4,+21.4,+21.3,+21.3,+25.3,+25,+25.2,+25.1,+25,+27,ESTP,0,0,+0,+0,+0.0171,+0,+0.0414,+0,+0,+0,15:46:01 29.03.2020
13153,+25.5,+17.4,+21.4,+21.3,+21.3,+25.3,+25,+25.2,+25.1,+25,+27,ESTP,0,0,+0,+0,+0.0171,+0,+0.0414,+0,+0,+0,15:47:01 29.03.2020
13154,+25.5,+17.4,+21.4,+21.3,+21.3,+25.3,+25,+25.2,+25.1,+25,+27,ESTP,0,0,+0,+0,+0.0171,+0,+0.0414,+0,+0,+0,15:48:01 29.03.2020
13155,+25.5,+17.4,+21.4,+21.3,+21.3,+25.3,+25,+25.2,+25.1,+25,+27,ESTP,0,0,+0,+0,+0.0171,+0,+0.0414,+0,+0,+0,15:49:01 29.03.2020
13156,+25.5,+17.4,+21.4,+21.3,+21.3,+25.3,+25,+25.2,+25.1,+25,+27,ESTP,0,0,+0,+0,+0.0171,+0,+0.0414,+0,+0,+0,15:50:01 29.03.2020
13157,+25.5,+17.4,+21.4,+21.3,+21.4,+25.3,+25,+25.2,+25.1,+25,+27,ESTP,0,0,+0,+0,+0.0171,+0,+0.0414,+0,+0,+0,15:51:01 29.03.2020
13158,+25.5,+17.4,+21.4,+21.3,+21.4,+25.3,+25,+25.2,+25.1,+25,+27,ESTP,0,0,+0,+0,+0.0171,+0,+0.0414,+0,+0,+0,15:52:01 29.03.2020
13159,+25.5,+17.4,+21.4,+21.3,+21.4,+25.3,+25,+25.2,+25.1,+25,+27,ESTP,0,0,+0,+0,+0.0171,+0,+0.0414,+0,+0,+0,15:53:01 29.03.2020
13160,+25.5,+17.4,+21.4,+21.3,+21.4,+25.3,+25,+25.2,+25.1,+25,+27,ESTP,0,0,+0,+0,+0.0171,+0,+0.0414,+0,+0,+0,15:54:01 29.03.2020
13161,+25.5,+17.4,+21.4,+21.3,+21.4,+25.3,+25,+25.2,+25.1,+25,+27,ESTP,0,0,+0,+0,+0.0171,+0,+0.0414,+0,+0,+0,15:55:01 29.03.2020
13162,+25.5,+17.4,+21.4,+21.3,+21.4,+25.3,+25,+25.2,+25.1,+25,+27,ESTP,0,0,+0,+0,+0.0171,+0,+0.0414,+0,+0,+0,15:56:01 29.03.2020
13163,+25.5,+17.4,+21.4,+21.3,+21.4,+25.3,+25,+25.2,+25.1,+25,+27,ESTP,0,0,+0,+0,+0.0171,+0,+0.0414,+0,+0,+0,15:57:01 29.03.2020
13164,+25.5,+17.4,+21.4,+21.3,+21.3,+25.3,+25,+25.2,+25.1,+25,+27,ESTP,0,0,+0,+0,+0.0171,+0,+0.0414,+0,+0,+0,15:58:01 29.03.2020
13165,+25.5,+17.4,+21.4,+21.3,+21.4,+25.3,+25,+25.2,+25.1,+25,+27,ESTP,0,0,+0,+0,+0.0171,+0,+0.0414,+0,+0,+0,15:59:01 29.03.2020
13166,+25.5,+17.4,+21.4,+21.3,+21.4,+25.3,+25,+25.2,+25.1,+25,+27,ESTP,0,0,+0,+0,+0.0171,+0,+0.0414,+0,+0,+0,16:00:01 29.03.2020
13167,+25.5,+17.4,+21.4,+21.3,+21.4,+25.3,+25,+25.2,+25.1,+25,+27,ESTP,0,0,+0,+0,+0.0171,+0,+0.0414,+0,+0,+0,16:01:01 29.03.2020
13168,+25.5,+17.4,+21.4,+21.3,+21.4,+25.3,+25,+25.2,+25.1,+25,+27,ESTP,0,0,+0,+0,+0.0171,+0,+0.0414,+0,+0,+0,16:02:01 29.03.2020
13169,+25.5,+17.4,+21.4,+21.3,+21.4,+25.3,+25,+25.2,+25.1,+25,+27,ESTP,0,0,+0,+0,+0.0171,+0,+0.0414,+0,+0,+0,16:03:01 29.03.2020
13170,+25.5,+17.4,+21.4,+21.3,+21.4,+25.3,+25,+25.2,+25.1,+25,+27,ESTP,0,0,+0,+0,+0.0171,+0,+0.0414,+0,+0,+0,16:04:01 29.03.2020
13171,+25.5,+17.4,+21.4,+21.3,+21.4,+25.3,+25,+25.2,+25.1,+25,+27,ESTP,0,0,+0,+0,+0.0171,+0,+0.0414,+0,+0,+0,16:05:01 29.03.2020
13172,+25.5,+17.4,+21.4,+21.3,+21.4,+25.3,+25,+25.2,+25.1,+25,+27,ESTP,0,0,+0,+0,+0.0171,+0,+0.0414,+0,+0,+0,16:06:01 29.03.2020
13173,+25.5,+17.4,+21.4,+21.3,+21.4,+25.3,+25,+25.2,+25.1,+25,+27,ESTP,0,0,+0,+0,+0.0171,+0,+0.0414,+0,+0,+0,16:07:01 29.03.2020
13174,+25.5,+17.4,+21.4,+21.3,+21.4,+25.3,+25,+25.2,+25.1,+25,+27,ESTP,0,0,+0,+0,+0.0171,+0,+0.0414,+0,+0,+0,16:08:01 29.03.2020
13175,+25.5,+17.4,+21.4,+21.3,+21.4,+25.3,+25,+25.2,+25.1,+25,+27,ESTP,0,0,+0,+0,+0.0171,+0,+0.0414,+0,+0,+0,16:09:01 29.03.2020
13176,+25.5,+17.4,+21.4,+21.3,+21.4,+25.3,+25,+25.2,+25.1,+25,+27,ESTP,0,0,+0,+0,+0.0171,+0,+0.0414,+0,+0,+0,16:10:01 29.03.2020
13177,+25.5,+17.4,+21.4,+21.3,+21.4,+25.3,+25,+25.2,+25.1,+25,+27,ESTP,0,0,+0,+0,+0.0171,+0,+0.0414,+0,+0,+0,16:11:01 29.03.2020
13178,+25.5,+17.4,+21.4,+21.3,+21.4,+25.3,+25,+25.2,+25.1,+25,+27,ESTP,0,0,+0,+0,+0.0171,+0,+0.0414,+0,+0,+0,16:12:01 29.03.2020
13179,+25.5,+17.4,+21.4,+21.3,+21.4,+25.3,+25,+25.2,+25.1,+25,+27,ESTP,0,0,+0,+0,+0.0171,+0,+0.0414,+0,+0,+0,16:13:01 29.03.2020
13180,+25.4,+17.4,+21.4,+21.3,+21.4,+25.3,+25,+25.2,+25.1,+25,+27,ESTP,0,0,+0,+0,+0.0171,+0,+0.0414,+0,+0,+0,16:14:01 29.03.2020
13181,+25.5,+17.5,+21.4,+21.3,+21.4,+25.3,+25,+25.2,+25.1,+25,+27,ESTP,0,0,+0,+0,+0.0171,+0,+0.0414,+0,+0,+0,16:15:01 29.03.2020
13182,+25.4,+17.5,+21.4,+21.3,+21.4,+25.3,+25,+25.2,+25.1,+25,+27,ESTP,0,0,+0,+0,+0.0171,+0,+0.0414,+0,+0,+0,16:16:01 29.03.2020
13183,+25.4,+17.5,+21.4,+21.3,+21.4,+25.3,+25,+25.2,+25.1,+25,+27,ESTP,0,0,+0,+0,+0.0171,+0,+0.0414,+0,+0,+0,16:17:01 29.03.2020
13184,+25.4,+17.5,+21.4,+21.3,+21.4,+25.3,+25,+25.2,+25.1,+25,+27,ESTP,0,0,+0,+0,+0.0171,+0,+0.0414,+0,+0,+0,16:18:01 29.03.2020
13185,+25.4,+17.5,+21.4,+21.3,+21.4,+25.3,+25,+25.2,+25.1,+25,+27,ESTP,0,0,+0,+0,+0.0171,+0,+0.0414,+0,+0,+0,16:19:01 29.03.2020
13186,+25.4,+17.5,+21.4,+21.3,+21.4,+25.3,+25,+25.2,+25.1,+25,+27,ESTP,0,0,+0,+0,+0.0171,+0,+0.0414,+0,+0,+0,16:20:01 29.03.2020
13187,+25.4,+17.5,+21.4,+21.3,+21.4,+25.3,+25,+25.2,+25.1,+25,+27,ESTP,0,0,+0,+0,+0.0171,+0,+0.0414,+0,+0,+0,16:21:01 29.03.2020
13188,+25.4,+17.5,+21.4,+21.3,+21.4,+25.3,+25,+25.2,+25.1,+25,+27,ESTP,0,0,+0,+0,+0.0171,+0,+0.0414,+0,+0,+0,16:22:01 29.03.2020
13189,+25.4,+17.5,+21.4,+21.3,+21.4,+25.3,+25,+25.2,+25.1,+25,+27,ESTP,0,0,+0,+0,+0.0171,+0,+0.0414,+0,+0,+0,16:23:01 29.03.2020
13190,+25.4,+17.5,+21.4,+21.3,+21.4,+25.3,+25,+25.2,+25.1,+25,+27,ESTP,0,0,+0,+0,+0.0171,+0,+0.0414,+0,+0,+0,16:24:01 29.03.2020
13191,+25.4,+17.5,+21.4,+21.3,+21.4,+25.3,+25,+25.2,+25.1,+25,+27,ESTP,0,0,+0,+0,+0.0171,+0,+0.0414,+0,+0,+0,16:25:01 29.03.2020
13192,+25.4,+17.5,+21.4,+21.3,+21.4,+25.3,+25,+25.2,+25.1,+25,+27,ESTP,0,0,+0,+0,+0.0171,+0,+0.0414,+0,+0,+0,16:26:01 29.03.2020
13193,+25.4,+17.5,+21.4,+21.3,+21.4,+25.3,+25,+25.2,+25.1,+25,+27,ESTP,0,0,+0,+0,+0.0171,+0,+0.0414,+0,+0,+0,16:27:01 29.03.2020
13194,+25.4,+17.5,+21.4,+21.3,+21.4,+25.3,+25,+25.2,+25.1,+25,+27,ESTP,0,0,+0,+0,+0.0171,+0,+0.0414,+0,+0,+0,16:28:01 29.03.2020
13195,+25.4,+17.5,+21.4,+21.3,+21.4,+25.3,+25,+25.2,+25.1,+25,+27,ESTP,0,0,+0,+0,+0.0171,+0,+0.0414,+0,+0,+0,16:29:01 29.03.2020
13196,+25.4,+17.5,+21.4,+21.3,+21.4,+25.3,+25,+25.2,+25.1,+25,+27,ESTP,0,0,+0,+0,+0.0171,+0,+0.0414,+0,+0,+0,16:30:01 29.03.2020
13197,+25.4,+17.5,+21.4,+21.3,+21.4,+25.3,+25,+25.2,+25.1,+25,+27,ESTP,0,0,+0,+0,+0.0171,+0,+0.0414,+0,+0,+0,16:31:01 29.03.2020
13198,+25.4,+17.5,+21.4,+21.3,+21.4,+25.3,+25,+25.2,+25.1,+25,+27,ESTP,0,0,+0,+0,+0.0171,+0,+0.0414,+0,+0,+0,16:32:01 29.03.2020
13199,+25.4,+17.5,+21.4,+21.3,+21.4,+25.3,+25,+25.2,+25.1,+25,+27,ESTP,0,0,+0,+0,+0.0171,+0,+0.0414,+0,+0,+0,16:33:01 29.03.2020
13200,+25.4,+17.5,+21.4,+21.3,+21.4,+25.3,+25,+25.2,+25.1,+25,+27,ESTP,0,0,+0,+0,+0.0171,+0,+0.0414,+0,+0,+0,16:34:01 29.03.2020
13201,+25.4,+17.5,+21.4,+21.3,+21.4,+25.3,+25,+25.2,+25.1,+25,+27,ESTP,0,0,+0,+0,+0.0171,+0,+0.0414,+0,+0,+0,16:35:01 29.03.2020
13202,+25.4,+17.5,+21.4,+21.3,+21.4,+25.3,+25,+25.2,+25.1,+25,+27,ESTP,0,0,+0,+0,+0.0171,+0,+0.0414,+0,+0,+0,16:36:01 29.03.2020
13203,+25.4,+17.5,+21.4,+21.3,+21.4,+25.2,+25,+25.2,+25.1,+25,+27,ESTP,0,0,+0,+0,+0.0171,+0,+0.0414,+0,+0,+0,16:37:01 29.03.2020
13204,+25.4,+17.5,+21.4,+21.3,+21.4,+25.3,+25,+25.2,+25.1,+25,+27,ESTP,0,0,+0,+0,+0.0171,+0,+0.0414,+0,+0,+0,16:38:01 29.03.2020
13205,+25.4,+17.5,+21.4,+21.3,+21.4,+25.3,+25,+25.2,+25.1,+25,+27,ESTP,0,0,+0,+0,+0.0171,+0,+0.0414,+0,+0,+0,16:39:01 29.03.2020
13206,+25.4,+17.6,+21.4,+21.3,+21.4,+25.3,+25,+25.2,+25.1,+25,+27,ESTP,0,0,+0,+0,+0.0171,+0,+0.0414,+0,+0,+0,16:40:01 29.03.2020
13207,+25.4,+17.6,+21.4,+21.3,+21.4,+25.3,+25,+25.2,+25.1,+25,+27,ESTP,0,0,+0,+0,+0.0171,+0,+0.0414,+0,+0,+0,16:41:01 29.03.2020
13208,+25.4,+17.6,+21.4,+21.3,+21.4,+25.3,+25,+25.2,+25.1,+25,+27,ESTP,0,0,+0,+0,+0.0171,+0,+0.0414,+0,+0,+0,16:42:01 29.03.2020
13209,+25.4,+17.6,+21.4,+21.3,+21.4,+25.3,+25,+25.2,+25.1,+25,+27,ESTP,0,0,+0,+0,+0.0171,+0,+0.0414,+0,+0,+0,16:43:01 29.03.2020
13210,+25.4,+17.6,+21.4,+21.3,+21.4,+25.3,+25,+25.2,+25.1,+25,+27,ESTP,0,0,+0,+0,+0.0171,+0,+0.0414,+0,+0,+0,16:44:01 29.03.2020
13211,+25.4,+17.6,+21.4,+21.3,+21.4,+25.2,+25,+25.2,+25.1,+25,+27,ESTP,0,0,+0,+0,+0.0171,+0,+0.0414,+0,+0,+0,16:45:01 29.03.2020
13212,+25.4,+17.6,+21.4,+21.3,+21.4,+25.2,+25,+25.2,+25.1,+25,+27,ESTP,0,0,+0,+0,+0.0171,+0,+0.0414,+0,+0,+0,16:46:01 29.03.2020
13213,+25.4,+17.6,+21.4,+21.3,+21.4,+25.2,+25,+25.2,+25.1,+25,+27,ESTP,0,0,+0,+0,+0.0171,+0,+0.0414,+0,+0,+0,16:47:01 29.03.2020
13214,+25.4,+17.6,+21.4,+21.3,+21.4,+25.2,+25,+25.2,+25.1,+25,+27,ESTP,0,0,+0,+0,+0.0171,+0,+0.0414,+0,+0,+0,16:48:01 29.03.2020
13215,+25.4,+17.6,+21.4,+21.3,+21.4,+25.2,+25,+25.2,+25.1,+25,+27,ESTP,0,0,+0,+0,+0.0171,+0,+0.0414,+0,+0,+0,16:49:01 29.03.2020
13216,+25.4,+17.6,+21.4,+21.3,+21.4,+25.2,+25,+25.2,+25.1,+25,+27,ESTP,0,0,+0,+0,+0.0171,+0,+0.0414,+0,+0,+0,16:50:01 29.03.2020
13217,+25.4,+17.6,+21.4,+21.3,+21.4,+25.2,+25,+25.2,+25.1,+25,+27,ESTP,0,0,+0,+0,+0.0171,+0,+0.0414,+0,+0,+0,16:51:01 29.03.2020
13218,+25.4,+17.6,+21.4,+21.3,+21.4,+25.2,+25,+25.2,+25.1,+25,+27,ESTP,0,0,+0,+0,+0.0171,+0,+0.0414,+0,+0,+0,16:52:01 29.03.2020
13219,+25.4,+17.6,+21.4,+21.3,+21.4,+25.2,+25,+25.2,+25.1,+25,+27,ESTP,0,0,+0,+0,+0.0171,+0,+0.0414,+0,+0,+0,16:53:01 29.03.2020
13220,+25.4,+17.6,+21.4,+21.3,+21.4,+25.2,+25,+25.2,+25.1,+25,+27,ESTP,0,0,+0,+0,+0.0171,+0,+0.0414,+0,+0,+0,16:54:01 29.03.2020
13221,+25.4,+17.6,+21.4,+21.3,+21.4,+25.2,+25,+25.2,+25.1,+25,+27,ESTP,0,0,+0,+0,+0.0171,+0,+0.0414,+0,+0,+0,16:55:01 29.03.2020
13222,+25.4,+17.6,+21.4,+21.3,+21.4,+25.2,+25,+25.2,+25.1,+25,+27,ESTP,0,0,+0,+0,+0.0171,+0,+0.0414,+0,+0,+0,16:56:01 29.03.2020
13223,+25.4,+17.6,+21.4,+21.3,+21.4,+25.2,+25,+25.2,+25.1,+25,+27,ESTP,0,0,+0,+0,+0.0171,+0,+0.0414,+0,+0,+0,16:57:01 29.03.2020
13224,+25.4,+17.6,+21.4,+21.3,+21.4,+25.2,+25,+25.2,+25.1,+25,+27,ESTP,0,0,+0,+0,+0.0171,+0,+0.0414,+0,+0,+0,16:58:01 29.03.2020
13225,+25.4,+17.6,+21.4,+21.3,+21.4,+25.2,+25,+25.2,+25.1,+25,+27,ESTP,0,0,+0,+0,+0.0171,+0,+0.0414,+0,+0,+0,16:59:01 29.03.2020
13226,+25.4,+17.6,+21.4,+21.3,+21.4,+25.2,+25,+25.2,+25.1,+25,+27,ESTP,0,0,+0,+0,+0.0171,+0,+0.0414,+0,+0,+0,17:00:01 29.03.2020
13227,+25.4,+17.6,+21.4,+21.3,+21.4,+25.2,+25,+25.2,+25.1,+25,+27,ESTP,0,0,+0,+0,+0.0171,+0,+0.0414,+0,+0,+0,17:01:01 29.03.2020
13228,+25.4,+17.6,+21.4,+21.3,+21.4,+25.2,+25,+25.2,+25.1,+25,+27,ESTP,0,0,+0,+0,+0.0171,+0,+0.0414,+0,+0,+0,17:02:01 29.03.2020
13229,+25.4,+17.6,+21.4,+21.3,+21.4,+25.2,+25,+25.2,+25.1,+25,+27,ESTP,0,0,+0,+0,+0.0171,+0,+0.0414,+0,+0,+0,17:03:01 29.03.2020
13230,+25.4,+17.6,+21.4,+21.3,+21.4,+25.2,+25,+25.2,+25.1,+25,+27,ESTP,0,0,+0,+0,+0.0171,+0,+0.0414,+0,+0,+0,17:04:01 29.03.2020
13231,+25.4,+17.7,+21.4,+21.3,+21.4,+25.2,+25,+25.2,+25.1,+25,+27,ESTP,0,0,+0,+0,+0.0171,+0,+0.0414,+0,+0,+0,17:05:01 29.03.2020
13232,+25.4,+17.7,+21.4,+21.3,+21.4,+25.2,+25,+25.2,+25.1,+25,+27,ESTP,0,0,+0,+0,+0.0171,+0,+0.0414,+0,+0,+0,17:06:01 29.03.2020
13233,+25.4,+17.7,+21.4,+21.3,+21.4,+25.2,+25,+25.2,+25.1,+25,+27,ESTP,0,0,+0,+0,+0.0171,+0,+0.0414,+0,+0,+0,17:07:01 29.03.2020
13234,+25.5,+17.7,+21.4,+21.3,+21.4,+25.2,+25,+25.2,+25.1,+25,+27,ESTP,0,0,+0,+0,+0.0171,+0,+0.0414,+0,+0,+0,17:08:01 29.03.2020
13235,+25.4,+17.7,+21.4,+21.3,+21.4,+25.3,+25,+25.2,+25.1,+25,+27,ESTP,0,0,+0,+0,+0.0171,+0,+0.0414,+0,+0,+0,17:09:01 29.03.2020
13236,+25.4,+17.7,+21.4,+21.3,+21.4,+25.3,+25,+25.2,+25.1,+25,+27,ESTP,0,0,+0,+0,+0.0171,+0,+0.0414,+0,+0,+0,17:10:01 29.03.2020
13237,+25.4,+17.7,+21.4,+21.3,+21.4,+25.3,+25,+25.2,+25.1,+25,+27,ESTP,0,0,+0,+0,+0.0171,+0,+0.0414,+0,+0,+0,17:11:01 29.03.2020
13238,+25.4,+17.7,+21.4,+21.3,+21.4,+25.3,+25,+25.2,+25.1,+25,+27,ESTP,0,0,+0,+0,+0.0171,+0,+0.0414,+0,+0,+0,17:12:01 29.03.2020
13239,+25.4,+17.7,+21.4,+21.3,+21.4,+25.3,+25,+25.2,+25.1,+25,+27,ESTP,0,0,+0,+0,+0.0171,+0,+0.0414,+0,+0,+0,17:13:01 29.03.2020
13240,+25.4,+17.7,+21.4,+21.3,+21.4,+25.2,+25,+25.2,+25.1,+25,+27,ESTP,0,0,+0,+0,+0.0171,+0,+0.0414,+0,+0,+0,17:14:01 29.03.2020
13241,+25.4,+17.7,+21.4,+21.3,+21.4,+25.3,+25,+25.2,+25.1,+25,+27,ESTP,0,0,+0,+0,+0.0171,+0,+0.0414,+0,+0,+0,17:15:01 29.03.2020
13242,+25.4,+17.7,+21.4,+21.3,+21.4,+25.3,+25,+25.2,+25.1,+25,+27,ESTP,0,0,+0,+0,+0.0171,+0,+0.0414,+0,+0,+0,17:16:01 29.03.2020
13243,+25.4,+17.7,+21.4,+21.3,+21.4,+25.3,+25,+25.2,+25.1,+25,+27,ESTP,0,0,+0,+0,+0.0171,+0,+0.0414,+0,+0,+0,17:17:01 29.03.2020
13244,+25.4,+17.7,+21.4,+21.3,+21.4,+25.2,+25,+25.2,+25.1,+25,+27,ESTP,0,0,+0,+0,+0.0171,+0,+0.0414,+0,+0,+0,17:18:01 29.03.2020
13245,+25.4,+17.7,+21.4,+21.3,+21.4,+25.3,+25,+25.2,+25.1,+25,+27,ESTP,0,0,+0,+0,+0.0171,+0,+0.0414,+0,+0,+0,17:19:01 29.03.2020
13246,+25.4,+17.7,+21.4,+21.3,+21.4,+25.2,+25,+25.2,+25.1,+25,+27,ESTP,0,0,+0,+0,+0.0171,+0,+0.0414,+0,+0,+0,17:20:01 29.03.2020
13247,+25.4,+17.7,+21.4,+21.3,+21.4,+25.2,+25,+25.2,+25.1,+25,+27,ESTP,0,0,+0,+0,+0.0171,+0,+0.0414,+0,+0,+0,17:21:01 29.03.2020
13248,+25.4,+17.7,+21.4,+21.3,+21.4,+25.2,+25,+25.2,+25.1,+25,+27,ESTP,0,0,+0,+0,+0.0171,+0,+0.0414,+0,+0,+0,17:22:01 29.03.2020
13249,+25.4,+17.7,+21.4,+21.3,+21.4,+25.2,+25,+25.2,+25.1,+25,+27,ESTP,0,0,+0,+0,+0.0171,+0,+0.0414,+0,+0,+0,17:23:01 29.03.2020
13250,+25.4,+17.7,+21.4,+21.3,+21.4,+25.2,+25,+25.2,+25.1,+25,+27,ESTP,0,0,+0,+0,+0.0171,+0,+0.0414,+0,+0,+0,17:24:01 29.03.2020
13251,+25.4,+17.7,+21.4,+21.3,+21.4,+25.2,+25,+25.2,+25.1,+25,+27,ESTP,0,0,+0,+0,+0.0171,+0,+0.0414,+0,+0,+0,17:25:01 29.03.2020
13252,+25.4,+17.7,+21.4,+21.3,+21.4,+25.2,+25,+25.2,+25.1,+25,+27,ESTP,0,0,+0,+0,+0.0171,+0,+0.0414,+0,+0,+0,17:26:01 29.03.2020
13253,+25.4,+17.7,+21.4,+21.4,+21.4,+25.2,+25,+25.2,+25.1,+25,+27,ESTP,0,0,+0,+0,+0.0171,+0,+0.0414,+0,+0,+0,17:27:01 29.03.2020
13254,+25.4,+17.7,+21.4,+21.3,+21.4,+25.2,+25,+25.2,+25.1,+25,+27,ESTP,0,0,+0,+0,+0.0171,+0,+0.0414,+0,+0,+0,17:28:01 29.03.2020
13255,+25.4,+17.7,+21.4,+21.4,+21.4,+25.2,+25,+25.2,+25.1,+25,+27,ESTP,0,0,+0,+0,+0.0171,+0,+0.0414,+0,+0,+0,17:29:01 29.03.2020
13256,+25.4,+17.7,+21.4,+21.4,+21.4,+25.2,+25,+25.2,+25.1,+25,+27,ESTP,0,0,+0,+0,+0.0171,+0,+0.0414,+0,+0,+0,17:30:01 29.03.2020
13257,+25.4,+17.7,+21.4,+21.4,+21.4,+25.2,+25,+25.2,+25.1,+25,+27,ESTP,0,0,+0,+0,+0.0171,+0,+0.0414,+0,+0,+0,17:31:01 29.03.2020
13258,+25.4,+17.7,+21.4,+21.4,+21.4,+25.2,+25,+25.2,+25.1,+25,+27,ESTP,0,0,+0,+0,+0.0171,+0,+0.0414,+0,+0,+0,17:32:01 29.03.2020
13259,+25.4,+17.7,+21.4,+21.4,+21.4,+25.2,+25,+25.2,+25.1,+25,+27,ESTP,0,0,+0,+0,+0.0171,+0,+0.0414,+0,+0,+0,17:33:01 29.03.2020
13260,+25.4,+17.7,+21.4,+21.4,+21.4,+25.2,+25,+25.2,+25.1,+25,+27,ESTP,0,0,+0,+0,+0.0171,+0,+0.0414,+0,+0,+0,17:34:01 29.03.2020
13261,+25.4,+17.7,+21.4,+21.4,+21.4,+25.2,+25,+25.2,+25.1,+25,+27,ESTP,0,0,+0,+0,+0.0171,+0,+0.0414,+0,+0,+0,17:35:01 29.03.2020
13262,+25.4,+17.7,+21.4,+21.4,+21.4,+25.2,+25,+25.2,+25.1,+25,+27,ESTP,0,0,+0,+0,+0.0171,+0,+0.0414,+0,+0,+0,17:36:01 29.03.2020
13263,+25.4,+17.7,+21.4,+21.4,+21.4,+25.2,+25,+25.2,+25.1,+25,+27,ESTP,0,0,+0,+0,+0.0171,+0,+0.0414,+0,+0,+0,17:37:01 29.03.2020
13264,+25.4,+17.7,+21.4,+21.4,+21.4,+25.2,+25,+25.2,+25.1,+25,+27,ESTP,0,0,+0,+0,+0.0171,+0,+0.0414,+0,+0,+0,17:38:01 29.03.2020
13265,+25.4,+17.8,+21.4,+21.4,+21.4,+25.2,+25,+25.2,+25.1,+25,+27,ESTP,0,0,+0,+0,+0.0171,+0,+0.0414,+0,+0,+0,17:39:01 29.03.2020
13266,+25.4,+17.8,+21.4,+21.4,+21.4,+25.2,+25,+25.2,+25.1,+25,+27,ESTP,0,0,+0,+0,+0.0171,+0,+0.0414,+0,+0,+0,17:40:01 29.03.2020
13267,+25.4,+17.8,+21.4,+21.4,+21.4,+25.2,+25,+25.2,+25.1,+25,+27,ESTP,0,0,+0,+0,+0.0171,+0,+0.0414,+0,+0,+0,17:41:01 29.03.2020
13268,+25.4,+17.8,+21.4,+21.4,+21.4,+25.2,+25,+25.2,+25.1,+25,+27,ESTP,0,0,+0,+0,+0.0171,+0,+0.0414,+0,+0,+0,17:42:01 29.03.2020
13269,+25.4,+17.8,+21.4,+21.4,+21.4,+25.2,+25,+25.2,+25.1,+25,+27,ESTP,0,0,+0,+0,+0.0171,+0,+0.0414,+0,+0,+0,17:43:01 29.03.2020
13270,+25.4,+17.8,+21.4,+21.4,+21.4,+25.2,+25,+25.2,+25.1,+25,+27,ESTP,0,0,+0,+0,+0.0171,+0,+0.0414,+0,+0,+0,17:44:01 29.03.2020
13271,+25.4,+17.8,+21.4,+21.4,+21.4,+25.2,+25,+25.2,+25.1,+25,+27,ESTP,0,0,+0,+0,+0.0171,+0,+0.0414,+0,+0,+0,17:45:01 29.03.2020
13272,+25.4,+17.8,+21.4,+21.4,+21.4,+25.2,+25,+25.2,+25.1,+25,+27,ESTP,0,0,+0,+0,+0.0171,+0,+0.0414,+0,+0,+0,17:46:01 29.03.2020
13273,+25.4,+17.8,+21.4,+21.4,+21.4,+25.2,+25,+25.2,+25.1,+25,+27,ESTP,0,0,+0,+0,+0.0171,+0,+0.0414,+0,+0,+0,17:47:01 29.03.2020
13274,+25.4,+17.8,+21.4,+21.4,+21.4,+25.2,+25,+25.2,+25.1,+25,+27,ESTP,0,0,+0,+0,+0.0171,+0,+0.0414,+0,+0,+0,17:48:01 29.03.2020
13275,+25.4,+17.8,+21.4,+21.4,+21.4,+25.2,+25,+25.2,+25.1,+25,+27,ESTP,0,0,+0,+0,+0.0171,+0,+0.0414,+0,+0,+0,17:49:01 29.03.2020
13276,+25.4,+17.8,+21.4,+21.4,+21.4,+25.2,+25,+25.2,+25.1,+25,+27,ESTP,0,0,+0,+0,+0.0171,+0,+0.0414,+0,+0,+0,17:50:01 29.03.2020
13277,+25.4,+17.8,+21.4,+21.4,+21.4,+25.2,+25,+25.2,+25.1,+25,+27,ESTP,0,0,+0,+0,+0.0171,+0,+0.0414,+0,+0,+0,17:51:01 29.03.2020
13278,+25.4,+17.8,+21.4,+21.4,+21.4,+25.2,+25,+25.2,+25.1,+25,+27,ESTP,0,0,+0,+0,+0.0171,+0,+0.0414,+0,+0,+0,17:52:01 29.03.2020
13279,+25.4,+17.8,+21.4,+21.4,+21.4,+25.2,+25,+25.2,+25.1,+25,+27,ESTP,0,0,+0,+0,+0.0171,+0,+0.0414,+0,+0,+0,17:53:01 29.03.2020
13280,+25.4,+17.8,+21.4,+21.4,+21.4,+25.2,+25,+25.2,+25.1,+25,+27,ESTP,0,0,+0,+0,+0.0171,+0,+0.0414,+0,+0,+0,17:54:01 29.03.2020
13281,+25.4,+17.8,+21.4,+21.4,+21.4,+25.2,+25,+25.2,+25.1,+25,+27,ESTP,0,0,+0,+0,+0.0171,+0,+0.0414,+0,+0,+0,17:55:01 29.03.2020
13282,+25.4,+17.8,+21.5,+21.4,+21.4,+25.2,+25,+25.2,+25.1,+25,+27,ESTP,0,0,+0,+0,+0.0171,+0,+0.0414,+0,+0,+0,17:56:01 29.03.2020
13283,+25.4,+17.8,+21.4,+21.4,+21.4,+25.2,+25,+25.2,+25.1,+25,+27,ESTP,0,0,+0,+0,+0.0171,+0,+0.0414,+0,+0,+0,17:57:01 29.03.2020
13284,+25.4,+17.8,+21.4,+21.4,+21.4,+25.2,+25,+25.2,+25.1,+25,+27,ESTP,0,0,+0,+0,+0.0171,+0,+0.0414,+0,+0,+0,17:58:01 29.03.2020
13285,+25.4,+17.8,+21.5,+21.4,+21.4,+25.2,+25,+25.2,+25.1,+25,+27,ESTP,0,0,+0,+0,+0.0171,+0,+0.0414,+0,+0,+0,17:59:01 29.03.2020
13286,+25.4,+17.8,+21.4,+21.4,+21.4,+25.2,+25,+25.2,+25.1,+25,+27,ESTP,0,0,+0,+0,+0.0171,+0,+0.0414,+0,+0,+0,18:00:01 29.03.2020
13287,+25.4,+17.8,+21.4,+21.4,+21.4,+25.2,+25,+25.2,+25.1,+25,+27,ESTP,0,0,+0,+0,+0.0171,+0,+0.0414,+0,+0,+0,18:01:01 29.03.2020
13288,+25.4,+17.8,+21.5,+21.4,+21.4,+25.2,+25,+25.2,+25.1,+25,+27,ESTP,0,0,+0,+0,+0.0171,+0,+0.0414,+0,+0,+0,18:02:01 29.03.2020
13289,+25.4,+17.8,+21.5,+21.4,+21.4,+25.2,+25,+25.2,+25.1,+25,+27,ESTP,0,0,+0,+0,+0.0171,+0,+0.0414,+0,+0,+0,18:03:01 29.03.2020
13290,+25.4,+17.8,+21.4,+21.4,+21.4,+25.2,+25,+25.2,+25.1,+25,+27,ESTP,0,0,+0,+0,+0.0171,+0,+0.0414,+0,+0,+0,18:04:01 29.03.2020
13291,+25.4,+17.8,+21.5,+21.4,+21.4,+25.2,+25,+25.2,+25.1,+25,+27,ESTP,0,0,+0,+0,+0.0171,+0,+0.0414,+0,+0,+0,18:05:01 29.03.2020
13292,+25.4,+17.8,+21.5,+21.4,+21.4,+25.2,+25,+25.2,+25.1,+25,+27,ESTP,0,0,+0,+0,+0.0171,+0,+0.0414,+0,+0,+0,18:06:01 29.03.2020
13293,+25.4,+17.8,+21.5,+21.4,+21.4,+25.2,+25,+25.2,+25.1,+25,+27,ESTP,0,0,+0,+0,+0.0171,+0,+0.0414,+0,+0,+0,18:07:01 29.03.2020
13294,+25.4,+17.8,+21.4,+21.4,+21.4,+25.2,+25,+25.2,+25.1,+25.1,+27,ESTP,0,0,+0,+0,+0.0171,+0,+0.0414,+0,+0,+0,18:08:01 29.03.2020
13295,+25.4,+17.8,+21.5,+21.4,+21.4,+25.2,+25,+25.2,+25.1,+25,+27,ESTP,0,0,+0,+0,+0.0171,+0,+0.0414,+0,+0,+0,18:09:01 29.03.2020
13296,+25.4,+17.9,+21.5,+21.4,+21.4,+25.2,+25,+25.2,+25.1,+25,+27,ESTP,0,0,+0,+0,+0.0171,+0,+0.0414,+0,+0,+0,18:10:01 29.03.2020
13297,+25.4,+17.9,+21.5,+21.4,+21.4,+25.2,+25,+25.2,+25.1,+25,+27,ESTP,0,0,+0,+0,+0.0171,+0,+0.0414,+0,+0,+0,18:11:01 29.03.2020
13298,+25.4,+17.9,+21.5,+21.4,+21.4,+25.2,+25,+25.2,+25.1,+25,+27,ESTP,0,0,+0,+0,+0.0171,+0,+0.0414,+0,+0,+0,18:12:01 29.03.2020
13299,+25.4,+17.9,+21.5,+21.4,+21.4,+25.2,+25,+25.2,+25.1,+25.1,+27,ESTP,0,0,+0,+0,+0.0171,+0,+0.0414,+0,+0,+0,18:13:01 29.03.2020
13300,+25.4,+17.9,+21.5,+21.4,+21.4,+25.2,+25,+25.2,+25.1,+25.1,+27,ESTP,0,0,+0,+0,+0.0171,+0,+0.0414,+0,+0,+0,18:14:01 29.03.2020
13301,+25.4,+17.9,+21.5,+21.4,+21.4,+25.2,+25,+25.2,+25.1,+25,+27,ESTP,0,0,+0,+0,+0.0171,+0,+0.0414,+0,+0,+0,18:15:01 29.03.2020
13302,+25.4,+17.9,+21.5,+21.4,+21.4,+25.2,+25,+25.2,+25.1,+25.1,+27,ESTP,0,0,+0,+0,+0.0171,+0,+0.0414,+0,+0,+0,18:16:01 29.03.2020
13303,+25.4,+17.9,+21.5,+21.4,+21.4,+25.2,+25,+25.2,+25.1,+25,+27,ESTP,0,0,+0,+0,+0.0171,+0,+0.0414,+0,+0,+0,18:17:01 29.03.2020
13304,+25.4,+17.9,+21.5,+21.4,+21.4,+25.2,+25,+25.2,+25.1,+25,+27,ESTP,0,0,+0,+0,+0.0171,+0,+0.0414,+0,+0,+0,18:18:01 29.03.2020
13305,+25.4,+17.9,+21.5,+21.4,+21.4,+25.2,+25,+25.2,+25.1,+25.1,+27,ESTP,0,0,+0,+0,+0.0171,+0,+0.0414,+0,+0,+0,18:19:01 29.03.2020
13306,+25.4,+17.9,+21.5,+21.4,+21.4,+25.2,+25,+25.2,+25.1,+25,+27,ESTP,0,0,+0,+0,+0.0171,+0,+0.0414,+0,+0,+0,18:20:01 29.03.2020
13307,+25.4,+17.9,+21.5,+21.4,+21.4,+25.2,+25,+25.2,+25.1,+25,+27,ESTP,0,0,+0,+0,+0.0171,+0,+0.0414,+0,+0,+0,18:21:01 29.03.2020
13308,+25.4,+17.9,+21.5,+21.4,+21.4,+25.2,+25,+25.2,+25.1,+25.1,+27,ESTP,0,0,+0,+0,+0.0171,+0,+0.0414,+0,+0,+0,18:22:01 29.03.2020
13309,+25.4,+17.9,+21.5,+21.4,+21.4,+25.2,+25,+25.2,+25.1,+25.1,+27,ESTP,0,0,+0,+0,+0.0171,+0,+0.0414,+0,+0,+0,18:23:01 29.03.2020
13310,+25.4,+17.9,+21.5,+21.4,+21.4,+25.2,+25,+25.2,+25.1,+25,+27,ESTP,0,0,+0,+0,+0.0171,+0,+0.0414,+0,+0,+0,18:24:01 29.03.2020
13311,+25.4,+17.9,+21.5,+21.4,+21.4,+25.2,+25,+25.2,+25.1,+25,+27,ESTP,0,0,+0,+0,+0.0171,+0,+0.0414,+0,+0,+0,18:25:01 29.03.2020
13312,+25.3,+17.9,+21.5,+21.4,+21.4,+25.2,+25,+25.2,+25.1,+25,+27,ESTP,0,0,+0,+0,+0.0171,+0,+0.0414,+0,+0,+0,18:26:01 29.03.2020
13313,+25.3,+17.9,+21.5,+21.4,+21.4,+25.2,+25,+25.2,+25.1,+25,+27,ESTP,0,0,+0,+0,+0.0171,+0,+0.0414,+0,+0,+0,18:27:01 29.03.2020
13314,+25.3,+17.9,+21.5,+21.4,+21.4,+25.2,+25,+25.2,+25.1,+25,+27,ESTP,0,0,+0,+0,+0.0171,+0,+0.0414,+0,+0,+0,18:28:01 29.03.2020
13315,+25.3,+17.9,+21.5,+21.4,+21.4,+25.2,+25,+25.2,+25.1,+25,+27,ESTP,0,0,+0,+0,+0.0171,+0,+0.0414,+0,+0,+0,18:29:01 29.03.2020
13316,+25.3,+17.9,+21.5,+21.4,+21.4,+25.2,+25,+25.2,+25.1,+25,+27,ESTP,0,0,+0,+0,+0.0171,+0,+0.0414,+0,+0,+0,18:30:01 29.03.2020
13317,+25.4,+17.9,+21.5,+21.4,+21.5,+25.2,+25,+25.2,+25.1,+25,+27,ESTP,0,0,+0,+0,+0.0171,+0,+0.0414,+0,+0,+0,18:31:01 29.03.2020
13318,+25.4,+17.9,+21.5,+21.4,+21.5,+25.2,+25,+25.2,+25.1,+25,+27,ESTP,0,0,+0,+0,+0.0171,+0,+0.0414,+0,+0,+0,18:32:01 29.03.2020
13319,+25.4,+17.9,+21.5,+21.4,+21.5,+25.2,+25,+25.2,+25.1,+25,+27,ESTP,0,0,+0,+0,+0.0171,+0,+0.0414,+0,+0,+0,18:33:01 29.03.2020
13320,+25.4,+17.9,+21.5,+21.4,+21.4,+25.2,+25,+25.2,+25.1,+25,+27,ESTP,0,0,+0,+0,+0.0171,+0,+0.0414,+0,+0,+0,18:34:01 29.03.2020
13321,+25.4,+17.9,+21.5,+21.4,+21.5,+25.2,+25,+25.2,+25.1,+25,+27,ESTP,0,0,+0,+0,+0.0171,+0,+0.0414,+0,+0,+0,18:35:01 29.03.2020
13322,+25.4,+17.9,+21.5,+21.4,+21.5,+25.2,+25,+25.2,+25.1,+25,+27,ESTP,0,0,+0,+0,+0.0171,+0,+0.0414,+0,+0,+0,18:36:01 29.03.2020
13323,+25.4,+17.9,+21.5,+21.4,+21.5,+25.2,+25,+25.2,+25.1,+25.1,+27,ESTP,0,0,+0,+0,+0.0171,+0,+0.0414,+0,+0,+0,18:37:01 29.03.2020
13324,+25.4,+17.9,+21.5,+21.4,+21.5,+25.2,+25,+25.2,+25.1,+25,+27,ESTP,0,0,+0,+0,+0.0171,+0,+0.0414,+0,+0,+0,18:38:01 29.03.2020
13325,+25.4,+17.9,+21.5,+21.4,+21.5,+25.2,+25,+25.2,+25.1,+25.1,+27,ESTP,0,0,+0,+0,+0.0171,+0,+0.0414,+0,+0,+0,18:39:01 29.03.2020
13326,+25.4,+17.9,+21.5,+21.4,+21.5,+25.2,+25,+25.2,+25.1,+25.1,+27,ESTP,0,0,+0,+0,+0.0171,+0,+0.0414,+0,+0,+0,18:40:01 29.03.2020
13327,+25.4,+17.9,+21.5,+21.4,+21.5,+25.2,+25,+25.2,+25.1,+25.1,+27,ESTP,0,0,+0,+0,+0.0171,+0,+0.0414,+0,+0,+0,18:41:01 29.03.2020
13328,+25.4,+17.9,+21.5,+21.4,+21.5,+25.2,+25,+25.2,+25.1,+25.1,+27,ESTP,0,0,+0,+0,+0.0171,+0,+0.0414,+0,+0,+0,18:42:01 29.03.2020
13329,+25.4,+17.9,+21.5,+21.4,+21.5,+25.2,+25,+25.2,+25.1,+25.1,+27,ESTP,0,0,+0,+0,+0.0171,+0,+0.0414,+0,+0,+0,18:43:01 29.03.2020
13330,+25.4,+17.9,+21.5,+21.4,+21.5,+25.2,+25,+25.2,+25.1,+25.1,+27,ESTP,0,0,+0,+0,+0.0171,+0,+0.0414,+0,+0,+0,18:44:01 29.03.2020
13331,+25.4,+17.9,+21.5,+21.4,+21.5,+25.2,+25,+25.2,+25.1,+25.1,+27,ESTP,0,0,+0,+0,+0.0171,+0,+0.0414,+0,+0,+0,18:45:01 29.03.2020
13332,+25.4,+17.9,+21.5,+21.4,+21.5,+25.2,+25,+25.2,+25.1,+25.1,+27,ESTP,0,0,+0,+0,+0.0171,+0,+0.0414,+0,+0,+0,18:46:01 29.03.2020
13333,+25.4,+17.9,+21.5,+21.4,+21.5,+25.2,+25,+25.2,+25.1,+25.1,+27,ESTP,0,0,+0,+0,+0.0171,+0,+0.0414,+0,+0,+0,18:47:01 29.03.2020
13334,+25.4,+17.9,+21.5,+21.4,+21.5,+25.2,+25,+25.2,+25.1,+25.1,+27,ESTP,0,0,+0,+0,+0.0171,+0,+0.0414,+0,+0,+0,18:48:01 29.03.2020
13335,+25.4,+17.9,+21.5,+21.4,+21.5,+25.2,+25,+25.2,+25.1,+25.1,+27,ESTP,0,0,+0,+0,+0.0171,+0,+0.0414,+0,+0,+0,18:49:01 29.03.2020
13336,+25.4,+18,+21.5,+21.4,+21.5,+25.2,+25,+25.2,+25.1,+25.1,+27,ESTP,0,0,+0,+0,+0.0171,+0,+0.0414,+0,+0,+0,18:50:01 29.03.2020
13337,+25.3,+18,+21.5,+21.4,+21.5,+25.2,+25,+25.2,+25.1,+25.1,+27,ESTP,0,0,+0,+0,+0.0171,+0,+0.0414,+0,+0,+0,18:51:01 29.03.2020
13338,+25.3,+18,+21.5,+21.4,+21.5,+25.2,+25,+25.2,+25.1,+25.1,+27,ESTP,0,0,+0,+0,+0.0171,+0,+0.0414,+0,+0,+0,18:52:01 29.03.2020
13339,+25.3,+18,+21.5,+21.4,+21.5,+25.2,+25,+25.2,+25.1,+25.1,+27,ESTP,0,0,+0,+0,+0.0171,+0,+0.0414,+0,+0,+0,18:53:01 29.03.2020
13340,+25.3,+18,+21.5,+21.4,+21.5,+25.2,+25,+25.2,+25.1,+25.1,+27,ESTP,0,0,+0,+0,+0.0171,+0,+0.0414,+0,+0,+0,18:54:01 29.03.2020
13341,+25.3,+18,+21.5,+21.4,+21.5,+25.2,+25,+25.2,+25.1,+25.1,+27,ESTP,0,0,+0,+0,+0.0171,+0,+0.0414,+0,+0,+0,18:55:01 29.03.2020
13342,+25.3,+18,+21.5,+21.4,+21.5,+25.2,+25,+25.2,+25.1,+25.1,+27,ESTP,0,0,+0,+0,+0.0171,+0,+0.0414,+0,+0,+0,18:56:01 29.03.2020
13343,+25.4,+18,+21.5,+21.4,+21.5,+25.2,+25,+25.2,+25.1,+25.1,+27,ESTP,0,0,+0,+0,+0.0171,+0,+0.0414,+0,+0,+0,18:57:01 29.03.2020
13344,+25.4,+18,+21.5,+21.4,+21.5,+25.2,+25,+25.2,+25.1,+25.1,+27,ESTP,0,0,+0,+0,+0.0171,+0,+0.0414,+0,+0,+0,18:58:01 29.03.2020
13345,+25.4,+18,+21.5,+21.4,+21.5,+25.2,+25,+25.2,+25.1,+25.1,+27,ESTP,0,0,+0,+0,+0.0171,+0,+0.0414,+0,+0,+0,18:59:01 29.03.2020
13346,+25.4,+18,+21.5,+21.4,+21.5,+25.2,+25,+25.2,+25.1,+25.1,+27,ESTP,0,0,+0,+0,+0.0171,+0,+0.0414,+0,+0,+0,19:00:01 29.03.2020
13347,+25.4,+18,+21.5,+21.4,+21.5,+25.2,+25,+25.2,+25.1,+25.1,+27,ESTP,0,0,+0,+0,+0.0171,+0,+0.0416,+0,+0,+0,19:01:01 29.03.2020
13348,+25.4,+18,+21.5,+21.4,+21.5,+25.2,+25,+25.2,+25.1,+25.1,+27,ESTP,0,0,+0,+0,+0.0171,+0,+0.0416,+0,+0,+0,19:02:01 29.03.2020
13349,+25.4,+18,+21.5,+21.4,+21.5,+25.2,+25,+25.3,+25.1,+25.1,+27,ESTP,0,0,+0,+0,+0.0171,+0,+0.0416,+0,+0,+0,19:03:01 29.03.2020
13350,+25.4,+18,+21.5,+21.4,+21.5,+25.2,+25,+25.2,+25.1,+25.1,+27,ESTP,0,0,+0,+0,+0.0171,+0,+0.0416,+0,+0,+0,19:04:01 29.03.2020
13351,+25.4,+18,+21.5,+21.4,+21.5,+25.2,+25,+25.2,+25.1,+25.1,+27,ESTP,0,0,+0,+0,+0.0171,+0,+0.0416,+0,+0,+0,19:05:01 29.03.2020
13352,+25.4,+18,+21.5,+21.4,+21.5,+25.2,+25,+25.3,+25.1,+25.1,+27,ESTP,0,0,+0,+0,+0.0171,+0,+0.0416,+0,+0,+0,19:06:01 29.03.2020
13353,+25.4,+18,+21.5,+21.4,+21.5,+25.2,+25,+25.3,+25.1,+25.1,+27,ESTP,0,0,+0,+0,+0.0171,+0,+0.0416,+0,+0,+0,19:07:01 29.03.2020
13354,+25.4,+18,+21.5,+21.4,+21.5,+25.2,+25,+25.2,+25.2,+25.1,+27,ESTP,0,0,+0,+0,+0.0171,+0,+0.0416,+0,+0,+0,19:08:01 29.03.2020
13355,+25.4,+18,+21.5,+21.4,+21.5,+25.2,+25,+25.3,+25.1,+25.1,+27,ESTP,0,0,+0,+0,+0.0171,+0,+0.0415,+0,+0,+0,19:09:01 29.03.2020
13356,+25.4,+18,+21.5,+21.4,+21.5,+25.2,+25,+25.2,+25.1,+25.1,+27,ESTP,0,0,+0,+0,+0.0171,+0,+0.0416,+0,+0,+0,19:10:01 29.03.2020
13357,+25.4,+18,+21.5,+21.4,+21.5,+25.2,+25,+25.3,+25.2,+25.1,+27,ESTP,0,0,+0,+0,+0.0171,+0,+0.0414,+0,+0,+0,19:11:01 29.03.2020
13358,+25.4,+18,+21.5,+21.4,+21.5,+25.2,+25,+25.2,+25.1,+25.1,+27,ESTP,0,0,+0,+0,+0.0171,+0,+0.0414,+0,+0,+0,19:12:01 29.03.2020
13359,+25.4,+18,+21.5,+21.4,+21.5,+25.2,+25,+25.3,+25.2,+25.1,+27,ESTP,0,0,+0,+0,+0.0171,+0,+0.0414,+0,+0,+0,19:13:01 29.03.2020
13360,+25.4,+18,+21.5,+21.4,+21.5,+25.2,+25,+25.3,+25.1,+25.1,+27,ESTP,0,0,+0,+0,+0.0171,+0,+0.0414,+0,+0,+0,19:14:01 29.03.2020
13361,+25.4,+18,+21.5,+21.4,+21.5,+25.2,+25,+25.2,+25.1,+25.1,+27,ESTP,0,0,+0,+0,+0.0171,+0,+0.0414,+0,+0,+0,19:15:01 29.03.2020
13362,+25.4,+18,+21.5,+21.4,+21.5,+25.2,+25,+25.3,+25.1,+25.1,+27,ESTP,0,0,+0,+0,+0.0171,+0,+0.0414,+0,+0,+0,19:16:01 29.03.2020
13363,+25.4,+18,+21.5,+21.4,+21.5,+25.2,+25,+25.3,+25.2,+25.1,+27,ESTP,0,0,+0,+0,+0.0171,+0,+0.0414,+0,+0,+0,19:17:01 29.03.2020
13364,+25.4,+18,+21.5,+21.4,+21.5,+25.2,+25,+25.3,+25.1,+25.1,+27,ESTP,0,0,+0,+0,+0.0171,+0,+0.0414,+0,+0,+0,19:18:01 29.03.2020
13365,+25.4,+18,+21.5,+21.4,+21.5,+25.2,+25,+25.3,+25.2,+25.1,+27,ESTP,0,0,+0,+0,+0.0171,+0,+0.0414,+0,+0,+0,19:19:01 29.03.2020
13366,+25.4,+18,+21.5,+21.4,+21.5,+25.2,+25,+25.3,+25.1,+25.1,+27,ESTP,0,0,+0,+0,+0.0171,+0,+0.0414,+0,+0,+0,19:20:01 29.03.2020
13367,+25.4,+18.1,+21.5,+21.4,+21.5,+25.2,+25,+25.3,+25.1,+25.1,+27,ESTP,0,0,+0,+0,+0.0171,+0,+0.0414,+0,+0,+0,19:21:01 29.03.2020
13368,+25.3,+18.1,+21.5,+21.4,+21.5,+25.2,+25,+25.3,+25.2,+25.1,+27,ESTP,0,0,+0,+0,+0.0171,+0,+0.0414,+0,+0,+0,19:22:01 29.03.2020
13369,+25.3,+18.1,+21.5,+21.4,+21.5,+25.2,+25,+25.2,+25.1,+25.1,+27,ESTP,0,0,+0,+0,+0.0171,+0,+0.0414,+0,+0,+0,19:23:01 29.03.2020
13370,+25.3,+18.1,+21.5,+21.4,+21.5,+25.2,+25,+25.2,+25.1,+25.1,+27,ESTP,0,0,+0,+0,+0.0171,+0,+0.0414,+0,+0,+0,19:24:01 29.03.2020
13371,+25.3,+18.1,+21.5,+21.4,+21.5,+25.2,+25,+25.2,+25.1,+25.1,+27,ESTP,0,0,+0,+0,+0.0171,+0,+0.0414,+0,+0,+0,19:25:01 29.03.2020
13372,+25.3,+18.1,+21.5,+21.4,+21.5,+25.2,+25,+25.2,+25.1,+25.1,+27,ESTP,0,0,+0,+0,+0.0171,+0,+0.0414,+0,+0,+0,19:26:01 29.03.2020
13373,+25.4,+18.1,+21.5,+21.4,+21.5,+25.2,+25,+25.2,+25.1,+25.1,+27,ESTP,0,0,+0,+0,+0.0171,+0,+0.0414,+0,+0,+0,19:27:01 29.03.2020
13374,+25.4,+18.1,+21.5,+21.4,+21.5,+25.2,+25,+25.2,+25.1,+25.1,+27,ESTP,0,0,+0,+0,+0.0171,+0,+0.0414,+0,+0,+0,19:28:01 29.03.2020
13375,+25.4,+18.1,+21.5,+21.4,+21.5,+25.2,+25,+25.2,+25.1,+25.1,+27,ESTP,0,0,+0,+0,+0.0171,+0,+0.0414,+0,+0,+0,19:29:01 29.03.2020
13376,+25.4,+18.1,+21.5,+21.4,+21.5,+25.2,+25,+25.3,+25.2,+25.1,+27,ESTP,0,0,+0,+0,+0.0171,+0,+0.0414,+0,+0,+0,19:30:01 29.03.2020
13377,+25.4,+18.1,+21.5,+21.4,+21.5,+25.2,+25,+25.2,+25.2,+25.1,+27,ESTP,0,0,+0,+0,+0.0171,+0,+0.0414,+0,+0,+0,19:31:01 29.03.2020
13378,+25.4,+18.1,+21.5,+21.4,+21.5,+25.2,+25,+25.3,+25.2,+25.1,+27,ESTP,0,0,+0,+0,+0.0171,+0,+0.0414,+0,+0,+0,19:32:01 29.03.2020
13379,+25.4,+18.1,+21.5,+21.4,+21.5,+25.2,+25,+25.3,+25.1,+25.1,+27,ESTP,0,0,+0,+0,+0.0171,+0,+0.0414,+0,+0,+0,19:33:01 29.03.2020
13380,+25.4,+18.1,+21.5,+21.4,+21.5,+25.2,+25,+25.3,+25.2,+25.1,+27,ESTP,0,0,+0,+0,+0.0171,+0,+0.0414,+0,+0,+0,19:34:01 29.03.2020
13381,+25.4,+18.1,+21.5,+21.4,+21.5,+25.2,+25,+25.2,+25.1,+25.1,+27,ESTP,0,0,+0,+0,+0.0171,+0,+0.0414,+0,+0,+0,19:35:01 29.03.2020
13382,+25.4,+18.1,+21.5,+21.4,+21.5,+25.2,+25,+25.3,+25.2,+25.1,+27,ESTP,0,0,+0,+0,+0.0171,+0,+0.0414,+0,+0,+0,19:36:01 29.03.2020
13383,+25.4,+18.1,+21.5,+21.4,+21.5,+25.2,+25,+25.3,+25.2,+25.1,+27,ESTP,0,0,+0,+0,+0.0171,+0,+0.0414,+0,+0,+0,19:37:01 29.03.2020
13384,+25.4,+18.1,+21.5,+21.4,+21.5,+25.2,+25,+25.2,+25.2,+25.1,+27,ESTP,0,0,+0,+0,+0.0171,+0,+0.0414,+0,+0,+0,19:38:01 29.03.2020
13385,+25.4,+18.1,+21.5,+21.4,+21.5,+25.2,+25,+25.3,+25.2,+25.1,+27,ESTP,0,0,+0,+0,+0.0171,+0,+0.0414,+0,+0,+0,19:39:01 29.03.2020
13386,+25.3,+18.1,+21.5,+21.4,+21.5,+25.2,+25,+25.3,+25.1,+25.1,+27,ESTP,0,0,+0,+0,+0.0171,+0,+0.0414,+0,+0,+0,19:40:01 29.03.2020
13387,+25.3,+18.1,+21.5,+21.4,+21.5,+25.2,+25,+25.3,+25.2,+25.1,+27,ESTP,0,0,+0,+0,+0.0171,+0,+0.0414,+0,+0,+0,19:41:01 29.03.2020
13388,+25.3,+18.1,+21.5,+21.4,+21.5,+25.2,+25,+25.2,+25.2,+25.1,+27,ESTP,0,0,+0,+0,+0.0171,+0,+0.0414,+0,+0,+0,19:42:01 29.03.2020
13389,+25.3,+18.1,+21.5,+21.4,+21.5,+25.2,+25,+25.3,+25.2,+25.1,+27,ESTP,0,0,+0,+0,+0.0171,+0,+0.0414,+0,+0,+0,19:43:01 29.03.2020
13390,+25.3,+18.1,+21.5,+21.4,+21.5,+25.2,+25,+25.3,+25.1,+25.1,+27,ESTP,0,0,+0,+0,+0.0171,+0,+0.0414,+0,+0,+0,19:44:01 29.03.2020
13391,+25.3,+18.1,+21.5,+21.4,+21.5,+25.2,+25,+25.3,+25.2,+25.1,+27,ESTP,0,0,+0,+0,+0.0171,+0,+0.0414,+0,+0,+0,19:45:01 29.03.2020
13392,+25.3,+18.1,+21.5,+21.4,+21.5,+25.2,+25,+25.3,+25.2,+25.1,+27,ESTP,0,0,+0,+0,+0.0171,+0,+0.0414,+0,+0,+0,19:46:01 29.03.2020
13393,+25.3,+18.1,+21.5,+21.4,+21.5,+25.2,+25,+25.2,+25.2,+25.1,+27,ESTP,0,0,+0,+0,+0.0171,+0,+0.0414,+0,+0,+0,19:47:01 29.03.2020
13394,+25.3,+18.1,+21.5,+21.4,+21.5,+25.2,+25,+25.3,+25.2,+25.1,+27,ESTP,0,0,+0,+0,+0.0171,+0,+0.0414,+0,+0,+0,19:48:01 29.03.2020
13395,+25.4,+18.1,+21.5,+21.4,+21.5,+25.2,+25,+25.2,+25.1,+25.1,+27,ESTP,0,0,+0,+0,+0.0171,+0,+0.0414,+0,+0,+0,19:49:01 29.03.2020
13396,+25.4,+18.1,+21.5,+21.4,+21.5,+25.2,+24.9,+25.2,+25.2,+25.1,+27,ESTP,0,0,+0,+0,+0.0171,+0,+0.0414,+0,+0,+0,19:50:01 29.03.2020
13397,+25.4,+18.1,+21.5,+21.4,+21.5,+25.2,+25,+25.3,+25.1,+25.1,+27,ESTP,0,0,+0,+0,+0.0171,+0,+0.0414,+0,+0,+0,19:51:01 29.03.2020
13398,+25.4,+18.1,+21.5,+21.4,+21.5,+25.2,+25,+25.3,+25.1,+25.1,+27,ESTP,0,0,+0,+0,+0.0171,+0,+0.0414,+0,+0,+0,19:52:01 29.03.2020
13399,+25.4,+18.1,+21.5,+21.4,+21.5,+25.2,+25,+25.3,+25.2,+25.1,+27,ESTP,0,0,+0,+0,+0.0171,+0,+0.0414,+0,+0,+0,19:53:01 29.03.2020
13400,+25.4,+18.1,+21.5,+21.4,+21.5,+25.2,+25,+25.3,+25.2,+25.1,+27,ESTP,0,0,+0,+0,+0.0171,+0,+0.0416,+0,+0,+0,19:54:01 29.03.2020
13401,+25.4,+18.1,+21.5,+21.4,+21.5,+25.2,+25,+25.3,+25.2,+25.1,+27,ESTP,0,0,+0,+0,+0.0171,+0,+0.0416,+0,+0,+0,19:55:01 29.03.2020
13402,+25.4,+18.1,+21.5,+21.4,+21.5,+25.2,+25,+25.3,+25.2,+25.1,+27,ESTP,0,0,+0,+0,+0.0171,+0,+0.0416,+0,+0,+0,19:56:01 29.03.2020
13403,+25.4,+18.1,+21.5,+21.4,+21.5,+25.2,+25,+25.3,+25.2,+25.1,+27,ESTP,0,0,+0,+0,+0.0171,+0,+0.0416,+0,+0,+0,19:57:01 29.03.2020
13404,+25.4,+18.1,+21.5,+21.4,+21.5,+25.2,+25,+25.3,+25.2,+25.1,+27,ESTP,0,0,+0,+0,+0.0171,+0,+0.0416,+0,+0,+0,19:58:01 29.03.2020
13405,+25.4,+18.1,+21.5,+21.5,+21.5,+25.2,+25,+25.3,+25.2,+25.1,+27,ESTP,0,0,+0,+0,+0.0171,+0,+0.0414,+0,+0,+0,19:59:01 29.03.2020
13406,+25.4,+18.1,+21.5,+21.4,+21.5,+25.2,+25,+25.3,+25.2,+25.1,+27,ESTP,0,0,+0,+0,+0.0171,+0,+0.0414,+0,+0,+0,20:00:01 29.03.2020
13407,+25.4,+18.1,+21.5,+21.5,+21.5,+25.2,+25,+25.3,+25.2,+25.1,+27,ESTP,0,0,+0,+0,+0.0171,+0,+0.0414,+0,+0,+0,20:01:01 29.03.2020
13408,+25.4,+18.1,+21.5,+21.4,+21.5,+25.2,+25,+25.3,+25.2,+25.1,+27,ESTP,0,0,+0,+0,+0.0171,+0,+0.0414,+0,+0,+0,20:02:01 29.03.2020
13409,+25.4,+18.1,+21.5,+21.4,+21.5,+25.2,+25,+25.3,+25.2,+25.1,+27,ESTP,0,0,+0,+0,+0.0171,+0,+0.0414,+0,+0,+0,20:03:01 29.03.2020
13410,+25.4,+18.1,+21.5,+21.5,+21.5,+25.2,+25,+25.3,+25.2,+25.1,+27,ESTP,0,0,+0,+0,+0.0171,+0,+0.0414,+0,+0,+0,20:04:01 29.03.2020
13411,+25.4,+18.2,+21.5,+21.5,+21.5,+25.2,+24.9,+25.3,+25.2,+25.1,+27,ESTP,0,0,+0,+0,+0.0171,+0,+0.0414,+0,+0,+0,20:05:01 29.03.2020
13412,+25.4,+18.2,+21.5,+21.5,+21.5,+25.2,+25,+25.3,+25.2,+25.1,+27,ESTP,0,0,+0,+0,+0.0171,+0,+0.0414,+0,+0,+0,20:06:01 29.03.2020
13413,+25.3,+18.2,+21.5,+21.5,+21.5,+25.2,+25,+25.3,+25.2,+25.1,+27,ESTP,0,0,+0,+0,+0.0171,+0,+0.0414,+0,+0,+0,20:07:01 29.03.2020
13414,+25.3,+18.2,+21.5,+21.5,+21.5,+25.2,+25,+25.3,+25.2,+25.1,+27,ESTP,0,0,+0,+0,+0.0171,+0,+0.0414,+0,+0,+0,20:08:01 29.03.2020
13415,+25.3,+18.2,+21.6,+21.5,+21.5,+25.2,+25,+25.3,+25.2,+25.1,+27,ESTP,0,0,+0,+0,+0.0171,+0,+0.0414,+0,+0,+0,20:09:01 29.03.2020
13416,+25.3,+18.2,+21.5,+21.5,+21.5,+25.2,+25,+25.3,+25.2,+25.1,+27,ESTP,0,0,+0,+0,+0.0171,+0,+0.0414,+0,+0,+0,20:10:01 29.03.2020
13417,+25.3,+18.2,+21.6,+21.5,+21.5,+25.2,+25,+25.3,+25.2,+25.1,+27,ESTP,0,0,+0,+0,+0.0171,+0,+0.0414,+0,+0,+0,20:11:01 29.03.2020
13418,+25.3,+18.2,+21.5,+21.5,+21.5,+25.2,+25,+25.3,+25.2,+25.1,+27,ESTP,0,0,+0,+0,+0.0171,+0,+0.0414,+0,+0,+0,20:12:01 29.03.2020
13419,+25.4,+18.2,+21.6,+21.5,+21.5,+25.2,+25,+25.3,+25.2,+25.1,+27,ESTP,0,0,+0,+0,+0.0171,+0,+0.0414,+0,+0,+0,20:13:01 29.03.2020
13420,+25.4,+18.2,+21.6,+21.5,+21.5,+25.2,+25,+25.3,+25.2,+25.1,+27,ESTP,0,0,+0,+0,+0.0171,+0,+0.0414,+0,+0,+0,20:14:01 29.03.2020
13421,+25.4,+18.2,+21.6,+21.5,+21.5,+25.2,+25,+25.3,+25.2,+25.1,+27,ESTP,0,0,+0,+0,+0.0171,+0,+0.0414,+0,+0,+0,20:15:01 29.03.2020
13422,+25.4,+18.2,+21.6,+21.5,+21.5,+25.2,+25,+25.3,+25.2,+25.1,+27,ESTP,0,0,+0,+0,+0.0171,+0,+0.0414,+0,+0,+0,20:16:01 29.03.2020
13423,+25.4,+18.2,+21.6,+21.5,+21.5,+25.2,+25,+25.3,+25.2,+25.1,+27,ESTP,0,0,+0,+0,+0.0171,+0,+0.0414,+0,+0,+0,20:17:01 29.03.2020
13424,+25.4,+18.2,+21.6,+21.5,+21.5,+25.2,+25,+25.3,+25.2,+25.1,+27,ESTP,0,0,+0,+0,+0.0171,+0,+0.0414,+0,+0,+0,20:18:01 29.03.2020
13425,+25.4,+18.2,+21.6,+21.5,+21.5,+25.2,+25,+25.3,+25.2,+25.1,+27,ESTP,0,0,+0,+0,+0.0171,+0,+0.0414,+0,+0,+0,20:19:01 29.03.2020
13426,+25.4,+18.2,+21.6,+21.5,+21.5,+25.2,+25,+25.3,+25.2,+25.1,+27,ESTP,0,0,+0,+0,+0.0171,+0,+0.0414,+0,+0,+0,20:20:01 29.03.2020
13427,+25.4,+18.2,+21.6,+21.5,+21.5,+25.2,+25,+25.3,+25.2,+25.1,+27,ESTP,0,0,+0,+0,+0.0171,+0,+0.0414,+0,+0,+0,20:21:01 29.03.2020
13428,+25.4,+18.2,+21.6,+21.5,+21.5,+25.2,+25,+25.3,+25.2,+25.1,+27,ESTP,0,0,+0,+0,+0.0171,+0,+0.0414,+0,+0,+0,20:22:01 29.03.2020
13429,+25.3,+18.2,+21.6,+21.5,+21.5,+25.2,+25,+25.3,+25.2,+25.1,+27,ESTP,0,0,+0,+0,+0.0171,+0,+0.0414,+0,+0,+0,20:23:01 29.03.2020
13430,+25.4,+18.2,+21.6,+21.5,+21.5,+25.2,+25,+25.3,+25.2,+25.1,+27,ESTP,0,0,+0,+0,+0.0171,+0,+0.0414,+0,+0,+0,20:24:01 29.03.2020
13431,+25.3,+18.2,+21.6,+21.5,+21.5,+25.2,+25,+25.3,+25.2,+25.1,+27,ESTP,0,0,+0,+0,+0.0171,+0,+0.0414,+0,+0,+0,20:25:01 29.03.2020
13432,+25.3,+18.2,+21.6,+21.5,+21.5,+25.2,+25,+25.3,+25.2,+25.1,+27,ESTP,0,0,+0,+0,+0.0171,+0,+0.0414,+0,+0,+0,20:26:01 29.03.2020
13433,+25.3,+18.2,+21.6,+21.5,+21.5,+25.2,+24.9,+25.3,+25.2,+25.1,+27,ESTP,0,0,+0,+0,+0.0171,+0,+0.0414,+0,+0,+0,20:27:01 29.03.2020
13434,+25.3,+18.2,+21.6,+21.5,+21.5,+25.2,+24.9,+25.3,+25.2,+25.1,+27,ESTP,0,0,+0,+0,+0.0171,+0,+0.0414,+0,+0,+0,20:28:01 29.03.2020
13435,+25.3,+18.2,+21.6,+21.5,+21.5,+25.2,+25,+25.3,+25.2,+25.1,+27,ESTP,0,0,+0,+0,+0.0171,+0,+0.0414,+0,+0,+0,20:29:01 29.03.2020
13436,+25.3,+18.2,+21.6,+21.5,+21.5,+25.2,+25,+25.3,+25.2,+25.1,+27,ESTP,0,0,+0,+0,+0.0171,+0,+0.0414,+0,+0,+0,20:30:01 29.03.2020
13437,+25.3,+18.2,+21.6,+21.5,+21.5,+25.2,+25,+25.3,+25.2,+25.1,+27,ESTP,0,0,+0,+0,+0.0171,+0,+0.0414,+0,+0,+0,20:31:01 29.03.2020
13438,+25.3,+18.2,+21.6,+21.5,+21.6,+25.2,+24.9,+25.3,+25.2,+25.1,+27,ESTP,0,0,+0,+0,+0.0171,+0,+0.0414,+0,+0,+0,20:32:01 29.03.2020
13439,+25.3,+18.2,+21.6,+21.5,+21.5,+25.2,+25,+25.3,+25.2,+25.1,+27,ESTP,0,0,+0,+0,+0.0171,+0,+0.0414,+0,+0,+0,20:33:01 29.03.2020
13440,+25.4,+18.2,+21.6,+21.5,+21.6,+25.2,+24.9,+25.3,+25.2,+25.1,+27,ESTP,0,0,+0,+0,+0.0171,+0,+0.0414,+0,+0,+0,20:34:01 29.03.2020
13441,+25.4,+18.2,+21.6,+21.5,+21.5,+25.2,+25,+25.3,+25.2,+25.1,+27,ESTP,0,0,+0,+0,+0.0171,+0,+0.0414,+0,+0,+0,20:35:01 29.03.2020
13442,+25.4,+18.2,+21.6,+21.5,+21.6,+25.2,+25,+25.3,+25.2,+25.1,+27,ESTP,0,0,+0,+0,+0.0171,+0,+0.0414,+0,+0,+0,20:36:01 29.03.2020
13443,+25.4,+18.2,+21.6,+21.5,+21.6,+25.2,+24.9,+25.3,+25.2,+25.1,+27,ESTP,0,0,+0,+0,+0.0171,+0,+0.0414,+0,+0,+0,20:37:01 29.03.2020
13444,+25.4,+18.2,+21.6,+21.5,+21.6,+25.2,+25,+25.3,+25.2,+25.1,+27,ESTP,0,0,+0,+0,+0.0171,+0,+0.0416,+0,+0,+0,20:38:01 29.03.2020
13445,+25.4,+18.2,+21.6,+21.5,+21.6,+25.2,+24.9,+25.3,+25.2,+25.1,+27,ESTP,0,0,+0,+0,+0.0171,+0,+0.0416,+0,+0,+0,20:39:01 29.03.2020
13446,+25.4,+18.2,+21.6,+21.5,+21.6,+25.2,+25,+25.3,+25.2,+25.1,+27,ESTP,0,0,+0,+0,+0.0171,+0,+0.0416,+0,+0,+0,20:40:01 29.03.2020
13447,+25.4,+18.2,+21.6,+21.5,+21.5,+25.2,+25,+25.3,+25.2,+25.1,+27,ESTP,0,0,+0,+0,+0.0171,+0,+0.0416,+0,+0,+0,20:41:01 29.03.2020
13448,+25.4,+18.2,+21.6,+21.5,+21.6,+25.2,+24.9,+25.3,+25.2,+25.1,+27,ESTP,0,0,+0,+0,+0.0171,+0,+0.0416,+0,+0,+0,20:42:01 29.03.2020
13449,+25.4,+18.2,+21.6,+21.5,+21.6,+25.2,+24.9,+25.3,+25.2,+25.1,+27,ESTP,0,0,+0,+0,+0.0171,+0,+0.0416,+0,+0,+0,20:43:01 29.03.2020
13450,+25.4,+18.2,+21.6,+21.5,+21.6,+25.2,+24.9,+25.3,+25.2,+25.1,+27,ESTP,0,0,+0,+0,+0.0171,+0,+0.0416,+0,+0,+0,20:44:01 29.03.2020
13451,+25.4,+18.2,+21.6,+21.5,+21.6,+25.2,+25,+25.3,+25.2,+25.1,+27,ESTP,0,0,+0,+0,+0.0171,+0,+0.0416,+0,+0,+0,20:45:01 29.03.2020
13452,+25.4,+18.2,+21.6,+21.5,+21.6,+25.2,+24.9,+25.3,+25.2,+25.1,+27,ESTP,0,0,+0,+0,+0.0171,+0,+0.0416,+0,+0,+0,20:46:01 29.03.2020
13453,+25.4,+18.2,+21.6,+21.5,+21.6,+25.2,+24.9,+25.3,+25.2,+25.1,+27,ESTP,0,0,+0,+0,+0.0171,+0,+0.0416,+0,+0,+0,20:47:01 29.03.2020
13454,+25.4,+18.2,+21.6,+21.5,+21.6,+25.2,+24.9,+25.3,+25.2,+25.1,+27,ESTP,0,0,+0,+0,+0.0171,+0,+0.0414,+0,+0,+0,20:48:01 29.03.2020
13455,+25.4,+18.2,+21.6,+21.5,+21.6,+25.2,+24.9,+25.3,+25.2,+25.1,+27,ESTP,0,0,+0,+0,+0.0171,+0,+0.0414,+0,+0,+0,20:49:01 29.03.2020
13456,+25.4,+18.2,+21.6,+21.5,+21.6,+25.2,+24.9,+25.3,+25.2,+25.1,+27,ESTP,0,0,+0,+0,+0.0171,+0,+0.0414,+0,+0,+0,20:50:01 29.03.2020
13457,+25.4,+18.2,+21.6,+21.5,+21.6,+25.2,+24.9,+25.3,+25.2,+25.1,+27,ESTP,0,0,+0,+0,+0.0171,+0,+0.0414,+0,+0,+0,20:51:01 29.03.2020
13458,+25.4,+18.2,+21.6,+21.5,+21.6,+25.2,+24.9,+25.3,+25.2,+25.1,+27,ESTP,0,0,+0,+0,+0.0171,+0,+0.0414,+0,+0,+0,20:52:01 29.03.2020
13459,+25.4,+18.2,+21.6,+21.5,+21.6,+25.2,+24.9,+25.3,+25.2,+25.1,+27,ESTP,0,0,+0,+0,+0.0171,+0,+0.0414,+0,+0,+0,20:53:01 29.03.2020
13460,+25.4,+18.2,+21.6,+21.5,+21.6,+25.2,+24.9,+25.3,+25.2,+25.1,+27,ESTP,0,0,+0,+0,+0.0171,+0,+0.0414,+0,+0,+0,20:54:01 29.03.2020
13461,+25.3,+18.2,+21.6,+21.5,+21.6,+25.2,+24.9,+25.3,+25.2,+25.1,+27,ESTP,0,0,+0,+0,+0.0171,+0,+0.0414,+0,+0,+0,20:55:01 29.03.2020
13462,+25.3,+18.2,+21.6,+21.5,+21.6,+25.2,+24.9,+25.3,+25.2,+25.1,+27,ESTP,0,0,+0,+0,+0.0171,+0,+0.0414,+0,+0,+0,20:56:01 29.03.2020
13463,+25.4,+18.2,+21.6,+21.5,+21.6,+25.2,+24.9,+25.3,+25.2,+25.1,+27,ESTP,0,0,+0,+0,+0.0171,+0,+0.0414,+0,+0,+0,20:57:01 29.03.2020
13464,+25.4,+18.2,+21.6,+21.5,+21.6,+25.2,+25,+25.3,+25.2,+25.1,+27,ESTP,0,0,+0,+0,+0.0171,+0,+0.0414,+0,+0,+0,20:58:01 29.03.2020
13465,+25.4,+18.2,+21.6,+21.5,+21.6,+25.2,+24.9,+25.3,+25.2,+25.1,+27,ESTP,0,0,+0,+0,+0.0171,+0,+0.0414,+0,+0,+0,20:59:01 29.03.2020
13466,+25.4,+18.2,+21.6,+21.5,+21.6,+25.2,+24.9,+25.3,+25.2,+25.1,+27,ESTP,0,0,+0,+0,+0.0171,+0,+0.0414,+0,+0,+0,21:00:01 29.03.2020
13467,+25.4,+18.2,+21.6,+21.5,+21.6,+25.2,+24.9,+25.3,+25.2,+25.1,+27,ESTP,0,0,+0,+0,+0.0171,+0,+0.0416,+0,+0,+0,21:01:01 29.03.2020
13468,+25.4,+18.2,+21.6,+21.5,+21.6,+25.2,+24.9,+25.3,+25.2,+25.1,+27,ESTP,0,0,+0,+0,+0.0171,+0,+0.0416,+0,+0,+0,21:02:01 29.03.2020
13469,+25.4,+18.2,+21.6,+21.5,+21.6,+25.2,+24.9,+25.3,+25.2,+25.1,+27,ESTP,0,0,+0,+0,+0.0171,+0,+0.0416,+0,+0,+0,21:03:01 29.03.2020
13470,+25.4,+18.2,+21.6,+21.5,+21.6,+25.2,+24.9,+25.3,+25.2,+25.1,+27,ESTP,0,0,+0,+0,+0.0171,+0,+0.0416,+0,+0,+0,21:04:01 29.03.2020
13471,+25.4,+18.2,+21.6,+21.5,+21.6,+25.2,+24.9,+25.3,+25.2,+25.1,+27,ESTP,0,0,+0,+0,+0.0171,+0,+0.0416,+0,+0,+0,21:05:01 29.03.2020
13472,+25.4,+18.2,+21.6,+21.5,+21.6,+25.2,+24.9,+25.3,+25.2,+25.1,+27,ESTP,0,0,+0,+0,+0.0171,+0,+0.0416,+0,+0,+0,21:06:01 29.03.2020
13473,+25.4,+18.2,+21.6,+21.5,+21.6,+25.2,+24.9,+25.3,+25.2,+25.1,+27,ESTP,0,0,+0,+0,+0.0171,+0,+0.0416,+0,+0,+0,21:07:01 29.03.2020
13474,+25.4,+18.2,+21.6,+21.5,+21.6,+25.2,+24.9,+25.3,+25.2,+25.1,+27,ESTP,0,0,+0,+0,+0.0171,+0,+0.0416,+0,+0,+0,21:08:01 29.03.2020
13475,+25.4,+18.2,+21.6,+21.5,+21.6,+25.2,+24.9,+25.3,+25.2,+25.1,+27,ESTP,0,0,+0,+0,+0.0171,+0,+0.0416,+0,+0,+0,21:09:01 29.03.2020
13476,+25.4,+18.2,+21.6,+21.5,+21.6,+25.2,+24.9,+25.3,+25.2,+25.1,+27,ESTP,0,0,+0,+0,+0.0171,+0,+0.0414,+0,+0,+0,21:10:01 29.03.2020
13477,+25.4,+18.2,+21.6,+21.5,+21.6,+25.2,+24.9,+25.3,+25.2,+25.1,+27,ESTP,0,0,+0,+0,+0.0171,+0,+0.0414,+0,+0,+0,21:11:01 29.03.2020
13478,+25.4,+18.2,+21.6,+21.5,+21.6,+25.2,+24.9,+25.3,+25.2,+25.1,+27,ESTP,0,0,+0,+0,+0.0171,+0,+0.0414,+0,+0,+0,21:12:01 29.03.2020
13479,+25.4,+18.2,+21.6,+21.5,+21.6,+25.2,+24.9,+25.3,+25.2,+25.1,+27,ESTP,0,0,+0,+0,+0.0171,+0,+0.0414,+0,+0,+0,21:13:01 29.03.2020
13480,+25.4,+18.2,+21.6,+21.5,+21.6,+25.2,+24.9,+25.3,+25.2,+25.1,+27,ESTP,0,0,+0,+0,+0.0171,+0,+0.0414,+0,+0,+0,21:14:01 29.03.2020
13481,+25.4,+18.2,+21.6,+21.5,+21.6,+25.2,+24.9,+25.3,+25.2,+25.1,+27,ESTP,0,0,+0,+0,+0.0171,+0,+0.0414,+0,+0,+0,21:15:01 29.03.2020
13482,+25.4,+18.2,+21.6,+21.5,+21.6,+25.2,+24.9,+25.3,+25.2,+25.1,+27,ESTP,0,0,+0,+0,+0.0171,+0,+0.0414,+0,+0,+0,21:16:01 29.03.2020
13483,+25.3,+18.2,+21.6,+21.5,+21.6,+25.2,+24.9,+25.3,+25.2,+25.1,+27,ESTP,0,0,+0,+0,+0.0171,+0,+0.0414,+0,+0,+0,21:17:01 29.03.2020
13484,+25.3,+18.2,+21.6,+21.5,+21.6,+25.2,+24.9,+25.3,+25.2,+25.1,+27,ESTP,0,0,+0,+0,+0.0171,+0,+0.0414,+0,+0,+0,21:18:01 29.03.2020
13485,+25.3,+18.2,+21.6,+21.5,+21.6,+25.2,+24.9,+25.3,+25.2,+25.1,+27,ESTP,0,0,+0,+0,+0.0171,+0,+0.0414,+0,+0,+0,21:19:01 29.03.2020
13486,+25.4,+18.2,+21.6,+21.5,+21.6,+25.2,+24.9,+25.3,+25.2,+25.1,+27,ESTP,0,0,+0,+0,+0.0171,+0,+0.0414,+0,+0,+0,21:20:01 29.03.2020
13487,+25.4,+18.2,+21.6,+21.5,+21.6,+25.2,+25,+25.3,+25.2,+25.1,+27,ESTP,0,0,+0,+0,+0.0171,+0,+0.0414,+0,+0,+0,21:21:01 29.03.2020
13488,+25.4,+18.2,+21.6,+21.5,+21.6,+25.2,+24.9,+25.3,+25.2,+25.1,+27,ESTP,0,0,+0,+0,+0.0171,+0,+0.0414,+0,+0,+0,21:22:01 29.03.2020
13489,+25.4,+18.2,+21.6,+21.5,+21.6,+25.2,+25,+25.3,+25.2,+25.1,+27,ESTP,0,0,+0,+0,+0.0171,+0,+0.0414,+0,+0,+0,21:23:01 29.03.2020
13490,+25.4,+18.2,+21.6,+21.5,+21.6,+25.2,+24.9,+25.3,+25.2,+25.1,+27,ESTP,0,0,+0,+0,+0.0171,+0,+0.0414,+0,+0,+0,21:24:01 29.03.2020
13491,+25.4,+18.2,+21.6,+21.5,+21.6,+25.2,+24.9,+25.3,+25.2,+25.1,+27,ESTP,0,0,+0,+0,+0.0171,+0,+0.0415,+0,+0,+0,21:25:01 29.03.2020
13492,+25.4,+18.2,+21.6,+21.5,+21.6,+25.2,+24.9,+25.3,+25.2,+25.1,+27,ESTP,0,0,+0,+0,+0.0171,+0,+0.0416,+0,+0,+0,21:26:01 29.03.2020
13493,+25.4,+18.2,+21.6,+21.5,+21.6,+25.2,+24.9,+25.3,+25.2,+25.1,+27,ESTP,0,0,+0,+0,+0.0171,+0,+0.0416,+0,+0,+0,21:27:01 29.03.2020
13494,+25.4,+18.2,+21.6,+21.5,+21.6,+25.2,+24.9,+25.3,+25.2,+25.1,+27,ESTP,0,0,+0,+0,+0.0171,+0,+0.0416,+0,+0,+0,21:28:01 29.03.2020
13495,+25.4,+18.2,+21.6,+21.5,+21.6,+25.2,+25,+25.3,+25.2,+25.1,+27,ESTP,0,0,+0,+0,+0.0171,+0,+0.0414,+0,+0,+0,21:29:01 29.03.2020
13496,+25.4,+18.2,+21.6,+21.5,+21.6,+25.2,+24.9,+25.3,+25.2,+25.1,+27,ESTP,0,0,+0,+0,+0.0171,+0,+0.0414,+0,+0,+0,21:30:01 29.03.2020
13497,+25.4,+18.2,+21.6,+21.5,+21.6,+25.2,+24.9,+25.3,+25.2,+25.1,+27,ESTP,0,0,+0,+0,+0.0171,+0,+0.0414,+0,+0,+0,21:31:01 29.03.2020
13498,+25.4,+18.2,+21.6,+21.5,+21.6,+25.2,+25,+25.3,+25.2,+25.1,+27,ESTP,0,0,+0,+0,+0.0171,+0,+0.0414,+0,+0,+0,21:32:01 29.03.2020
13499,+25.4,+18.2,+21.6,+21.5,+21.6,+25.2,+24.9,+25.3,+25.2,+25.1,+27,ESTP,0,0,+0,+0,+0.0171,+0,+0.0414,+0,+0,+0,21:33:01 29.03.2020
13500,+25.4,+18.2,+21.6,+21.5,+21.6,+25.2,+25,+25.3,+25.2,+25.1,+27,ESTP,0,0,+0,+0,+0.0171,+0,+0.0414,+0,+0,+0,21:34:01 29.03.2020
13501,+25.4,+18.2,+21.6,+21.5,+21.6,+25.2,+24.9,+25.3,+25.2,+25.1,+27,ESTP,0,0,+0,+0,+0.0171,+0,+0.0414,+0,+0,+0,21:35:01 29.03.2020
13502,+25.4,+18.2,+21.6,+21.5,+21.6,+25.2,+24.9,+25.3,+25.2,+25.1,+27,ESTP,0,0,+0,+0,+0.0171,+0,+0.0414,+0,+0,+0,21:36:01 29.03.2020
13503,+25.3,+18.2,+21.6,+21.5,+21.6,+25.2,+24.9,+25.3,+25.2,+25.1,+27,ESTP,0,0,+0,+0,+0.0171,+0,+0.0414,+0,+0,+0,21:37:01 29.03.2020
13504,+25.3,+18.2,+21.6,+21.5,+21.6,+25.2,+24.9,+25.3,+25.2,+25.1,+27,ESTP,0,0,+0,+0,+0.0171,+0,+0.0414,+0,+0,+0,21:38:01 29.03.2020
13505,+25.3,+18.2,+21.6,+21.5,+21.6,+25.2,+24.9,+25.3,+25.2,+25.1,+27,ESTP,0,0,+0,+0,+0.0171,+0,+0.0414,+0,+0,+0,21:39:01 29.03.2020
13506,+25.3,+18.2,+21.6,+21.5,+21.6,+25.2,+24.9,+25.3,+25.2,+25.1,+27,ESTP,0,0,+0,+0,+0.0171,+0,+0.0414,+0,+0,+0,21:40:01 29.03.2020
13507,+25.4,+18.2,+21.6,+21.5,+21.6,+25.2,+24.9,+25.3,+25.2,+25.1,+27,ESTP,0,0,+0,+0,+0.0171,+0,+0.0414,+0,+0,+0,21:41:01 29.03.2020
13508,+25.4,+18.2,+21.6,+21.5,+21.6,+25.2,+24.9,+25.3,+25.2,+25.1,+27,ESTP,0,0,+0,+0,+0.0171,+0,+0.0414,+0,+0,+0,21:42:01 29.03.2020
13509,+25.4,+18.2,+21.6,+21.5,+21.6,+25.2,+24.9,+25.3,+25.2,+25.1,+27,ESTP,0,0,+0,+0,+0.0171,+0,+0.0414,+0,+0,+0,21:43:01 29.03.2020
13510,+25.4,+18.2,+21.6,+21.5,+21.6,+25.2,+24.9,+25.3,+25.2,+25.1,+27,ESTP,0,0,+0,+0,+0.0171,+0,+0.0414,+0,+0,+0,21:44:01 29.03.2020
13511,+25.4,+18.2,+21.6,+21.5,+21.6,+25.2,+24.9,+25.3,+25.2,+25.1,+27,ESTP,0,0,+0,+0,+0.0171,+0,+0.0414,+0,+0,+0,21:45:01 29.03.2020
13512,+25.4,+18.2,+21.6,+21.5,+21.6,+25.2,+24.9,+25.3,+25.2,+25.1,+27,ESTP,0,0,+0,+0,+0.0171,+0,+0.0416,+0,+0,+0,21:46:01 29.03.2020
13513,+25.4,+18.2,+21.6,+21.5,+21.6,+25.2,+24.9,+25.3,+25.2,+25.1,+27,ESTP,0,0,+0,+0,+0.0171,+0,+0.0416,+0,+0,+0,21:47:01 29.03.2020
13514,+25.4,+18.2,+21.6,+21.5,+21.6,+25.2,+24.9,+25.3,+25.2,+25.1,+27,ESTP,0,0,+0,+0,+0.0171,+0,+0.0416,+0,+0,+0,21:48:01 29.03.2020
13515,+25.4,+18.2,+21.6,+21.5,+21.6,+25.2,+24.9,+25.3,+25.2,+25.1,+27,ESTP,0,0,+0,+0,+0.0171,+0,+0.0416,+0,+0,+0,21:49:01 29.03.2020
13516,+25.4,+18.2,+21.6,+21.5,+21.6,+25.2,+24.9,+25.3,+25.2,+25.1,+27,ESTP,0,0,+0,+0,+0.0171,+0,+0.0414,+0,+0,+0,21:50:01 29.03.2020
13517,+25.4,+18.2,+21.6,+21.5,+21.6,+25.2,+24.9,+25.3,+25.2,+25.1,+27,ESTP,0,0,+0,+0,+0.0171,+0,+0.0416,+0,+0,+0,21:51:01 29.03.2020
13518,+25.4,+18.2,+21.6,+21.5,+21.6,+25.2,+24.9,+25.3,+25.2,+25.1,+27,ESTP,0,0,+0,+0,+0.0171,+0,+0.0414,+0,+0,+0,21:52:01 29.03.2020
13519,+25.4,+18.2,+21.6,+21.5,+21.6,+25.2,+24.9,+25.3,+25.2,+25.1,+27,ESTP,0,0,+0,+0,+0.0171,+0,+0.0414,+0,+0,+0,21:53:01 29.03.2020
13520,+25.4,+18.2,+21.6,+21.5,+21.6,+25.2,+24.9,+25.3,+25.2,+25.1,+27,ESTP,0,0,+0,+0,+0.0171,+0,+0.0414,+0,+0,+0,21:54:01 29.03.2020
13521,+25.4,+18.2,+21.6,+21.5,+21.6,+25.2,+24.9,+25.3,+25.2,+25.1,+27,ESTP,0,0,+0,+0,+0.0171,+0,+0.0414,+0,+0,+0,21:55:01 29.03.2020
13522,+25.4,+18.2,+21.6,+21.5,+21.6,+25.2,+24.9,+25.3,+25.2,+25.1,+27,ESTP,0,0,+0,+0,+0.0171,+0,+0.0414,+0,+0,+0,21:56:01 29.03.2020
13523,+25.4,+18.2,+21.6,+21.5,+21.6,+25.2,+24.9,+25.3,+25.2,+25.1,+27,ESTP,0,0,+0,+0,+0.0171,+0,+0.0414,+0,+0,+0,21:57:01 29.03.2020
13524,+25.4,+18.2,+21.6,+21.5,+21.6,+25.2,+24.9,+25.3,+25.2,+25.1,+27,ESTP,0,0,+0,+0,+0.0171,+0,+0.0414,+0,+0,+0,21:58:01 29.03.2020
13525,+25.4,+18.2,+21.6,+21.5,+21.6,+25.2,+24.9,+25.3,+25.2,+25.1,+27,ESTP,0,0,+0,+0,+0.0171,+0,+0.0414,+0,+0,+0,21:59:01 29.03.2020
13526,+25.3,+18.2,+21.6,+21.5,+21.6,+25.2,+24.9,+25.3,+25.2,+25.1,+27,ESTP,0,0,+0,+0,+0.0171,+0,+0.0414,+0,+0,+0,22:00:01 29.03.2020
13527,+25.4,+18.2,+21.6,+21.5,+21.6,+25.2,+24.9,+25.3,+25.2,+25.1,+27,ESTP,0,0,+0,+0,+0.0171,+0,+0.0414,+0,+0,+0,22:01:01 29.03.2020
13528,+25.4,+18.2,+21.6,+21.5,+21.6,+25.2,+24.9,+25.3,+25.2,+25.1,+27,ESTP,0,0,+0,+0,+0.0171,+0,+0.0414,+0,+0,+0,22:02:01 29.03.2020
13529,+25.4,+18.2,+21.6,+21.5,+21.6,+25.2,+24.9,+25.3,+25.2,+25.1,+27,ESTP,0,0,+0,+0,+0.0171,+0,+0.0414,+0,+0,+0,22:03:01 29.03.2020
13530,+25.4,+18.2,+21.6,+21.5,+21.6,+25.2,+24.9,+25.3,+25.2,+25.1,+27,ESTP,0,0,+0,+0,+0.0171,+0,+0.0414,+0,+0,+0,22:04:01 29.03.2020
13531,+25.4,+18.2,+21.6,+21.5,+21.6,+25.2,+24.9,+25.3,+25.2,+25.1,+27,ESTP,0,0,+0,+0,+0.0171,+0,+0.0414,+0,+0,+0,22:05:01 29.03.2020
13532,+25.4,+18.2,+21.6,+21.5,+21.6,+25.2,+24.9,+25.3,+25.2,+25.1,+27,ESTP,0,0,+0,+0,+0.0171,+0,+0.0414,+0,+0,+0,22:06:01 29.03.2020
13533,+25.4,+18.2,+21.6,+21.5,+21.6,+25.2,+24.9,+25.3,+25.2,+25.1,+27,ESTP,0,0,+0,+0,+0.0171,+0,+0.0414,+0,+0,+0,22:07:01 29.03.2020
13534,+25.4,+18.2,+21.6,+21.5,+21.6,+25.2,+24.9,+25.3,+25.2,+25.1,+27,ESTP,0,0,+0,+0,+0.0171,+0,+0.0416,+0,+0,+0,22:08:01 29.03.2020
13535,+25.4,+18.2,+21.6,+21.5,+21.6,+25.2,+24.9,+25.3,+25.2,+25.1,+27,ESTP,0,0,+0,+0,+0.0171,+0,+0.0416,+0,+0,+0,22:09:01 29.03.2020
13536,+25.4,+18.2,+21.6,+21.5,+21.6,+25.2,+24.9,+25.3,+25.2,+25.1,+27,ESTP,0,0,+0,+0,+0.0171,+0,+0.0416,+0,+0,+0,22:10:01 29.03.2020
13537,+25.4,+18.2,+21.6,+21.5,+21.6,+25.2,+24.9,+25.3,+25.2,+25.1,+27,ESTP,0,0,+0,+0,+0.0171,+0,+0.0414,+0,+0,+0,22:11:01 29.03.2020
13538,+25.4,+18.2,+21.6,+21.5,+21.6,+25.2,+24.9,+25.3,+25.2,+25.1,+27,ESTP,0,0,+0,+0,+0.0171,+0,+0.0414,+0,+0,+0,22:12:01 29.03.2020
13539,+25.4,+18.2,+21.6,+21.5,+21.6,+25.2,+24.9,+25.3,+25.2,+25.1,+27,ESTP,0,0,+0,+0,+0.0171,+0,+0.0414,+0,+0,+0,22:13:01 29.03.2020
13540,+25.4,+18.2,+21.6,+21.5,+21.6,+25.2,+24.9,+25.3,+25.2,+25.1,+27,ESTP,0,0,+0,+0,+0.0171,+0,+0.0414,+0,+0,+0,22:14:01 29.03.2020
13541,+25.4,+18.2,+21.6,+21.5,+21.6,+25.2,+24.9,+25.3,+25.2,+25.1,+27,ESTP,0,0,+0,+0,+0.0171,+0,+0.0414,+0,+0,+0,22:15:01 29.03.2020
13542,+25.4,+18.2,+21.6,+21.5,+21.6,+25.2,+24.9,+25.3,+25.2,+25.1,+27,ESTP,0,0,+0,+0,+0.0171,+0,+0.0414,+0,+0,+0,22:16:01 29.03.2020
13543,+25.4,+18.2,+21.6,+21.5,+21.6,+25.2,+24.9,+25.3,+25.2,+25.1,+27,ESTP,0,0,+0,+0,+0.0171,+0,+0.0414,+0,+0,+0,22:17:01 29.03.2020
13544,+25.4,+18.2,+21.6,+21.6,+21.6,+25.2,+24.9,+25.3,+25.2,+25.1,+27,ESTP,0,0,+0,+0,+0.0171,+0,+0.0414,+0,+0,+0,22:18:01 29.03.2020
13545,+25.4,+18.2,+21.6,+21.6,+21.6,+25.2,+24.9,+25.3,+25.2,+25.1,+27,ESTP,0,0,+0,+0,+0.0171,+0,+0.0414,+0,+0,+0,22:19:01 29.03.2020
13546,+25.4,+18.2,+21.6,+21.5,+21.6,+25.2,+24.9,+25.3,+25.2,+25.1,+27,ESTP,0,0,+0,+0,+0.0171,+0,+0.0414,+0,+0,+0,22:20:01 29.03.2020
13547,+25.4,+18.2,+21.6,+21.5,+21.6,+25.2,+24.9,+25.3,+25.2,+25.1,+27,ESTP,0,0,+0,+0,+0.0171,+0,+0.0414,+0,+0,+0,22:21:01 29.03.2020
13548,+25.4,+18.2,+21.6,+21.6,+21.6,+25.2,+24.9,+25.3,+25.2,+25.1,+27,ESTP,0,0,+0,+0,+0.0171,+0,+0.0414,+0,+0,+0,22:22:01 29.03.2020
13549,+25.4,+18.2,+21.6,+21.6,+21.6,+25.2,+24.9,+25.3,+25.2,+25.1,+27,ESTP,0,0,+0,+0,+0.0171,+0,+0.0414,+0,+0,+0,22:23:01 29.03.2020
13550,+25.4,+18.2,+21.6,+21.6,+21.6,+25.2,+24.9,+25.3,+25.2,+25.1,+27,ESTP,0,0,+0,+0,+0.0171,+0,+0.0414,+0,+0,+0,22:24:01 29.03.2020
13551,+25.4,+18.2,+21.7,+21.6,+21.6,+25.2,+24.9,+25.3,+25.2,+25.1,+27,ESTP,0,0,+0,+0,+0.0171,+0,+0.0416,+0,+0,+0,22:25:01 29.03.2020
13552,+25.4,+18.2,+21.6,+21.6,+21.6,+25.2,+24.9,+25.3,+25.2,+25.1,+27,ESTP,0,0,+0,+0,+0.0171,+0,+0.0416,+0,+0,+0,22:26:01 29.03.2020
13553,+25.4,+18.2,+21.6,+21.6,+21.6,+25.2,+24.9,+25.3,+25.2,+25.1,+27,ESTP,0,0,+0,+0,+0.0171,+0,+0.0416,+0,+0,+0,22:27:01 29.03.2020
13554,+25.4,+18.2,+21.7,+21.6,+21.6,+25.2,+24.9,+25.3,+25.2,+25.1,+27,ESTP,0,0,+0,+0,+0.0171,+0,+0.0416,+0,+0,+0,22:28:01 29.03.2020
13555,+25.4,+18.2,+21.7,+21.6,+21.6,+25.2,+24.9,+25.3,+25.2,+25.1,+27,ESTP,0,0,+0,+0,+0.0171,+0,+0.0416,+0,+0,+0,22:29:01 29.03.2020
13556,+25.4,+18.2,+21.7,+21.6,+21.6,+25.2,+24.9,+25.3,+25.2,+25.1,+27,ESTP,0,0,+0,+0,+0.0171,+0,+0.0416,+0,+0,+0,22:30:01 29.03.2020
13557,+25.4,+18.2,+21.7,+21.6,+21.6,+25.2,+24.9,+25.3,+25.2,+25.1,+27,ESTP,0,0,+0,+0,+0.0171,+0,+0.0416,+0,+0,+0,22:31:01 29.03.2020
13558,+25.4,+18.2,+21.7,+21.6,+21.6,+25.2,+24.9,+25.3,+25.2,+25.1,+27,ESTP,0,0,+0,+0,+0.0171,+0,+0.0416,+0,+0,+0,22:32:01 29.03.2020
13559,+25.4,+18.2,+21.7,+21.6,+21.6,+25.2,+24.9,+25.3,+25.2,+25.1,+27,ESTP,0,0,+0,+0,+0.0171,+0,+0.0416,+0,+0,+0,22:33:01 29.03.2020
13560,+25.4,+18.2,+21.7,+21.6,+21.6,+25.2,+24.9,+25.3,+25.2,+25.1,+27,ESTP,0,0,+0,+0,+0.0171,+0,+0.0416,+0,+0,+0,22:34:01 29.03.2020
13561,+25.4,+18.2,+21.7,+21.6,+21.6,+25.2,+24.9,+25.3,+25.2,+25.1,+27,ESTP,0,0,+0,+0,+0.0171,+0,+0.0414,+0,+0,+0,22:35:01 29.03.2020
13562,+25.4,+18.2,+21.7,+21.6,+21.6,+25.2,+24.9,+25.3,+25.2,+25.1,+27,ESTP,0,0,+0,+0,+0.0171,+0,+0.0414,+0,+0,+0,22:36:01 29.03.2020
13563,+25.4,+18.2,+21.7,+21.6,+21.6,+25.2,+24.9,+25.3,+25.2,+25.1,+27,ESTP,0,0,+0,+0,+0.0171,+0,+0.0414,+0,+0,+0,22:37:01 29.03.2020
13564,+25.4,+18.2,+21.7,+21.6,+21.6,+25.2,+24.9,+25.3,+25.2,+25.1,+27,ESTP,0,0,+0,+0,+0.0171,+0,+0.0414,+0,+0,+0,22:38:01 29.03.2020
13565,+25.4,+18.2,+21.7,+21.6,+21.6,+25.2,+24.9,+25.3,+25.2,+25.1,+27,ESTP,0,0,+0,+0,+0.0171,+0,+0.0414,+0,+0,+0,22:39:01 29.03.2020
13566,+25.4,+18.2,+21.7,+21.6,+21.6,+25.2,+24.9,+25.3,+25.2,+25.1,+27,ESTP,0,0,+0,+0,+0.0171,+0,+0.0414,+0,+0,+0,22:40:01 29.03.2020
13567,+25.4,+18.2,+21.7,+21.6,+21.6,+25.2,+24.9,+25.3,+25.2,+25.1,+27,ESTP,0,0,+0,+0,+0.0171,+0,+0.0414,+0,+0,+0,22:41:01 29.03.2020
13568,+25.4,+18.2,+21.7,+21.6,+21.6,+25.2,+24.9,+25.3,+25.2,+25.1,+27,ESTP,0,0,+0,+0,+0.0171,+0,+0.0414,+0,+0,+0,22:42:01 29.03.2020
13569,+25.4,+18.2,+21.7,+21.6,+21.6,+25.2,+24.9,+25.3,+25.2,+25.1,+27,ESTP,0,0,+0,+0,+0.0171,+0,+0.0414,+0,+0,+0,22:43:01 29.03.2020
13570,+25.4,+18.2,+21.7,+21.6,+21.6,+25.2,+24.9,+25.3,+25.2,+25.1,+27,ESTP,0,0,+0,+0,+0.0171,+0,+0.0414,+0,+0,+0,22:44:01 29.03.2020
13571,+25.4,+18.2,+21.7,+21.6,+21.6,+25.2,+24.9,+25.3,+25.2,+25.1,+27,ESTP,0,0,+0,+0,+0.0171,+0,+0.0416,+0,+0,+0,22:45:01 29.03.2020
13572,+25.4,+18.2,+21.7,+21.6,+21.6,+25.2,+24.9,+25.3,+25.2,+25.1,+27,ESTP,0,0,+0,+0,+0.0171,+0,+0.0414,+0,+0,+0,22:46:01 29.03.2020
13573,+25.4,+18.2,+21.7,+21.6,+21.6,+25.2,+24.9,+25.3,+25.2,+25.1,+27,ESTP,0,0,+0,+0,+0.0171,+0,+0.0416,+0,+0,+0,22:47:01 29.03.2020
13574,+25.4,+18.2,+21.7,+21.6,+21.6,+25.2,+24.9,+25.3,+25.2,+25.1,+27,ESTP,0,0,+0,+0,+0.0171,+0,+0.0416,+0,+0,+0,22:48:01 29.03.2020
13575,+25.4,+18.2,+21.7,+21.6,+21.6,+25.2,+24.9,+25.3,+25.2,+25.1,+27,ESTP,0,0,+0,+0,+0.0171,+0,+0.0416,+0,+0,+0,22:49:01 29.03.2020
13576,+25.4,+18.2,+21.7,+21.6,+21.6,+25.2,+24.9,+25.3,+25.2,+25.1,+27,ESTP,0,0,+0,+0,+0.0171,+0,+0.0416,+0,+0,+0,22:50:01 29.03.2020
13577,+25.4,+18.2,+21.7,+21.6,+21.6,+25.2,+24.9,+25.3,+25.2,+25.1,+27,ESTP,0,0,+0,+0,+0.0171,+0,+0.0416,+0,+0,+0,22:51:01 29.03.2020
13578,+25.4,+18.2,+21.7,+21.6,+21.6,+25.2,+24.9,+25.3,+25.2,+25.1,+27,ESTP,0,0,+0,+0,+0.0171,+0,+0.0414,+0,+0,+0,22:52:01 29.03.2020
13579,+25.4,+18.2,+21.7,+21.6,+21.6,+25.2,+24.9,+25.3,+25.2,+25.1,+27,ESTP,0,0,+0,+0,+0.0171,+0,+0.0414,+0,+0,+0,22:53:01 29.03.2020
13580,+25.4,+18.2,+21.7,+21.6,+21.6,+25.2,+24.9,+25.3,+25.2,+25.1,+27,ESTP,0,0,+0,+0,+0.0171,+0,+0.0414,+0,+0,+0,22:54:01 29.03.2020
13581,+25.4,+18.2,+21.7,+21.6,+21.6,+25.2,+24.9,+25.3,+25.2,+25.1,+27,ESTP,0,0,+0,+0,+0.0171,+0,+0.0414,+0,+0,+0,22:55:01 29.03.2020
13582,+25.4,+18.2,+21.7,+21.6,+21.6,+25.2,+24.9,+25.3,+25.2,+25.1,+27,ESTP,0,0,+0,+0,+0.0171,+0,+0.0414,+0,+0,+0,22:56:01 29.03.2020
13583,+25.4,+18.2,+21.7,+21.6,+21.6,+25.2,+24.9,+25.3,+25.2,+25.1,+27,ESTP,0,0,+0,+0,+0.0171,+0,+0.0414,+0,+0,+0,22:57:01 29.03.2020
13584,+25.4,+18.2,+21.7,+21.6,+21.6,+25.2,+24.9,+25.3,+25.2,+25.1,+27,ESTP,0,0,+0,+0,+0.0171,+0,+0.0414,+0,+0,+0,22:58:01 29.03.2020
13585,+25.4,+18.2,+21.7,+21.6,+21.6,+25.2,+24.9,+25.3,+25.2,+25.1,+27,ESTP,0,0,+0,+0,+0.0171,+0,+0.0414,+0,+0,+0,22:59:01 29.03.2020
13586,+25.4,+18.2,+21.7,+21.6,+21.6,+25.2,+24.9,+25.3,+25.2,+25.1,+27,ESTP,0,0,+0,+0,+0.0171,+0,+0.0414,+0,+0,+0,23:00:01 29.03.2020
13587,+25.4,+18.2,+21.7,+21.6,+21.6,+25.2,+24.9,+25.3,+25.2,+25.1,+27,ESTP,0,0,+0,+0,+0.0171,+0,+0.0414,+0,+0,+0,23:01:01 29.03.2020
13588,+25.4,+18.2,+21.7,+21.6,+21.6,+25.2,+24.9,+25.3,+25.2,+25.1,+27,ESTP,0,0,+0,+0,+0.0171,+0,+0.0414,+0,+0,+0,23:02:01 29.03.2020
13589,+25.4,+18.2,+21.7,+21.6,+21.6,+25.2,+24.9,+25.3,+25.2,+25.1,+27,ESTP,0,0,+0,+0,+0.0171,+0,+0.0414,+0,+0,+0,23:03:01 29.03.2020
13590,+25.4,+18.2,+21.7,+21.6,+21.6,+25.2,+24.9,+25.3,+25.2,+25.1,+27,ESTP,0,0,+0,+0,+0.0171,+0,+0.0416,+0,+0,+0,23:04:01 29.03.2020
13591,+25.4,+18.2,+21.7,+21.6,+21.6,+25.3,+24.9,+25.3,+25.2,+25.1,+27,ESTP,0,0,+0,+0,+0.0171,+0,+0.0416,+0,+0,+0,23:05:01 29.03.2020
13592,+25.4,+18.2,+21.7,+21.6,+21.6,+25.3,+24.9,+25.3,+25.2,+25.1,+27,ESTP,0,0,+0,+0,+0.0171,+0,+0.0416,+0,+0,+0,23:06:01 29.03.2020
13593,+25.4,+18.2,+21.7,+21.6,+21.6,+25.3,+24.9,+25.3,+25.2,+25.1,+27,ESTP,0,0,+0,+0,+0.0171,+0,+0.0416,+0,+0,+0,23:07:01 29.03.2020
13594,+25.4,+18.2,+21.7,+21.6,+21.6,+25.2,+24.9,+25.3,+25.2,+25.1,+27,ESTP,0,0,+0,+0,+0.0171,+0,+0.0416,+0,+0,+0,23:08:01 29.03.2020
13595,+25.4,+18.2,+21.7,+21.6,+21.6,+25.3,+24.9,+25.3,+25.2,+25.1,+27,ESTP,0,0,+0,+0,+0.0171,+0,+0.0416,+0,+0,+0,23:09:01 29.03.2020
13596,+25.4,+18.2,+21.7,+21.6,+21.6,+25.2,+24.9,+25.3,+25.2,+25.1,+27,ESTP,0,0,+0,+0,+0.0171,+0,+0.0416,+0,+0,+0,23:10:01 29.03.2020
13597,+25.4,+18.2,+21.7,+21.6,+21.6,+25.2,+24.9,+25.3,+25.2,+25.1,+27,ESTP,0,0,+0,+0,+0.0171,+0,+0.0416,+0,+0,+0,23:11:01 29.03.2020
13598,+25.4,+18.2,+21.7,+21.6,+21.6,+25.2,+24.9,+25.3,+25.2,+25.1,+27,ESTP,0,0,+0,+0,+0.0171,+0,+0.0416,+0,+0,+0,23:12:01 29.03.2020
13599,+25.4,+18.2,+21.7,+21.6,+21.6,+25.2,+24.9,+25.3,+25.2,+25.1,+27,ESTP,0,0,+0,+0,+0.0171,+0,+0.0416,+0,+0,+0,23:13:01 29.03.2020
13600,+25.4,+18.2,+21.7,+21.6,+21.6,+25.2,+24.9,+25.3,+25.2,+25.1,+27,ESTP,0,0,+0,+0,+0.0171,+0,+0.0416,+0,+0,+0,23:14:01 29.03.2020
13601,+25.4,+18.2,+21.7,+21.6,+21.6,+25.2,+24.9,+25.3,+25.2,+25.1,+27,ESTP,0,0,+0,+0,+0.0171,+0,+0.0416,+0,+0,+0,23:15:01 29.03.2020
13602,+25.4,+18.2,+21.7,+21.6,+21.7,+25.2,+24.9,+25.3,+25.2,+25.1,+27,ESTP,0,0,+0,+0,+0.0171,+0,+0.0414,+0,+0,+0,23:16:01 29.03.2020
13603,+25.4,+18.2,+21.7,+21.6,+21.6,+25.2,+24.9,+25.3,+25.2,+25.1,+27,ESTP,0,0,+0,+0,+0.0171,+0,+0.0414,+0,+0,+0,23:17:01 29.03.2020
13604,+25.4,+18.2,+21.7,+21.6,+21.7,+25.2,+24.9,+25.3,+25.2,+25.1,+27,ESTP,0,0,+0,+0,+0.0171,+0,+0.0414,+0,+0,+0,23:18:01 29.03.2020
13605,+25.4,+18.2,+21.7,+21.6,+21.7,+25.2,+24.9,+25.3,+25.2,+25.1,+27,ESTP,0,0,+0,+0,+0.0171,+0,+0.0414,+0,+0,+0,23:19:01 29.03.2020
13606,+25.4,+18.2,+21.7,+21.6,+21.7,+25.2,+24.9,+25.3,+25.2,+25.1,+27,ESTP,0,0,+0,+0,+0.0171,+0,+0.0414,+0,+0,+0,23:20:01 29.03.2020
13607,+25.4,+18.2,+21.7,+21.6,+21.7,+25.2,+24.9,+25.3,+25.2,+25.1,+27,ESTP,0,0,+0,+0,+0.0171,+0,+0.0414,+0,+0,+0,23:21:01 29.03.2020
13608,+25.4,+18.2,+21.7,+21.6,+21.7,+25.2,+24.9,+25.3,+25.2,+25.1,+27,ESTP,0,0,+0,+0,+0.0171,+0,+0.0414,+0,+0,+0,23:22:01 29.03.2020
13609,+25.4,+18.2,+21.7,+21.6,+21.7,+25.2,+24.9,+25.3,+25.2,+25.1,+27,ESTP,0,0,+0,+0,+0.0171,+0,+0.0414,+0,+0,+0,23:23:01 29.03.2020
13610,+25.4,+18.2,+21.7,+21.6,+21.7,+25.2,+24.9,+25.3,+25.2,+25.1,+27,ESTP,0,0,+0,+0,+0.0171,+0,+0.0414,+0,+0,+0,23:24:01 29.03.2020
13611,+25.4,+18.2,+21.7,+21.6,+21.7,+25.2,+24.9,+25.3,+25.2,+25.1,+27,ESTP,0,0,+0,+0,+0.0171,+0,+0.0414,+0,+0,+0,23:25:01 29.03.2020
13612,+25.4,+18.2,+21.7,+21.6,+21.7,+25.2,+24.9,+25.3,+25.2,+25.1,+27,ESTP,0,0,+0,+0,+0.0171,+0,+0.0416,+0,+0,+0,23:26:01 29.03.2020
13613,+25.4,+18.2,+21.7,+21.6,+21.7,+25.2,+24.9,+25.3,+25.2,+25.1,+27,ESTP,0,0,+0,+0,+0.0171,+0,+0.0416,+0,+0,+0,23:27:01 29.03.2020
13614,+25.4,+18.2,+21.7,+21.6,+21.7,+25.2,+24.9,+25.3,+25.2,+25.1,+27,ESTP,0,0,+0,+0,+0.0171,+0,+0.0416,+0,+0,+0,23:28:01 29.03.2020
13615,+25.4,+18.2,+21.7,+21.6,+21.7,+25.2,+24.9,+25.3,+25.2,+25.1,+27,ESTP,0,0,+0,+0,+0.0171,+0,+0.0416,+0,+0,+0,23:29:01 29.03.2020
13616,+25.4,+18.2,+21.7,+21.6,+21.7,+25.2,+24.9,+25.3,+25.2,+25.1,+27,ESTP,0,0,+0,+0,+0.0171,+0,+0.0416,+0,+0,+0,23:30:01 29.03.2020
13617,+25.4,+18.2,+21.7,+21.6,+21.7,+25.2,+24.9,+25.3,+25.2,+25.1,+27,ESTP,0,0,+0,+0,+0.0171,+0,+0.0414,+0,+0,+0,23:31:01 29.03.2020
13618,+25.4,+18.2,+21.7,+21.6,+21.7,+25.2,+24.9,+25.3,+25.2,+25.1,+27,ESTP,0,0,+0,+0,+0.0171,+0,+0.0414,+0,+0,+0,23:32:01 29.03.2020
13619,+25.4,+18.2,+21.7,+21.6,+21.7,+25.2,+24.9,+25.3,+25.2,+25.1,+27,ESTP,0,0,+0,+0,+0.0171,+0,+0.0414,+0,+0,+0,23:33:01 29.03.2020
13620,+25.4,+18.2,+21.7,+21.6,+21.7,+25.2,+24.9,+25.3,+25.2,+25.1,+27,ESTP,0,0,+0,+0,+0.0171,+0,+0.0414,+0,+0,+0,23:34:01 29.03.2020
13621,+25.4,+18.2,+21.7,+21.6,+21.7,+25.2,+24.9,+25.3,+25.2,+25.1,+27,ESTP,0,0,+0,+0,+0.0171,+0,+0.0414,+0,+0,+0,23:35:01 29.03.2020
13622,+25.4,+18.2,+21.7,+21.6,+21.7,+25.2,+24.9,+25.3,+25.2,+25.1,+27,ESTP,0,0,+0,+0,+0.0171,+0,+0.0414,+0,+0,+0,23:36:01 29.03.2020
13623,+25.4,+18.2,+21.7,+21.6,+21.7,+25.2,+24.9,+25.3,+25.2,+25.1,+27,ESTP,0,0,+0,+0,+0.0171,+0,+0.0414,+0,+0,+0,23:37:01 29.03.2020
13624,+25.4,+18.2,+21.7,+21.6,+21.7,+25.2,+24.9,+25.3,+25.2,+25.1,+27,ESTP,0,0,+0,+0,+0.0171,+0,+0.0414,+0,+0,+0,23:38:01 29.03.2020
13625,+25.4,+18.2,+21.7,+21.6,+21.7,+25.2,+24.9,+25.3,+25.2,+25.1,+27,ESTP,0,0,+0,+0,+0.0171,+0,+0.0414,+0,+0,+0,23:39:01 29.03.2020
13626,+25.5,+18.2,+21.7,+21.6,+21.7,+25.2,+24.9,+25.3,+25.2,+25.1,+27,ESTP,0,0,+0,+0,+0.0171,+0,+0.0414,+0,+0,+0,23:40:01 29.03.2020
13627,+25.4,+18.2,+21.7,+21.6,+21.7,+25.2,+24.9,+25.3,+25.2,+25.1,+27,ESTP,0,0,+0,+0,+0.0171,+0,+0.0416,+0,+0,+0,23:41:01 29.03.2020
13628,+25.4,+18.2,+21.7,+21.6,+21.7,+25.3,+24.9,+25.3,+25.2,+25.1,+27,ESTP,0,0,+0,+0,+0.0171,+0,+0.0416,+0,+0,+0,23:42:01 29.03.2020
13629,+25.4,+18.2,+21.7,+21.6,+21.7,+25.3,+24.9,+25.3,+25.2,+25.1,+27,ESTP,0,0,+0,+0,+0.0171,+0,+0.0416,+0,+0,+0,23:43:01 29.03.2020
13630,+25.4,+18.2,+21.7,+21.6,+21.7,+25.3,+24.9,+25.3,+25.2,+25.1,+27,ESTP,0,0,+0,+0,+0.0171,+0,+0.0416,+0,+0,+0,23:44:01 29.03.2020
13631,+25.4,+18.2,+21.7,+21.6,+21.7,+25.3,+24.9,+25.3,+25.2,+25.1,+27,ESTP,0,0,+0,+0,+0.0171,+0,+0.0416,+0,+0,+0,23:45:01 29.03.2020
13632,+25.4,+18.2,+21.7,+21.6,+21.7,+25.3,+24.9,+25.3,+25.2,+25.1,+27,ESTP,0,0,+0,+0,+0.0171,+0,+0.0416,+0,+0,+0,23:46:01 29.03.2020
13633,+25.4,+18.2,+21.7,+21.6,+21.7,+25.3,+24.9,+25.3,+25.2,+25.1,+27,ESTP,0,0,+0,+0,+0.0171,+0,+0.0416,+0,+0,+0,23:47:01 29.03.2020
13634,+25.4,+18.2,+21.7,+21.6,+21.7,+25.3,+24.9,+25.3,+25.2,+25.1,+27,ESTP,0,0,+0,+0,+0.0171,+0,+0.0416,+0,+0,+0,23:48:01 29.03.2020
13635,+25.4,+18.2,+21.7,+21.6,+21.7,+25.3,+24.9,+25.3,+25.2,+25.1,+27,ESTP,0,0,+0,+0,+0.0171,+0,+0.0414,+0,+0,+0,23:49:01 29.03.2020
13636,+25.4,+18.2,+21.7,+21.6,+21.7,+25.2,+24.9,+25.3,+25.2,+25.1,+27,ESTP,0,0,+0,+0,+0.0171,+0,+0.0415,+0,+0,+0,23:50:01 29.03.2020
13637,+25.4,+18.2,+21.7,+21.6,+21.7,+25.2,+24.9,+25.3,+25.2,+25.1,+27,ESTP,0,0,+0,+0,+0.0171,+0,+0.0414,+0,+0,+0,23:51:01 29.03.2020
13638,+25.4,+18.2,+21.7,+21.6,+21.7,+25.2,+24.9,+25.3,+25.2,+25.1,+27,ESTP,0,0,+0,+0,+0.0171,+0,+0.0415,+0,+0,+0,23:52:01 29.03.2020
13639,+25.4,+18.2,+21.7,+21.6,+21.7,+25.2,+24.9,+25.3,+25.2,+25.1,+27,ESTP,0,0,+0,+0,+0.0171,+0,+0.0414,+0,+0,+0,23:53:01 29.03.2020
13640,+25.4,+18.2,+21.7,+21.6,+21.7,+25.2,+24.9,+25.3,+25.2,+25.1,+27,ESTP,0,0,+0,+0,+0.0171,+0,+0.0414,+0,+0,+0,23:54:01 29.03.2020
13641,+25.4,+18.2,+21.7,+21.6,+21.7,+25.2,+24.9,+25.3,+25.2,+25.1,+27,ESTP,0,0,+0,+0,+0.0171,+0,+0.0414,+0,+0,+0,23:55:01 29.03.2020
13642,+25.4,+18.2,+21.7,+21.6,+21.7,+25.2,+24.9,+25.3,+25.2,+25.1,+27,ESTP,0,0,+0,+0,+0.0171,+0,+0.0414,+0,+0,+0,23:56:01 29.03.2020
13643,+25.4,+18.2,+21.7,+21.6,+21.7,+25.2,+24.9,+25.3,+25.2,+25.1,+27,ESTP,0,0,+0,+0,+0.0171,+0,+0.0414,+0,+0,+0,23:57:01 29.03.2020
13644,+25.4,+18.2,+21.7,+21.6,+21.7,+25.2,+24.9,+25.3,+25.2,+25.1,+27,ESTP,0,0,+0,+0,+0.0171,+0,+0.0414,+0,+0,+0,23:58:01 29.03.2020
13645,+25.4,+18.2,+21.7,+21.6,+21.7,+25.2,+24.9,+25.3,+25.2,+25.1,+27,ESTP,0,0,+0,+0,+0.0171,+0,+0.0414,+0,+0,+0,23:59:01 29.03.2020
13646,+25.4,+18.2,+21.7,+21.6,+21.7,+25.2,+24.9,+25.3,+25.2,+25.1,+27,ESTP,0,0,+0,+0,+0.0171,+0,+0.0415,+0,+0,+0,00:00:01 30.03.2020
13647,+25.5,+18.2,+21.7,+21.6,+21.7,+25.2,+24.9,+25.3,+25.2,+25.1,+27,ESTP,0,0,+0,+0,+0.0171,+0,+0.0416,+0,+0,+0,00:01:01 30.03.2020
13648,+25.4,+18.2,+21.7,+21.6,+21.7,+25.3,+24.9,+25.3,+25.2,+25.1,+27,ESTP,0,0,+0,+0,+0.0171,+0,+0.0416,+0,+0,+0,00:02:01 30.03.2020
13649,+25.4,+18.2,+21.7,+21.6,+21.7,+25.3,+24.9,+25.3,+25.2,+25.1,+27,ESTP,0,0,+0,+0,+0.0171,+0,+0.0416,+0,+0,+0,00:03:01 30.03.2020
13650,+25.4,+18.2,+21.7,+21.6,+21.7,+25.3,+24.9,+25.3,+25.2,+25.1,+27,ESTP,0,0,+0,+0,+0.0171,+0,+0.0416,+0,+0,+0,00:04:01 30.03.2020
13651,+25.4,+18.2,+21.7,+21.6,+21.7,+25.3,+24.9,+25.3,+25.2,+25.1,+27,ESTP,0,0,+0,+0,+0.0171,+0,+0.0416,+0,+0,+0,00:05:01 30.03.2020
13652,+25.4,+18.2,+21.7,+21.6,+21.7,+25.3,+24.9,+25.3,+25.2,+25.1,+27,ESTP,0,0,+0,+0,+0.0171,+0,+0.0416,+0,+0,+0,00:06:01 30.03.2020
13653,+25.4,+18.1,+21.7,+21.6,+21.7,+25.3,+24.9,+25.3,+25.2,+25.1,+27,ESTP,0,0,+0,+0,+0.0171,+0,+0.0416,+0,+0,+0,00:07:01 30.03.2020
13654,+25.4,+18.2,+21.7,+21.6,+21.7,+25.3,+24.9,+25.3,+25.2,+25.1,+27,ESTP,0,0,+0,+0,+0.0171,+0,+0.0416,+0,+0,+0,00:08:01 30.03.2020
13655,+25.4,+18.1,+21.7,+21.6,+21.7,+25.3,+24.9,+25.3,+25.2,+25.1,+27,ESTP,0,0,+0,+0,+0.0171,+0,+0.0416,+0,+0,+0,00:09:01 30.03.2020
13656,+25.4,+18.2,+21.7,+21.6,+21.7,+25.3,+24.9,+25.3,+25.2,+25.1,+27,ESTP,0,0,+0,+0,+0.0171,+0,+0.0416,+0,+0,+0,00:10:01 30.03.2020
13657,+25.4,+18.1,+21.7,+21.6,+21.7,+25.3,+24.9,+25.3,+25.2,+25.1,+27,ESTP,0,0,+0,+0,+0.0171,+0,+0.0416,+0,+0,+0,00:11:01 30.03.2020
13658,+25.4,+18.1,+21.7,+21.6,+21.7,+25.3,+24.9,+25.3,+25.2,+25.1,+27,ESTP,0,0,+0,+0,+0.0171,+0,+0.0415,+0,+0,+0,00:12:01 30.03.2020
13659,+25.4,+18.1,+21.7,+21.6,+21.7,+25.3,+24.9,+25.3,+25.2,+25.1,+27,ESTP,0,0,+0,+0,+0.0171,+0,+0.0414,+0,+0,+0,00:13:01 30.03.2020
13660,+25.4,+18.1,+21.7,+21.6,+21.7,+25.2,+24.9,+25.3,+25.2,+25.1,+27,ESTP,0,0,+0,+0,+0.0171,+0,+0.0414,+0,+0,+0,00:14:01 30.03.2020
13661,+25.4,+18.1,+21.7,+21.6,+21.7,+25.2,+24.9,+25.3,+25.2,+25.1,+27,ESTP,0,0,+0,+0,+0.0171,+0,+0.0414,+0,+0,+0,00:15:01 30.03.2020
13662,+25.4,+18.1,+21.7,+21.6,+21.7,+25.2,+24.9,+25.3,+25.2,+25.1,+27,ESTP,0,0,+0,+0,+0.0171,+0,+0.0414,+0,+0,+0,00:16:01 30.03.2020
13663,+25.4,+18.1,+21.7,+21.6,+21.7,+25.2,+24.9,+25.3,+25.2,+25.1,+27,ESTP,0,0,+0,+0,+0.0171,+0,+0.0414,+0,+0,+0,00:17:01 30.03.2020
13664,+25.4,+18.1,+21.7,+21.6,+21.7,+25.2,+24.9,+25.3,+25.2,+25.1,+27,ESTP,0,0,+0,+0,+0.0171,+0,+0.0414,+0,+0,+0,00:18:01 30.03.2020
13665,+25.4,+18.1,+21.7,+21.6,+21.7,+25.2,+24.9,+25.3,+25.2,+25.1,+27,ESTP,0,0,+0,+0,+0.0171,+0,+0.0414,+0,+0,+0,00:19:01 30.03.2020
13666,+25.4,+18.1,+21.7,+21.6,+21.7,+25.2,+24.9,+25.3,+25.2,+25.1,+27,ESTP,0,0,+0,+0,+0.0171,+0,+0.0416,+0,+0,+0,00:20:01 30.03.2020
13667,+25.4,+18.1,+21.7,+21.6,+21.7,+25.3,+24.9,+25.3,+25.2,+25.1,+27,ESTP,0,0,+0,+0,+0.0171,+0,+0.0415,+0,+0,+0,00:21:01 30.03.2020
13668,+25.4,+18.1,+21.7,+21.6,+21.7,+25.3,+24.9,+25.3,+25.2,+25.1,+27,ESTP,0,0,+0,+0,+0.0171,+0,+0.0414,+0,+0,+0,00:22:01 30.03.2020
13669,+25.4,+18.1,+21.7,+21.6,+21.7,+25.2,+24.9,+25.3,+25.2,+25.1,+27,ESTP,0,0,+0,+0,+0.0171,+0,+0.0416,+0,+0,+0,00:23:01 30.03.2020
13670,+25.4,+18.1,+21.7,+21.6,+21.7,+25.3,+24.9,+25.3,+25.2,+25.1,+27,ESTP,0,0,+0,+0,+0.0171,+0,+0.0416,+0,+0,+0,00:24:01 30.03.2020
13671,+25.4,+18.1,+21.7,+21.6,+21.7,+25.3,+24.9,+25.3,+25.2,+25.1,+27,ESTP,0,0,+0,+0,+0.0171,+0,+0.0416,+0,+0,+0,00:25:01 30.03.2020
13672,+25.4,+18.1,+21.7,+21.6,+21.7,+25.3,+24.9,+25.3,+25.2,+25.1,+27,ESTP,0,0,+0,+0,+0.0171,+0,+0.0416,+0,+0,+0,00:26:01 30.03.2020
13673,+25.4,+18.1,+21.7,+21.6,+21.7,+25.3,+24.9,+25.3,+25.2,+25.1,+27,ESTP,0,0,+0,+0,+0.0171,+0,+0.0416,+0,+0,+0,00:27:01 30.03.2020
13674,+25.4,+18.1,+21.7,+21.6,+21.7,+25.2,+24.9,+25.3,+25.2,+25.1,+27,ESTP,0,0,+0,+0,+0.0171,+0,+0.0414,+0,+0,+0,00:28:01 30.03.2020
13675,+25.4,+18.1,+21.7,+21.6,+21.7,+25.3,+24.9,+25.3,+25.2,+25.1,+27,ESTP,0,0,+0,+0,+0.0171,+0,+0.0414,+0,+0,+0,00:29:01 30.03.2020
13676,+25.4,+18.1,+21.7,+21.6,+21.7,+25.2,+24.9,+25.3,+25.2,+25.1,+27,ESTP,0,0,+0,+0,+0.0171,+0,+0.0414,+0,+0,+0,00:30:01 30.03.2020
13677,+25.4,+18.1,+21.7,+21.6,+21.7,+25.2,+24.9,+25.3,+25.2,+25.1,+27,ESTP,0,0,+0,+0,+0.0171,+0,+0.0414,+0,+0,+0,00:31:01 30.03.2020
13678,+25.4,+18.1,+21.7,+21.6,+21.7,+25.2,+24.9,+25.3,+25.2,+25.1,+27,ESTP,0,0,+0,+0,+0.0171,+0,+0.0414,+0,+0,+0,00:32:01 30.03.2020
13679,+25.4,+18.1,+21.7,+21.6,+21.7,+25.2,+24.9,+25.3,+25.2,+25.1,+27,ESTP,0,0,+0,+0,+0.0171,+0,+0.0414,+0,+0,+0,00:33:01 30.03.2020
13680,+25.4,+18.1,+21.7,+21.6,+21.7,+25.2,+24.9,+25.3,+25.2,+25.1,+27,ESTP,0,0,+0,+0,+0.0171,+0,+0.0414,+0,+0,+0,00:34:01 30.03.2020
13681,+25.4,+18.1,+21.7,+21.6,+21.7,+25.2,+24.9,+25.3,+25.2,+25.1,+27,ESTP,0,0,+0,+0,+0.0171,+0,+0.0414,+0,+0,+0,00:35:01 30.03.2020
13682,+25.4,+18.1,+21.7,+21.6,+21.7,+25.2,+24.9,+25.3,+25.2,+25.1,+27,ESTP,0,0,+0,+0,+0.0171,+0,+0.0414,+0,+0,+0,00:36:01 30.03.2020
13683,+25.4,+18.1,+21.7,+21.6,+21.7,+25.2,+24.9,+25.3,+25.2,+25.1,+27,ESTP,0,0,+0,+0,+0.0171,+0,+0.0414,+0,+0,+0,00:37:01 30.03.2020
13684,+25.4,+18.1,+21.7,+21.6,+21.7,+25.2,+24.9,+25.3,+25.2,+25.1,+27,ESTP,0,0,+0,+0,+0.0171,+0,+0.0414,+0,+0,+0,00:38:01 30.03.2020
13685,+25.4,+18.1,+21.7,+21.6,+21.7,+25.2,+24.9,+25.3,+25.2,+25.1,+27,ESTP,0,0,+0,+0,+0.0171,+0,+0.0416,+0,+0,+0,00:39:01 30.03.2020
13686,+25.4,+18.1,+21.7,+21.6,+21.7,+25.3,+24.9,+25.3,+25.2,+25.1,+27,ESTP,0,0,+0,+0,+0.0171,+0,+0.0416,+0,+0,+0,00:40:01 30.03.2020
13687,+25.4,+18.1,+21.7,+21.6,+21.7,+25.3,+24.9,+25.3,+25.2,+25.1,+27,ESTP,0,0,+0,+0,+0.0171,+0,+0.0415,+0,+0,+0,00:41:01 30.03.2020
13688,+25.4,+18.1,+21.7,+21.6,+21.7,+25.3,+24.9,+25.3,+25.2,+25.1,+27,ESTP,0,0,+0,+0,+0.0171,+0,+0.0414,+0,+0,+0,00:42:01 30.03.2020
13689,+25.4,+18.1,+21.7,+21.6,+21.7,+25.3,+24.9,+25.3,+25.2,+25.1,+27,ESTP,0,0,+0,+0,+0.0171,+0,+0.0415,+0,+0,+0,00:43:01 30.03.2020
13690,+25.4,+18.1,+21.7,+21.6,+21.7,+25.3,+24.9,+25.3,+25.2,+25.1,+27,ESTP,0,0,+0,+0,+0.0171,+0,+0.0414,+0,+0,+0,00:44:01 30.03.2020
13691,+25.4,+18.1,+21.7,+21.6,+21.7,+25.2,+24.9,+25.3,+25.2,+25.1,+27,ESTP,0,0,+0,+0,+0.0171,+0,+0.0414,+0,+0,+0,00:45:01 30.03.2020
13692,+25.4,+18.1,+21.7,+21.6,+21.7,+25.2,+24.9,+25.3,+25.2,+25.1,+27,ESTP,0,0,+0,+0,+0.0171,+0,+0.0414,+0,+0,+0,00:46:01 30.03.2020
13693,+25.4,+18.1,+21.7,+21.6,+21.7,+25.2,+24.9,+25.3,+25.2,+25.1,+27,ESTP,0,0,+0,+0,+0.0171,+0,+0.0414,+0,+0,+0,00:47:01 30.03.2020
13694,+25.4,+18.1,+21.7,+21.6,+21.7,+25.2,+24.9,+25.3,+25.2,+25.1,+27,ESTP,0,0,+0,+0,+0.0171,+0,+0.0414,+0,+0,+0,00:48:01 30.03.2020
13695,+25.4,+18.1,+21.7,+21.6,+21.7,+25.2,+24.9,+25.3,+25.2,+25.1,+27,ESTP,0,0,+0,+0,+0.0171,+0,+0.0414,+0,+0,+0,00:49:01 30.03.2020
13696,+25.4,+18.1,+21.7,+21.6,+21.7,+25.2,+24.9,+25.3,+25.2,+25.1,+27,ESTP,0,0,+0,+0,+0.0171,+0,+0.0414,+0,+0,+0,00:50:01 30.03.2020
13697,+25.4,+18.1,+21.7,+21.6,+21.7,+25.2,+24.9,+25.3,+25.2,+25.1,+27,ESTP,0,0,+0,+0,+0.0171,+0,+0.0414,+0,+0,+0,00:51:01 30.03.2020
13698,+25.4,+18.1,+21.7,+21.6,+21.7,+25.2,+24.9,+25.3,+25.2,+25.1,+27,ESTP,0,0,+0,+0,+0.0171,+0,+0.0414,+0,+0,+0,00:52:01 30.03.2020
13699,+25.4,+18.1,+21.7,+21.6,+21.7,+25.3,+24.9,+25.3,+25.2,+25.1,+27,ESTP,0,0,+0,+0,+0.0171,+0,+0.0414,+0,+0,+0,00:53:01 30.03.2020
13700,+25.4,+18.1,+21.7,+21.6,+21.7,+25.3,+24.9,+25.3,+25.2,+25.1,+27,ESTP,0,0,+0,+0,+0.0171,+0,+0.0416,+0,+0,+0,00:54:01 30.03.2020
13701,+25.4,+18.1,+21.7,+21.6,+21.7,+25.3,+24.9,+25.3,+25.2,+25.1,+27,ESTP,0,0,+0,+0,+0.0171,+0,+0.0416,+0,+0,+0,00:55:01 30.03.2020
13702,+25.4,+18.1,+21.7,+21.6,+21.7,+25.3,+24.9,+25.3,+25.2,+25.1,+27,ESTP,0,0,+0,+0,+0.0171,+0,+0.0416,+0,+0,+0,00:56:01 30.03.2020
13703,+25.4,+18.1,+21.7,+21.6,+21.7,+25.3,+24.9,+25.3,+25.2,+25.1,+27,ESTP,0,0,+0,+0,+0.0171,+0,+0.0416,+0,+0,+0,00:57:01 30.03.2020
13704,+25.4,+18.1,+21.7,+21.6,+21.7,+25.3,+24.9,+25.3,+25.2,+25.1,+27,ESTP,0,0,+0,+0,+0.0171,+0,+0.0416,+0,+0,+0,00:58:01 30.03.2020
13705,+25.4,+18.1,+21.7,+21.6,+21.7,+25.3,+24.9,+25.3,+25.2,+25.1,+27,ESTP,0,0,+0,+0,+0.0171,+0,+0.0416,+0,+0,+0,00:59:01 30.03.2020
13706,+25.4,+18.1,+21.7,+21.6,+21.7,+25.3,+24.9,+25.3,+25.2,+25.1,+27,ESTP,0,0,+0,+0,+0.0171,+0,+0.0415,+0,+0,+0,01:00:01 30.03.2020
13707,+25.4,+18.1,+21.7,+21.6,+21.7,+25.3,+24.9,+25.3,+25.2,+25.1,+27,ESTP,0,0,+0,+0,+0.0171,+0,+0.0414,+0,+0,+0,01:01:01 30.03.2020
13708,+25.4,+18.1,+21.7,+21.6,+21.7,+25.3,+24.9,+25.3,+25.2,+25.1,+27,ESTP,0,0,+0,+0,+0.0171,+0,+0.0415,+0,+0,+0,01:02:01 30.03.2020
13709,+25.4,+18.1,+21.7,+21.6,+21.7,+25.3,+24.9,+25.3,+25.2,+25.1,+27,ESTP,0,0,+0,+0,+0.0171,+0,+0.0414,+0,+0,+0,01:03:01 30.03.2020
13710,+25.4,+18.1,+21.7,+21.6,+21.7,+25.2,+24.9,+25.3,+25.2,+25.1,+27,ESTP,0,0,+0,+0,+0.0171,+0,+0.0414,+0,+0,+0,01:04:01 30.03.2020
13711,+25.4,+18.1,+21.7,+21.6,+21.7,+25.2,+24.9,+25.3,+25.2,+25.1,+27,ESTP,0,0,+0,+0,+0.0171,+0,+0.0414,+0,+0,+0,01:05:01 30.03.2020
13712,+25.4,+18.1,+21.7,+21.6,+21.7,+25.2,+24.9,+25.3,+25.2,+25.1,+27,ESTP,0,0,+0,+0,+0.0171,+0,+0.0414,+0,+0,+0,01:06:01 30.03.2020
13713,+25.4,+18.1,+21.7,+21.6,+21.7,+25.2,+24.9,+25.3,+25.2,+25.1,+27,ESTP,0,0,+0,+0,+0.0171,+0,+0.0414,+0,+0,+0,01:07:01 30.03.2020
13714,+25.4,+18.1,+21.7,+21.6,+21.7,+25.2,+24.9,+25.3,+25.2,+25.1,+27,ESTP,0,0,+0,+0,+0.0171,+0,+0.0414,+0,+0,+0,01:08:01 30.03.2020
13715,+25.4,+18.1,+21.7,+21.6,+21.7,+25.2,+24.9,+25.3,+25.2,+25.1,+27,ESTP,0,0,+0,+0,+0.0171,+0,+0.0414,+0,+0,+0,01:09:01 30.03.2020
13716,+25.4,+18.1,+21.7,+21.6,+21.7,+25.2,+24.9,+25.3,+25.2,+25.1,+27,ESTP,0,0,+0,+0,+0.0171,+0,+0.0414,+0,+0,+0,01:10:01 30.03.2020
13717,+25.4,+18.1,+21.7,+21.6,+21.7,+25.2,+24.9,+25.3,+25.2,+25.1,+27,ESTP,0,0,+0,+0,+0.0171,+0,+0.0414,+0,+0,+0,01:11:01 30.03.2020
13718,+25.4,+18.1,+21.7,+21.6,+21.7,+25.3,+24.9,+25.3,+25.2,+25.1,+27,ESTP,0,0,+0,+0,+0.0171,+0,+0.0414,+0,+0,+0,01:12:01 30.03.2020
13719,+25.4,+18.1,+21.7,+21.6,+21.7,+25.3,+24.9,+25.3,+25.2,+25.1,+27,ESTP,0,0,+0,+0,+0.0171,+0,+0.0415,+0,+0,+0,01:13:01 30.03.2020
13720,+25.4,+18,+21.7,+21.6,+21.7,+25.2,+24.9,+25.3,+25.2,+25.1,+27,ESTP,0,0,+0,+0,+0.0171,+0,+0.0416,+0,+0,+0,01:14:01 30.03.2020
13721,+25.4,+18.1,+21.7,+21.6,+21.7,+25.3,+24.9,+25.3,+25.2,+25.1,+27,ESTP,0,0,+0,+0,+0.0171,+0,+0.0416,+0,+0,+0,01:15:01 30.03.2020
13722,+25.4,+18,+21.7,+21.6,+21.7,+25.3,+24.9,+25.3,+25.2,+25.1,+27,ESTP,0,0,+0,+0,+0.0171,+0,+0.0414,+0,+0,+0,01:16:01 30.03.2020
13723,+25.4,+18.1,+21.7,+21.6,+21.7,+25.3,+24.9,+25.3,+25.2,+25.1,+27,ESTP,0,0,+0,+0,+0.0171,+0,+0.0414,+0,+0,+0,01:17:01 30.03.2020
13724,+25.4,+18,+21.7,+21.6,+21.7,+25.3,+24.9,+25.3,+25.2,+25.1,+27,ESTP,0,0,+0,+0,+0.0171,+0,+0.0414,+0,+0,+0,01:18:01 30.03.2020
13725,+25.4,+18,+21.7,+21.6,+21.7,+25.3,+24.9,+25.3,+25.2,+25.1,+27,ESTP,0,0,+0,+0,+0.0171,+0,+0.0414,+0,+0,+0,01:19:01 30.03.2020
13726,+25.4,+18,+21.7,+21.6,+21.7,+25.2,+24.9,+25.3,+25.2,+25.1,+27,ESTP,0,0,+0,+0,+0.0171,+0,+0.0414,+0,+0,+0,01:20:01 30.03.2020
13727,+25.4,+18,+21.7,+21.6,+21.7,+25.2,+24.9,+25.3,+25.2,+25.1,+27,ESTP,0,0,+0,+0,+0.0171,+0,+0.0414,+0,+0,+0,01:21:01 30.03.2020
13728,+25.4,+18,+21.7,+21.6,+21.7,+25.2,+24.9,+25.3,+25.2,+25.1,+27,ESTP,0,0,+0,+0,+0.0171,+0,+0.0414,+0,+0,+0,01:22:01 30.03.2020
13729,+25.4,+18,+21.7,+21.6,+21.7,+25.2,+24.9,+25.3,+25.2,+25.1,+27,ESTP,0,0,+0,+0,+0.0171,+0,+0.0414,+0,+0,+0,01:23:01 30.03.2020
13730,+25.4,+18,+21.7,+21.6,+21.7,+25.2,+24.9,+25.3,+25.2,+25.1,+27,ESTP,0,0,+0,+0,+0.0171,+0,+0.0414,+0,+0,+0,01:24:01 30.03.2020
13731,+25.4,+18,+21.7,+21.6,+21.7,+25.2,+24.9,+25.3,+25.2,+25.1,+27,ESTP,0,0,+0,+0,+0.0171,+0,+0.0414,+0,+0,+0,01:25:01 30.03.2020
13732,+25.4,+18,+21.7,+21.6,+21.7,+25.2,+24.9,+25.3,+25.2,+25.1,+27,ESTP,0,0,+0,+0,+0.0171,+0,+0.0414,+0,+0,+0,01:26:01 30.03.2020
13733,+25.4,+18,+21.7,+21.6,+21.7,+25.3,+24.9,+25.3,+25.2,+25.1,+27,ESTP,0,0,+0,+0,+0.0171,+0,+0.0414,+0,+0,+0,01:27:01 30.03.2020
13734,+25.4,+18,+21.7,+21.6,+21.7,+25.3,+24.9,+25.3,+25.2,+25.1,+27,ESTP,0,0,+0,+0,+0.0171,+0,+0.0416,+0,+0,+0,01:28:01 30.03.2020
13735,+25.4,+18,+21.7,+21.6,+21.7,+25.3,+24.9,+25.3,+25.2,+25.1,+27,ESTP,0,0,+0,+0,+0.0171,+0,+0.0416,+0,+0,+0,01:29:01 30.03.2020
13736,+25.4,+18,+21.7,+21.6,+21.7,+25.3,+24.9,+25.3,+25.2,+25.1,+27,ESTP,0,0,+0,+0,+0.0171,+0,+0.0416,+0,+0,+0,01:30:01 30.03.2020
13737,+25.4,+18,+21.7,+21.6,+21.7,+25.3,+24.9,+25.3,+25.2,+25.1,+27,ESTP,0,0,+0,+0,+0.0171,+0,+0.0416,+0,+0,+0,01:31:01 30.03.2020
13738,+25.4,+18,+21.7,+21.6,+21.7,+25.3,+24.9,+25.3,+25.2,+25.1,+27,ESTP,0,0,+0,+0,+0.0171,+0,+0.0416,+0,+0,+0,01:32:01 30.03.2020
13739,+25.4,+18,+21.7,+21.6,+21.7,+25.3,+24.9,+25.3,+25.2,+25.1,+27,ESTP,0,0,+0,+0,+0.0171,+0,+0.0416,+0,+0,+0,01:33:01 30.03.2020
13740,+25.4,+18,+21.7,+21.6,+21.7,+25.3,+24.9,+25.3,+25.2,+25.1,+27,ESTP,0,0,+0,+0,+0.0171,+0,+0.0416,+0,+0,+0,01:34:01 30.03.2020
13741,+25.4,+18,+21.7,+21.6,+21.7,+25.3,+24.9,+25.3,+25.2,+25.1,+27,ESTP,0,0,+0,+0,+0.0171,+0,+0.0415,+0,+0,+0,01:35:01 30.03.2020
13742,+25.4,+18,+21.7,+21.6,+21.7,+25.3,+24.9,+25.3,+25.2,+25.1,+27,ESTP,0,0,+0,+0,+0.0171,+0,+0.0414,+0,+0,+0,01:36:01 30.03.2020
13743,+25.4,+18,+21.7,+21.6,+21.7,+25.3,+24.9,+25.3,+25.2,+25.1,+27,ESTP,0,0,+0,+0,+0.0171,+0,+0.0414,+0,+0,+0,01:37:01 30.03.2020
13744,+25.4,+18,+21.7,+21.7,+21.7,+25.2,+24.9,+25.3,+25.2,+25.1,+27,ESTP,0,0,+0,+0,+0.0171,+0,+0.0414,+0,+0,+0,01:38:01 30.03.2020
13745,+25.4,+18,+21.7,+21.7,+21.7,+25.2,+24.9,+25.3,+25.2,+25.1,+27,ESTP,0,0,+0,+0,+0.0171,+0,+0.0414,+0,+0,+0,01:39:01 30.03.2020
13746,+25.4,+18,+21.7,+21.6,+21.7,+25.2,+24.9,+25.3,+25.2,+25.1,+27,ESTP,0,0,+0,+0,+0.0171,+0,+0.0414,+0,+0,+0,01:40:01 30.03.2020
13747,+25.4,+18,+21.7,+21.6,+21.7,+25.3,+24.9,+25.3,+25.2,+25.1,+27,ESTP,0,0,+0,+0,+0.0171,+0,+0.0414,+0,+0,+0,01:41:01 30.03.2020
13748,+25.4,+18,+21.7,+21.6,+21.7,+25.2,+24.9,+25.3,+25.2,+25.1,+27,ESTP,0,0,+0,+0,+0.0171,+0,+0.0414,+0,+0,+0,01:42:01 30.03.2020
13749,+25.4,+18,+21.7,+21.7,+21.7,+25.3,+24.9,+25.3,+25.2,+25.1,+27,ESTP,0,0,+0,+0,+0.0171,+0,+0.0416,+0,+0,+0,01:43:01 30.03.2020
13750,+25.4,+18,+21.7,+21.6,+21.7,+25.3,+24.9,+25.3,+25.2,+25.1,+27,ESTP,0,0,+0,+0,+0.0171,+0,+0.0416,+0,+0,+0,01:44:01 30.03.2020
13751,+25.4,+18,+21.7,+21.7,+21.7,+25.3,+24.9,+25.3,+25.2,+25.1,+27,ESTP,0,0,+0,+0,+0.0171,+0,+0.0416,+0,+0,+0,01:45:01 30.03.2020
13752,+25.4,+18,+21.7,+21.7,+21.7,+25.3,+24.9,+25.3,+25.2,+25.1,+27,ESTP,0,0,+0,+0,+0.0171,+0,+0.0416,+0,+0,+0,01:46:01 30.03.2020
13753,+25.4,+18,+21.7,+21.7,+21.7,+25.3,+24.9,+25.3,+25.2,+25.1,+27,ESTP,0,0,+0,+0,+0.0171,+0,+0.0416,+0,+0,+0,01:47:01 30.03.2020
13754,+25.4,+18,+21.7,+21.7,+21.7,+25.3,+24.9,+25.3,+25.2,+25.1,+27,ESTP,0,0,+0,+0,+0.0171,+0,+0.0416,+0,+0,+0,01:48:01 30.03.2020
13755,+25.4,+18,+21.7,+21.7,+21.7,+25.3,+24.9,+25.3,+25.2,+25.1,+27,ESTP,0,0,+0,+0,+0.0171,+0,+0.0414,+0,+0,+0,01:49:01 30.03.2020
13756,+25.4,+18,+21.7,+21.7,+21.7,+25.3,+24.9,+25.3,+25.2,+25.1,+27,ESTP,0,0,+0,+0,+0.0171,+0,+0.0414,+0,+0,+0,01:50:01 30.03.2020
13757,+25.4,+18,+21.7,+21.7,+21.7,+25.3,+24.9,+25.3,+25.2,+25.1,+27,ESTP,0,0,+0,+0,+0.0171,+0,+0.0414,+0,+0,+0,01:51:01 30.03.2020
13758,+25.4,+18,+21.7,+21.7,+21.7,+25.3,+24.9,+25.3,+25.2,+25.1,+27,ESTP,0,0,+0,+0,+0.0171,+0,+0.0414,+0,+0,+0,01:52:01 30.03.2020
13759,+25.4,+18,+21.7,+21.7,+21.7,+25.3,+24.9,+25.3,+25.2,+25.1,+27,ESTP,0,0,+0,+0,+0.0171,+0,+0.0414,+0,+0,+0,01:53:01 30.03.2020
13760,+25.4,+18,+21.7,+21.7,+21.7,+25.2,+24.9,+25.3,+25.2,+25.1,+27,ESTP,0,0,+0,+0,+0.0171,+0,+0.0414,+0,+0,+0,01:54:01 30.03.2020
13761,+25.4,+18,+21.7,+21.7,+21.7,+25.2,+24.9,+25.3,+25.2,+25.1,+27,ESTP,0,0,+0,+0,+0.0171,+0,+0.0414,+0,+0,+0,01:55:01 30.03.2020
13762,+25.4,+18,+21.7,+21.7,+21.7,+25.2,+24.9,+25.3,+25.2,+25.1,+27,ESTP,0,0,+0,+0,+0.0171,+0,+0.0414,+0,+0,+0,01:56:01 30.03.2020
13763,+25.4,+18,+21.7,+21.7,+21.7,+25.3,+24.9,+25.3,+25.2,+25.1,+27,ESTP,0,0,+0,+0,+0.0171,+0,+0.0414,+0,+0,+0,01:57:01 30.03.2020
13764,+25.4,+18,+21.7,+21.6,+21.7,+25.3,+24.9,+25.3,+25.2,+25.1,+27,ESTP,0,0,+0,+0,+0.0171,+0,+0.0414,+0,+0,+0,01:58:01 30.03.2020
13765,+25.5,+18,+21.7,+21.7,+21.7,+25.3,+24.9,+25.3,+25.2,+25.1,+27,ESTP,0,0,+0,+0,+0.0171,+0,+0.0416,+0,+0,+0,01:59:01 30.03.2020
13766,+25.4,+18,+21.7,+21.7,+21.7,+25.3,+24.9,+25.3,+25.2,+25.1,+27,ESTP,0,0,+0,+0,+0.0171,+0,+0.0416,+0,+0,+0,02:00:01 30.03.2020
13767,+25.4,+18,+21.7,+21.7,+21.7,+25.3,+24.9,+25.3,+25.2,+25.1,+27,ESTP,0,0,+0,+0,+0.0171,+0,+0.0416,+0,+0,+0,02:01:01 30.03.2020
13768,+25.4,+18,+21.7,+21.7,+21.7,+25.3,+24.9,+25.3,+25.2,+25.1,+27,ESTP,0,0,+0,+0,+0.0171,+0,+0.0416,+0,+0,+0,02:02:01 30.03.2020
13769,+25.4,+18,+21.7,+21.7,+21.7,+25.3,+24.9,+25.3,+25.2,+25.1,+27,ESTP,0,0,+0,+0,+0.0171,+0,+0.0416,+0,+0,+0,02:03:01 30.03.2020
13770,+25.4,+18,+21.7,+21.7,+21.7,+25.3,+24.9,+25.3,+25.2,+25.1,+27,ESTP,0,0,+0,+0,+0.0171,+0,+0.0416,+0,+0,+0,02:04:01 30.03.2020
13771,+25.4,+17.9,+21.7,+21.7,+21.7,+25.3,+24.9,+25.3,+25.2,+25.1,+27,ESTP,0,0,+0,+0,+0.0171,+0,+0.0416,+0,+0,+0,02:05:01 30.03.2020
13772,+25.4,+17.9,+21.7,+21.7,+21.7,+25.3,+24.9,+25.3,+25.2,+25.1,+27,ESTP,0,0,+0,+0,+0.0171,+0,+0.0416,+0,+0,+0,02:06:01 30.03.2020
13773,+25.4,+17.9,+21.7,+21.7,+21.7,+25.3,+24.9,+25.3,+25.2,+25.1,+27,ESTP,0,0,+0,+0,+0.0171,+0,+0.0416,+0,+0,+0,02:07:01 30.03.2020
13774,+25.4,+17.9,+21.7,+21.7,+21.7,+25.3,+24.9,+25.3,+25.2,+25.1,+27,ESTP,0,0,+0,+0,+0.0171,+0,+0.0414,+0,+0,+0,02:08:01 30.03.2020
13775,+25.4,+17.9,+21.7,+21.7,+21.7,+25.3,+24.9,+25.3,+25.2,+25.1,+27,ESTP,0,0,+0,+0,+0.0171,+0,+0.0414,+0,+0,+0,02:09:01 30.03.2020
13776,+25.4,+17.9,+21.7,+21.7,+21.7,+25.3,+24.9,+25.3,+25.2,+25.1,+27,ESTP,0,0,+0,+0,+0.0171,+0,+0.0414,+0,+0,+0,02:10:01 30.03.2020
13777,+25.4,+17.9,+21.7,+21.7,+21.7,+25.3,+24.9,+25.3,+25.2,+25.1,+27,ESTP,0,0,+0,+0,+0.0171,+0,+0.0414,+0,+0,+0,02:11:01 30.03.2020
13778,+25.4,+17.9,+21.7,+21.7,+21.7,+25.3,+24.9,+25.3,+25.2,+25.1,+27,ESTP,0,0,+0,+0,+0.0171,+0,+0.0414,+0,+0,+0,02:12:01 30.03.2020
13779,+25.4,+17.9,+21.7,+21.7,+21.7,+25.2,+24.9,+25.3,+25.2,+25.1,+27,ESTP,0,0,+0,+0,+0.0171,+0,+0.0414,+0,+0,+0,02:13:01 30.03.2020
13780,+25.4,+17.9,+21.7,+21.7,+21.7,+25.3,+24.9,+25.3,+25.2,+25.1,+27,ESTP,0,0,+0,+0,+0.0171,+0,+0.0414,+0,+0,+0,02:14:01 30.03.2020
13781,+25.4,+17.9,+21.7,+21.7,+21.7,+25.3,+24.9,+25.3,+25.2,+25.1,+27,ESTP,0,0,+0,+0,+0.0171,+0,+0.0414,+0,+0,+0,02:15:01 30.03.2020
13782,+25.5,+17.9,+21.7,+21.7,+21.7,+25.3,+24.9,+25.3,+25.2,+25.1,+27,ESTP,0,0,+0,+0,+0.0171,+0,+0.0416,+0,+0,+0,02:16:01 30.03.2020
13783,+25.4,+17.9,+21.7,+21.7,+21.7,+25.3,+24.9,+25.3,+25.2,+25.1,+27,ESTP,0,0,+0,+0,+0.0171,+0,+0.0416,+0,+0,+0,02:17:01 30.03.2020
13784,+25.4,+17.9,+21.7,+21.7,+21.7,+25.3,+24.9,+25.3,+25.2,+25.1,+27,ESTP,0,0,+0,+0,+0.0171,+0,+0.0416,+0,+0,+0,02:18:01 30.03.2020
13785,+25.4,+17.9,+21.7,+21.7,+21.7,+25.3,+24.9,+25.3,+25.2,+25.1,+27,ESTP,0,0,+0,+0,+0.0171,+0,+0.0416,+0,+0,+0,02:19:01 30.03.2020
13786,+25.4,+17.9,+21.7,+21.7,+21.7,+25.3,+24.9,+25.3,+25.2,+25.1,+27,ESTP,0,0,+0,+0,+0.0171,+0,+0.0416,+0,+0,+0,02:20:01 30.03.2020
13787,+25.4,+17.9,+21.7,+21.7,+21.7,+25.3,+24.9,+25.3,+25.2,+25.1,+27,ESTP,0,0,+0,+0,+0.0171,+0,+0.0416,+0,+0,+0,02:21:01 30.03.2020
13788,+25.4,+17.9,+21.7,+21.7,+21.7,+25.3,+24.9,+25.3,+25.2,+25.1,+27,ESTP,0,0,+0,+0,+0.0171,+0,+0.0416,+0,+0,+0,02:22:01 30.03.2020
13789,+25.4,+17.9,+21.7,+21.7,+21.7,+25.3,+24.9,+25.3,+25.2,+25.1,+27,ESTP,0,0,+0,+0,+0.0171,+0,+0.0416,+0,+0,+0,02:23:01 30.03.2020
13790,+25.4,+17.9,+21.7,+21.7,+21.7,+25.3,+24.9,+25.3,+25.2,+25.1,+27,ESTP,0,0,+0,+0,+0.0171,+0,+0.0415,+0,+0,+0,02:24:01 30.03.2020
13791,+25.4,+17.9,+21.7,+21.7,+21.7,+25.3,+24.9,+25.3,+25.2,+25.1,+27,ESTP,0,0,+0,+0,+0.0171,+0,+0.0414,+0,+0,+0,02:25:01 30.03.2020
13792,+25.4,+17.9,+21.7,+21.7,+21.7,+25.3,+24.9,+25.3,+25.2,+25.1,+27,ESTP,0,0,+0,+0,+0.0171,+0,+0.0414,+0,+0,+0,02:26:01 30.03.2020
13793,+25.4,+17.9,+21.8,+21.7,+21.7,+25.2,+24.9,+25.3,+25.2,+25.1,+27,ESTP,0,0,+0,+0,+0.0171,+0,+0.0414,+0,+0,+0,02:27:01 30.03.2020
13794,+25.4,+17.9,+21.8,+21.7,+21.7,+25.3,+24.9,+25.3,+25.2,+25.1,+27,ESTP,0,0,+0,+0,+0.0171,+0,+0.0414,+0,+0,+0,02:28:01 30.03.2020
13795,+25.4,+17.9,+21.7,+21.7,+21.7,+25.3,+24.9,+25.3,+25.2,+25.1,+27,ESTP,0,0,+0,+0,+0.0171,+0,+0.0414,+0,+0,+0,02:29:01 30.03.2020
13796,+25.5,+17.9,+21.8,+21.7,+21.7,+25.3,+24.9,+25.3,+25.2,+25.1,+27,ESTP,0,0,+0,+0,+0.0171,+0,+0.0414,+0,+0,+0,02:30:01 30.03.2020
13797,+25.5,+17.9,+21.7,+21.7,+21.7,+25.3,+24.9,+25.3,+25.2,+25.1,+27,ESTP,0,0,+0,+0,+0.0171,+0,+0.0416,+0,+0,+0,02:31:01 30.03.2020
13798,+25.5,+17.9,+21.8,+21.7,+21.7,+25.3,+24.9,+25.3,+25.2,+25.1,+27,ESTP,0,0,+0,+0,+0.0171,+0,+0.0416,+0,+0,+0,02:32:01 30.03.2020
13799,+25.5,+17.9,+21.8,+21.7,+21.7,+25.3,+24.9,+25.3,+25.2,+25.1,+27,ESTP,0,0,+0,+0,+0.0171,+0,+0.0416,+0,+0,+0,02:33:01 30.03.2020
13800,+25.4,+17.9,+21.8,+21.7,+21.7,+25.3,+24.9,+25.3,+25.2,+25.1,+27,ESTP,0,0,+0,+0,+0.0171,+0,+0.0416,+0,+0,+0,02:34:01 30.03.2020
13801,+25.4,+17.9,+21.8,+21.7,+21.7,+25.3,+24.9,+25.3,+25.2,+25.1,+27,ESTP,0,0,+0,+0,+0.0171,+0,+0.0416,+0,+0,+0,02:35:01 30.03.2020
13802,+25.4,+17.9,+21.8,+21.7,+21.7,+25.3,+24.9,+25.3,+25.2,+25.1,+27,ESTP,0,0,+0,+0,+0.0171,+0,+0.0416,+0,+0,+0,02:36:01 30.03.2020
13803,+25.4,+17.9,+21.8,+21.7,+21.7,+25.3,+24.9,+25.3,+25.2,+25.1,+27,ESTP,0,0,+0,+0,+0.0171,+0,+0.0416,+0,+0,+0,02:37:01 30.03.2020
13804,+25.4,+17.9,+21.8,+21.7,+21.7,+25.3,+24.9,+25.3,+25.2,+25.1,+27,ESTP,0,0,+0,+0,+0.0171,+0,+0.0416,+0,+0,+0,02:38:01 30.03.2020
13805,+25.4,+17.9,+21.8,+21.7,+21.7,+25.3,+24.9,+25.3,+25.2,+25.1,+27,ESTP,0,0,+0,+0,+0.0171,+0,+0.0416,+0,+0,+0,02:39:01 30.03.2020
13806,+25.4,+17.9,+21.8,+21.7,+21.7,+25.3,+24.9,+25.3,+25.2,+25.1,+27,ESTP,0,0,+0,+0,+0.0171,+0,+0.0416,+0,+0,+0,02:40:01 30.03.2020
13807,+25.4,+17.9,+21.8,+21.7,+21.7,+25.3,+24.9,+25.3,+25.2,+25.1,+27,ESTP,0,0,+0,+0,+0.0171,+0,+0.0416,+0,+0,+0,02:41:01 30.03.2020
13808,+25.4,+17.9,+21.8,+21.7,+21.7,+25.3,+24.9,+25.3,+25.2,+25.1,+27,ESTP,0,0,+0,+0,+0.0171,+0,+0.0416,+0,+0,+0,02:42:01 30.03.2020
13809,+25.4,+17.9,+21.8,+21.7,+21.7,+25.3,+24.9,+25.3,+25.2,+25.1,+27,ESTP,0,0,+0,+0,+0.0171,+0,+0.0414,+0,+0,+0,02:43:01 30.03.2020
13810,+25.4,+17.9,+21.8,+21.7,+21.7,+25.3,+24.9,+25.3,+25.2,+25.1,+27,ESTP,0,0,+0,+0,+0.0171,+0,+0.0414,+0,+0,+0,02:44:01 30.03.2020
13811,+25.4,+17.9,+21.8,+21.7,+21.7,+25.3,+24.9,+25.3,+25.2,+25.1,+27,ESTP,0,0,+0,+0,+0.0171,+0,+0.0414,+0,+0,+0,02:45:01 30.03.2020
13812,+25.4,+17.9,+21.8,+21.7,+21.7,+25.3,+24.9,+25.3,+25.2,+25.1,+27,ESTP,0,0,+0,+0,+0.0171,+0,+0.0414,+0,+0,+0,02:46:01 30.03.2020
13813,+25.4,+17.9,+21.8,+21.7,+21.7,+25.3,+24.9,+25.3,+25.2,+25.1,+27,ESTP,0,0,+0,+0,+0.0171,+0,+0.0414,+0,+0,+0,02:47:01 30.03.2020
13814,+25.4,+17.9,+21.8,+21.7,+21.7,+25.3,+24.9,+25.3,+25.2,+25.1,+27,ESTP,0,0,+0,+0,+0.0171,+0,+0.0414,+0,+0,+0,02:48:01 30.03.2020
13815,+25.5,+17.9,+21.8,+21.7,+21.7,+25.3,+24.9,+25.3,+25.2,+25.1,+27,ESTP,0,0,+0,+0,+0.0171,+0,+0.0414,+0,+0,+0,02:49:01 30.03.2020
13816,+25.5,+17.9,+21.8,+21.7,+21.7,+25.3,+24.9,+25.3,+25.2,+25.1,+27,ESTP,0,0,+0,+0,+0.0171,+0,+0.0416,+0,+0,+0,02:50:01 30.03.2020
13817,+25.5,+17.9,+21.8,+21.7,+21.7,+25.3,+24.9,+25.3,+25.2,+25.1,+27,ESTP,0,0,+0,+0,+0.0171,+0,+0.0416,+0,+0,+0,02:51:01 30.03.2020
13818,+25.5,+17.9,+21.8,+21.7,+21.7,+25.3,+24.9,+25.3,+25.2,+25.1,+27,ESTP,0,0,+0,+0,+0.0171,+0,+0.0416,+0,+0,+0,02:52:01 30.03.2020
13819,+25.5,+17.9,+21.8,+21.7,+21.7,+25.3,+24.9,+25.3,+25.2,+25.1,+27,ESTP,0,0,+0,+0,+0.0171,+0,+0.0416,+0,+0,+0,02:53:01 30.03.2020
13820,+25.5,+17.9,+21.8,+21.7,+21.7,+25.3,+24.9,+25.3,+25.2,+25.1,+27,ESTP,0,0,+0,+0,+0.0171,+0,+0.0416,+0,+0,+0,02:54:01 30.03.2020
13821,+25.4,+17.9,+21.8,+21.7,+21.7,+25.3,+24.9,+25.3,+25.2,+25.1,+27,ESTP,0,0,+0,+0,+0.0171,+0,+0.0416,+0,+0,+0,02:55:01 30.03.2020
13822,+25.4,+17.9,+21.8,+21.7,+21.7,+25.3,+24.9,+25.3,+25.2,+25.1,+27,ESTP,0,0,+0,+0,+0.0171,+0,+0.0416,+0,+0,+0,02:56:01 30.03.2020
13823,+25.4,+17.9,+21.8,+21.7,+21.7,+25.3,+24.9,+25.3,+25.2,+25.1,+27,ESTP,0,0,+0,+0,+0.0171,+0,+0.0416,+0,+0,+0,02:57:01 30.03.2020
13824,+25.4,+17.9,+21.8,+21.7,+21.7,+25.3,+24.9,+25.3,+25.2,+25.1,+27,ESTP,0,0,+0,+0,+0.0171,+0,+0.0416,+0,+0,+0,02:58:01 30.03.2020
13825,+25.4,+17.9,+21.8,+21.7,+21.7,+25.3,+24.9,+25.3,+25.2,+25.1,+27,ESTP,0,0,+0,+0,+0.0171,+0,+0.0416,+0,+0,+0,02:59:01 30.03.2020
13826,+25.4,+17.9,+21.8,+21.7,+21.7,+25.3,+24.9,+25.3,+25.2,+25.1,+27,ESTP,0,0,+0,+0,+0.0171,+0,+0.0416,+0,+0,+0,03:00:01 30.03.2020
13827,+25.4,+17.9,+21.8,+21.7,+21.7,+25.3,+24.9,+25.3,+25.2,+25.1,+27,ESTP,0,0,+0,+0,+0.0171,+0,+0.0416,+0,+0,+0,03:01:01 30.03.2020
13828,+25.4,+17.9,+21.8,+21.7,+21.7,+25.3,+24.9,+25.3,+25.2,+25.1,+27,ESTP,0,0,+0,+0,+0.0171,+0,+0.0416,+0,+0,+0,03:02:01 30.03.2020
13829,+25.4,+17.9,+21.8,+21.7,+21.7,+25.3,+24.9,+25.3,+25.2,+25.1,+27,ESTP,0,0,+0,+0,+0.0171,+0,+0.0416,+0,+0,+0,03:03:01 30.03.2020
13830,+25.4,+17.8,+21.8,+21.7,+21.7,+25.3,+24.9,+25.3,+25.2,+25.1,+27,ESTP,0,0,+0,+0,+0.0171,+0,+0.0416,+0,+0,+0,03:04:01 30.03.2020
13831,+25.4,+17.9,+21.8,+21.7,+21.7,+25.3,+24.9,+25.3,+25.2,+25.1,+27,ESTP,0,0,+0,+0,+0.0171,+0,+0.0414,+0,+0,+0,03:05:01 30.03.2020
13832,+25.4,+17.8,+21.8,+21.7,+21.7,+25.3,+24.9,+25.3,+25.2,+25.1,+27,ESTP,0,0,+0,+0,+0.0171,+0,+0.0414,+0,+0,+0,03:06:01 30.03.2020
13833,+25.4,+17.8,+21.8,+21.7,+21.7,+25.3,+24.9,+25.3,+25.2,+25.1,+27,ESTP,0,0,+0,+0,+0.0171,+0,+0.0414,+0,+0,+0,03:07:01 30.03.2020
13834,+25.4,+17.8,+21.8,+21.7,+21.7,+25.3,+24.9,+25.3,+25.2,+25.1,+27,ESTP,0,0,+0,+0,+0.0171,+0,+0.0415,+0,+0,+0,03:08:01 30.03.2020
13835,+25.5,+17.8,+21.8,+21.7,+21.7,+25.3,+24.9,+25.3,+25.2,+25.1,+27,ESTP,0,0,+0,+0,+0.0171,+0,+0.0416,+0,+0,+0,03:09:01 30.03.2020
13836,+25.5,+17.8,+21.8,+21.7,+21.7,+25.3,+24.9,+25.3,+25.2,+25.1,+27,ESTP,0,0,+0,+0,+0.0171,+0,+0.0416,+0,+0,+0,03:10:01 30.03.2020
13837,+25.5,+17.8,+21.8,+21.7,+21.7,+25.3,+24.9,+25.3,+25.2,+25.1,+27,ESTP,0,0,+0,+0,+0.0171,+0,+0.0416,+0,+0,+0,03:11:01 30.03.2020
13838,+25.5,+17.8,+21.8,+21.7,+21.7,+25.3,+24.9,+25.3,+25.2,+25.1,+27,ESTP,0,0,+0,+0,+0.0171,+0,+0.0416,+0,+0,+0,03:12:01 30.03.2020
13839,+25.5,+17.8,+21.8,+21.7,+21.7,+25.3,+24.9,+25.3,+25.2,+25.1,+27,ESTP,0,0,+0,+0,+0.0171,+0,+0.0416,+0,+0,+0,03:13:01 30.03.2020
13840,+25.5,+17.8,+21.8,+21.7,+21.7,+25.3,+24.9,+25.3,+25.2,+25.1,+27,ESTP,0,0,+0,+0,+0.0171,+0,+0.0416,+0,+0,+0,03:14:01 30.03.2020
13841,+25.4,+17.8,+21.8,+21.7,+21.7,+25.3,+24.9,+25.3,+25.2,+25.1,+27,ESTP,0,0,+0,+0,+0.0171,+0,+0.0416,+0,+0,+0,03:15:01 30.03.2020
13842,+25.4,+17.8,+21.8,+21.7,+21.7,+25.3,+24.9,+25.3,+25.2,+25.1,+27,ESTP,0,0,+0,+0,+0.0171,+0,+0.0416,+0,+0,+0,03:16:01 30.03.2020
13843,+25.4,+17.8,+21.8,+21.7,+21.7,+25.3,+24.9,+25.3,+25.2,+25.1,+27,ESTP,0,0,+0,+0,+0.0171,+0,+0.0416,+0,+0,+0,03:17:01 30.03.2020
13844,+25.4,+17.8,+21.8,+21.7,+21.7,+25.3,+24.9,+25.3,+25.2,+25.1,+27,ESTP,0,0,+0,+0,+0.0171,+0,+0.0416,+0,+0,+0,03:18:01 30.03.2020
13845,+25.4,+17.8,+21.8,+21.7,+21.7,+25.3,+24.9,+25.3,+25.2,+25.1,+27,ESTP,0,0,+0,+0,+0.0171,+0,+0.0416,+0,+0,+0,03:19:01 30.03.2020
13846,+25.4,+17.8,+21.8,+21.7,+21.7,+25.3,+24.9,+25.3,+25.2,+25.1,+27,ESTP,0,0,+0,+0,+0.0171,+0,+0.0414,+0,+0,+0,03:20:01 30.03.2020
13847,+25.4,+17.8,+21.8,+21.7,+21.7,+25.3,+24.9,+25.3,+25.2,+25.1,+27,ESTP,0,0,+0,+0,+0.0171,+0,+0.0415,+0,+0,+0,03:21:01 30.03.2020
13848,+25.4,+17.8,+21.8,+21.7,+21.7,+25.3,+24.9,+25.3,+25.2,+25.1,+27,ESTP,0,0,+0,+0,+0.0171,+0,+0.0414,+0,+0,+0,03:22:01 30.03.2020
13849,+25.4,+17.8,+21.8,+21.7,+21.7,+25.3,+24.9,+25.3,+25.2,+25.1,+27,ESTP,0,0,+0,+0,+0.0171,+0,+0.0414,+0,+0,+0,03:23:01 30.03.2020
13850,+25.5,+17.8,+21.8,+21.7,+21.7,+25.3,+24.9,+25.3,+25.2,+25.1,+27,ESTP,0,0,+0,+0,+0.0171,+0,+0.0414,+0,+0,+0,03:24:01 30.03.2020
13851,+25.5,+17.8,+21.8,+21.7,+21.7,+25.3,+24.9,+25.3,+25.2,+25.1,+27,ESTP,0,0,+0,+0,+0.0171,+0,+0.0416,+0,+0,+0,03:25:01 30.03.2020
13852,+25.5,+17.8,+21.8,+21.7,+21.7,+25.3,+24.9,+25.3,+25.2,+25.1,+27,ESTP,0,0,+0,+0,+0.0171,+0,+0.0416,+0,+0,+0,03:26:01 30.03.2020
13853,+25.5,+17.8,+21.8,+21.7,+21.7,+25.3,+24.9,+25.3,+25.2,+25.1,+27,ESTP,0,0,+0,+0,+0.0171,+0,+0.0416,+0,+0,+0,03:27:01 30.03.2020
13854,+25.5,+17.8,+21.8,+21.7,+21.7,+25.3,+24.9,+25.3,+25.2,+25.1,+27,ESTP,0,0,+0,+0,+0.0171,+0,+0.0416,+0,+0,+0,03:28:01 30.03.2020
13855,+25.5,+17.8,+21.8,+21.7,+21.7,+25.3,+24.9,+25.3,+25.2,+25.1,+27,ESTP,0,0,+0,+0,+0.0171,+0,+0.0416,+0,+0,+0,03:29:01 30.03.2020
13856,+25.5,+17.8,+21.8,+21.7,+21.7,+25.3,+24.9,+25.3,+25.2,+25.1,+27,ESTP,0,0,+0,+0,+0.0171,+0,+0.0416,+0,+0,+0,03:30:01 30.03.2020
13857,+25.5,+17.8,+21.8,+21.7,+21.7,+25.3,+24.9,+25.3,+25.2,+25.1,+27,ESTP,0,0,+0,+0,+0.0171,+0,+0.0416,+0,+0,+0,03:31:01 30.03.2020
13858,+25.5,+17.8,+21.8,+21.7,+21.7,+25.3,+24.9,+25.3,+25.2,+25.1,+27,ESTP,0,0,+0,+0,+0.0171,+0,+0.0416,+0,+0,+0,03:32:01 30.03.2020
13859,+25.5,+17.8,+21.8,+21.7,+21.7,+25.3,+24.9,+25.3,+25.2,+25.1,+27,ESTP,0,0,+0,+0,+0.0171,+0,+0.0416,+0,+0,+0,03:33:01 30.03.2020
13860,+25.4,+17.8,+21.8,+21.7,+21.7,+25.3,+24.9,+25.3,+25.2,+25.1,+27,ESTP,0,0,+0,+0,+0.0171,+0,+0.0416,+0,+0,+0,03:34:01 30.03.2020
13861,+25.4,+17.8,+21.8,+21.7,+21.7,+25.3,+24.9,+25.3,+25.2,+25.1,+27,ESTP,0,0,+0,+0,+0.0171,+0,+0.0416,+0,+0,+0,03:35:01 30.03.2020
13862,+25.4,+17.8,+21.8,+21.7,+21.7,+25.3,+24.9,+25.3,+25.2,+25.1,+27,ESTP,0,0,+0,+0,+0.0171,+0,+0.0416,+0,+0,+0,03:36:01 30.03.2020
13863,+25.4,+17.8,+21.8,+21.7,+21.7,+25.3,+24.9,+25.3,+25.2,+25.1,+27,ESTP,0,0,+0,+0,+0.0171,+0,+0.0416,+0,+0,+0,03:37:01 30.03.2020
13864,+25.4,+17.8,+21.8,+21.7,+21.7,+25.3,+24.9,+25.3,+25.2,+25.1,+27,ESTP,0,0,+0,+0,+0.0171,+0,+0.0416,+0,+0,+0,03:38:01 30.03.2020
13865,+25.4,+17.8,+21.8,+21.7,+21.7,+25.3,+24.9,+25.3,+25.2,+25.1,+27,ESTP,0,0,+0,+0,+0.0171,+0,+0.0414,+0,+0,+0,03:39:01 30.03.2020
13866,+25.4,+17.8,+21.8,+21.7,+21.7,+25.3,+24.9,+25.3,+25.2,+25.1,+27,ESTP,0,0,+0,+0,+0.0171,+0,+0.0415,+0,+0,+0,03:40:01 30.03.2020
13867,+25.4,+17.8,+21.8,+21.7,+21.7,+25.3,+24.9,+25.3,+25.2,+25.1,+27,ESTP,0,0,+0,+0,+0.0171,+0,+0.0416,+0,+0,+0,03:41:01 30.03.2020
13868,+25.5,+17.7,+21.8,+21.7,+21.7,+25.3,+24.9,+25.3,+25.2,+25.1,+27,ESTP,0,0,+0,+0,+0.0171,+0,+0.0416,+0,+0,+0,03:42:01 30.03.2020
13869,+25.5,+17.8,+21.8,+21.7,+21.7,+25.3,+24.9,+25.3,+25.2,+25.1,+27,ESTP,0,0,+0,+0,+0.0171,+0,+0.0416,+0,+0,+0,03:43:01 30.03.2020
13870,+25.5,+17.7,+21.8,+21.7,+21.7,+25.3,+24.9,+25.3,+25.2,+25.1,+27,ESTP,0,0,+0,+0,+0.0171,+0,+0.0416,+0,+0,+0,03:44:01 30.03.2020
13871,+25.5,+17.7,+21.8,+21.7,+21.7,+25.3,+24.9,+25.3,+25.2,+25.1,+27,ESTP,0,0,+0,+0,+0.0171,+0,+0.0416,+0,+0,+0,03:45:01 30.03.2020
13872,+25.5,+17.7,+21.8,+21.7,+21.7,+25.3,+24.9,+25.3,+25.2,+25.1,+27,ESTP,0,0,+0,+0,+0.0171,+0,+0.0416,+0,+0,+0,03:46:01 30.03.2020
13873,+25.5,+17.7,+21.8,+21.7,+21.7,+25.3,+24.9,+25.3,+25.2,+25.1,+27,ESTP,0,0,+0,+0,+0.0171,+0,+0.0416,+0,+0,+0,03:47:01 30.03.2020
13874,+25.5,+17.7,+21.8,+21.7,+21.7,+25.3,+24.9,+25.3,+25.2,+25.1,+27,ESTP,0,0,+0,+0,+0.0171,+0,+0.0416,+0,+0,+0,03:48:01 30.03.2020
13875,+25.4,+17.7,+21.8,+21.7,+21.7,+25.3,+24.9,+25.3,+25.2,+25.1,+27,ESTP,0,0,+0,+0,+0.0171,+0,+0.0416,+0,+0,+0,03:49:01 30.03.2020
13876,+25.4,+17.7,+21.8,+21.7,+21.7,+25.3,+24.9,+25.3,+25.2,+25.1,+27,ESTP,0,0,+0,+0,+0.0171,+0,+0.0416,+0,+0,+0,03:50:01 30.03.2020
13877,+25.4,+17.7,+21.8,+21.7,+21.7,+25.3,+24.9,+25.3,+25.2,+25.1,+27,ESTP,0,0,+0,+0,+0.0171,+0,+0.0416,+0,+0,+0,03:51:01 30.03.2020
13878,+25.4,+17.7,+21.8,+21.7,+21.7,+25.3,+24.9,+25.3,+25.2,+25.1,+27,ESTP,0,0,+0,+0,+0.0171,+0,+0.0416,+0,+0,+0,03:52:01 30.03.2020
13879,+25.4,+17.7,+21.8,+21.7,+21.7,+25.3,+24.9,+25.3,+25.2,+25.1,+27,ESTP,0,0,+0,+0,+0.0171,+0,+0.0416,+0,+0,+0,03:53:01 30.03.2020
13880,+25.4,+17.7,+21.8,+21.7,+21.7,+25.3,+24.9,+25.3,+25.2,+25.1,+27,ESTP,0,0,+0,+0,+0.0171,+0,+0.0416,+0,+0,+0,03:54:01 30.03.2020
13881,+25.4,+17.7,+21.8,+21.7,+21.7,+25.3,+24.9,+25.3,+25.2,+25.1,+27,ESTP,0,0,+0,+0,+0.0171,+0,+0.0414,+0,+0,+0,03:55:01 30.03.2020
13882,+25.4,+17.7,+21.8,+21.7,+21.7,+25.3,+24.9,+25.3,+25.2,+25.1,+27,ESTP,0,0,+0,+0,+0.0171,+0,+0.0416,+0,+0,+0,03:56:01 30.03.2020
13883,+25.4,+17.7,+21.8,+21.7,+21.7,+25.3,+24.9,+25.3,+25.2,+25.1,+27,ESTP,0,0,+0,+0,+0.0171,+0,+0.0416,+0,+0,+0,03:57:01 30.03.2020
13884,+25.5,+17.7,+21.8,+21.7,+21.7,+25.3,+24.9,+25.3,+25.2,+25.1,+27,ESTP,0,0,+0,+0,+0.0171,+0,+0.0416,+0,+0,+0,03:58:01 30.03.2020
13885,+25.5,+17.7,+21.8,+21.7,+21.7,+25.3,+24.9,+25.3,+25.2,+25.1,+27,ESTP,0,0,+0,+0,+0.0171,+0,+0.0416,+0,+0,+0,03:59:01 30.03.2020
13886,+25.5,+17.7,+21.8,+21.7,+21.7,+25.3,+24.9,+25.3,+25.2,+25.1,+27,ESTP,0,0,+0,+0,+0.0171,+0,+0.0416,+0,+0,+0,04:00:01 30.03.2020
13887,+25.5,+17.7,+21.8,+21.7,+21.7,+25.3,+24.9,+25.3,+25.2,+25.1,+27,ESTP,0,0,+0,+0,+0.0171,+0,+0.0416,+0,+0,+0,04:01:01 30.03.2020
13888,+25.5,+17.7,+21.8,+21.7,+21.7,+25.3,+24.9,+25.3,+25.2,+25.1,+27,ESTP,0,0,+0,+0,+0.0171,+0,+0.0416,+0,+0,+0,04:02:01 30.03.2020
13889,+25.5,+17.7,+21.8,+21.7,+21.7,+25.3,+24.9,+25.3,+25.2,+25.1,+27,ESTP,0,0,+0,+0,+0.0171,+0,+0.0416,+0,+0,+0,04:03:01 30.03.2020
13890,+25.5,+17.7,+21.8,+21.7,+21.7,+25.3,+24.9,+25.3,+25.2,+25.1,+27,ESTP,0,0,+0,+0,+0.0171,+0,+0.0416,+0,+0,+0,04:04:01 30.03.2020
13891,+25.5,+17.7,+21.8,+21.7,+21.7,+25.3,+24.9,+25.3,+25.2,+25.1,+27,ESTP,0,0,+0,+0,+0.0171,+0,+0.0416,+0,+0,+0,04:05:01 30.03.2020
13892,+25.5,+17.7,+21.8,+21.7,+21.7,+25.3,+24.9,+25.3,+25.2,+25.1,+27,ESTP,0,0,+0,+0,+0.0171,+0,+0.0416,+0,+0,+0,04:06:01 30.03.2020
13893,+25.4,+17.7,+21.8,+21.7,+21.7,+25.3,+24.9,+25.3,+25.2,+25.1,+27,ESTP,0,0,+0,+0,+0.0171,+0,+0.0416,+0,+0,+0,04:07:01 30.03.2020
13894,+25.4,+17.7,+21.8,+21.7,+21.7,+25.3,+24.9,+25.3,+25.2,+25.1,+27,ESTP,0,0,+0,+0,+0.0171,+0,+0.0416,+0,+0,+0,04:08:01 30.03.2020
13895,+25.4,+17.7,+21.8,+21.7,+21.7,+25.3,+24.9,+25.3,+25.2,+25.1,+27,ESTP,0,0,+0,+0,+0.0171,+0,+0.0416,+0,+0,+0,04:09:01 30.03.2020
13896,+25.4,+17.7,+21.8,+21.7,+21.7,+25.3,+24.9,+25.3,+25.2,+25.1,+27,ESTP,0,0,+0,+0,+0.0171,+0,+0.0416,+0,+0,+0,04:10:01 30.03.2020
13897,+25.4,+17.7,+21.8,+21.7,+21.7,+25.3,+24.9,+25.3,+25.2,+25.1,+27,ESTP,0,0,+0,+0,+0.0171,+0,+0.0416,+0,+0,+0,04:11:01 30.03.2020
13898,+25.4,+17.7,+21.8,+21.7,+21.7,+25.3,+24.9,+25.3,+25.2,+25.1,+27,ESTP,0,0,+0,+0,+0.0171,+0,+0.0416,+0,+0,+0,04:12:01 30.03.2020
13899,+25.4,+17.7,+21.8,+21.7,+21.7,+25.3,+24.9,+25.3,+25.2,+25.1,+27,ESTP,0,0,+0,+0,+0.0171,+0,+0.0414,+0,+0,+0,04:13:01 30.03.2020
13900,+25.4,+17.7,+21.8,+21.7,+21.7,+25.3,+24.9,+25.3,+25.2,+25.1,+27,ESTP,0,0,+0,+0,+0.0171,+0,+0.0414,+0,+0,+0,04:14:01 30.03.2020
13901,+25.5,+17.7,+21.8,+21.7,+21.7,+25.3,+24.9,+25.2,+25.2,+25.1,+27,ESTP,0,0,+0,+0,+0.0171,+0,+0.0416,+0,+0,+0,04:15:01 30.03.2020
13902,+25.5,+17.7,+21.8,+21.7,+21.7,+25.3,+24.9,+25.3,+25.2,+25.1,+27,ESTP,0,0,+0,+0,+0.0171,+0,+0.0416,+0,+0,+0,04:16:01 30.03.2020
13903,+25.5,+17.7,+21.8,+21.7,+21.7,+25.3,+24.9,+25.3,+25.2,+25.1,+27,ESTP,0,0,+0,+0,+0.0171,+0,+0.0416,+0,+0,+0,04:17:01 30.03.2020
13904,+25.5,+17.7,+21.8,+21.7,+21.7,+25.3,+24.9,+25.3,+25.2,+25.1,+27,ESTP,0,0,+0,+0,+0.0171,+0,+0.0416,+0,+0,+0,04:18:01 30.03.2020
13905,+25.5,+17.7,+21.8,+21.7,+21.7,+25.3,+24.9,+25.3,+25.2,+25.1,+27,ESTP,0,0,+0,+0,+0.0171,+0,+0.0416,+0,+0,+0,04:19:01 30.03.2020
13906,+25.5,+17.7,+21.8,+21.7,+21.7,+25.3,+24.9,+25.3,+25.2,+25.1,+27,ESTP,0,0,+0,+0,+0.0171,+0,+0.0416,+0,+0,+0,04:20:01 30.03.2020
13907,+25.5,+17.7,+21.8,+21.7,+21.7,+25.3,+24.9,+25.3,+25.2,+25.1,+27,ESTP,0,0,+0,+0,+0.0171,+0,+0.0416,+0,+0,+0,04:21:01 30.03.2020
13908,+25.5,+17.7,+21.8,+21.7,+21.7,+25.3,+24.9,+25.3,+25.2,+25.1,+27,ESTP,0,0,+0,+0,+0.0171,+0,+0.0416,+0,+0,+0,04:22:01 30.03.2020
13909,+25.4,+17.7,+21.8,+21.7,+21.7,+25.3,+24.9,+25.3,+25.2,+25.1,+27,ESTP,0,0,+0,+0,+0.0171,+0,+0.0416,+0,+0,+0,04:23:01 30.03.2020
13910,+25.4,+17.7,+21.8,+21.7,+21.7,+25.3,+24.9,+25.3,+25.2,+25.1,+27,ESTP,0,0,+0,+0,+0.0171,+0,+0.0416,+0,+0,+0,04:24:01 30.03.2020
13911,+25.4,+17.7,+21.8,+21.7,+21.7,+25.3,+24.9,+25.3,+25.2,+25.1,+27,ESTP,0,0,+0,+0,+0.0171,+0,+0.0416,+0,+0,+0,04:25:01 30.03.2020
13912,+25.4,+17.7,+21.8,+21.7,+21.7,+25.3,+24.9,+25.3,+25.2,+25.1,+27,ESTP,0,0,+0,+0,+0.0171,+0,+0.0416,+0,+0,+0,04:26:01 30.03.2020
13913,+25.4,+17.7,+21.8,+21.7,+21.7,+25.3,+24.9,+25.3,+25.2,+25.1,+27,ESTP,0,0,+0,+0,+0.0171,+0,+0.0416,+0,+0,+0,04:27:01 30.03.2020
13914,+25.4,+17.7,+21.8,+21.7,+21.7,+25.3,+24.9,+25.3,+25.2,+25.1,+27,ESTP,0,0,+0,+0,+0.0171,+0,+0.0416,+0,+0,+0,04:28:01 30.03.2020
13915,+25.4,+17.7,+21.8,+21.7,+21.7,+25.3,+24.9,+25.3,+25.2,+25.1,+27,ESTP,0,0,+0,+0,+0.0171,+0,+0.0414,+0,+0,+0,04:29:01 30.03.2020
13916,+25.4,+17.7,+21.8,+21.7,+21.7,+25.3,+24.9,+25.3,+25.2,+25.1,+27,ESTP,0,0,+0,+0,+0.0171,+0,+0.0414,+0,+0,+0,04:30:01 30.03.2020
13917,+25.5,+17.7,+21.8,+21.7,+21.7,+25.3,+24.9,+25.3,+25.2,+25.1,+27,ESTP,0,0,+0,+0,+0.0171,+0,+0.0414,+0,+0,+0,04:31:01 30.03.2020
13918,+25.5,+17.7,+21.8,+21.7,+21.7,+25.3,+24.9,+25.3,+25.2,+25.1,+27,ESTP,0,0,+0,+0,+0.0171,+0,+0.0416,+0,+0,+0,04:32:01 30.03.2020
13919,+25.5,+17.7,+21.8,+21.7,+21.7,+25.3,+24.9,+25.3,+25.2,+25.1,+27,ESTP,0,0,+0,+0,+0.0171,+0,+0.0416,+0,+0,+0,04:33:01 30.03.2020
13920,+25.5,+17.7,+21.8,+21.7,+21.7,+25.3,+24.9,+25.3,+25.2,+25.1,+27,ESTP,0,0,+0,+0,+0.0171,+0,+0.0416,+0,+0,+0,04:34:01 30.03.2020
13921,+25.5,+17.6,+21.8,+21.7,+21.7,+25.3,+24.9,+25.3,+25.2,+25.1,+27,ESTP,0,0,+0,+0,+0.0171,+0,+0.0416,+0,+0,+0,04:35:01 30.03.2020
13922,+25.5,+17.6,+21.8,+21.7,+21.7,+25.3,+24.9,+25.3,+25.2,+25.1,+27,ESTP,0,0,+0,+0,+0.0171,+0,+0.0416,+0,+0,+0,04:36:01 30.03.2020
13923,+25.5,+17.6,+21.8,+21.7,+21.7,+25.3,+24.9,+25.3,+25.2,+25.1,+27,ESTP,0,0,+0,+0,+0.0171,+0,+0.0416,+0,+0,+0,04:37:01 30.03.2020
13924,+25.5,+17.6,+21.8,+21.7,+21.7,+25.3,+24.9,+25.3,+25.2,+25.1,+27,ESTP,0,0,+0,+0,+0.0171,+0,+0.0416,+0,+0,+0,04:38:01 30.03.2020
13925,+25.5,+17.6,+21.8,+21.7,+21.7,+25.3,+24.9,+25.3,+25.2,+25.1,+27,ESTP,0,0,+0,+0,+0.0171,+0,+0.0416,+0,+0,+0,04:39:01 30.03.2020
13926,+25.4,+17.6,+21.8,+21.7,+21.7,+25.3,+24.9,+25.3,+25.2,+25.1,+27,ESTP,0,0,+0,+0,+0.0171,+0,+0.0416,+0,+0,+0,04:40:01 30.03.2020
13927,+25.4,+17.6,+21.8,+21.7,+21.7,+25.3,+24.9,+25.3,+25.2,+25.1,+27,ESTP,0,0,+0,+0,+0.0171,+0,+0.0416,+0,+0,+0,04:41:01 30.03.2020
13928,+25.4,+17.6,+21.8,+21.7,+21.7,+25.3,+24.9,+25.3,+25.2,+25.1,+27,ESTP,0,0,+0,+0,+0.0171,+0,+0.0416,+0,+0,+0,04:42:01 30.03.2020
13929,+25.4,+17.6,+21.8,+21.7,+21.7,+25.3,+24.9,+25.3,+25.2,+25.1,+27,ESTP,0,0,+0,+0,+0.0171,+0,+0.0416,+0,+0,+0,04:43:01 30.03.2020
13930,+25.4,+17.6,+21.8,+21.7,+21.7,+25.3,+24.9,+25.3,+25.2,+25.1,+27,ESTP,0,0,+0,+0,+0.0171,+0,+0.0416,+0,+0,+0,04:44:01 30.03.2020
13931,+25.4,+17.6,+21.8,+21.7,+21.7,+25.3,+24.9,+25.3,+25.2,+25.1,+27,ESTP,0,0,+0,+0,+0.0171,+0,+0.0416,+0,+0,+0,04:45:01 30.03.2020
13932,+25.4,+17.6,+21.8,+21.7,+21.7,+25.3,+24.9,+25.3,+25.2,+25.1,+27,ESTP,0,0,+0,+0,+0.0171,+0,+0.0414,+0,+0,+0,04:46:01 30.03.2020
13933,+25.4,+17.6,+21.8,+21.7,+21.7,+25.3,+24.9,+25.3,+25.2,+25.1,+27,ESTP,0,0,+0,+0,+0.0171,+0,+0.0414,+0,+0,+0,04:47:01 30.03.2020
13934,+25.4,+17.6,+21.8,+21.7,+21.7,+25.3,+24.9,+25.2,+25.2,+25.1,+27,ESTP,0,0,+0,+0,+0.0171,+0,+0.0414,+0,+0,+0,04:48:01 30.03.2020
13935,+25.4,+17.6,+21.8,+21.7,+21.7,+25.3,+24.9,+25.2,+25.2,+25.1,+27,ESTP,0,0,+0,+0,+0.0171,+0,+0.0414,+0,+0,+0,04:49:01 30.03.2020
13936,+25.5,+17.6,+21.8,+21.7,+21.7,+25.3,+24.9,+25.2,+25.2,+25.1,+27,ESTP,0,0,+0,+0,+0.0171,+0,+0.0416,+0,+0,+0,04:50:01 30.03.2020
13937,+25.5,+17.6,+21.8,+21.7,+21.7,+25.3,+24.9,+25.2,+25.2,+25.1,+27,ESTP,0,0,+0,+0,+0.0171,+0,+0.0416,+0,+0,+0,04:51:01 30.03.2020
13938,+25.5,+17.6,+21.8,+21.7,+21.7,+25.3,+24.9,+25.2,+25.2,+25.1,+27,ESTP,0,0,+0,+0,+0.0171,+0,+0.0416,+0,+0,+0,04:52:01 30.03.2020
13939,+25.5,+17.6,+21.8,+21.7,+21.7,+25.3,+24.9,+25.2,+25.2,+25.1,+27,ESTP,0,0,+0,+0,+0.0171,+0,+0.0416,+0,+0,+0,04:53:01 30.03.2020
13940,+25.5,+17.6,+21.8,+21.7,+21.7,+25.3,+24.9,+25.2,+25.2,+25.1,+27,ESTP,0,0,+0,+0,+0.0171,+0,+0.0416,+0,+0,+0,04:54:01 30.03.2020
13941,+25.5,+17.6,+21.8,+21.7,+21.7,+25.3,+24.9,+25.3,+25.2,+25.1,+27,ESTP,0,0,+0,+0,+0.0171,+0,+0.0416,+0,+0,+0,04:55:01 30.03.2020
13942,+25.5,+17.6,+21.8,+21.7,+21.7,+25.3,+24.9,+25.3,+25.2,+25.1,+27,ESTP,0,0,+0,+0,+0.0171,+0,+0.0416,+0,+0,+0,04:56:01 30.03.2020
13943,+25.5,+17.6,+21.8,+21.7,+21.7,+25.3,+24.9,+25.3,+25.2,+25.1,+27,ESTP,0,0,+0,+0,+0.0171,+0,+0.0416,+0,+0,+0,04:57:01 30.03.2020
13944,+25.5,+17.6,+21.8,+21.7,+21.7,+25.3,+24.9,+25.3,+25.2,+25.1,+27,ESTP,0,0,+0,+0,+0.0171,+0,+0.0416,+0,+0,+0,04:58:01 30.03.2020
13945,+25.5,+17.6,+21.8,+21.7,+21.7,+25.3,+24.9,+25.3,+25.2,+25.1,+27,ESTP,0,0,+0,+0,+0.0171,+0,+0.0416,+0,+0,+0,04:59:01 30.03.2020
13946,+25.5,+17.6,+21.8,+21.7,+21.7,+25.3,+24.9,+25.3,+25.2,+25.1,+27,ESTP,0,0,+0,+0,+0.0171,+0,+0.0416,+0,+0,+0,05:00:01 30.03.2020
13947,+25.4,+17.6,+21.8,+21.7,+21.7,+25.3,+24.9,+25.3,+25.2,+25.1,+27,ESTP,0,0,+0,+0,+0.0171,+0,+0.0416,+0,+0,+0,05:01:01 30.03.2020
13948,+25.4,+17.6,+21.8,+21.7,+21.7,+25.3,+24.9,+25.3,+25.2,+25.1,+27,ESTP,0,0,+0,+0,+0.0171,+0,+0.0416,+0,+0,+0,05:02:01 30.03.2020
13949,+25.4,+17.6,+21.8,+21.7,+21.7,+25.3,+24.9,+25.3,+25.2,+25.1,+27,ESTP,0,0,+0,+0,+0.0171,+0,+0.0416,+0,+0,+0,05:03:01 30.03.2020
13950,+25.4,+17.6,+21.8,+21.7,+21.7,+25.3,+24.9,+25.2,+25.2,+25.1,+27,ESTP,0,0,+0,+0,+0.0171,+0,+0.0416,+0,+0,+0,05:04:01 30.03.2020
13951,+25.4,+17.6,+21.8,+21.7,+21.7,+25.3,+24.9,+25.3,+25.2,+25.1,+27,ESTP,0,0,+0,+0,+0.0171,+0,+0.0415,+0,+0,+0,05:05:01 30.03.2020
13952,+25.4,+17.6,+21.8,+21.7,+21.7,+25.3,+24.9,+25.2,+25.2,+25.1,+27,ESTP,0,0,+0,+0,+0.0171,+0,+0.0416,+0,+0,+0,05:06:01 30.03.2020
13953,+25.5,+17.6,+21.8,+21.7,+21.7,+25.3,+24.9,+25.2,+25.2,+25.1,+27,ESTP,0,0,+0,+0,+0.0171,+0,+0.0416,+0,+0,+0,05:07:01 30.03.2020
13954,+25.5,+17.6,+21.8,+21.7,+21.7,+25.3,+24.9,+25.2,+25.2,+25.1,+27,ESTP,0,0,+0,+0,+0.0171,+0,+0.0416,+0,+0,+0,05:08:01 30.03.2020
13955,+25.5,+17.6,+21.8,+21.7,+21.7,+25.3,+24.9,+25.2,+25.2,+25.1,+27,ESTP,0,0,+0,+0,+0.0171,+0,+0.0416,+0,+0,+0,05:09:01 30.03.2020
13956,+25.5,+17.6,+21.8,+21.7,+21.7,+25.3,+24.9,+25.2,+25.2,+25.1,+27,ESTP,0,0,+0,+0,+0.0171,+0,+0.0416,+0,+0,+0,05:10:01 30.03.2020
13957,+25.5,+17.6,+21.8,+21.7,+21.7,+25.3,+24.9,+25.2,+25.2,+25.1,+27,ESTP,0,0,+0,+0,+0.0171,+0,+0.0416,+0,+0,+0,05:11:01 30.03.2020
13958,+25.5,+17.6,+21.8,+21.7,+21.7,+25.3,+24.9,+25.3,+25.2,+25.1,+27,ESTP,0,0,+0,+0,+0.0171,+0,+0.0416,+0,+0,+0,05:12:01 30.03.2020
13959,+25.5,+17.5,+21.8,+21.7,+21.7,+25.3,+24.9,+25.3,+25.2,+25.1,+27,ESTP,0,0,+0,+0,+0.0171,+0,+0.0416,+0,+0,+0,05:13:01 30.03.2020
13960,+25.5,+17.5,+21.8,+21.7,+21.7,+25.3,+24.9,+25.3,+25.2,+25.1,+27,ESTP,0,0,+0,+0,+0.0171,+0,+0.0416,+0,+0,+0,05:14:01 30.03.2020
13961,+25.5,+17.5,+21.8,+21.7,+21.7,+25.3,+24.9,+25.3,+25.2,+25.1,+27,ESTP,0,0,+0,+0,+0.0171,+0,+0.0416,+0,+0,+0,05:15:01 30.03.2020
13962,+25.5,+17.5,+21.8,+21.7,+21.7,+25.3,+24.9,+25.3,+25.2,+25.1,+27,ESTP,0,0,+0,+0,+0.0171,+0,+0.0416,+0,+0,+0,05:16:01 30.03.2020
13963,+25.5,+17.5,+21.8,+21.7,+21.7,+25.3,+24.9,+25.2,+25.2,+25.1,+27,ESTP,0,0,+0,+0,+0.0171,+0,+0.0416,+0,+0,+0,05:17:01 30.03.2020
13964,+25.4,+17.5,+21.8,+21.7,+21.7,+25.3,+24.9,+25.3,+25.2,+25.1,+27,ESTP,0,0,+0,+0,+0.0171,+0,+0.0416,+0,+0,+0,05:18:01 30.03.2020
13965,+25.4,+17.5,+21.8,+21.7,+21.7,+25.3,+24.9,+25.3,+25.2,+25.1,+27,ESTP,0,0,+0,+0,+0.0171,+0,+0.0416,+0,+0,+0,05:19:01 30.03.2020
13966,+25.4,+17.5,+21.8,+21.7,+21.7,+25.3,+24.9,+25.2,+25.2,+25.1,+27,ESTP,0,0,+0,+0,+0.0171,+0,+0.0416,+0,+0,+0,05:20:01 30.03.2020
13967,+25.4,+17.5,+21.8,+21.7,+21.7,+25.3,+24.9,+25.2,+25.2,+25.1,+27,ESTP,0,0,+0,+0,+0.0171,+0,+0.0416,+0,+0,+0,05:21:01 30.03.2020
13968,+25.4,+17.5,+21.8,+21.7,+21.7,+25.3,+24.9,+25.2,+25.2,+25.1,+27,ESTP,0,0,+0,+0,+0.0171,+0,+0.0414,+0,+0,+0,05:22:01 30.03.2020
13969,+25.4,+17.5,+21.8,+21.7,+21.7,+25.3,+24.9,+25.2,+25.2,+25.1,+27,ESTP,0,0,+0,+0,+0.0171,+0,+0.0414,+0,+0,+0,05:23:01 30.03.2020
13970,+25.4,+17.5,+21.8,+21.7,+21.7,+25.3,+24.9,+25.2,+25.2,+25.1,+27,ESTP,0,0,+0,+0,+0.0171,+0,+0.0414,+0,+0,+0,05:24:01 30.03.2020
13971,+25.5,+17.5,+21.8,+21.7,+21.7,+25.3,+24.9,+25.2,+25.2,+25.1,+27,ESTP,0,0,+0,+0,+0.0171,+0,+0.0414,+0,+0,+0,05:25:01 30.03.2020
13972,+25.5,+17.5,+21.8,+21.7,+21.7,+25.3,+24.9,+25.2,+25.2,+25.1,+27,ESTP,0,0,+0,+0,+0.0171,+0,+0.0414,+0,+0,+0,05:26:01 30.03.2020
13973,+25.5,+17.5,+21.8,+21.7,+21.7,+25.3,+24.9,+25.2,+25.2,+25.1,+27,ESTP,0,0,+0,+0,+0.0171,+0,+0.0416,+0,+0,+0,05:27:01 30.03.2020
13974,+25.6,+17.5,+21.8,+21.7,+21.7,+25.3,+24.9,+25.2,+25.2,+25.1,+27,ESTP,0,0,+0,+0,+0.0171,+0,+0.0416,+0,+0,+0,05:28:01 30.03.2020
13975,+25.5,+17.5,+21.8,+21.7,+21.7,+25.3,+24.9,+25.2,+25.2,+25.1,+27,ESTP,0,0,+0,+0,+0.0171,+0,+0.0416,+0,+0,+0,05:29:01 30.03.2020
13976,+25.5,+17.5,+21.8,+21.7,+21.7,+25.3,+24.9,+25.3,+25.2,+25.1,+27,ESTP,0,0,+0,+0,+0.0171,+0,+0.0416,+0,+0,+0,05:30:01 30.03.2020
13977,+25.5,+17.5,+21.8,+21.7,+21.7,+25.3,+24.9,+25.2,+25.2,+25.1,+27,ESTP,0,0,+0,+0,+0.0171,+0,+0.0416,+0,+0,+0,05:31:01 30.03.2020
13978,+25.5,+17.5,+21.8,+21.7,+21.7,+25.3,+24.9,+25.3,+25.2,+25.1,+27,ESTP,0,0,+0,+0,+0.0171,+0,+0.0416,+0,+0,+0,05:32:01 30.03.2020
13979,+25.5,+17.5,+21.8,+21.7,+21.7,+25.3,+24.9,+25.2,+25.2,+25.1,+27,ESTP,0,0,+0,+0,+0.0171,+0,+0.0416,+0,+0,+0,05:33:01 30.03.2020
13980,+25.5,+17.5,+21.8,+21.7,+21.7,+25.3,+24.9,+25.3,+25.2,+25.1,+27,ESTP,0,0,+0,+0,+0.0171,+0,+0.0416,+0,+0,+0,05:34:01 30.03.2020
13981,+25.5,+17.5,+21.8,+21.7,+21.7,+25.3,+24.9,+25.2,+25.2,+25.1,+27,ESTP,0,0,+0,+0,+0.0171,+0,+0.0416,+0,+0,+0,05:35:01 30.03.2020
13982,+25.5,+17.5,+21.8,+21.7,+21.7,+25.3,+24.9,+25.3,+25.2,+25.1,+27,ESTP,0,0,+0,+0,+0.0171,+0,+0.0416,+0,+0,+0,05:36:01 30.03.2020
13983,+25.5,+17.5,+21.8,+21.7,+21.7,+25.3,+24.9,+25.3,+25.2,+25.1,+27,ESTP,0,0,+0,+0,+0.0171,+0,+0.0416,+0,+0,+0,05:37:01 30.03.2020
13984,+25.5,+17.5,+21.8,+21.7,+21.7,+25.3,+24.9,+25.2,+25.2,+25.1,+27,ESTP,0,0,+0,+0,+0.0171,+0,+0.0416,+0,+0,+0,05:38:01 30.03.2020
13985,+25.4,+17.5,+21.8,+21.7,+21.7,+25.3,+24.9,+25.2,+25.2,+25.1,+27,ESTP,0,0,+0,+0,+0.0171,+0,+0.0416,+0,+0,+0,05:39:01 30.03.2020
13986,+25.4,+17.5,+21.8,+21.7,+21.7,+25.3,+24.9,+25.2,+25.2,+25.1,+27,ESTP,0,0,+0,+0,+0.0171,+0,+0.0416,+0,+0,+0,05:40:01 30.03.2020
13987,+25.4,+17.5,+21.8,+21.7,+21.7,+25.3,+24.9,+25.3,+25.2,+25.1,+27,ESTP,0,0,+0,+0,+0.0171,+0,+0.0416,+0,+0,+0,05:41:01 30.03.2020
13988,+25.5,+17.5,+21.8,+21.7,+21.7,+25.3,+24.9,+25.2,+25.2,+25.1,+27,ESTP,0,0,+0,+0,+0.0171,+0,+0.0416,+0,+0,+0,05:42:01 30.03.2020
13989,+25.5,+17.5,+21.8,+21.7,+21.7,+25.3,+24.9,+25.2,+25.2,+25.1,+27,ESTP,0,0,+0,+0,+0.0171,+0,+0.0416,+0,+0,+0,05:43:01 30.03.2020
13990,+25.5,+17.5,+21.8,+21.7,+21.7,+25.3,+24.9,+25.2,+25.2,+25.1,+27,ESTP,0,0,+0,+0,+0.0171,+0,+0.0416,+0,+0,+0,05:44:01 30.03.2020
13991,+25.5,+17.5,+21.8,+21.7,+21.7,+25.3,+24.9,+25.2,+25.2,+25.1,+27,ESTP,0,0,+0,+0,+0.0171,+0,+0.0416,+0,+0,+0,05:45:01 30.03.2020
13992,+25.5,+17.4,+21.8,+21.7,+21.7,+25.3,+24.9,+25.2,+25.2,+25.1,+27,ESTP,0,0,+0,+0,+0.0171,+0,+0.0416,+0,+0,+0,05:46:01 30.03.2020
13993,+25.5,+17.4,+21.8,+21.7,+21.7,+25.3,+24.9,+25.2,+25.2,+25.1,+27,ESTP,0,0,+0,+0,+0.0171,+0,+0.0416,+0,+0,+0,05:47:01 30.03.2020
13994,+25.5,+17.4,+21.8,+21.7,+21.7,+25.3,+24.9,+25.3,+25.2,+25.1,+27,ESTP,0,0,+0,+0,+0.0171,+0,+0.0416,+0,+0,+0,05:48:01 30.03.2020
13995,+25.5,+17.4,+21.8,+21.7,+21.7,+25.3,+24.9,+25.2,+25.2,+25.1,+27,ESTP,0,0,+0,+0,+0.0171,+0,+0.0416,+0,+0,+0,05:49:01 30.03.2020
13996,+25.5,+17.4,+21.8,+21.7,+21.7,+25.3,+24.9,+25.3,+25.2,+25.1,+27,ESTP,0,0,+0,+0,+0.0171,+0,+0.0416,+0,+0,+0,05:50:01 30.03.2020
13997,+25.5,+17.4,+21.8,+21.7,+21.7,+25.3,+24.9,+25.2,+25.2,+25.1,+27,ESTP,0,0,+0,+0,+0.0171,+0,+0.0416,+0,+0,+0,05:51:01 30.03.2020
13998,+25.5,+17.4,+21.8,+21.7,+21.7,+25.3,+24.9,+25.2,+25.2,+25.1,+27,ESTP,0,0,+0,+0,+0.0171,+0,+0.0416,+0,+0,+0,05:52:01 30.03.2020
13999,+25.4,+17.4,+21.8,+21.7,+21.7,+25.3,+24.9,+25.2,+25.2,+25.1,+27,ESTP,0,0,+0,+0,+0.0171,+0,+0.0416,+0,+0,+0,05:53:01 30.03.2020
14000,+25.4,+17.4,+21.8,+21.7,+21.7,+25.3,+24.9,+25.2,+25.2,+25.1,+27,ESTP,0,0,+0,+0,+0.0171,+0,+0.0416,+0,+0,+0,05:54:01 30.03.2020
14001,+25.4,+17.4,+21.8,+21.7,+21.7,+25.3,+24.9,+25.2,+25.2,+25.1,+27,ESTP,0,0,+0,+0,+0.0171,+0,+0.0416,+0,+0,+0,05:55:01 30.03.2020
14002,+25.4,+17.4,+21.8,+21.7,+21.7,+25.3,+24.9,+25.2,+25.2,+25.1,+27,ESTP,0,0,+0,+0,+0.0171,+0,+0.0414,+0,+0,+0,05:56:01 30.03.2020
14003,+25.4,+17.4,+21.8,+21.7,+21.7,+25.3,+24.9,+25.2,+25.2,+25.1,+27,ESTP,0,0,+0,+0,+0.0171,+0,+0.0414,+0,+0,+0,05:57:01 30.03.2020
14004,+25.4,+17.4,+21.8,+21.7,+21.7,+25.3,+24.9,+25.2,+25.2,+25.1,+27,ESTP,0,0,+0,+0,+0.0171,+0,+0.0414,+0,+0,+0,05:58:01 30.03.2020
14005,+25.5,+17.4,+21.8,+21.7,+21.7,+25.3,+24.9,+25.2,+25.2,+25.1,+27,ESTP,0,0,+0,+0,+0.0171,+0,+0.0415,+0,+0,+0,05:59:01 30.03.2020
14006,+25.5,+17.4,+21.8,+21.7,+21.7,+25.3,+24.9,+25.2,+25.1,+25.1,+27,ESTP,0,0,+0,+0,+0.0171,+0,+0.0414,+0,+0,+0,06:00:01 30.03.2020
14007,+25.5,+17.4,+21.8,+21.7,+21.7,+25.3,+24.9,+25.2,+25.1,+25.1,+27,ESTP,0,0,+0,+0,+0.0171,+0,+0.0416,+0,+0,+0,06:01:01 30.03.2020
14008,+25.5,+17.4,+21.8,+21.7,+21.7,+25.3,+24.9,+25.2,+25.2,+25.1,+27,ESTP,0,0,+0,+0,+0.0171,+0,+0.0416,+0,+0,+0,06:02:01 30.03.2020
14009,+25.5,+17.4,+21.8,+21.7,+21.7,+25.3,+24.9,+25.2,+25.2,+25.1,+27,ESTP,0,0,+0,+0,+0.0171,+0,+0.0416,+0,+0,+0,06:03:01 30.03.2020
14010,+25.5,+17.4,+21.8,+21.7,+21.7,+25.3,+24.9,+25.2,+25.2,+25.1,+27,ESTP,0,0,+0,+0,+0.0171,+0,+0.0416,+0,+0,+0,06:04:01 30.03.2020
14011,+25.5,+17.4,+21.8,+21.7,+21.7,+25.3,+24.9,+25.2,+25.2,+25.1,+27,ESTP,0,0,+0,+0,+0.0171,+0,+0.0416,+0,+0,+0,06:05:01 30.03.2020
14012,+25.5,+17.4,+21.8,+21.7,+21.7,+25.3,+24.9,+25.2,+25.2,+25.1,+27,ESTP,0,0,+0,+0,+0.0171,+0,+0.0416,+0,+0,+0,06:06:01 30.03.2020
14013,+25.5,+17.4,+21.8,+21.7,+21.7,+25.3,+24.9,+25.2,+25.2,+25.1,+27,ESTP,0,0,+0,+0,+0.0171,+0,+0.0416,+0,+0,+0,06:07:01 30.03.2020
14014,+25.5,+17.4,+21.8,+21.7,+21.7,+25.3,+24.9,+25.2,+25.2,+25.1,+27,ESTP,0,0,+0,+0,+0.0171,+0,+0.0416,+0,+0,+0,06:08:01 30.03.2020
14015,+25.5,+17.4,+21.8,+21.7,+21.7,+25.3,+24.9,+25.2,+25.2,+25.1,+27,ESTP,0,0,+0,+0,+0.0171,+0,+0.0416,+0,+0,+0,06:09:01 30.03.2020
14016,+25.4,+17.4,+21.8,+21.7,+21.7,+25.3,+24.9,+25.2,+25.2,+25.1,+27,ESTP,0,0,+0,+0,+0.0171,+0,+0.0416,+0,+0,+0,06:10:01 30.03.2020
14017,+25.4,+17.4,+21.8,+21.7,+21.7,+25.3,+24.9,+25.2,+25.2,+25.1,+27,ESTP,0,0,+0,+0,+0.0171,+0,+0.0416,+0,+0,+0,06:11:01 30.03.2020
14018,+25.4,+17.4,+21.8,+21.7,+21.7,+25.3,+24.9,+25.2,+25.2,+25.1,+27,ESTP,0,0,+0,+0,+0.0171,+0,+0.0415,+0,+0,+0,06:12:01 30.03.2020
14019,+25.4,+17.4,+21.8,+21.7,+21.7,+25.3,+24.9,+25.2,+25.2,+25.1,+27,ESTP,0,0,+0,+0,+0.0171,+0,+0.0414,+0,+0,+0,06:13:01 30.03.2020
14020,+25.4,+17.4,+21.8,+21.7,+21.7,+25.3,+24.9,+25.2,+25.2,+25.1,+27,ESTP,0,0,+0,+0,+0.0171,+0,+0.0414,+0,+0,+0,06:14:01 30.03.2020
14021,+25.4,+17.4,+21.8,+21.7,+21.7,+25.3,+24.9,+25.2,+25.2,+25.1,+27,ESTP,0,0,+0,+0,+0.0171,+0,+0.0414,+0,+0,+0,06:15:01 30.03.2020
14022,+25.5,+17.4,+21.8,+21.7,+21.7,+25.3,+24.9,+25.2,+25.1,+25.1,+27,ESTP,0,0,+0,+0,+0.0171,+0,+0.0414,+0,+0,+0,06:16:01 30.03.2020
14023,+25.5,+17.4,+21.8,+21.7,+21.7,+25.3,+24.9,+25.2,+25.1,+25.1,+27,ESTP,0,0,+0,+0,+0.0171,+0,+0.0416,+0,+0,+0,06:17:01 30.03.2020
14024,+25.5,+17.4,+21.8,+21.7,+21.7,+25.3,+24.9,+25.2,+25.1,+25.1,+27,ESTP,0,0,+0,+0,+0.0171,+0,+0.0416,+0,+0,+0,06:18:01 30.03.2020
14025,+25.5,+17.4,+21.8,+21.7,+21.7,+25.3,+24.9,+25.2,+25.1,+25.1,+27,ESTP,0,0,+0,+0,+0.0171,+0,+0.0416,+0,+0,+0,06:19:01 30.03.2020
14026,+25.5,+17.4,+21.8,+21.7,+21.7,+25.3,+24.9,+25.2,+25.1,+25.1,+27,ESTP,0,0,+0,+0,+0.0171,+0,+0.0416,+0,+0,+0,06:20:01 30.03.2020
14027,+25.5,+17.4,+21.8,+21.7,+21.7,+25.3,+24.9,+25.2,+25.1,+25.1,+27,ESTP,0,0,+0,+0,+0.0171,+0,+0.0416,+0,+0,+0,06:21:01 30.03.2020
14028,+25.5,+17.4,+21.8,+21.7,+21.7,+25.3,+24.9,+25.2,+25.2,+25.1,+27,ESTP,0,0,+0,+0,+0.0171,+0,+0.0416,+0,+0,+0,06:22:01 30.03.2020
14029,+25.5,+17.4,+21.8,+21.7,+21.7,+25.3,+24.9,+25.2,+25.2,+25.1,+27,ESTP,0,0,+0,+0,+0.0171,+0,+0.0416,+0,+0,+0,06:23:01 30.03.2020
14030,+25.5,+17.4,+21.8,+21.7,+21.7,+25.3,+24.9,+25.2,+25.1,+25.1,+27,ESTP,0,0,+0,+0,+0.0171,+0,+0.0416,+0,+0,+0,06:24:01 30.03.2020
14031,+25.5,+17.4,+21.8,+21.7,+21.7,+25.3,+24.9,+25.2,+25.2,+25.1,+27,ESTP,0,0,+0,+0,+0.0171,+0,+0.0416,+0,+0,+0,06:25:01 30.03.2020
14032,+25.4,+17.4,+21.8,+21.7,+21.7,+25.3,+24.9,+25.2,+25.2,+25.1,+27,ESTP,0,0,+0,+0,+0.0171,+0,+0.0416,+0,+0,+0,06:26:01 30.03.2020
14033,+25.4,+17.4,+21.8,+21.7,+21.7,+25.3,+24.9,+25.2,+25.2,+25.1,+27,ESTP,0,0,+0,+0,+0.0171,+0,+0.0416,+0,+0,+0,06:27:01 30.03.2020
14034,+25.4,+17.4,+21.8,+21.7,+21.7,+25.3,+24.9,+25.2,+25.2,+25.1,+27,ESTP,0,0,+0,+0,+0.0171,+0,+0.0416,+0,+0,+0,06:28:01 30.03.2020
14035,+25.4,+17.3,+21.8,+21.7,+21.7,+25.3,+24.9,+25.2,+25.1,+25.1,+27,ESTP,0,0,+0,+0,+0.0171,+0,+0.0415,+0,+0,+0,06:29:01 30.03.2020
14036,+25.4,+17.3,+21.8,+21.7,+21.7,+25.3,+24.9,+25.2,+25.2,+25.1,+27,ESTP,0,0,+0,+0,+0.0171,+0,+0.0415,+0,+0,+0,06:30:01 30.03.2020
14037,+25.4,+17.4,+21.8,+21.7,+21.7,+25.3,+24.9,+25.2,+25.2,+25.1,+27,ESTP,0,0,+0,+0,+0.0171,+0,+0.0414,+0,+0,+0,06:31:01 30.03.2020
14038,+25.4,+17.4,+21.8,+21.7,+21.7,+25.3,+24.9,+25.2,+25.1,+25.1,+27,ESTP,0,0,+0,+0,+0.0171,+0,+0.0414,+0,+0,+0,06:32:01 30.03.2020
14039,+25.4,+17.3,+21.8,+21.7,+21.7,+25.3,+24.9,+25.2,+25.1,+25.1,+27,ESTP,0,0,+0,+0,+0.0171,+0,+0.0414,+0,+0,+0,06:33:01 30.03.2020
14040,+25.5,+17.3,+21.8,+21.7,+21.7,+25.3,+24.9,+25.2,+25.1,+25.1,+27,ESTP,0,0,+0,+0,+0.0171,+0,+0.0414,+0,+0,+0,06:34:01 30.03.2020
14041,+25.5,+17.3,+21.8,+21.7,+21.7,+25.3,+24.9,+25.2,+25.1,+25.1,+27,ESTP,0,0,+0,+0,+0.0171,+0,+0.0416,+0,+0,+0,06:35:01 30.03.2020
14042,+25.5,+17.3,+21.8,+21.7,+21.7,+25.3,+24.9,+25.2,+25.1,+25.1,+27,ESTP,0,0,+0,+0,+0.0171,+0,+0.0416,+0,+0,+0,06:36:01 30.03.2020
14043,+25.5,+17.3,+21.8,+21.7,+21.7,+25.3,+24.9,+25.2,+25.1,+25.1,+27,ESTP,0,0,+0,+0,+0.0171,+0,+0.0416,+0,+0,+0,06:37:01 30.03.2020
14044,+25.5,+17.3,+21.8,+21.7,+21.7,+25.3,+24.9,+25.2,+25.1,+25.1,+27,ESTP,0,0,+0,+0,+0.0171,+0,+0.0416,+0,+0,+0,06:38:01 30.03.2020
14045,+25.5,+17.3,+21.8,+21.7,+21.7,+25.3,+24.9,+25.2,+25.2,+25.1,+27,ESTP,0,0,+0,+0,+0.0171,+0,+0.0416,+0,+0,+0,06:39:01 30.03.2020
14046,+25.5,+17.3,+21.8,+21.7,+21.7,+25.3,+24.9,+25.2,+25.1,+25.1,+27,ESTP,0,0,+0,+0,+0.0171,+0,+0.0416,+0,+0,+0,06:40:01 30.03.2020
14047,+25.5,+17.3,+21.8,+21.7,+21.7,+25.3,+24.9,+25.2,+25.2,+25.1,+27,ESTP,0,0,+0,+0,+0.0171,+0,+0.0416,+0,+0,+0,06:41:01 30.03.2020
14048,+25.5,+17.3,+21.8,+21.7,+21.7,+25.3,+24.9,+25.2,+25.1,+25.1,+27,ESTP,0,0,+0,+0,+0.0171,+0,+0.0416,+0,+0,+0,06:42:01 30.03.2020
14049,+25.5,+17.3,+21.8,+21.7,+21.7,+25.3,+24.9,+25.2,+25.2,+25.1,+27,ESTP,0,0,+0,+0,+0.0171,+0,+0.0416,+0,+0,+0,06:43:01 30.03.2020
14050,+25.5,+17.3,+21.8,+21.7,+21.7,+25.3,+24.9,+25.2,+25.1,+25.1,+27,ESTP,0,0,+0,+0,+0.0171,+0,+0.0416,+0,+0,+0,06:44:01 30.03.2020
14051,+25.4,+17.3,+21.8,+21.7,+21.7,+25.3,+24.9,+25.2,+25.1,+25.1,+27,ESTP,0,0,+0,+0,+0.0171,+0,+0.0416,+0,+0,+0,06:45:01 30.03.2020
14052,+25.4,+17.3,+21.8,+21.7,+21.7,+25.3,+24.9,+25.2,+25.1,+25.1,+27,ESTP,0,0,+0,+0,+0.0171,+0,+0.0416,+0,+0,+0,06:46:01 30.03.2020
14053,+25.4,+17.3,+21.8,+21.7,+21.7,+25.3,+24.9,+25.2,+25.1,+25.1,+27,ESTP,0,0,+0,+0,+0.0171,+0,+0.0415,+0,+0,+0,06:47:01 30.03.2020
14054,+25.4,+17.3,+21.8,+21.7,+21.7,+25.3,+24.9,+25.2,+25.1,+25.1,+27,ESTP,0,0,+0,+0,+0.0171,+0,+0.0415,+0,+0,+0,06:48:01 30.03.2020
14055,+25.5,+17.3,+21.8,+21.7,+21.7,+25.3,+24.9,+25.2,+25.1,+25.1,+27,ESTP,0,0,+0,+0,+0.0171,+0,+0.0414,+0,+0,+0,06:49:01 30.03.2020
14056,+25.5,+17.3,+21.8,+21.7,+21.7,+25.3,+24.9,+25.2,+25.1,+25.1,+27,ESTP,0,0,+0,+0,+0.0171,+0,+0.0416,+0,+0,+0,06:50:01 30.03.2020
14057,+25.5,+17.3,+21.8,+21.7,+21.7,+25.3,+24.9,+25.2,+25.1,+25.1,+27,ESTP,0,0,+0,+0,+0.0171,+0,+0.0416,+0,+0,+0,06:51:01 30.03.2020
14058,+25.5,+17.3,+21.8,+21.7,+21.7,+25.3,+24.9,+25.2,+25.1,+25.1,+27,ESTP,0,0,+0,+0,+0.0171,+0,+0.0416,+0,+0,+0,06:52:01 30.03.2020
14059,+25.5,+17.3,+21.8,+21.7,+21.7,+25.3,+24.9,+25.2,+25.1,+25.1,+27,ESTP,0,0,+0,+0,+0.0171,+0,+0.0416,+0,+0,+0,06:53:01 30.03.2020
14060,+25.5,+17.3,+21.8,+21.7,+21.7,+25.3,+24.9,+25.2,+25.1,+25.1,+27,ESTP,0,0,+0,+0,+0.0171,+0,+0.0416,+0,+0,+0,06:54:01 30.03.2020
14061,+25.5,+17.3,+21.8,+21.7,+21.7,+25.3,+24.9,+25.2,+25.1,+25.1,+27,ESTP,0,0,+0,+0,+0.0171,+0,+0.0416,+0,+0,+0,06:55:01 30.03.2020
14062,+25.5,+17.3,+21.8,+21.7,+21.7,+25.3,+24.9,+25.2,+25.1,+25.1,+27,ESTP,0,0,+0,+0,+0.0171,+0,+0.0416,+0,+0,+0,06:56:01 30.03.2020
14063,+25.5,+17.3,+21.8,+21.7,+21.7,+25.3,+24.9,+25.2,+25.1,+25.1,+27,ESTP,0,0,+0,+0,+0.0171,+0,+0.0416,+0,+0,+0,06:57:01 30.03.2020
14064,+25.5,+17.3,+21.8,+21.7,+21.7,+25.3,+24.9,+25.2,+25.1,+25.1,+27,ESTP,0,0,+0,+0,+0.0171,+0,+0.0416,+0,+0,+0,06:58:01 30.03.2020
14065,+25.5,+17.3,+21.8,+21.7,+21.7,+25.3,+24.9,+25.2,+25.1,+25.1,+27,ESTP,0,0,+0,+0,+0.0171,+0,+0.0416,+0,+0,+0,06:59:01 30.03.2020
14066,+25.5,+17.3,+21.8,+21.7,+21.7,+25.3,+24.9,+25.2,+25.1,+25.1,+27,ESTP,0,0,+0,+0,+0.0171,+0,+0.0416,+0,+0,+0,07:00:01 30.03.2020
14067,+25.4,+17.3,+21.8,+21.7,+21.7,+25.3,+24.9,+25.2,+25.1,+25.1,+27,ESTP,0,0,+0,+0,+0.0171,+0,+0.0416,+0,+0,+0,07:01:01 30.03.2020
14068,+25.4,+17.3,+21.8,+21.7,+21.7,+25.3,+24.9,+25.2,+25.1,+25.1,+27,ESTP,0,0,+0,+0,+0.0171,+0,+0.0416,+0,+0,+0,07:02:01 30.03.2020
14069,+25.4,+17.3,+21.8,+21.7,+21.7,+25.3,+24.9,+25.2,+25.1,+25.1,+27,ESTP,0,0,+0,+0,+0.0171,+0,+0.0414,+0,+0,+0,07:03:01 30.03.2020
14070,+25.4,+17.3,+21.8,+21.7,+21.7,+25.3,+24.9,+25.2,+25.1,+25.1,+27,ESTP,0,0,+0,+0,+0.0171,+0,+0.0414,+0,+0,+0,07:04:01 30.03.2020
14071,+25.4,+17.3,+21.8,+21.7,+21.7,+25.3,+24.9,+25.2,+25.1,+25.1,+27,ESTP,0,0,+0,+0,+0.0171,+0,+0.0414,+0,+0,+0,07:05:01 30.03.2020
14072,+25.4,+17.3,+21.8,+21.7,+21.7,+25.3,+24.9,+25.2,+25.1,+25.1,+27,ESTP,0,0,+0,+0,+0.0171,+0,+0.0414,+0,+0,+0,07:06:01 30.03.2020
14073,+25.5,+17.2,+21.8,+21.7,+21.7,+25.3,+24.9,+25.2,+25.1,+25.1,+27,ESTP,0,0,+0,+0,+0.0171,+0,+0.0414,+0,+0,+0,07:07:01 30.03.2020
14074,+25.5,+17.2,+21.8,+21.7,+21.7,+25.3,+24.9,+25.2,+25.1,+25.1,+27,ESTP,0,0,+0,+0,+0.0171,+0,+0.0414,+0,+0,+0,07:08:01 30.03.2020
14075,+25.5,+17.2,+21.8,+21.7,+21.7,+25.3,+24.9,+25.2,+25.1,+25.1,+27,ESTP,0,0,+0,+0,+0.0171,+0,+0.0416,+0,+0,+0,07:09:01 30.03.2020
14076,+25.5,+17.2,+21.8,+21.7,+21.7,+25.3,+24.9,+25.2,+25.1,+25.1,+27,ESTP,0,0,+0,+0,+0.0171,+0,+0.0416,+0,+0,+0,07:10:01 30.03.2020
14077,+25.5,+17.2,+21.8,+21.7,+21.7,+25.3,+24.9,+25.2,+25.1,+25.1,+27,ESTP,0,0,+0,+0,+0.0171,+0,+0.0416,+0,+0,+0,07:11:01 30.03.2020
14078,+25.5,+17.2,+21.8,+21.7,+21.7,+25.3,+24.9,+25.2,+25.1,+25.1,+27,ESTP,0,0,+0,+0,+0.0171,+0,+0.0416,+0,+0,+0,07:12:01 30.03.2020
14079,+25.5,+17.2,+21.8,+21.7,+21.7,+25.3,+24.9,+25.2,+25.1,+25.1,+27,ESTP,0,0,+0,+0,+0.0171,+0,+0.0416,+0,+0,+0,07:13:01 30.03.2020
14080,+25.5,+17.2,+21.8,+21.7,+21.7,+25.3,+24.9,+25.2,+25.1,+25.1,+27,ESTP,0,0,+0,+0,+0.0171,+0,+0.0416,+0,+0,+0,07:14:01 30.03.2020
14081,+25.5,+17.2,+21.8,+21.7,+21.7,+25.3,+24.9,+25.2,+25.1,+25.1,+27,ESTP,0,0,+0,+0,+0.0171,+0,+0.0416,+0,+0,+0,07:15:01 30.03.2020
14082,+25.4,+17.2,+21.8,+21.7,+21.7,+25.3,+24.9,+25.2,+25.1,+25.1,+27,ESTP,0,0,+0,+0,+0.0171,+0,+0.0416,+0,+0,+0,07:16:01 30.03.2020
14083,+25.4,+17.2,+21.8,+21.7,+21.7,+25.3,+24.9,+25.2,+25.1,+25.1,+27,ESTP,0,0,+0,+0,+0.0171,+0,+0.0416,+0,+0,+0,07:17:01 30.03.2020
14084,+25.4,+17.2,+21.8,+21.7,+21.7,+25.3,+24.9,+25.2,+25.1,+25.1,+27,ESTP,0,0,+0,+0,+0.0171,+0,+0.0414,+0,+0,+0,07:18:01 30.03.2020
14085,+25.4,+17.2,+21.8,+21.7,+21.7,+25.3,+24.9,+25.2,+25.1,+25.1,+27,ESTP,0,0,+0,+0,+0.0171,+0,+0.0414,+0,+0,+0,07:19:01 30.03.2020
14086,+25.5,+17.2,+21.8,+21.7,+21.7,+25.3,+24.9,+25.2,+25.1,+25.1,+27,ESTP,0,0,+0,+0,+0.0171,+0,+0.0415,+0,+0,+0,07:20:01 30.03.2020
14087,+25.5,+17.2,+21.8,+21.7,+21.7,+25.3,+24.9,+25.2,+25.1,+25.1,+27,ESTP,0,0,+0,+0,+0.0171,+0,+0.0416,+0,+0,+0,07:21:01 30.03.2020
14088,+25.5,+17.2,+21.8,+21.7,+21.7,+25.3,+24.9,+25.2,+25.1,+25.1,+27,ESTP,0,0,+0,+0,+0.0171,+0,+0.0416,+0,+0,+0,07:22:01 30.03.2020
14089,+25.5,+17.2,+21.8,+21.7,+21.7,+25.3,+24.9,+25.2,+25.1,+25.1,+27,ESTP,0,0,+0,+0,+0.0171,+0,+0.0416,+0,+0,+0,07:23:01 30.03.2020
14090,+25.5,+17.2,+21.8,+21.7,+21.7,+25.4,+24.9,+25.2,+25.1,+25.1,+27,ESTP,0,0,+0,+0,+0.0171,+0,+0.0416,+0,+0,+0,07:24:01 30.03.2020
14091,+25.5,+17.2,+21.8,+21.7,+21.7,+25.3,+24.9,+25.2,+25.1,+25.1,+27,ESTP,0,0,+0,+0,+0.0171,+0,+0.0416,+0,+0,+0,07:25:01 30.03.2020
14092,+25.5,+17.2,+21.8,+21.7,+21.7,+25.4,+24.9,+25.2,+25.1,+25.1,+27,ESTP,0,0,+0,+0,+0.0171,+0,+0.0416,+0,+0,+0,07:26:01 30.03.2020
14093,+25.5,+17.2,+21.8,+21.7,+21.7,+25.4,+24.9,+25.2,+25.1,+25.1,+27,ESTP,0,0,+0,+0,+0.0171,+0,+0.0416,+0,+0,+0,07:27:01 30.03.2020
14094,+25.5,+17.2,+21.8,+21.7,+21.7,+25.4,+24.9,+25.2,+25.1,+25.1,+27,ESTP,0,0,+0,+0,+0.0171,+0,+0.0416,+0,+0,+0,07:28:01 30.03.2020
14095,+25.5,+17.2,+21.8,+21.7,+21.7,+25.4,+24.9,+25.2,+25.1,+25.1,+27,ESTP,0,0,+0,+0,+0.0171,+0,+0.0416,+0,+0,+0,07:29:01 30.03.2020
14096,+25.5,+17.2,+21.8,+21.7,+21.7,+25.3,+24.9,+25.2,+25.2,+25.1,+27,ESTP,0,0,+0,+0,+0.0171,+0,+0.0416,+0,+0,+0,07:30:01 30.03.2020
14097,+25.5,+17.2,+21.8,+21.7,+21.7,+25.3,+24.9,+25.2,+25.1,+25.1,+27,ESTP,0,0,+0,+0,+0.0171,+0,+0.0416,+0,+0,+0,07:31:01 30.03.2020
14098,+25.5,+17.2,+21.8,+21.7,+21.7,+25.3,+24.9,+25.2,+25.1,+25.1,+27,ESTP,0,0,+0,+0,+0.0171,+0,+0.0416,+0,+0,+0,07:32:01 30.03.2020
14099,+25.4,+17.2,+21.8,+21.7,+21.7,+25.3,+24.9,+25.2,+25.1,+25.1,+27,ESTP,0,0,+0,+0,+0.0171,+0,+0.0416,+0,+0,+0,07:33:01 30.03.2020
14100,+25.4,+17.2,+21.8,+21.7,+21.7,+25.3,+24.9,+25.2,+25.1,+25.1,+27,ESTP,0,0,+0,+0,+0.0171,+0,+0.0416,+0,+0,+0,07:34:01 30.03.2020
14101,+25.4,+17.2,+21.8,+21.7,+21.7,+25.3,+24.9,+25.2,+25.1,+25.1,+27,ESTP,0,0,+0,+0,+0.0171,+0,+0.0414,+0,+0,+0,07:35:01 30.03.2020
14102,+25.5,+17.2,+21.8,+21.7,+21.7,+25.3,+24.9,+25.2,+25.1,+25.1,+27,ESTP,0,0,+0,+0,+0.0171,+0,+0.0416,+0,+0,+0,07:36:01 30.03.2020
14103,+25.5,+17.2,+21.8,+21.7,+21.7,+25.3,+24.9,+25.2,+25.1,+25.1,+27,ESTP,0,0,+0,+0,+0.0171,+0,+0.0416,+0,+0,+0,07:37:01 30.03.2020
14104,+25.5,+17.2,+21.8,+21.7,+21.7,+25.3,+24.9,+25.2,+25.1,+25.1,+27,ESTP,0,0,+0,+0,+0.0171,+0,+0.0416,+0,+0,+0,07:38:01 30.03.2020
14105,+25.5,+17.2,+21.8,+21.7,+21.7,+25.3,+24.9,+25.2,+25.1,+25.1,+27,ESTP,0,0,+0,+0,+0.0171,+0,+0.0416,+0,+0,+0,07:39:01 30.03.2020
14106,+25.6,+17.2,+21.8,+21.7,+21.7,+25.4,+24.9,+25.2,+25.1,+25.1,+27,ESTP,0,0,+0,+0,+0.0171,+0,+0.0416,+0,+0,+0,07:40:01 30.03.2020
14107,+25.5,+17.2,+21.8,+21.7,+21.7,+25.4,+24.9,+25.2,+25.1,+25.1,+27,ESTP,0,0,+0,+0,+0.0171,+0,+0.0416,+0,+0,+0,07:41:01 30.03.2020
14108,+25.5,+17.2,+21.8,+21.7,+21.7,+25.4,+24.9,+25.2,+25.1,+25.1,+27,ESTP,0,0,+0,+0,+0.0171,+0,+0.0416,+0,+0,+0,07:42:01 30.03.2020
14109,+25.5,+17.2,+21.8,+21.7,+21.7,+25.4,+24.9,+25.2,+25.1,+25.1,+27,ESTP,0,0,+0,+0,+0.0171,+0,+0.0416,+0,+0,+0,07:43:01 30.03.2020
14110,+25.5,+17.2,+21.8,+21.7,+21.7,+25.4,+24.9,+25.2,+25.1,+25.1,+27,ESTP,0,0,+0,+0,+0.0171,+0,+0.0416,+0,+0,+0,07:44:01 30.03.2020
14111,+25.5,+17.2,+21.8,+21.7,+21.7,+25.4,+24.9,+25.2,+25.1,+25.1,+27,ESTP,0,0,+0,+0,+0.0171,+0,+0.0416,+0,+0,+0,07:45:01 30.03.2020
14112,+25.5,+17.2,+21.8,+21.7,+21.7,+25.4,+24.9,+25.2,+25.1,+25.1,+27,ESTP,0,0,+0,+0,+0.0171,+0,+0.0416,+0,+0,+0,07:46:01 30.03.2020
14113,+25.5,+17.2,+21.8,+21.7,+21.7,+25.3,+24.9,+25.2,+25.1,+25.1,+27,ESTP,0,0,+0,+0,+0.0171,+0,+0.0416,+0,+0,+0,07:47:01 30.03.2020
14114,+25.5,+17.2,+21.8,+21.7,+21.7,+25.3,+24.9,+25.2,+25.1,+25.1,+27,ESTP,0,0,+0,+0,+0.0171,+0,+0.0416,+0,+0,+0,07:48:01 30.03.2020
14115,+25.5,+17.2,+21.8,+21.7,+21.7,+25.3,+24.9,+25.2,+25.1,+25.1,+27,ESTP,0,0,+0,+0,+0.0171,+0,+0.0416,+0,+0,+0,07:49:01 30.03.2020
14116,+25.4,+17.2,+21.8,+21.7,+21.7,+25.3,+24.9,+25.2,+25.1,+25.1,+27,ESTP,0,0,+0,+0,+0.0171,+0,+0.0416,+0,+0,+0,07:50:01 30.03.2020
14117,+25.4,+17.2,+21.8,+21.7,+21.7,+25.3,+24.9,+25.2,+25.1,+25.1,+27,ESTP,0,0,+0,+0,+0.0171,+0,+0.0416,+0,+0,+0,07:51:01 30.03.2020
14118,+25.5,+17.2,+21.8,+21.7,+21.7,+25.3,+24.9,+25.2,+25.1,+25.1,+27,ESTP,0,0,+0,+0,+0.0171,+0,+0.0416,+0,+0,+0,07:52:01 30.03.2020
14119,+25.5,+17.2,+21.8,+21.7,+21.7,+25.3,+24.9,+25.2,+25.1,+25.1,+27,ESTP,0,0,+0,+0,+0.0171,+0,+0.0414,+0,+0,+0,07:53:01 30.03.2020
14120,+25.5,+17.2,+21.8,+21.7,+21.7,+25.3,+24.9,+25.2,+25.1,+25.1,+27,ESTP,0,0,+0,+0,+0.0171,+0,+0.0416,+0,+0,+0,07:54:01 30.03.2020
14121,+25.5,+17.2,+21.8,+21.7,+21.7,+25.3,+24.9,+25.2,+25.1,+25.1,+27,ESTP,0,0,+0,+0,+0.0171,+0,+0.0416,+0,+0,+0,07:55:01 30.03.2020
14122,+25.5,+17.2,+21.8,+21.7,+21.7,+25.3,+24.9,+25.2,+25.1,+25.1,+27,ESTP,0,0,+0,+0,+0.0171,+0,+0.0416,+0,+0,+0,07:56:01 30.03.2020
14123,+25.5,+17.2,+21.8,+21.7,+21.7,+25.4,+24.9,+25.2,+25.1,+25.1,+27,ESTP,0,0,+0,+0,+0.0171,+0,+0.0416,+0,+0,+0,07:57:01 30.03.2020
14124,+25.5,+17.2,+21.8,+21.7,+21.7,+25.3,+24.9,+25.2,+25.1,+25.1,+27,ESTP,0,0,+0,+0,+0.0171,+0,+0.0416,+0,+0,+0,07:58:01 30.03.2020
14125,+25.5,+17.2,+21.8,+21.7,+21.7,+25.3,+24.9,+25.2,+25.1,+25.1,+27,ESTP,0,0,+0,+0,+0.0171,+0,+0.0416,+0,+0,+0,07:59:01 30.03.2020
14126,+25.5,+17.2,+21.8,+21.7,+21.7,+25.4,+24.9,+25.2,+25.1,+25.1,+27,ESTP,0,0,+0,+0,+0.0171,+0,+0.0416,+0,+0,+0,08:00:01 30.03.2020
14127,+25.5,+17.2,+21.8,+21.7,+21.7,+25.4,+24.9,+25.2,+25.1,+25.1,+27,ESTP,0,0,+0,+0,+0.0171,+0,+0.0416,+0,+0,+0,08:01:01 30.03.2020
14128,+25.5,+17.2,+21.8,+21.7,+21.7,+25.3,+24.9,+25.2,+25.1,+25.1,+27,ESTP,0,0,+0,+0,+0.0171,+0,+0.0416,+0,+0,+0,08:02:01 30.03.2020
14129,+25.5,+17.2,+21.8,+21.7,+21.7,+25.3,+24.9,+25.2,+25.1,+25.1,+27,ESTP,0,0,+0,+0,+0.0171,+0,+0.0416,+0,+0,+0,08:03:01 30.03.2020
14130,+25.5,+17.2,+21.8,+21.7,+21.7,+25.3,+24.9,+25.2,+25.1,+25.1,+27,ESTP,0,0,+0,+0,+0.0171,+0,+0.0416,+0,+0,+0,08:04:01 30.03.2020
14131,+25.5,+17.2,+21.8,+21.7,+21.7,+25.3,+24.9,+25.2,+25.1,+25.1,+27,ESTP,0,0,+0,+0,+0.0171,+0,+0.0416,+0,+0,+0,08:05:01 30.03.2020
14132,+25.5,+17.1,+21.8,+21.7,+21.7,+25.3,+24.9,+25.2,+25.1,+25.1,+27,ESTP,0,0,+0,+0,+0.0171,+0,+0.0416,+0,+0,+0,08:06:01 30.03.2020
14133,+25.5,+17.2,+21.8,+21.7,+21.7,+25.3,+24.9,+25.2,+25.1,+25.1,+27,ESTP,0,0,+0,+0,+0.0171,+0,+0.0416,+0,+0,+0,08:07:01 30.03.2020
14134,+25.5,+17.1,+21.8,+21.7,+21.7,+25.3,+24.9,+25.2,+25.1,+25.1,+27,ESTP,0,0,+0,+0,+0.0171,+0,+0.0416,+0,+0,+0,08:08:01 30.03.2020
14135,+25.6,+17.1,+21.8,+21.7,+21.7,+25.3,+24.9,+25.2,+25.1,+25.1,+27,ESTP,0,0,+0,+0,+0.0171,+0,+0.0416,+0,+0,+0,08:09:01 30.03.2020
14136,+25.5,+17.1,+21.8,+21.7,+21.7,+25.4,+24.9,+25.2,+25.1,+25.1,+27,ESTP,0,0,+0,+0,+0.0171,+0,+0.0416,+0,+0,+0,08:10:01 30.03.2020
14137,+25.5,+17.1,+21.8,+21.7,+21.7,+25.4,+24.9,+25.2,+25.1,+25.1,+27,ESTP,0,0,+0,+0,+0.0171,+0,+0.0416,+0,+0,+0,08:11:01 30.03.2020
14138,+25.5,+17.1,+21.8,+21.7,+21.7,+25.4,+24.9,+25.2,+25.1,+25.1,+27,ESTP,0,0,+0,+0,+0.0171,+0,+0.0416,+0,+0,+0,08:12:01 30.03.2020
14139,+25.5,+17.1,+21.8,+21.7,+21.7,+25.4,+24.9,+25.2,+25.1,+25.1,+27,ESTP,0,0,+0,+0,+0.0171,+0,+0.0416,+0,+0,+0,08:13:01 30.03.2020
14140,+25.5,+17.1,+21.8,+21.7,+21.7,+25.4,+24.9,+25.2,+25.1,+25.1,+27,ESTP,0,0,+0,+0,+0.0171,+0,+0.0416,+0,+0,+0,08:14:01 30.03.2020
14141,+25.5,+17.1,+21.8,+21.7,+21.7,+25.4,+24.9,+25.2,+25.1,+25.1,+27,ESTP,0,0,+0,+0,+0.0171,+0,+0.0416,+0,+0,+0,08:15:01 30.03.2020
14142,+25.5,+17.1,+21.8,+21.7,+21.7,+25.4,+24.9,+25.2,+25.1,+25.1,+27,ESTP,0,0,+0,+0,+0.0171,+0,+0.0416,+0,+0,+0,08:16:01 30.03.2020
14143,+25.5,+17.1,+21.8,+21.7,+21.7,+25.3,+24.9,+25.2,+25.1,+25.1,+27,ESTP,0,0,+0,+0,+0.0171,+0,+0.0416,+0,+0,+0,08:17:01 30.03.2020
14144,+25.5,+17.1,+21.8,+21.7,+21.7,+25.3,+24.9,+25.2,+25.1,+25.1,+27,ESTP,0,0,+0,+0,+0.0171,+0,+0.0416,+0,+0,+0,08:18:01 30.03.2020
14145,+25.5,+17.1,+21.8,+21.7,+21.7,+25.3,+24.9,+25.2,+25.1,+25.1,+27,ESTP,0,0,+0,+0,+0.0171,+0,+0.0416,+0,+0,+0,08:19:01 30.03.2020
14146,+25.4,+17.1,+21.8,+21.7,+21.7,+25.3,+24.9,+25.2,+25.1,+25.1,+27,ESTP,0,0,+0,+0,+0.0171,+0,+0.0416,+0,+0,+0,08:20:01 30.03.2020
14147,+25.4,+17.1,+21.8,+21.7,+21.7,+25.3,+24.9,+25.2,+25.1,+25.1,+27,ESTP,0,0,+0,+0,+0.0171,+0,+0.0414,+0,+0,+0,08:21:01 30.03.2020
14148,+25.4,+17.1,+21.8,+21.7,+21.7,+25.3,+24.9,+25.2,+25.1,+25.1,+27,ESTP,0,0,+0,+0,+0.0171,+0,+0.0414,+0,+0,+0,08:22:01 30.03.2020
14149,+25.5,+17.1,+21.8,+21.7,+21.7,+25.3,+24.9,+25.2,+25.1,+25.1,+27,ESTP,0,0,+0,+0,+0.0171,+0,+0.0414,+0,+0,+0,08:23:01 30.03.2020
14150,+25.5,+17.1,+21.8,+21.7,+21.7,+25.3,+24.9,+25.2,+25.1,+25.1,+27,ESTP,0,0,+0,+0,+0.0171,+0,+0.0414,+0,+0,+0,08:24:01 30.03.2020
14151,+25.5,+17.1,+21.8,+21.7,+21.7,+25.3,+24.9,+25.2,+25.1,+25.1,+27,ESTP,0,0,+0,+0,+0.0171,+0,+0.0415,+0,+0,+0,08:25:01 30.03.2020
14152,+25.5,+17.1,+21.8,+21.7,+21.7,+25.3,+24.9,+25.2,+25.1,+25.1,+27,ESTP,0,0,+0,+0,+0.0171,+0,+0.0416,+0,+0,+0,08:26:01 30.03.2020
14153,+25.5,+17.1,+21.8,+21.7,+21.7,+25.3,+24.9,+25.2,+25.1,+25.1,+27,ESTP,0,0,+0,+0,+0.0171,+0,+0.0416,+0,+0,+0,08:27:01 30.03.2020
14154,+25.5,+17.1,+21.8,+21.7,+21.7,+25.4,+24.9,+25.2,+25.1,+25.1,+27,ESTP,0,0,+0,+0,+0.0171,+0,+0.0416,+0,+0,+0,08:28:01 30.03.2020
14155,+25.5,+17.1,+21.8,+21.7,+21.7,+25.4,+24.9,+25.2,+25.1,+25.1,+27,ESTP,0,0,+0,+0,+0.0171,+0,+0.0416,+0,+0,+0,08:29:01 30.03.2020
14156,+25.5,+17.1,+21.8,+21.7,+21.7,+25.4,+24.9,+25.2,+25.1,+25.1,+27,ESTP,0,0,+0,+0,+0.0171,+0,+0.0416,+0,+0,+0,08:30:01 30.03.2020
14157,+25.5,+17.1,+21.8,+21.7,+21.7,+25.4,+24.9,+25.2,+25.1,+25.1,+27,ESTP,0,0,+0,+0,+0.0171,+0,+0.0416,+0,+0,+0,08:31:01 30.03.2020
14158,+25.5,+17.1,+21.8,+21.7,+21.7,+25.3,+24.9,+25.2,+25.1,+25.1,+27,ESTP,0,0,+0,+0,+0.0171,+0,+0.0416,+0,+0,+0,08:32:01 30.03.2020
14159,+25.5,+17.1,+21.8,+21.7,+21.7,+25.3,+24.9,+25.2,+25.1,+25.1,+27,ESTP,0,0,+0,+0,+0.0171,+0,+0.0416,+0,+0,+0,08:33:01 30.03.2020
14160,+25.5,+17.1,+21.8,+21.7,+21.7,+25.3,+24.9,+25.2,+25.1,+25.1,+27,ESTP,0,0,+0,+0,+0.0171,+0,+0.0416,+0,+0,+0,08:34:01 30.03.2020
14161,+25.5,+17.1,+21.8,+21.7,+21.7,+25.3,+24.9,+25.2,+25.1,+25.1,+27,ESTP,0,0,+0,+0,+0.0171,+0,+0.0416,+0,+0,+0,08:35:01 30.03.2020
14162,+25.5,+17.1,+21.8,+21.7,+21.7,+25.3,+24.9,+25.2,+25.1,+25.1,+27,ESTP,0,0,+0,+0,+0.0171,+0,+0.0416,+0,+0,+0,08:36:01 30.03.2020
14163,+25.5,+17.1,+21.8,+21.7,+21.7,+25.3,+24.9,+25.2,+25.1,+25.1,+27,ESTP,0,0,+0,+0,+0.0171,+0,+0.0414,+0,+0,+0,08:37:01 30.03.2020
14164,+25.5,+17.1,+21.8,+21.7,+21.7,+25.3,+24.9,+25.2,+25.1,+25.1,+27,ESTP,0,0,+0,+0,+0.0171,+0,+0.0414,+0,+0,+0,08:38:01 30.03.2020
14165,+25.5,+17.1,+21.8,+21.7,+21.7,+25.3,+24.9,+25.2,+25.1,+25.1,+27,ESTP,0,0,+0,+0,+0.0171,+0,+0.0414,+0,+0,+0,08:39:01 30.03.2020
14166,+25.5,+17.1,+21.8,+21.7,+21.7,+25.3,+24.9,+25.2,+25.1,+25.1,+27,ESTP,0,0,+0,+0,+0.0171,+0,+0.0414,+0,+0,+0,08:40:01 30.03.2020
14167,+25.5,+17.1,+21.8,+21.7,+21.7,+25.3,+24.9,+25.2,+25.1,+25.1,+27,ESTP,0,0,+0,+0,+0.0171,+0,+0.0416,+0,+0,+0,08:41:01 30.03.2020
14168,+25.5,+17.1,+21.8,+21.7,+21.7,+25.3,+24.9,+25.2,+25.1,+25.1,+27,ESTP,0,0,+0,+0,+0.0171,+0,+0.0416,+0,+0,+0,08:42:01 30.03.2020
14169,+25.5,+17.1,+21.8,+21.7,+21.7,+25.4,+24.9,+25.2,+25.1,+25.1,+27,ESTP,0,0,+0,+0,+0.0171,+0,+0.0416,+0,+0,+0,08:43:01 30.03.2020
14170,+25.5,+17.1,+21.8,+21.7,+21.7,+25.4,+24.9,+25.2,+25.1,+25.1,+27,ESTP,0,0,+0,+0,+0.0171,+0,+0.0416,+0,+0,+0,08:44:01 30.03.2020
14171,+25.5,+17.1,+21.8,+21.7,+21.7,+25.4,+24.9,+25.2,+25.1,+25.1,+27,ESTP,0,0,+0,+0,+0.0171,+0,+0.0416,+0,+0,+0,08:45:01 30.03.2020
14172,+25.5,+17.1,+21.8,+21.7,+21.7,+25.4,+24.9,+25.2,+25.1,+25.1,+27,ESTP,0,0,+0,+0,+0.0171,+0,+0.0416,+0,+0,+0,08:46:01 30.03.2020
14173,+25.5,+17.1,+21.8,+21.7,+21.7,+25.4,+24.9,+25.2,+25.1,+25.1,+27,ESTP,0,0,+0,+0,+0.0171,+0,+0.0416,+0,+0,+0,08:47:01 30.03.2020
14174,+25.5,+17.1,+21.8,+21.7,+21.7,+25.3,+24.9,+25.2,+25.1,+25.1,+27,ESTP,0,0,+0,+0,+0.0171,+0,+0.0416,+0,+0,+0,08:48:01 30.03.2020
14175,+25.5,+17.1,+21.8,+21.7,+21.7,+25.3,+24.9,+25.2,+25.1,+25.1,+27,ESTP,0,0,+0,+0,+0.0171,+0,+0.0416,+0,+0,+0,08:49:01 30.03.2020
14176,+25.5,+17.1,+21.8,+21.7,+21.7,+25.3,+24.9,+25.2,+25.1,+25.1,+27,ESTP,0,0,+0,+0,+0.0171,+0,+0.0416,+0,+0,+0,08:50:01 30.03.2020
14177,+25.5,+17.1,+21.8,+21.7,+21.7,+25.3,+24.9,+25.2,+25.1,+25.1,+27,ESTP,0,0,+0,+0,+0.0171,+0,+0.0414,+0,+0,+0,08:51:01 30.03.2020
14178,+25.4,+17.1,+21.8,+21.7,+21.7,+25.3,+24.9,+25.2,+25.1,+25.1,+27,ESTP,0,0,+0,+0,+0.0171,+0,+0.0414,+0,+0,+0,08:52:01 30.03.2020
14179,+25.5,+17.1,+21.8,+21.7,+21.7,+25.3,+24.9,+25.2,+25.1,+25.1,+27,ESTP,0,0,+0,+0,+0.0171,+0,+0.0414,+0,+0,+0,08:53:01 30.03.2020
14180,+25.5,+17.1,+21.8,+21.7,+21.7,+25.3,+24.9,+25.2,+25.1,+25.1,+27,ESTP,0,0,+0,+0,+0.0171,+0,+0.0414,+0,+0,+0,08:54:01 30.03.2020
14181,+25.5,+17.1,+21.8,+21.7,+21.7,+25.3,+24.9,+25.2,+25.1,+25.1,+27,ESTP,0,0,+0,+0,+0.0171,+0,+0.0416,+0,+0,+0,08:55:01 30.03.2020
14182,+25.5,+17.1,+21.8,+21.7,+21.7,+25.3,+24.9,+25.2,+25.1,+25.1,+27,ESTP,0,0,+0,+0,+0.0171,+0,+0.0416,+0,+0,+0,08:56:01 30.03.2020
14183,+25.6,+17.1,+21.8,+21.7,+21.7,+25.3,+24.9,+25.2,+25.1,+25.1,+27,ESTP,0,0,+0,+0,+0.0171,+0,+0.0416,+0,+0,+0,08:57:01 30.03.2020
14184,+25.6,+17.1,+21.8,+21.7,+21.7,+25.4,+24.9,+25.2,+25.1,+25.1,+27,ESTP,0,0,+0,+0,+0.0171,+0,+0.0416,+0,+0,+0,08:58:01 30.03.2020
14185,+25.6,+17.1,+21.8,+21.7,+21.7,+25.4,+24.9,+25.2,+25.1,+25.1,+27,ESTP,0,0,+0,+0,+0.0171,+0,+0.0416,+0,+0,+0,08:59:01 30.03.2020
14186,+25.6,+17.1,+21.8,+21.7,+21.7,+25.4,+24.9,+25.2,+25.1,+25.1,+27,ESTP,0,0,+0,+0,+0.0171,+0,+0.0416,+0,+0,+0,09:00:01 30.03.2020
14187,+25.5,+17.1,+21.8,+21.7,+21.7,+25.4,+24.9,+25.2,+25.1,+25.1,+27,ESTP,0,0,+0,+0,+0.0171,+0,+0.0416,+0,+0,+0,09:01:01 30.03.2020
14188,+25.5,+17.1,+21.8,+21.7,+21.7,+25.4,+24.9,+25.2,+25.1,+25.1,+27,ESTP,0,0,+0,+0,+0.0171,+0,+0.0416,+0,+0,+0,09:02:01 30.03.2020
14189,+25.5,+17.1,+21.8,+21.7,+21.7,+25.4,+24.9,+25.2,+25.1,+25.1,+27,ESTP,0,0,+0,+0,+0.0171,+0,+0.0416,+0,+0,+0,09:03:01 30.03.2020
14190,+25.5,+17.1,+21.8,+21.7,+21.7,+25.4,+24.9,+25.2,+25.1,+25.1,+27,ESTP,0,0,+0,+0,+0.0171,+0,+0.0416,+0,+0,+0,09:04:01 30.03.2020
14191,+25.5,+17.1,+21.8,+21.7,+21.7,+25.4,+24.9,+25.2,+25.1,+25.1,+27,ESTP,0,0,+0,+0,+0.0171,+0,+0.0416,+0,+0,+0,09:05:01 30.03.2020
14192,+25.5,+17.1,+21.8,+21.7,+21.7,+25.4,+24.9,+25.2,+25.1,+25.1,+27,ESTP,0,0,+0,+0,+0.0171,+0,+0.0416,+0,+0,+0,09:06:01 30.03.2020
14193,+25.5,+17.1,+21.8,+21.7,+21.7,+25.4,+24.9,+25.2,+25.1,+25.1,+27,ESTP,0,0,+0,+0,+0.0171,+0,+0.0416,+0,+0,+0,09:07:01 30.03.2020
14194,+25.5,+17.1,+21.8,+21.7,+21.7,+25.4,+24.9,+25.2,+25.1,+25.1,+27,ESTP,0,0,+0,+0,+0.0171,+0,+0.0416,+0,+0,+0,09:08:01 30.03.2020
14195,+25.5,+17.1,+21.8,+21.7,+21.7,+25.4,+24.9,+25.2,+25.1,+25.1,+27,ESTP,0,0,+0,+0,+0.0171,+0,+0.0416,+0,+0,+0,09:09:01 30.03.2020
14196,+25.5,+17.1,+21.8,+21.7,+21.7,+25.3,+24.9,+25.2,+25.1,+25.1,+27,ESTP,0,0,+0,+0,+0.0171,+0,+0.0416,+0,+0,+0,09:10:01 30.03.2020
14197,+25.5,+17.1,+21.8,+21.7,+21.7,+25.3,+24.9,+25.2,+25.1,+25.1,+27,ESTP,0,0,+0,+0,+0.0171,+0,+0.0416,+0,+0,+0,09:11:01 30.03.2020
14198,+25.5,+17.1,+21.8,+21.7,+21.7,+25.3,+24.9,+25.2,+25.1,+25.1,+27,ESTP,0,0,+0,+0,+0.0171,+0,+0.0414,+0,+0,+0,09:12:01 30.03.2020
14199,+25.5,+17,+21.8,+21.7,+21.7,+25.3,+24.9,+25.2,+25.1,+25.1,+27,ESTP,0,0,+0,+0,+0.0171,+0,+0.0416,+0,+0,+0,09:13:01 30.03.2020
14200,+25.5,+17.1,+21.8,+21.7,+21.7,+25.3,+24.9,+25.2,+25.1,+25.1,+27,ESTP,0,0,+0,+0,+0.0171,+0,+0.0416,+0,+0,+0,09:14:01 30.03.2020
14201,+25.6,+17,+21.8,+21.7,+21.7,+25.3,+24.9,+25.2,+25.1,+25.1,+27,ESTP,0,0,+0,+0,+0.0171,+0,+0.0416,+0,+0,+0,09:15:01 30.03.2020
14202,+25.6,+17.1,+21.8,+21.7,+21.7,+25.4,+24.9,+25.2,+25.1,+25.1,+27,ESTP,0,0,+0,+0,+0.0171,+0,+0.0416,+0,+0,+0,09:16:01 30.03.2020
14203,+25.6,+17,+21.8,+21.7,+21.7,+25.4,+24.9,+25.2,+25.1,+25.1,+27,ESTP,0,0,+0,+0,+0.0171,+0,+0.0416,+0,+0,+0,09:17:01 30.03.2020
14204,+25.6,+17,+21.8,+21.7,+21.7,+25.4,+24.9,+25.2,+25.1,+25.1,+27,ESTP,0,0,+0,+0,+0.0171,+0,+0.0416,+0,+0,+0,09:18:01 30.03.2020
14205,+25.5,+17,+21.8,+21.7,+21.7,+25.4,+24.9,+25.2,+25.1,+25.1,+27,ESTP,0,0,+0,+0,+0.0171,+0,+0.0416,+0,+0,+0,09:19:01 30.03.2020
14206,+25.5,+17,+21.8,+21.7,+21.7,+25.4,+24.9,+25.2,+25.1,+25.1,+27,ESTP,0,0,+0,+0,+0.0171,+0,+0.0416,+0,+0,+0,09:20:01 30.03.2020
14207,+25.5,+17,+21.8,+21.7,+21.7,+25.4,+24.9,+25.2,+25.1,+25.1,+27,ESTP,0,0,+0,+0,+0.0171,+0,+0.0416,+0,+0,+0,09:21:01 30.03.2020
14208,+25.5,+17,+21.8,+21.7,+21.7,+25.4,+24.9,+25.2,+25.1,+25.1,+27,ESTP,0,0,+0,+0,+0.0171,+0,+0.0416,+0,+0,+0,09:22:01 30.03.2020
14209,+25.5,+17,+21.8,+21.7,+21.7,+25.4,+24.9,+25.2,+25.1,+25.1,+27,ESTP,0,0,+0,+0,+0.0171,+0,+0.0416,+0,+0,+0,09:23:01 30.03.2020
14210,+25.5,+17,+21.8,+21.7,+21.7,+25.4,+24.9,+25.2,+25.1,+25.1,+27,ESTP,0,0,+0,+0,+0.0171,+0,+0.0416,+0,+0,+0,09:24:01 30.03.2020
14211,+25.5,+17,+21.8,+21.7,+21.7,+25.4,+24.9,+25.2,+25.1,+25.1,+27,ESTP,0,0,+0,+0,+0.0171,+0,+0.0416,+0,+0,+0,09:25:01 30.03.2020
14212,+25.5,+17,+21.8,+21.7,+21.7,+25.4,+24.9,+25.2,+25.1,+25.1,+27,ESTP,0,0,+0,+0,+0.0171,+0,+0.0416,+0,+0,+0,09:26:01 30.03.2020
14213,+25.5,+17,+21.8,+21.7,+21.7,+25.3,+24.9,+25.2,+25.1,+25.1,+27,ESTP,0,0,+0,+0,+0.0171,+0,+0.0415,+0,+0,+0,09:27:01 30.03.2020
14214,+25.5,+17,+21.8,+21.7,+21.7,+25.3,+24.9,+25.2,+25.1,+25.1,+27,ESTP,0,0,+0,+0,+0.0171,+0,+0.0416,+0,+0,+0,09:28:01 30.03.2020
14215,+25.5,+17,+21.8,+21.7,+21.7,+25.3,+24.9,+25.2,+25.1,+25.1,+27,ESTP,0,0,+0,+0,+0.0171,+0,+0.0414,+0,+0,+0,09:29:01 30.03.2020
14216,+25.5,+17,+21.8,+21.7,+21.7,+25.4,+24.9,+25.2,+25.1,+25.1,+27,ESTP,0,0,+0,+0,+0.0171,+0,+0.0416,+0,+0,+0,09:30:01 30.03.2020
14217,+25.6,+17,+21.8,+21.7,+21.7,+25.4,+24.9,+25.2,+25.1,+25.1,+27,ESTP,0,0,+0,+0,+0.0171,+0,+0.0416,+0,+0,+0,09:31:01 30.03.2020
14218,+25.6,+17,+21.8,+21.7,+21.7,+25.4,+24.9,+25.2,+25.1,+25.1,+27,ESTP,0,0,+0,+0,+0.0171,+0,+0.0416,+0,+0,+0,09:32:01 30.03.2020
14219,+25.5,+17,+21.8,+21.7,+21.7,+25.4,+24.9,+25.2,+25.1,+25.1,+27,ESTP,0,0,+0,+0,+0.0171,+0,+0.0416,+0,+0,+0,09:33:01 30.03.2020
14220,+25.5,+17,+21.8,+21.7,+21.7,+25.4,+24.9,+25.2,+25.1,+25.1,+27,ESTP,0,0,+0,+0,+0.0171,+0,+0.0416,+0,+0,+0,09:34:01 30.03.2020
14221,+25.5,+17,+21.8,+21.7,+21.7,+25.4,+24.9,+25.2,+25.1,+25.1,+27,ESTP,0,0,+0,+0,+0.0171,+0,+0.0416,+0,+0,+0,09:35:01 30.03.2020
14222,+25.5,+17,+21.8,+21.7,+21.7,+25.4,+24.9,+25.2,+25.1,+25.1,+27,ESTP,0,0,+0,+0,+0.0171,+0,+0.0416,+0,+0,+0,09:36:01 30.03.2020
14223,+25.5,+17,+21.8,+21.7,+21.7,+25.4,+24.9,+25.2,+25.1,+25.1,+27,ESTP,0,0,+0,+0,+0.0171,+0,+0.0416,+0,+0,+0,09:37:01 30.03.2020
14224,+25.5,+17,+21.8,+21.7,+21.7,+25.4,+24.9,+25.2,+25.1,+25.1,+27,ESTP,0,0,+0,+0,+0.0171,+0,+0.0416,+0,+0,+0,09:38:01 30.03.2020
14225,+25.5,+17,+21.8,+21.7,+21.7,+25.4,+24.9,+25.2,+25.1,+25.1,+27,ESTP,0,0,+0,+0,+0.0171,+0,+0.0416,+0,+0,+0,09:39:01 30.03.2020
14226,+25.5,+17,+21.8,+21.7,+21.7,+25.3,+24.9,+25.2,+25.1,+25.1,+27,ESTP,0,0,+0,+0,+0.0171,+0,+0.0416,+0,+0,+0,09:40:01 30.03.2020
14227,+25.5,+17,+21.8,+21.7,+21.7,+25.3,+24.9,+25.2,+25.1,+25.1,+27,ESTP,0,0,+0,+0,+0.0171,+0,+0.0416,+0,+0,+0,09:41:01 30.03.2020
14228,+25.5,+17,+21.8,+21.7,+21.7,+25.3,+24.9,+25.2,+25.1,+25.1,+27,ESTP,0,0,+0,+0,+0.0171,+0,+0.0414,+0,+0,+0,09:42:01 30.03.2020
14229,+25.5,+17,+21.8,+21.7,+21.7,+25.3,+24.9,+25.2,+25.1,+25.1,+27,ESTP,0,0,+0,+0,+0.0171,+0,+0.0414,+0,+0,+0,09:43:01 30.03.2020
14230,+25.5,+17,+21.8,+21.7,+21.7,+25.3,+24.9,+25.2,+25.1,+25.1,+27,ESTP,0,0,+0,+0,+0.0171,+0,+0.0414,+0,+0,+0,09:44:01 30.03.2020
14231,+25.5,+17,+21.8,+21.7,+21.7,+25.3,+24.9,+25.2,+25.1,+25.1,+27,ESTP,0,0,+0,+0,+0.0171,+0,+0.0416,+0,+0,+0,09:45:01 30.03.2020
14232,+25.6,+17,+21.8,+21.7,+21.7,+25.3,+24.9,+25.2,+25.1,+25.1,+27,ESTP,0,0,+0,+0,+0.0171,+0,+0.0416,+0,+0,+0,09:46:01 30.03.2020
14233,+25.6,+17,+21.8,+21.7,+21.7,+25.4,+24.9,+25.2,+25.1,+25.1,+27,ESTP,0,0,+0,+0,+0.0171,+0,+0.0416,+0,+0,+0,09:47:01 30.03.2020
14234,+25.6,+17,+21.8,+21.7,+21.7,+25.4,+24.9,+25.2,+25.1,+25.1,+27,ESTP,0,0,+0,+0,+0.0171,+0,+0.0416,+0,+0,+0,09:48:01 30.03.2020
14235,+25.6,+17,+21.8,+21.7,+21.7,+25.4,+24.9,+25.2,+25.1,+25.1,+27,ESTP,0,0,+0,+0,+0.0171,+0,+0.0416,+0,+0,+0,09:49:01 30.03.2020
14236,+25.6,+17,+21.8,+21.7,+21.7,+25.4,+24.9,+25.2,+25.1,+25.1,+27,ESTP,0,0,+0,+0,+0.0171,+0,+0.0416,+0,+0,+0,09:50:01 30.03.2020
14237,+25.6,+17,+21.8,+21.7,+21.7,+25.4,+24.9,+25.2,+25.1,+25.1,+27,ESTP,0,0,+0,+0,+0.0171,+0,+0.0416,+0,+0,+0,09:51:01 30.03.2020
14238,+25.5,+17,+21.8,+21.7,+21.7,+25.4,+24.9,+25.2,+25.1,+25.1,+27,ESTP,0,0,+0,+0,+0.0171,+0,+0.0416,+0,+0,+0,09:52:01 30.03.2020
14239,+25.5,+17,+21.8,+21.7,+21.7,+25.4,+24.9,+25.2,+25.1,+25.1,+27,ESTP,0,0,+0,+0,+0.0171,+0,+0.0416,+0,+0,+0,09:53:01 30.03.2020
14240,+25.5,+17,+21.8,+21.7,+21.7,+25.4,+24.9,+25.2,+25.1,+25.1,+27,ESTP,0,0,+0,+0,+0.0171,+0,+0.0416,+0,+0,+0,09:54:01 30.03.2020
14241,+25.5,+17,+21.8,+21.7,+21.7,+25.4,+24.9,+25.2,+25.1,+25.1,+27,ESTP,0,0,+0,+0,+0.0171,+0,+0.0416,+0,+0,+0,09:55:01 30.03.2020
14242,+25.5,+17,+21.8,+21.7,+21.7,+25.4,+24.9,+25.2,+25.1,+25.1,+27,ESTP,0,0,+0,+0,+0.0171,+0,+0.0416,+0,+0,+0,09:56:01 30.03.2020
14243,+25.5,+17,+21.8,+21.7,+21.7,+25.4,+24.9,+25.2,+25.1,+25.1,+27,ESTP,0,0,+0,+0,+0.0171,+0,+0.0416,+0,+0,+0,09:57:01 30.03.2020
14244,+25.5,+17,+21.8,+21.7,+21.7,+25.4,+24.9,+25.2,+25.1,+25.1,+27,ESTP,0,0,+0,+0,+0.0171,+0,+0.0416,+0,+0,+0,09:58:01 30.03.2020
14245,+25.5,+17,+21.8,+21.7,+21.7,+25.3,+24.9,+25.2,+25.1,+25.1,+27,ESTP,0,0,+0,+0,+0.0171,+0,+0.0416,+0,+0,+0,09:59:01 30.03.2020
14246,+25.5,+17,+21.8,+21.7,+21.7,+25.3,+24.9,+25.2,+25.1,+25.1,+27,ESTP,0,0,+0,+0,+0.0171,+0,+0.0414,+0,+0,+0,10:00:01 30.03.2020
14247,+25.5,+17,+21.8,+21.7,+21.7,+25.3,+24.9,+25.2,+25.1,+25.1,+27,ESTP,0,0,+0,+0,+0.0171,+0,+0.0414,+0,+0,+0,10:01:01 30.03.2020
14248,+25.5,+17,+21.8,+21.7,+21.7,+25.3,+24.9,+25.2,+25.1,+25.1,+27,ESTP,0,0,+0,+0,+0.0171,+0,+0.0416,+0,+0,+0,10:02:01 30.03.2020
14249,+25.6,+17,+21.8,+21.7,+21.7,+25.3,+24.9,+25.2,+25.1,+25.1,+27,ESTP,0,0,+0,+0,+0.0171,+0,+0.0416,+0,+0,+0,10:03:01 30.03.2020
14250,+25.6,+17,+21.8,+21.7,+21.7,+25.4,+24.9,+25.2,+25.1,+25.1,+27,ESTP,0,0,+0,+0,+0.0171,+0,+0.0416,+0,+0,+0,10:04:01 30.03.2020
14251,+25.6,+17,+21.8,+21.7,+21.7,+25.4,+24.9,+25.2,+25.1,+25.1,+27,ESTP,0,0,+0,+0,+0.0171,+0,+0.0416,+0,+0,+0,10:05:01 30.03.2020
14252,+25.6,+17,+21.8,+21.7,+21.7,+25.4,+24.9,+25.2,+25.1,+25.1,+27,ESTP,0,0,+0,+0,+0.0171,+0,+0.0416,+0,+0,+0,10:06:01 30.03.2020
14253,+25.6,+17,+21.8,+21.7,+21.7,+25.4,+24.9,+25.2,+25.1,+25.1,+27,ESTP,0,0,+0,+0,+0.0171,+0,+0.0416,+0,+0,+0,10:07:01 30.03.2020
14254,+25.6,+17,+21.8,+21.7,+21.7,+25.4,+24.9,+25.2,+25.1,+25.1,+27,ESTP,0,0,+0,+0,+0.0171,+0,+0.0416,+0,+0,+0,10:08:01 30.03.2020
14255,+25.6,+17,+21.8,+21.7,+21.7,+25.4,+24.9,+25.2,+25.1,+25.1,+27,ESTP,0,0,+0,+0,+0.0171,+0,+0.0416,+0,+0,+0,10:09:01 30.03.2020
14256,+25.6,+17,+21.8,+21.7,+21.7,+25.4,+24.9,+25.2,+25.1,+25.1,+27,ESTP,0,0,+0,+0,+0.0171,+0,+0.0416,+0,+0,+0,10:10:01 30.03.2020
14257,+25.5,+17,+21.8,+21.7,+21.7,+25.4,+24.9,+25.2,+25.1,+25.1,+27,ESTP,0,0,+0,+0,+0.0171,+0,+0.0416,+0,+0,+0,10:11:01 30.03.2020
14258,+25.5,+17,+21.8,+21.7,+21.7,+25.4,+24.9,+25.2,+25.1,+25.1,+27,ESTP,0,0,+0,+0,+0.0171,+0,+0.0416,+0,+0,+0,10:12:01 30.03.2020
14259,+25.5,+17,+21.8,+21.7,+21.7,+25.4,+24.9,+25.2,+25.1,+25.1,+27,ESTP,0,0,+0,+0,+0.0171,+0,+0.0416,+0,+0,+0,10:13:01 30.03.2020
14260,+25.5,+17,+21.8,+21.7,+21.7,+25.4,+24.9,+25.2,+25.1,+25.1,+27,ESTP,0,0,+0,+0,+0.0171,+0,+0.0416,+0,+0,+0,10:14:01 30.03.2020
14261,+25.5,+17,+21.8,+21.7,+21.7,+25.4,+24.9,+25.2,+25.1,+25.1,+27,ESTP,0,0,+0,+0,+0.0171,+0,+0.0416,+0,+0,+0,10:15:01 30.03.2020
14262,+25.5,+17,+21.8,+21.7,+21.7,+25.4,+24.9,+25.2,+25.1,+25.1,+27,ESTP,0,0,+0,+0,+0.0171,+0,+0.0416,+0,+0,+0,10:16:01 30.03.2020
14263,+25.5,+17,+21.8,+21.7,+21.7,+25.3,+24.9,+25.2,+25.1,+25.1,+27,ESTP,0,0,+0,+0,+0.0171,+0,+0.0416,+0,+0,+0,10:17:01 30.03.2020
14264,+25.5,+17,+21.8,+21.7,+21.7,+25.3,+24.9,+25.2,+25.1,+25.1,+27,ESTP,0,0,+0,+0,+0.0171,+0,+0.0416,+0,+0,+0,10:18:01 30.03.2020
14265,+25.5,+17,+21.8,+21.7,+21.7,+25.3,+24.9,+25.2,+25.1,+25.1,+27,ESTP,0,0,+0,+0,+0.0171,+0,+0.0414,+0,+0,+0,10:19:01 30.03.2020
14266,+25.6,+17,+21.8,+21.7,+21.7,+25.3,+24.9,+25.2,+25.1,+25.1,+27,ESTP,0,0,+0,+0,+0.0171,+0,+0.0415,+0,+0,+0,10:20:01 30.03.2020
14267,+25.6,+17,+21.8,+21.7,+21.7,+25.4,+24.9,+25.2,+25.1,+25.1,+27,ESTP,0,0,+0,+0,+0.0171,+0,+0.0416,+0,+0,+0,10:21:01 30.03.2020
14268,+25.6,+17,+21.8,+21.7,+21.7,+25.4,+24.9,+25.2,+25.1,+25.1,+27,ESTP,0,0,+0,+0,+0.0171,+0,+0.0416,+0,+0,+0,10:22:01 30.03.2020
14269,+25.6,+17,+21.8,+21.7,+21.7,+25.4,+24.9,+25.2,+25.1,+25.1,+27,ESTP,0,0,+0,+0,+0.0171,+0,+0.0416,+0,+0,+0,10:23:01 30.03.2020
14270,+25.6,+17,+21.8,+21.7,+21.7,+25.4,+24.9,+25.2,+25.1,+25.1,+27,ESTP,0,0,+0,+0,+0.0171,+0,+0.0416,+0,+0,+0,10:24:01 30.03.2020
14271,+25.6,+17,+21.8,+21.7,+21.7,+25.4,+24.9,+25.2,+25.1,+25.1,+27,ESTP,0,0,+0,+0,+0.0171,+0,+0.0416,+0,+0,+0,10:25:01 30.03.2020
14272,+25.6,+17,+21.8,+21.7,+21.7,+25.4,+24.9,+25.2,+25.1,+25.1,+27,ESTP,0,0,+0,+0,+0.0171,+0,+0.0416,+0,+0,+0,10:26:01 30.03.2020
14273,+25.6,+17.1,+21.8,+21.7,+21.7,+25.4,+24.9,+25.2,+25.1,+25.1,+27,ESTP,0,0,+0,+0,+0.0171,+0,+0.0416,+0,+0,+0,10:27:01 30.03.2020
14274,+25.6,+17,+21.8,+21.7,+21.7,+25.4,+24.9,+25.2,+25.1,+25.1,+27,ESTP,0,0,+0,+0,+0.0171,+0,+0.0416,+0,+0,+0,10:28:01 30.03.2020
14275,+25.6,+17.1,+21.8,+21.7,+21.7,+25.4,+24.9,+25.2,+25.1,+25.1,+27,ESTP,0,0,+0,+0,+0.0171,+0,+0.0416,+0,+0,+0,10:29:01 30.03.2020
14276,+25.5,+17.1,+21.8,+21.7,+21.7,+25.4,+24.9,+25.2,+25.1,+25.1,+27,ESTP,0,0,+0,+0,+0.0171,+0,+0.0416,+0,+0,+0,10:30:01 30.03.2020
14277,+25.5,+17,+21.8,+21.7,+21.7,+25.4,+24.9,+25.2,+25.1,+25.1,+27,ESTP,0,0,+0,+0,+0.0171,+0,+0.0416,+0,+0,+0,10:31:01 30.03.2020
14278,+25.5,+17,+21.8,+21.7,+21.7,+25.4,+24.9,+25.2,+25.1,+25.1,+27,ESTP,0,0,+0,+0,+0.0171,+0,+0.0416,+0,+0,+0,10:32:01 30.03.2020
14279,+25.5,+17,+21.8,+21.7,+21.7,+25.4,+24.9,+25.2,+25.1,+25.1,+27,ESTP,0,0,+0,+0,+0.0171,+0,+0.0416,+0,+0,+0,10:33:01 30.03.2020
14280,+25.5,+17,+21.8,+21.7,+21.7,+25.4,+24.9,+25.2,+25.1,+25.1,+27,ESTP,0,0,+0,+0,+0.0171,+0,+0.0416,+0,+0,+0,10:34:01 30.03.2020
14281,+25.5,+17,+21.8,+21.7,+21.7,+25.4,+24.9,+25.2,+25.1,+25.1,+27,ESTP,0,0,+0,+0,+0.0171,+0,+0.0416,+0,+0,+0,10:35:01 30.03.2020
14282,+25.5,+17,+21.8,+21.7,+21.7,+25.4,+24.9,+25.2,+25.1,+25.1,+27,ESTP,0,0,+0,+0,+0.0171,+0,+0.0416,+0,+0,+0,10:36:01 30.03.2020
14283,+25.6,+17.1,+21.8,+21.7,+21.7,+25.4,+24.9,+25.2,+25.1,+25.1,+27,ESTP,0,0,+0,+0,+0.0171,+0,+0.0416,+0,+0,+0,10:37:01 30.03.2020
14284,+25.6,+17.1,+21.8,+21.7,+21.7,+25.4,+24.9,+25.2,+25.1,+25.1,+27,ESTP,0,0,+0,+0,+0.0171,+0,+0.0416,+0,+0,+0,10:38:01 30.03.2020
14285,+25.6,+17.1,+21.8,+21.7,+21.7,+25.4,+24.9,+25.2,+25.1,+25.1,+27,ESTP,0,0,+0,+0,+0.0171,+0,+0.0416,+0,+0,+0,10:39:01 30.03.2020
14286,+25.6,+17.1,+21.8,+21.7,+21.7,+25.4,+24.9,+25.2,+25.1,+25.1,+27,ESTP,0,0,+0,+0,+0.0171,+0,+0.0416,+0,+0,+0,10:40:01 30.03.2020
14287,+25.6,+17.1,+21.8,+21.7,+21.7,+25.4,+24.9,+25.2,+25.1,+25.1,+27,ESTP,0,0,+0,+0,+0.0171,+0,+0.0416,+0,+0,+0,10:41:01 30.03.2020
14288,+25.6,+17.1,+21.8,+21.7,+21.7,+25.4,+24.9,+25.2,+25.1,+25.1,+27,ESTP,0,0,+0,+0,+0.0171,+0,+0.0416,+0,+0,+0,10:42:01 30.03.2020
14289,+25.6,+17.1,+21.8,+21.7,+21.7,+25.4,+24.9,+25.2,+25.1,+25.1,+27,ESTP,0,0,+0,+0,+0.0171,+0,+0.0416,+0,+0,+0,10:43:01 30.03.2020
14290,+25.6,+17.1,+21.8,+21.7,+21.7,+25.4,+24.9,+25.2,+25.1,+25.1,+27,ESTP,0,0,+0,+0,+0.0171,+0,+0.0416,+0,+0,+0,10:44:01 30.03.2020
14291,+25.6,+17.1,+21.8,+21.7,+21.7,+25.4,+24.9,+25.2,+25.1,+25.1,+27,ESTP,0,0,+0,+0,+0.0171,+0,+0.0416,+0,+0,+0,10:45:01 30.03.2020
14292,+25.6,+17.1,+21.8,+21.7,+21.7,+25.4,+24.9,+25.2,+25.1,+25.1,+27,ESTP,0,0,+0,+0,+0.0171,+0,+0.0416,+0,+0,+0,10:46:01 30.03.2020
14293,+25.6,+17.1,+21.8,+21.7,+21.7,+25.4,+24.9,+25.2,+25.1,+25.1,+27,ESTP,0,0,+0,+0,+0.0171,+0,+0.0416,+0,+0,+0,10:47:01 30.03.2020
14294,+25.6,+17.1,+21.8,+21.7,+21.7,+25.4,+24.9,+25.2,+25.1,+25.1,+27,ESTP,0,0,+0,+0,+0.0171,+0,+0.0416,+0,+0,+0,10:48:01 30.03.2020
14295,+25.6,+17.1,+21.8,+21.7,+21.7,+25.4,+24.9,+25.2,+25.1,+25.1,+27,ESTP,0,0,+0,+0,+0.0171,+0,+0.0416,+0,+0,+0,10:49:01 30.03.2020
14296,+25.5,+17.1,+21.8,+21.7,+21.7,+25.4,+24.9,+25.2,+25.1,+25.1,+27,ESTP,0,0,+0,+0,+0.0171,+0,+0.0416,+0,+0,+0,10:50:01 30.03.2020
14297,+25.5,+17.1,+21.8,+21.7,+21.7,+25.4,+24.9,+25.2,+25.1,+25.1,+27,ESTP,0,0,+0,+0,+0.0171,+0,+0.0416,+0,+0,+0,10:51:01 30.03.2020
14298,+25.5,+17.1,+21.8,+21.7,+21.7,+25.4,+24.9,+25.2,+25.1,+25.1,+27,ESTP,0,0,+0,+0,+0.0171,+0,+0.0416,+0,+0,+0,10:52:01 30.03.2020
14299,+25.5,+17.1,+21.8,+21.7,+21.7,+25.4,+24.9,+25.2,+25.1,+25.1,+27,ESTP,0,0,+0,+0,+0.0171,+0,+0.0416,+0,+0,+0,10:53:01 30.03.2020
14300,+25.6,+17.1,+21.8,+21.7,+21.7,+25.4,+24.9,+25.2,+25.1,+25.1,+27,ESTP,0,0,+0,+0,+0.0171,+0,+0.0416,+0,+0,+0,10:54:01 30.03.2020
14301,+25.6,+17.1,+21.8,+21.7,+21.7,+25.4,+24.9,+25.2,+25.1,+25.1,+27,ESTP,0,0,+0,+0,+0.0171,+0,+0.0416,+0,+0,+0,10:55:01 30.03.2020
14302,+25.6,+17.1,+21.8,+21.7,+21.7,+25.4,+24.9,+25.2,+25.1,+25.1,+27,ESTP,0,0,+0,+0,+0.0171,+0,+0.0416,+0,+0,+0,10:56:01 30.03.2020
14303,+25.6,+17.1,+21.8,+21.7,+21.7,+25.4,+24.9,+25.2,+25.1,+25.1,+27,ESTP,0,0,+0,+0,+0.0171,+0,+0.0416,+0,+0,+0,10:57:01 30.03.2020
14304,+25.6,+17.1,+21.8,+21.7,+21.7,+25.4,+24.9,+25.2,+25.1,+25.1,+27,ESTP,0,0,+0,+0,+0.0171,+0,+0.0416,+0,+0,+0,10:58:01 30.03.2020
14305,+25.6,+17.1,+21.8,+21.7,+21.7,+25.4,+24.9,+25.2,+25.1,+25.1,+27,ESTP,0,0,+0,+0,+0.0171,+0,+0.0416,+0,+0,+0,10:59:01 30.03.2020
14306,+25.6,+17.1,+21.8,+21.7,+21.7,+25.4,+24.9,+25.2,+25.1,+25.1,+27,ESTP,0,0,+0,+0,+0.0171,+0,+0.0416,+0,+0,+0,11:00:01 30.03.2020
14307,+25.6,+17.1,+21.8,+21.7,+21.7,+25.4,+24.9,+25.2,+25.1,+25.1,+27,ESTP,0,0,+0,+0,+0.0171,+0,+0.0416,+0,+0,+0,11:01:01 30.03.2020
14308,+25.6,+17.1,+21.8,+21.7,+21.7,+25.4,+24.9,+25.2,+25.1,+25.1,+27,ESTP,0,0,+0,+0,+0.0171,+0,+0.0416,+0,+0,+0,11:02:01 30.03.2020
14309,+25.6,+17.1,+21.8,+21.7,+21.7,+25.4,+24.9,+25.2,+25.1,+25.1,+27,ESTP,0,0,+0,+0,+0.0171,+0,+0.0416,+0,+0,+0,11:03:01 30.03.2020
14310,+25.6,+17.1,+21.8,+21.7,+21.7,+25.4,+24.9,+25.2,+25.1,+25.1,+27,ESTP,0,0,+0,+0,+0.0171,+0,+0.0416,+0,+0,+0,11:04:01 30.03.2020
14311,+25.6,+17.1,+21.8,+21.7,+21.7,+25.4,+24.9,+25.2,+25.1,+25.1,+27,ESTP,0,0,+0,+0,+0.0171,+0,+0.0416,+0,+0,+0,11:05:01 30.03.2020
14312,+25.6,+17.1,+21.8,+21.7,+21.7,+25.4,+24.9,+25.2,+25.1,+25.1,+27,ESTP,0,0,+0,+0,+0.0171,+0,+0.0416,+0,+0,+0,11:06:01 30.03.2020
14313,+25.6,+17.1,+21.8,+21.7,+21.7,+25.4,+24.9,+25.2,+25.1,+25.1,+27,ESTP,0,0,+0,+0,+0.0171,+0,+0.0416,+0,+0,+0,11:07:01 30.03.2020
14314,+25.6,+17.1,+21.8,+21.7,+21.7,+25.4,+24.9,+25.2,+25.1,+25.1,+27,ESTP,0,0,+0,+0,+0.0171,+0,+0.0416,+0,+0,+0,11:08:01 30.03.2020
14315,+25.6,+17.1,+21.8,+21.7,+21.7,+25.4,+24.9,+25.2,+25.1,+25.1,+27,ESTP,0,0,+0,+0,+0.0171,+0,+0.0416,+0,+0,+0,11:09:01 30.03.2020
14316,+25.5,+17.1,+21.8,+21.7,+21.7,+25.4,+24.9,+25.2,+25.1,+25.1,+27,ESTP,0,0,+0,+0,+0.0171,+0,+0.0416,+0,+0,+0,11:10:01 30.03.2020
14317,+25.5,+17.1,+21.8,+21.7,+21.7,+25.4,+24.9,+25.2,+25.1,+25.1,+27,ESTP,0,0,+0,+0,+0.0171,+0,+0.0416,+0,+0,+0,11:11:01 30.03.2020
14318,+25.5,+17.1,+21.8,+21.7,+21.7,+25.3,+24.9,+25.2,+25.1,+25.1,+27,ESTP,0,0,+0,+0,+0.0171,+0,+0.0414,+0,+0,+0,11:12:01 30.03.2020
14319,+25.5,+17.1,+21.8,+21.7,+21.7,+25.3,+24.9,+25.2,+25.1,+25.1,+27,ESTP,0,0,+0,+0,+0.0171,+0,+0.0414,+0,+0,+0,11:13:01 30.03.2020
14320,+25.5,+17.1,+21.8,+21.7,+21.7,+25.3,+24.9,+25.2,+25.1,+25.1,+27,ESTP,0,0,+0,+0,+0.0171,+0,+0.0414,+0,+0,+0,11:14:01 30.03.2020
14321,+25.5,+17.1,+21.8,+21.7,+21.7,+25.3,+24.9,+25.2,+25.1,+25.1,+27,ESTP,0,0,+0,+0,+0.0171,+0,+0.0414,+0,+0,+0,11:15:01 30.03.2020
14322,+25.6,+17.1,+21.8,+21.7,+21.7,+25.3,+24.9,+25.2,+25.1,+25.1,+27,ESTP,0,0,+0,+0,+0.0171,+0,+0.0414,+0,+0,+0,11:16:01 30.03.2020
14323,+25.6,+17.1,+21.8,+21.7,+21.7,+25.3,+24.9,+25.2,+25.1,+25.1,+27,ESTP,0,0,+0,+0,+0.0171,+0,+0.0414,+0,+0,+0,11:17:01 30.03.2020
14324,+25.6,+17.1,+21.8,+21.7,+21.7,+25.4,+24.9,+25.2,+25.1,+25.1,+27,ESTP,0,0,+0,+0,+0.0171,+0,+0.0416,+0,+0,+0,11:18:01 30.03.2020
14325,+25.6,+17.1,+21.8,+21.7,+21.7,+25.4,+24.9,+25.2,+25.1,+25.1,+27,ESTP,0,0,+0,+0,+0.0171,+0,+0.0416,+0,+0,+0,11:19:01 30.03.2020
14326,+25.6,+17.1,+21.8,+21.7,+21.7,+25.4,+24.9,+25.2,+25.1,+25.1,+27,ESTP,0,0,+0,+0,+0.0171,+0,+0.0416,+0,+0,+0,11:20:01 30.03.2020
14327,+25.6,+17.1,+21.8,+21.7,+21.7,+25.4,+24.9,+25.2,+25.1,+25.1,+27,ESTP,0,0,+0,+0,+0.0171,+0,+0.0416,+0,+0,+0,11:21:01 30.03.2020
14328,+25.6,+17.1,+21.8,+21.7,+21.7,+25.4,+24.9,+25.2,+25.1,+25.1,+27,ESTP,0,0,+0,+0,+0.0171,+0,+0.0416,+0,+0,+0,11:22:01 30.03.2020
14329,+25.6,+17.1,+21.8,+21.7,+21.7,+25.4,+24.9,+25.2,+25.1,+25.1,+27,ESTP,0,0,+0,+0,+0.0171,+0,+0.0416,+0,+0,+0,11:23:01 30.03.2020
14330,+25.6,+17.1,+21.8,+21.7,+21.7,+25.4,+24.9,+25.2,+25.1,+25.1,+27,ESTP,0,0,+0,+0,+0.0171,+0,+0.0416,+0,+0,+0,11:24:01 30.03.2020
14331,+25.6,+17.1,+21.8,+21.7,+21.7,+25.4,+24.9,+25.2,+25.1,+25.1,+27,ESTP,0,0,+0,+0,+0.0171,+0,+0.0416,+0,+0,+0,11:25:01 30.03.2020
14332,+25.6,+17.1,+21.8,+21.7,+21.7,+25.4,+24.9,+25.2,+25.1,+25.1,+27,ESTP,0,0,+0,+0,+0.0171,+0,+0.0416,+0,+0,+0,11:26:01 30.03.2020
14333,+25.6,+17.2,+21.8,+21.7,+21.7,+25.4,+24.9,+25.2,+25.1,+25.1,+27,ESTP,0,0,+0,+0,+0.0171,+0,+0.0416,+0,+0,+0,11:27:01 30.03.2020
14334,+25.6,+17.2,+21.8,+21.7,+21.7,+25.4,+24.9,+25.2,+25.1,+25.1,+27,ESTP,0,0,+0,+0,+0.0171,+0,+0.0416,+0,+0,+0,11:28:01 30.03.2020
14335,+25.6,+17.2,+21.8,+21.7,+21.7,+25.4,+24.9,+25.2,+25.1,+25.1,+27,ESTP,0,0,+0,+0,+0.0171,+0,+0.0416,+0,+0,+0,11:29:01 30.03.2020
14336,+25.6,+17.2,+21.8,+21.7,+21.7,+25.4,+24.9,+25.2,+25.1,+25.1,+27,ESTP,0,0,+0,+0,+0.0171,+0,+0.0416,+0,+0,+0,11:30:01 30.03.2020
14337,+25.6,+17.1,+21.8,+21.7,+21.7,+25.4,+24.9,+25.2,+25.1,+25.1,+27,ESTP,0,0,+0,+0,+0.0171,+0,+0.0416,+0,+0,+0,11:31:01 30.03.2020
14338,+25.6,+17.1,+21.8,+21.7,+21.7,+25.4,+24.9,+25.2,+25.1,+25.1,+27,ESTP,0,0,+0,+0,+0.0171,+0,+0.0416,+0,+0,+0,11:32:01 30.03.2020
14339,+25.5,+17.1,+21.8,+21.7,+21.7,+25.4,+24.9,+25.2,+25.1,+25.1,+27,ESTP,0,0,+0,+0,+0.0171,+0,+0.0416,+0,+0,+0,11:33:01 30.03.2020
14340,+25.6,+17.1,+21.8,+21.7,+21.7,+25.3,+24.9,+25.2,+25.1,+25.1,+27,ESTP,0,0,+0,+0,+0.0171,+0,+0.0414,+0,+0,+0,11:34:01 30.03.2020
14341,+25.6,+17.2,+21.8,+21.7,+21.7,+25.3,+24.9,+25.2,+25.1,+25.1,+27,ESTP,0,0,+0,+0,+0.0171,+0,+0.0414,+0,+0,+0,11:35:01 30.03.2020
14342,+25.6,+17.2,+21.8,+21.7,+21.7,+25.4,+24.9,+25.2,+25.1,+25.1,+27,ESTP,0,0,+0,+0,+0.0171,+0,+0.0414,+0,+0,+0,11:36:01 30.03.2020
14343,+25.6,+17.2,+21.8,+21.7,+21.7,+25.4,+24.9,+25.2,+25.1,+25.1,+27,ESTP,0,0,+0,+0,+0.0171,+0,+0.0416,+0,+0,+0,11:37:01 30.03.2020
14344,+25.6,+17.2,+21.8,+21.7,+21.7,+25.4,+24.9,+25.2,+25.1,+25.1,+27,ESTP,0,0,+0,+0,+0.0171,+0,+0.0416,+0,+0,+0,11:38:01 30.03.2020
14345,+25.6,+17.2,+21.8,+21.7,+21.7,+25.4,+24.9,+25.2,+25.1,+25.1,+27,ESTP,0,0,+0,+0,+0.0171,+0,+0.0416,+0,+0,+0,11:39:01 30.03.2020
14346,+25.6,+17.2,+21.8,+21.7,+21.7,+25.4,+24.9,+25.2,+25.1,+25.1,+27,ESTP,0,0,+0,+0,+0.0171,+0,+0.0416,+0,+0,+0,11:40:01 30.03.2020
14347,+25.6,+17.2,+21.8,+21.7,+21.7,+25.4,+24.9,+25.2,+25.1,+25.1,+27,ESTP,0,0,+0,+0,+0.0171,+0,+0.0416,+0,+0,+0,11:41:01 30.03.2020
14348,+25.6,+17.2,+21.8,+21.7,+21.7,+25.4,+24.9,+25.2,+25.1,+25.1,+27,ESTP,0,0,+0,+0,+0.0171,+0,+0.0416,+0,+0,+0,11:42:01 30.03.2020
14349,+25.6,+17.2,+21.8,+21.7,+21.7,+25.4,+24.9,+25.2,+25.1,+25.1,+27,ESTP,0,0,+0,+0,+0.0171,+0,+0.0416,+0,+0,+0,11:43:01 30.03.2020
14350,+25.6,+17.2,+21.8,+21.7,+21.7,+25.4,+24.9,+25.2,+25.1,+25.1,+27,ESTP,0,0,+0,+0,+0.0171,+0,+0.0416,+0,+0,+0,11:44:01 30.03.2020
14351,+25.6,+17.2,+21.8,+21.7,+21.7,+25.4,+24.9,+25.2,+25.1,+25.1,+27,ESTP,0,0,+0,+0,+0.0171,+0,+0.0416,+0,+0,+0,11:45:01 30.03.2020
14352,+25.6,+17.2,+21.8,+21.7,+21.7,+25.4,+24.9,+25.2,+25.1,+25.1,+27,ESTP,0,0,+0,+0,+0.0171,+0,+0.0416,+0,+0,+0,11:46:01 30.03.2020
14353,+25.6,+17.2,+21.8,+21.7,+21.7,+25.4,+24.9,+25.2,+25.1,+25.1,+27,ESTP,0,0,+0,+0,+0.0171,+0,+0.0416,+0,+0,+0,11:47:01 30.03.2020
14354,+25.6,+17.2,+21.8,+21.7,+21.7,+25.4,+24.9,+25.2,+25.1,+25.1,+27,ESTP,0,0,+0,+0,+0.0171,+0,+0.0416,+0,+0,+0,11:48:01 30.03.2020
14355,+25.6,+17.2,+21.8,+21.7,+21.7,+25.4,+24.9,+25.2,+25.1,+25.1,+27,ESTP,0,0,+0,+0,+0.0171,+0,+0.0416,+0,+0,+0,11:49:01 30.03.2020
14356,+25.6,+17.2,+21.8,+21.7,+21.7,+25.4,+24.9,+25.2,+25.1,+25.1,+27,ESTP,0,0,+0,+0,+0.0171,+0,+0.0416,+0,+0,+0,11:50:01 30.03.2020
14357,+25.6,+17.2,+21.8,+21.7,+21.7,+25.4,+24.9,+25.2,+25.1,+25.1,+27,ESTP,0,0,+0,+0,+0.0171,+0,+0.0416,+0,+0,+0,11:51:01 30.03.2020
14358,+25.6,+17.2,+21.8,+21.7,+21.7,+25.4,+24.9,+25.2,+25.1,+25.1,+27,ESTP,0,0,+0,+0,+0.0171,+0,+0.0416,+0,+0,+0,11:52:01 30.03.2020
14359,+25.6,+17.2,+21.8,+21.7,+21.7,+25.4,+24.9,+25.2,+25.1,+25.1,+27,ESTP,0,0,+0,+0,+0.0171,+0,+0.0416,+0,+0,+0,11:53:01 30.03.2020
14360,+25.6,+17.2,+21.8,+21.7,+21.7,+25.4,+24.9,+25.2,+25.1,+25.1,+27,ESTP,0,0,+0,+0,+0.0171,+0,+0.0414,+0,+0,+0,11:54:01 30.03.2020
14361,+25.6,+17.2,+21.8,+21.7,+21.7,+25.4,+24.9,+25.2,+25.1,+25.1,+27,ESTP,0,0,+0,+0,+0.0171,+0,+0.0416,+0,+0,+0,11:55:01 30.03.2020
14362,+25.6,+17.2,+21.8,+21.7,+21.7,+25.4,+24.9,+25.2,+25.1,+25.1,+27,ESTP,0,0,+0,+0,+0.0171,+0,+0.0416,+0,+0,+0,11:56:01 30.03.2020
14363,+25.6,+17.2,+21.8,+21.7,+21.7,+25.4,+24.9,+25.2,+25.1,+25.1,+27,ESTP,0,0,+0,+0,+0.0171,+0,+0.0416,+0,+0,+0,11:57:01 30.03.2020
14364,+25.6,+17.2,+21.8,+21.7,+21.7,+25.4,+24.9,+25.2,+25.1,+25.1,+27,ESTP,0,0,+0,+0,+0.0171,+0,+0.0416,+0,+0,+0,11:58:01 30.03.2020
14365,+25.6,+17.2,+21.8,+21.7,+21.7,+25.4,+24.9,+25.2,+25.1,+25.1,+27,ESTP,0,0,+0,+0,+0.0171,+0,+0.0416,+0,+0,+0,11:59:01 30.03.2020
14366,+25.6,+17.2,+21.8,+21.7,+21.7,+25.4,+24.9,+25.2,+25.1,+25.1,+27,ESTP,0,0,+0,+0,+0.0171,+0,+0.0416,+0,+0,+0,12:00:01 30.03.2020
14367,+25.6,+17.2,+21.8,+21.7,+21.7,+25.4,+24.9,+25.2,+25.1,+25.1,+27,ESTP,0,0,+0,+0,+0.0171,+0,+0.0416,+0,+0,+0,12:01:01 30.03.2020
14368,+25.6,+17.2,+21.8,+21.7,+21.7,+25.4,+24.9,+25.2,+25.1,+25.1,+27,ESTP,0,0,+0,+0,+0.0171,+0,+0.0416,+0,+0,+0,12:02:01 30.03.2020
14369,+25.6,+17.2,+21.8,+21.7,+21.7,+25.4,+24.9,+25.2,+25.1,+25.1,+27,ESTP,0,0,+0,+0,+0.0171,+0,+0.0416,+0,+0,+0,12:03:01 30.03.2020
14370,+25.6,+17.2,+21.8,+21.7,+21.7,+25.4,+24.9,+25.2,+25.1,+25.1,+27,ESTP,0,0,+0,+0,+0.0171,+0,+0.0416,+0,+0,+0,12:04:01 30.03.2020
14371,+25.6,+17.2,+21.8,+21.7,+21.7,+25.4,+24.9,+25.2,+25.1,+25.1,+27,ESTP,0,0,+0,+0,+0.0171,+0,+0.0416,+0,+0,+0,12:05:01 30.03.2020
14372,+25.6,+17.2,+21.8,+21.7,+21.7,+25.4,+24.9,+25.2,+25.1,+25.1,+27,ESTP,0,0,+0,+0,+0.0171,+0,+0.0416,+0,+0,+0,12:06:01 30.03.2020
14373,+25.6,+17.2,+21.8,+21.7,+21.7,+25.4,+24.9,+25.2,+25.1,+25.1,+27,ESTP,0,0,+0,+0,+0.0171,+0,+0.0416,+0,+0,+0,12:07:01 30.03.2020
14374,+25.6,+17.2,+21.8,+21.7,+21.7,+25.4,+24.9,+25.2,+25.1,+25.1,+27,ESTP,0,0,+0,+0,+0.0171,+0,+0.0414,+0,+0,+0,12:08:01 30.03.2020
14375,+25.6,+17.2,+21.8,+21.7,+21.7,+25.3,+24.9,+25.2,+25.1,+25.1,+27,ESTP,0,0,+0,+0,+0.0171,+0,+0.0414,+0,+0,+0,12:09:01 30.03.2020
14376,+25.6,+17.2,+21.8,+21.7,+21.7,+25.3,+24.9,+25.2,+25.1,+25.1,+27,ESTP,0,0,+0,+0,+0.0171,+0,+0.0414,+0,+0,+0,12:10:01 30.03.2020
14377,+25.6,+17.2,+21.8,+21.7,+21.7,+25.3,+24.9,+25.2,+25.1,+25.1,+27,ESTP,0,0,+0,+0,+0.0171,+0,+0.0414,+0,+0,+0,12:11:01 30.03.2020
14378,+25.6,+17.2,+21.8,+21.7,+21.7,+25.3,+24.9,+25.2,+25.1,+25.1,+27,ESTP,0,0,+0,+0,+0.0171,+0,+0.0415,+0,+0,+0,12:12:01 30.03.2020
14379,+25.6,+17.2,+21.8,+21.7,+21.7,+25.4,+24.9,+25.2,+25.1,+25.1,+27,ESTP,0,0,+0,+0,+0.0171,+0,+0.0416,+0,+0,+0,12:13:01 30.03.2020
14380,+25.6,+17.2,+21.8,+21.7,+21.7,+25.4,+24.9,+25.2,+25.1,+25.1,+27,ESTP,0,0,+0,+0,+0.0171,+0,+0.0416,+0,+0,+0,12:14:01 30.03.2020
14381,+25.6,+17.2,+21.8,+21.7,+21.7,+25.4,+24.9,+25.2,+25.1,+25.1,+27,ESTP,0,0,+0,+0,+0.0171,+0,+0.0416,+0,+0,+0,12:15:01 30.03.2020
14382,+25.6,+17.2,+21.8,+21.7,+21.7,+25.4,+24.9,+25.2,+25.1,+25.1,+27,ESTP,0,0,+0,+0,+0.0171,+0,+0.0416,+0,+0,+0,12:16:01 30.03.2020
14383,+25.6,+17.2,+21.8,+21.7,+21.7,+25.4,+24.9,+25.2,+25.1,+25.1,+27,ESTP,0,0,+0,+0,+0.0171,+0,+0.0416,+0,+0,+0,12:17:01 30.03.2020
14384,+25.6,+17.2,+21.8,+21.7,+21.7,+25.4,+24.9,+25.2,+25.1,+25.1,+27,ESTP,0,0,+0,+0,+0.0171,+0,+0.0416,+0,+0,+0,12:18:01 30.03.2020
14385,+25.6,+17.3,+21.8,+21.7,+21.7,+25.4,+24.9,+25.2,+25.1,+25.1,+27,ESTP,0,0,+0,+0,+0.0171,+0,+0.0416,+0,+0,+0,12:19:01 30.03.2020
14386,+25.6,+17.3,+21.8,+21.7,+21.7,+25.4,+24.9,+25.2,+25.1,+25.1,+27,ESTP,0,0,+0,+0,+0.0171,+0,+0.0416,+0,+0,+0,12:20:01 30.03.2020
14387,+25.6,+17.3,+21.8,+21.7,+21.7,+25.4,+24.9,+25.2,+25.1,+25.1,+27,ESTP,0,0,+0,+0,+0.0171,+0,+0.0416,+0,+0,+0,12:21:01 30.03.2020
14388,+25.6,+17.3,+21.8,+21.7,+21.7,+25.4,+24.9,+25.2,+25.1,+25.1,+27,ESTP,0,0,+0,+0,+0.0171,+0,+0.0416,+0,+0,+0,12:22:01 30.03.2020
14389,+25.6,+17.3,+21.8,+21.7,+21.7,+25.4,+24.9,+25.2,+25.1,+25.1,+27,ESTP,0,0,+0,+0,+0.0171,+0,+0.0416,+0,+0,+0,12:23:01 30.03.2020
14390,+25.6,+17.3,+21.8,+21.7,+21.7,+25.4,+24.9,+25.2,+25.1,+25.1,+27,ESTP,0,0,+0,+0,+0.0171,+0,+0.0416,+0,+0,+0,12:24:01 30.03.2020
14391,+25.6,+17.3,+21.8,+21.7,+21.7,+25.4,+24.9,+25.2,+25.1,+25.1,+27,ESTP,0,0,+0,+0,+0.0171,+0,+0.0416,+0,+0,+0,12:25:01 30.03.2020
14392,+25.6,+17.3,+21.8,+21.7,+21.7,+25.4,+24.9,+25.2,+25.1,+25.1,+27,ESTP,0,0,+0,+0,+0.0171,+0,+0.0416,+0,+0,+0,12:26:01 30.03.2020
14393,+25.6,+17.3,+21.8,+21.7,+21.7,+25.3,+24.9,+25.2,+25.1,+25.1,+27,ESTP,0,0,+0,+0,+0.0171,+0,+0.0414,+0,+0,+0,12:27:01 30.03.2020
14394,+25.6,+17.3,+21.8,+21.7,+21.7,+25.4,+24.9,+25.2,+25.1,+25.1,+27,ESTP,0,0,+0,+0,+0.0171,+0,+0.0416,+0,+0,+0,12:28:01 30.03.2020
14395,+25.6,+17.3,+21.8,+21.7,+21.7,+25.3,+24.9,+25.2,+25.1,+25.1,+27,ESTP,0,0,+0,+0,+0.0171,+0,+0.0415,+0,+0,+0,12:29:01 30.03.2020
14396,+25.6,+17.3,+21.8,+21.7,+21.7,+25.4,+24.9,+25.2,+25.1,+25.1,+27,ESTP,0,0,+0,+0,+0.0171,+0,+0.0416,+0,+0,+0,12:30:01 30.03.2020
14397,+25.6,+17.3,+21.8,+21.7,+21.7,+25.4,+24.9,+25.2,+25.1,+25.1,+27,ESTP,0,0,+0,+0,+0.0171,+0,+0.0416,+0,+0,+0,12:31:01 30.03.2020
14398,+25.6,+17.2,+21.8,+21.7,+21.7,+25.4,+24.9,+25.2,+25.1,+25.1,+27,ESTP,0,0,+0,+0,+0.0171,+0,+0.0416,+0,+0,+0,12:32:01 30.03.2020
14399,+25.6,+17.3,+21.8,+21.7,+21.7,+25.4,+24.9,+25.2,+25.1,+25.1,+27,ESTP,0,0,+0,+0,+0.0171,+0,+0.0416,+0,+0,+0,12:33:01 30.03.2020
